# Size = 26 | Time = 29 ms
0 0 0 0 1 1 1 0 0 0 0 0 1 0 3 0 1 2 
0 1 1 1 1 0 1 1 1 1 0 1 0 2 1 3 2 1 
0 0 0 0 1 0 0 1 1 0 1 1 0 1 1 2 0 2 
0 0 0 0 1 1 0 1 1 1 1 0 0 3 1 0 3 3 
0 1 1 0 1 1 1 0 0 0 1 1 0 2 2 3 1 2 
1 0 0 1 1 0 1 0 0 1 1 1 1 3 0 0 0 1 
0 0 1 1 1 0 1 1 1 1 1 1 0 0 3 2 3 0 
0 1 0 1 1 0 1 0 1 1 1 0 0 0 0 3 1 3 
0 1 1 0 0 1 1 0 0 1 0 0 0 1 0 3 3 0 
0 0 0 0 0 0 1 1 1 1 0 1 0 2 2 1 3 3 
0 1 1 1 1 1 0 0 0 0 0 0 0 0 2 1 0 0 
0 1 1 1 1 1 1 1 0 0 0 0 0 3 2 2 1 0 
1 0 0 0 0 1 0 0 0 1 1 0 0 3 0 0 2 2 
0 1 1 1 1 0 0 0 0 0 1 0 0 2 3 2 2 2 
0 0 1 0 0 1 0 1 1 0 1 0 0 2 0 1 3 2 
1 0 0 0 0 0 0 1 1 0 0 1 1 2 0 0 0 0 
0 1 0 0 0 1 0 1 1 0 1 0 0 1 3 1 1 1 
0 1 1 0 0 0 0 1 1 0 0 1 0 0 2 2 2 1 
0 1 1 1 1 0 0 0 0 0 1 1 1 1 2 0 2 3 
0 0 1 0 1 0 0 1 0 0 0 0 0 3 3 3 0 3 
0 1 1 0 0 0 0 0 0 1 0 0 0 3 1 1 3 1 
0 1 1 0 1 1 1 1 1 1 0 1 0 0 1 1 2 0 
1 0 0 0 0 1 0 0 0 0 0 0 1 0 0 0 1 3 
0 1 1 1 1 0 0 1 1 0 1 1 1 0 1 0 1 3 
1 0 0 1 1 1 1 0 1 0 1 0 1 3 0 0 3 2 
0 0 0 0 0 0 0 0 0 0 1 1 0 2 0 2 1 3 

# Size = 28 | Time = 31 ms
0 1 0 0 1 1 0 0 0 0 0 0 1 1 2 0 1 2 
0 1 0 1 1 0 1 1 0 0 1 0 0 2 0 0 0 1 
0 1 1 0 0 1 1 0 0 1 0 0 0 0 3 0 0 3 
0 0 1 0 1 1 0 1 1 0 0 1 0 1 0 0 3 3 
0 1 1 0 0 0 1 1 1 1 1 1 0 3 1 3 0 0 
0 0 1 0 0 1 1 1 1 1 0 1 0 2 2 2 1 3 
0 1 1 0 1 1 0 1 0 0 1 1 0 0 0 1 2 1 
0 0 1 1 1 0 0 1 0 0 0 1 0 3 3 3 2 3 
0 0 0 1 1 0 0 0 1 1 1 0 0 0 2 3 0 0 
1 0 0 0 0 1 0 0 0 0 1 1 1 2 0 0 2 2 
0 0 1 1 1 1 0 1 0 0 0 0 1 2 1 0 2 0 
0 1 0 1 1 0 1 0 0 1 0 0 0 2 3 2 3 1 
0 1 1 0 0 0 0 0 1 1 1 1 0 1 0 2 1 0 
0 1 0 0 0 1 0 0 1 0 1 0 0 2 0 3 3 0 
1 0 0 1 1 1 1 1 1 1 0 0 1 3 0 0 3 0 
0 0 0 0 0 0 1 1 1 1 1 0 0 2 3 1 0 0 
0 0 0 0 0 1 1 0 1 1 1 0 0 1 1 3 1 1 
0 0 0 1 1 0 1 1 0 1 1 1 1 0 1 0 3 3 
0 0 1 1 1 0 1 1 1 0 0 1 0 0 1 2 2 2 
0 0 0 1 1 0 0 1 1 1 0 1 0 1 2 1 3 2 
0 1 0 0 0 1 0 1 0 0 0 1 1 1 3 0 0 2 
0 1 1 1 1 0 0 0 1 1 1 1 0 3 2 1 1 1 
0 0 0 0 0 1 0 1 0 0 1 1 0 3 3 2 1 2 
0 1 1 1 1 0 0 1 0 1 1 1 0 1 2 3 2 2 
1 0 0 0 1 0 0 1 1 0 1 0 1 0 0 0 0 1 
0 1 1 0 1 0 0 0 1 0 1 1 0 0 0 2 0 1 
1 0 0 1 1 0 0 0 0 0 1 1 0 0 0 0 1 3 
0 0 0 0 0 0 1 0 1 0 0 0 0 0 1 1 1 3 

# Size = 27 | Time = 29 ms
0 1 1 0 1 1 1 0 0 0 0 1 0 1 1 0 0 3 
0 0 0 0 0 0 0 1 0 0 1 0 0 3 2 2 2 0 
0 1 1 0 1 1 1 0 0 0 0 1 0 0 3 1 1 0 
0 0 1 0 1 1 1 1 0 1 1 0 0 2 3 3 2 3 
0 0 1 0 0 0 1 1 1 1 1 0 0 3 0 3 1 0 
0 0 0 0 0 0 0 0 1 1 0 0 0 2 3 1 1 2 
0 0 1 0 1 1 0 0 1 1 1 1 1 2 0 0 3 2 
0 1 0 0 1 1 0 1 0 0 0 0 0 3 0 3 3 1 
0 0 1 0 0 1 1 1 1 0 0 1 1 3 3 0 2 1 
0 1 1 1 1 1 1 1 1 1 0 0 0 2 0 2 0 2 
0 0 0 0 0 0 0 1 1 1 1 0 1 1 1 0 3 0 
0 0 1 1 1 1 0 0 1 1 0 0 0 0 2 2 3 3 
0 1 0 0 0 0 0 0 1 0 1 1 0 3 2 1 0 3 
1 0 0 0 0 1 0 1 0 0 1 0 1 0 0 0 2 3 
0 0 0 1 1 0 1 1 0 0 1 1 0 2 1 1 3 1 
0 1 0 1 1 1 0 0 0 1 0 1 0 1 0 1 2 1 
0 0 1 1 1 0 1 1 0 1 0 1 0 1 3 2 3 1 
0 1 1 1 1 0 1 1 0 1 0 0 1 1 2 0 1 1 
1 0 0 1 1 0 1 0 1 1 0 1 0 2 0 0 1 0 
0 0 1 1 1 0 0 1 0 1 0 1 1 2 2 0 0 1 
0 0 1 1 1 0 1 1 0 1 1 1 0 0 1 2 1 3 
0 0 0 1 1 0 0 0 0 0 0 1 0 0 3 3 0 2 
1 0 0 0 0 1 1 0 1 0 1 1 1 0 0 0 0 1 
1 0 0 1 1 1 1 1 0 0 1 0 0 3 0 0 0 0 
0 1 0 0 1 0 0 0 0 1 0 1 0 3 1 3 2 2 
1 0 0 0 0 0 1 0 0 1 1 0 1 2 0 0 3 2 
0 0 1 1 1 1 0 0 1 1 1 0 0 1 2 3 1 2 

# Size = 27 | Time = 28 ms
0 1 1 0 0 1 0 0 1 1 0 0 0 3 2 3 3 0 
0 0 0 0 1 0 0 1 0 1 1 1 0 1 3 0 3 3 
0 1 1 0 0 1 0 0 0 1 1 0 0 2 1 0 2 1 
0 1 1 0 1 0 1 1 1 1 1 0 0 3 0 2 2 3 
0 0 1 0 0 0 1 1 0 0 1 1 0 3 2 3 0 1 
0 0 1 0 1 0 0 1 0 1 1 0 0 3 1 0 0 3 
0 0 1 1 1 0 1 0 1 0 0 1 0 2 3 2 2 2 
0 1 1 1 1 1 1 0 1 0 0 0 1 1 2 0 0 3 
0 0 1 1 1 1 1 0 0 0 1 0 0 0 0 3 1 3 
1 0 0 0 1 0 0 1 1 1 0 1 1 3 0 0 1 3 
0 0 1 0 0 1 0 1 1 1 0 1 0 0 2 1 2 3 
0 1 0 0 1 0 1 0 1 0 0 1 0 0 1 1 1 2 
0 0 0 0 0 1 0 1 0 0 0 1 0 2 2 2 0 0 
0 0 0 1 1 0 0 1 1 1 0 1 0 1 1 2 1 1 
1 0 0 0 0 1 1 0 0 0 1 0 1 0 0 0 0 2 
0 1 0 1 1 0 1 0 0 0 1 0 1 0 1 0 3 0 
0 1 1 1 1 1 0 0 0 1 1 0 0 3 3 1 0 0 
1 0 0 1 1 1 0 1 1 1 0 0 1 2 0 0 2 1 
0 0 0 0 0 0 0 1 1 1 0 1 0 1 1 3 2 2 
0 0 1 0 0 1 1 1 0 0 0 1 0 2 0 1 3 1 
0 1 0 0 0 0 1 0 0 1 0 1 0 2 2 3 1 0 
0 0 0 0 0 1 0 1 0 0 0 1 0 2 3 3 1 3 
1 0 0 0 0 1 1 0 0 0 1 0 0 0 0 0 2 0 
0 0 1 1 1 0 0 1 1 0 1 1 0 1 0 1 2 0 
1 0 0 0 0 0 1 0 1 1 1 1 1 3 0 0 3 2 
0 1 1 1 1 1 1 0 0 0 1 1 0 0 2 2 3 2 
0 1 1 0 0 1 0 1 1 1 1 0 1 0 3 0 0 1 

# Size = 27 | Time = 31 ms
0 0 1 0 0 1 0 1 0 0 1 1 0 0 2 1 3 0 
0 1 1 1 1 0 0 1 1 0 0 1 0 1 1 0 3 1 
0 1 0 1 1 0 0 0 0 0 1 1 0 2 3 2 0 0 
0 1 0 0 1 0 1 0 0 1 1 0 0 3 3 2 3 2 
0 0 0 1 1 1 1 0 1 1 0 0 0 1 2 2 0 0 
0 0 1 0 0 0 1 0 1 0 0 1 1 3 3 0 1 3 
0 0 1 1 1 0 0 1 1 0 0 1 0 0 0 3 1 2 
1 0 0 0 0 1 0 1 0 0 1 0 1 2 0 0 3 1 
0 0 1 1 1 1 1 0 0 1 0 0 0 1 1 2 2 3 
0 0 0 0 0 1 0 1 0 0 0 1 0 3 3 3 0 1 
0 1 1 1 1 0 1 0 1 1 0 0 0 2 0 1 0 3 
0 1 0 0 0 1 0 1 0 1 1 0 0 2 2 3 1 3 
0 1 0 0 0 1 0 0 0 0 1 0 1 0 2 0 2 2 
1 0 0 1 1 0 1 0 1 1 0 1 1 3 0 0 2 0 
0 1 0 0 0 0 1 0 1 1 1 0 0 1 3 3 2 0 
0 1 0 0 0 1 1 0 0 0 1 1 0 1 1 1 1 2 
0 0 1 0 0 0 1 1 1 1 1 1 0 0 3 2 1 1 
1 0 0 0 0 0 0 0 0 1 1 1 0 0 0 0 1 0 
0 0 1 0 1 0 0 0 1 0 0 0 1 3 1 0 0 0 
0 0 0 1 1 1 1 1 0 1 0 1 0 0 0 2 3 3 
1 0 0 0 0 0 1 0 0 0 0 1 0 2 0 0 0 2 
0 0 0 1 1 1 0 1 1 0 1 0 0 2 1 3 3 1 
0 0 0 1 1 1 0 0 1 1 0 1 0 3 3 1 2 1 
0 0 1 0 1 0 1 1 1 0 1 0 0 3 2 3 2 1 
1 0 0 1 1 1 0 1 1 0 1 0 1 2 0 0 2 3 
0 1 0 1 1 0 0 1 0 1 0 0 0 0 1 0 0 1 
0 0 1 1 1 0 1 1 1 1 1 1 1 1 0 0 3 1 

# Size = 27 | Time = 27 ms
0 1 0 0 0 1 0 0 0 1 0 1 0 1 3 1 0 2 
0 0 1 0 0 1 1 1 1 1 1 0 1 3 2 0 0 1 
0 1 0 1 1 1 1 1 0 0 0 1 0 2 1 0 3 1 
0 0 1 0 0 0 1 0 1 1 1 0 0 3 3 2 3 3 
0 0 1 0 0 0 0 1 0 0 1 1 0 2 0 3 2 3 
0 0 1 1 1 1 1 1 1 1 0 0 0 1 0 2 2 0 
0 1 0 1 1 1 0 0 1 0 0 0 1 1 0 0 3 3 
0 0 1 1 1 1 1 1 1 0 1 1 0 0 3 1 3 0 
0 0 1 1 1 1 1 1 1 1 1 0 0 2 1 3 1 2 
0 1 0 1 1 0 0 0 0 1 0 1 1 0 2 0 1 3 
0 1 0 0 0 0 0 0 0 1 0 0 0 0 3 3 3 0 
1 0 0 0 1 0 1 1 0 1 1 1 1 3 0 0 3 2 
0 1 1 1 1 0 1 1 0 0 1 0 0 1 2 3 0 0 
0 0 0 0 0 0 1 0 0 1 0 0 1 2 3 0 0 0 
0 1 0 0 0 1 0 0 0 0 0 1 0 1 1 2 0 3 
0 1 0 1 1 0 0 0 0 0 0 0 1 3 1 0 2 2 
0 0 1 0 0 0 1 0 0 0 1 0 0 3 1 1 1 0 
0 0 1 1 1 0 0 0 1 1 0 0 0 0 0 1 0 1 
0 1 1 1 1 1 1 0 0 1 0 0 0 2 3 1 1 3 
1 0 0 1 1 1 0 0 1 0 0 0 0 2 0 0 0 3 
0 0 0 1 1 1 0 0 0 0 0 1 0 0 2 1 2 2 
0 1 1 0 1 0 1 0 0 0 1 0 0 1 3 2 1 1 
1 0 0 0 0 0 0 1 0 0 1 0 1 0 0 0 2 0 
0 1 1 1 1 0 0 1 1 0 1 1 0 0 1 2 3 2 
0 1 1 0 0 1 1 1 0 0 1 1 0 3 3 3 2 1 
0 1 0 1 1 0 0 0 1 0 0 0 0 2 2 2 3 1 
1 0 0 0 0 0 0 1 0 0 1 1 1 0 0 0 1 1 

# Size = 27 | Time = 27 ms
0 1 1 0 0 0 0 1 0 1 1 1 0 3 2 2 1 3 
0 1 1 1 1 0 1 0 0 0 0 0 1 3 2 0 0 0 
0 1 1 1 1 1 0 0 0 1 1 0 1 1 2 0 1 1 
1 0 0 0 1 1 0 0 1 1 1 1 0 0 0 0 1 2 
0 0 0 0 1 0 0 0 1 1 1 1 0 3 1 0 2 1 
0 0 1 1 1 0 1 1 0 0 0 0 0 0 1 3 3 2 
0 0 0 0 0 0 1 1 0 0 1 1 0 1 3 2 0 0 
1 0 0 1 1 0 1 1 0 0 1 1 1 2 0 0 3 1 
0 1 1 0 0 1 1 1 0 1 1 1 0 0 0 3 2 1 
0 1 0 1 1 1 0 0 1 1 0 1 0 1 3 2 3 2 
0 0 0 1 1 1 0 1 1 1 0 1 0 0 2 1 2 0 
0 1 1 0 0 1 0 0 1 1 0 1 1 0 3 0 0 1 
0 0 1 1 1 1 1 0 1 0 0 0 0 2 3 3 1 3 
0 1 0 0 0 1 0 0 1 0 1 0 0 0 1 2 2 1 
0 1 0 0 0 0 0 0 0 1 0 1 1 1 0 0 2 3 
0 1 1 0 0 1 1 0 0 0 1 0 0 3 1 1 3 3 
0 0 0 0 1 1 0 0 1 0 1 0 0 1 1 3 1 0 
1 0 0 0 0 1 1 0 0 1 0 0 0 3 0 0 0 3 
0 1 0 0 0 1 0 0 1 1 0 0 1 2 1 0 0 2 
0 0 1 0 1 0 1 0 1 0 1 0 0 2 2 1 0 2 
0 0 0 1 1 0 0 0 0 0 1 1 0 2 0 2 2 2 
0 0 0 0 1 0 1 0 1 0 1 0 0 3 2 3 0 2 
0 0 1 1 1 1 1 1 0 1 0 0 0 0 2 2 3 3 
1 0 0 1 1 1 1 0 0 1 0 0 1 2 0 0 3 0 
1 0 0 1 1 0 1 1 1 0 0 1 1 2 0 0 2 1 
0 0 0 0 0 1 1 0 0 1 0 1 0 3 3 1 2 1 
0 1 0 1 1 0 0 1 1 1 0 0 0 1 0 1 1 3 

# Size = 25 | Time = 27 ms
0 1 1 0 1 1 1 0 1 0 1 0 0 3 2 3 0 2 
0 0 1 0 1 1 0 1 0 0 0 0 0 2 1 0 1 1 
0 0 1 0 1 0 0 0 0 0 0 0 0 1 1 2 3 2 
0 1 0 1 1 1 0 0 1 0 0 1 0 2 1 1 2 1 
0 1 0 0 1 0 0 0 1 0 0 0 0 3 1 0 0 0 
0 0 0 0 1 1 0 0 1 1 1 0 0 2 3 3 1 0 
1 0 0 0 0 1 1 1 1 0 0 1 1 0 0 0 0 1 
0 1 1 0 0 0 1 1 0 1 1 0 1 1 0 0 2 2 
0 1 1 1 1 0 1 0 0 1 1 1 1 0 1 0 1 0 
0 1 1 0 0 1 1 1 1 1 1 0 0 0 3 2 3 1 
0 0 1 0 0 0 1 1 1 0 0 0 0 2 3 1 3 3 
1 0 0 0 0 0 0 1 0 1 0 0 0 3 0 0 2 0 
0 0 0 1 1 1 1 1 0 0 0 1 0 3 3 2 2 0 
0 0 0 0 0 1 1 1 1 1 1 1 0 1 2 1 3 0 
0 1 0 1 1 1 1 0 0 1 1 0 0 2 0 2 0 3 
0 0 0 1 1 0 0 1 0 0 0 1 0 0 2 3 2 3 
0 0 0 1 1 0 0 1 1 1 1 1 0 3 0 3 3 1 
0 0 1 0 0 0 0 0 0 1 0 1 1 1 3 0 1 3 
0 0 0 0 0 1 0 0 1 0 1 1 0 1 1 3 0 3 
0 0 1 0 1 1 1 1 0 0 1 0 0 3 0 1 1 3 
0 0 0 0 0 1 0 1 0 1 1 1 1 2 2 0 1 1 
0 0 0 1 1 0 0 0 1 0 0 1 0 0 3 1 0 2 
1 0 0 1 1 0 0 0 1 1 1 0 1 2 0 0 1 2 
0 0 1 1 1 0 0 1 1 1 1 0 0 1 2 2 1 1 
1 0 0 0 1 1 0 0 1 0 0 0 1 3 0 0 3 3 

# Size = 28 | Time = 31 ms
0 0 1 0 1 0 0 1 1 1 0 0 0 3 0 1 0 1 
0 0 1 0 1 1 0 0 1 1 1 1 1 1 2 0 3 3 
0 0 1 0 1 1 0 1 1 1 1 1 0 2 3 2 1 1 
0 1 0 0 1 0 0 1 1 1 1 0 0 0 2 3 3 0 
0 1 0 0 0 0 0 1 0 0 0 1 1 3 1 0 1 3 
0 1 1 1 1 1 0 0 0 1 0 1 1 2 0 0 0 2 
0 1 1 0 0 1 1 0 0 0 1 1 0 1 3 1 1 0 
0 0 1 0 1 1 0 0 0 1 1 0 1 1 0 0 1 1 
0 0 0 0 1 0 1 1 1 1 1 0 0 2 2 1 1 1 
1 0 0 1 1 0 1 1 1 0 0 1 0 0 0 0 1 2 
0 0 0 0 0 1 1 0 0 0 0 0 0 3 3 3 1 2 
0 1 1 0 1 1 1 1 0 1 1 0 1 2 3 0 2 0 
0 0 0 1 1 0 1 1 0 0 1 0 0 1 1 2 0 0 
0 1 0 1 1 0 1 0 0 0 0 0 0 2 3 1 3 1 
0 0 0 0 0 0 0 0 1 0 0 1 0 1 1 1 2 2 
0 1 0 1 1 1 1 1 0 1 0 0 0 1 0 3 0 3 
0 1 0 1 1 1 0 0 0 0 0 1 0 3 2 2 2 2 
0 0 1 0 0 1 0 0 0 1 0 1 0 0 2 3 2 1 
0 1 0 0 0 0 1 0 1 1 0 1 0 0 0 2 2 3 
1 0 0 0 1 1 0 0 0 1 1 0 1 3 0 0 2 0 
1 0 0 0 0 1 0 0 0 0 0 1 0 2 0 0 0 1 
0 1 1 0 1 1 0 1 0 1 1 0 1 0 1 0 0 1 
0 0 0 1 1 0 1 1 0 1 0 1 0 2 1 3 3 3 
1 0 0 0 0 0 1 1 0 0 0 1 1 3 0 0 3 3 
0 0 0 1 1 1 0 0 0 0 1 0 0 3 2 2 0 2 
0 1 1 0 1 1 1 0 0 1 1 0 0 0 3 1 0 3 
0 0 0 1 1 1 1 1 1 0 0 1 0 3 0 2 3 2 
0 0 0 1 1 1 0 1 1 0 0 1 0 1 3 1 1 0 

# Size = 28 | Time = 31 ms
0 0 1 0 1 1 1 1 1 0 0 0 0 0 3 2 1 3 
0 1 1 1 1 0 1 0 1 0 0 0 0 1 2 2 2 3 
0 1 1 0 1 0 1 1 0 0 1 0 0 0 3 1 3 3 
0 0 1 1 1 0 1 0 0 1 0 1 0 1 2 1 0 2 
0 1 0 0 1 1 0 1 0 0 0 1 0 3 0 0 2 0 
0 1 0 0 1 1 1 1 0 0 0 1 0 2 1 3 3 1 
1 0 0 0 0 1 1 0 1 1 1 1 1 0 0 0 2 3 
0 0 0 0 0 1 0 0 1 1 0 0 0 0 1 1 2 3 
0 0 1 1 1 0 0 1 1 1 1 0 0 2 3 3 2 2 
0 0 0 0 0 0 1 0 0 1 1 0 0 1 3 2 3 0 
0 1 1 1 1 0 0 1 0 1 1 1 1 3 2 0 1 1 
0 1 0 0 0 1 0 1 1 0 1 0 0 0 0 2 0 2 
0 1 1 0 0 0 1 0 0 0 0 0 0 2 0 1 1 3 
0 1 0 0 0 0 0 1 1 0 0 0 1 2 3 0 3 2 
0 0 1 0 0 1 1 0 1 0 0 1 0 0 2 3 3 0 
0 0 0 0 0 0 1 0 1 0 1 1 0 3 3 3 0 3 
0 1 1 1 1 0 1 0 0 1 1 0 1 3 1 0 0 2 
0 1 0 1 1 1 0 1 1 0 0 0 0 2 1 1 0 0 
1 0 0 0 1 0 0 1 0 0 0 0 1 2 0 0 1 0 
0 1 1 1 1 1 0 1 1 1 1 1 1 1 0 0 1 2 
0 0 0 0 0 1 1 0 1 1 0 0 0 1 0 3 1 1 
1 0 0 1 1 1 1 1 1 1 1 0 0 0 0 0 3 2 
0 0 0 1 1 0 1 0 1 1 1 0 0 0 1 2 1 1 
0 0 1 0 1 0 1 1 1 0 1 1 0 3 3 1 3 1 
1 0 0 0 1 0 1 0 0 0 0 0 0 3 0 0 0 1 
0 0 0 0 1 0 1 0 0 0 1 1 0 3 2 2 2 1 
0 0 1 1 1 0 1 0 0 1 1 1 1 1 1 0 1 2 
0 0 1 0 1 1 1 0 1 1 0 1 0 2 2 2 1 3 

# Size = 28 | Time = 28 ms
0 1 0 0 0 0 0 0 0 1 0 1 0 2 3 0 1 2 
0 1 1 0 0 0 1 1 1 0 1 0 0 1 1 3 1 2 
0 0 0 0 1 0 1 0 1 1 0 0 0 2 1 2 3 3 
0 0 1 1 1 1 1 0 0 0 1 1 0 1 1 1 0 1 
0 0 0 0 0 1 0 0 0 0 1 0 0 1 1 1 2 3 
0 1 1 1 1 0 0 1 0 1 0 1 0 2 3 3 0 3 
0 1 1 0 1 0 1 0 0 1 0 1 0 3 0 2 2 2 
0 1 1 0 0 1 1 0 0 0 0 1 0 1 2 0 3 0 
1 0 0 1 1 1 0 0 0 1 1 1 1 0 0 0 1 0 
0 0 0 1 1 1 0 1 1 1 0 0 0 3 2 1 1 0 
0 1 0 0 0 0 1 1 1 0 1 0 0 0 1 2 0 0 
0 1 1 1 1 1 1 1 1 0 1 0 1 2 1 0 2 0 
0 0 0 0 0 1 0 1 1 0 0 0 0 1 0 2 3 1 
0 0 0 1 1 1 0 0 1 1 0 1 0 2 0 3 1 3 
0 1 1 1 1 0 1 0 1 1 1 0 0 2 3 1 3 1 
1 0 0 0 0 0 1 1 1 0 0 0 1 2 0 0 0 3 
0 1 1 1 1 0 1 0 0 1 0 0 0 0 2 3 2 3 
1 0 0 0 0 0 0 0 0 1 1 0 0 3 0 0 0 3 
0 0 0 1 1 1 0 1 1 1 0 1 0 3 1 2 1 2 
1 0 0 1 1 0 1 0 0 0 1 0 1 0 0 0 3 2 
0 1 1 0 1 0 1 0 1 0 0 0 0 0 0 1 3 2 
0 0 0 0 0 1 1 0 0 0 1 0 0 2 2 2 0 2 
0 0 0 1 1 1 1 0 1 1 1 0 1 1 3 0 2 0 
0 1 0 1 1 1 0 0 1 0 1 0 0 3 3 3 3 0 
0 1 0 1 1 1 1 1 0 1 1 0 0 0 3 2 1 1 
1 0 0 0 1 1 0 1 0 0 1 1 1 3 0 0 2 1 
0 1 0 1 1 0 0 1 0 0 1 1 1 1 2 0 3 1 
0 0 1 0 1 1 0 1 0 1 0 0 0 1 1 3 3 1 

# Size = 28 | Time = 30 ms
0 1 0 0 0 0 0 1 1 0 0 1 0 2 2 0 3 2 
0 1 1 0 1 1 0 1 0 0 0 0 0 3 0 3 1 0 
0 1 1 0 0 1 1 1 0 0 1 0 0 1 1 2 3 1 
0 0 0 0 0 0 1 1 1 0 1 1 1 3 3 0 2 0 
0 1 1 0 0 1 1 1 1 0 1 0 0 0 2 0 1 1 
0 0 0 0 0 0 0 0 1 1 1 1 0 1 0 3 3 2 
0 0 0 1 1 0 0 0 1 1 0 1 0 3 1 2 1 1 
0 0 1 1 1 1 1 1 0 1 0 0 0 0 3 1 0 2 
0 1 0 0 0 1 1 0 1 0 1 0 0 2 0 2 0 0 
0 1 0 0 0 0 0 0 1 1 1 1 0 2 0 1 2 1 
1 0 0 0 1 0 0 0 0 0 1 0 1 0 0 0 3 3 
0 1 1 1 1 1 0 0 1 0 0 0 0 0 3 2 2 3 
0 1 1 1 1 0 1 0 0 1 0 0 1 2 3 0 1 2 
0 0 0 0 0 1 0 1 0 1 0 0 0 3 1 2 2 2 
0 0 1 1 1 0 0 0 0 1 0 1 0 0 2 3 0 3 
1 0 0 0 0 1 1 1 1 1 0 1 1 2 0 0 0 3 
0 0 0 0 0 0 1 0 1 1 1 0 0 2 1 3 2 3 
1 0 0 1 1 1 1 0 0 0 1 0 0 3 0 0 0 2 
0 1 1 1 1 1 1 1 1 0 1 1 0 3 2 1 3 0 
0 0 0 1 1 1 0 0 1 1 0 1 0 0 1 1 0 0 
0 0 1 1 1 0 0 0 1 1 0 1 1 1 1 0 2 0 
0 0 1 1 1 0 1 1 1 0 0 0 0 1 3 3 0 1 
1 0 0 1 1 0 1 0 1 1 0 0 1 2 0 0 1 1 
0 1 0 1 1 1 1 0 1 1 0 0 0 1 2 1 1 3 
0 0 0 1 1 0 1 0 0 0 0 1 0 3 3 3 3 3 
1 0 0 0 1 0 1 0 1 1 1 1 1 0 0 0 2 0 
0 0 0 1 1 1 1 0 0 0 1 1 1 0 2 0 2 3 
0 1 1 0 1 0 0 1 1 1 1 1 0 1 2 2 0 2 

# Size = 26 | Time = 28 ms
0 1 0 0 0 0 0 0 0 1 0 0 0 3 2 2 2 1 
0 1 0 0 1 0 0 0 0 1 0 0 0 2 1 3 0 0 
0 1 1 1 1 1 1 0 1 0 1 0 0 1 0 3 3 1 
0 1 0 0 0 0 0 1 0 1 0 1 0 0 0 1 1 2 
0 1 0 1 1 0 0 0 0 1 0 0 0 1 3 1 2 3 
0 0 0 0 0 1 0 1 1 1 0 0 1 1 2 0 1 2 
0 1 1 0 0 0 0 0 1 1 1 1 0 3 1 3 2 2 
0 1 1 0 1 0 0 0 1 1 0 1 1 2 2 0 0 2 
0 1 0 1 1 0 0 0 1 0 0 1 0 2 0 2 3 0 
0 1 0 1 1 1 1 0 1 1 1 0 1 3 3 0 0 3 
1 0 0 0 0 0 1 0 0 0 1 0 0 0 0 0 3 3 
1 0 0 1 1 1 1 1 0 0 0 1 1 0 0 0 3 2 
0 0 1 0 0 1 1 1 1 0 1 1 0 3 3 1 3 0 
0 0 0 1 1 1 1 0 0 0 1 1 0 1 1 1 1 0 
1 0 0 0 0 1 1 1 1 0 1 0 1 0 0 0 2 0 
0 0 1 1 1 1 1 1 0 1 1 1 0 3 3 2 1 2 
0 1 1 1 1 1 1 1 0 1 1 0 0 0 2 1 3 0 
0 0 1 0 0 1 1 1 0 0 1 1 1 2 1 0 2 1 
0 0 0 0 0 0 1 1 0 0 1 1 0 0 2 1 0 1 
1 0 0 1 1 0 0 0 0 1 1 1 1 3 0 0 1 1 
0 0 1 1 1 0 1 1 1 0 1 0 0 2 3 1 1 1 
0 1 1 0 1 1 1 1 0 1 0 1 0 0 1 2 3 3 
0 0 0 1 1 1 0 1 1 0 1 1 0 0 3 3 1 3 
1 0 0 1 1 1 0 0 0 1 1 0 1 2 0 0 0 3 
0 0 0 0 0 0 1 1 0 0 0 0 0 1 1 2 0 3 
0 1 1 0 0 0 1 0 1 1 0 1 0 3 2 3 2 3 

# Size = 26 | Time = 30 ms
0 1 0 1 1 0 1 0 0 1 1 0 0 3 1 1 0 2 
0 1 0 1 1 0 1 0 0 1 0 0 0 1 0 0 1 1 
0 1 0 0 1 1 1 1 1 1 0 1 0 3 2 3 3 1 
0 0 0 0 0 0 0 0 1 1 0 1 0 0 0 1 3 2 
0 0 0 0 0 1 1 0 0 0 1 1 0 0 3 1 0 1 
0 0 1 0 0 0 0 1 1 0 1 1 1 3 3 0 2 3 
1 0 0 0 1 1 1 1 0 0 1 0 1 2 0 0 3 1 
0 0 1 0 1 0 0 1 0 1 0 0 0 0 2 2 1 0 
0 1 0 1 1 1 1 0 0 1 0 0 0 1 3 2 2 3 
0 1 1 1 1 1 0 1 1 0 0 0 1 0 1 0 0 3 
0 0 1 1 1 0 0 0 0 0 1 0 0 0 2 3 0 3 
0 1 1 1 1 0 1 1 1 1 0 1 0 2 3 1 3 3 
1 0 0 0 0 0 0 1 0 1 0 1 0 3 0 0 0 2 
0 1 1 0 0 1 0 1 1 0 1 0 0 1 3 2 0 2 
0 0 0 0 0 0 1 0 1 0 0 1 0 1 2 1 2 1 
0 0 0 0 0 1 0 0 1 1 1 1 1 2 2 0 1 2 
0 0 1 0 0 1 0 0 0 0 0 1 0 3 1 2 3 1 
1 0 0 1 1 1 1 0 1 0 1 1 1 0 0 0 2 0 
0 1 1 0 0 0 1 0 0 1 1 1 0 2 0 2 0 0 
0 0 0 0 0 0 0 1 0 0 1 1 0 2 0 3 2 3 
0 0 1 0 1 1 1 1 1 0 1 0 0 3 3 1 1 0 
0 1 1 0 1 1 1 1 1 0 1 1 0 1 3 3 3 0 
0 1 0 0 1 0 1 1 1 0 1 1 0 2 1 3 1 0 
0 0 1 1 1 1 1 1 1 1 1 1 1 1 1 0 2 2 
0 0 0 1 1 1 1 1 0 0 1 0 0 2 1 3 2 2 
1 0 0 0 0 1 1 1 1 0 0 0 0 0 0 0 1 3 

# Size = 29 | Time = 29 ms
0 0 0 0 1 1 1 1 1 0 1 0 0 3 1 0 2 2 
0 1 0 1 1 1 0 0 0 0 0 1 0 2 1 2 1 2 
0 1 0 0 0 1 1 0 1 1 1 0 0 3 3 1 1 3 
0 1 0 0 0 1 0 0 1 1 0 0 0 3 1 3 0 1 
0 0 1 1 1 1 1 1 0 0 1 1 1 1 2 0 1 0 
0 1 1 0 1 0 0 0 0 1 1 0 0 0 1 1 2 0 
0 0 0 0 1 0 1 0 0 1 1 0 0 3 2 3 1 2 
0 1 0 1 1 0 0 1 1 0 1 0 0 3 3 0 0 0 
0 0 1 1 1 0 1 1 0 1 1 0 0 1 3 2 1 1 
0 0 0 1 1 0 1 1 0 0 1 1 0 1 0 1 0 3 
0 0 1 1 1 1 1 1 1 0 1 1 0 1 3 3 3 0 
1 0 0 1 1 0 1 0 1 1 0 1 1 3 0 0 3 0 
0 1 1 0 0 0 1 1 1 1 0 0 1 2 3 0 3 3 
0 1 1 0 0 1 1 1 1 0 0 1 0 0 2 2 3 1 
0 0 1 1 1 0 0 1 0 0 0 0 1 3 1 0 0 3 
1 0 0 1 1 1 0 1 0 0 1 0 1 0 0 0 0 2 
0 1 1 1 1 0 0 0 0 1 0 1 0 1 0 1 2 2 
0 0 0 0 0 1 1 1 1 0 0 1 0 3 0 2 0 0 
0 0 1 0 0 1 0 0 1 1 1 1 0 2 2 2 0 3 
0 0 0 0 0 0 0 1 0 0 0 1 0 0 3 3 1 2 
1 0 0 0 0 1 0 0 1 1 0 0 1 2 0 0 1 1 
0 1 1 0 0 1 1 0 0 0 0 0 0 0 0 3 2 3 
0 0 0 0 0 1 0 0 0 0 1 1 0 1 2 1 3 1 
0 0 0 1 1 1 0 0 0 0 0 1 0 1 1 0 3 2 
0 0 1 0 1 0 1 0 1 0 0 0 0 2 2 1 2 0 
0 0 1 0 0 1 0 0 1 0 1 1 1 1 3 0 2 1 
0 0 0 1 1 0 1 0 0 0 1 1 0 1 0 2 2 0 
1 0 0 1 1 1 1 0 0 1 0 0 0 2 0 0 2 3 
0 0 1 1 1 0 1 0 0 0 0 1 0 2 0 3 1 3 

# Size = 28 | Time = 30 ms
0 1 0 0 1 1 1 0 0 0 1 1 1 3 0 0 3 3 
0 1 0 1 1 1 0 0 0 1 1 0 0 0 1 2 1 3 
0 0 0 0 1 1 1 1 0 0 1 1 0 3 3 2 2 2 
0 0 1 1 1 0 1 0 1 0 0 0 0 3 3 3 3 0 
0 0 0 0 1 1 0 0 0 0 1 0 0 3 2 0 1 0 
0 1 1 0 1 0 0 1 0 0 1 0 0 1 3 3 2 3 
0 1 1 0 0 0 1 0 0 1 0 0 0 3 2 2 0 2 
0 0 1 0 0 0 0 0 1 0 0 1 1 0 1 0 2 0 
0 1 0 1 1 1 1 0 1 1 0 1 0 1 1 3 1 0 
1 0 0 0 0 0 1 1 1 1 0 1 1 2 0 0 1 3 
0 1 1 1 1 1 1 1 1 1 0 0 0 0 3 1 1 1 
0 1 1 0 0 1 1 1 1 1 0 1 0 1 2 3 0 3 
0 1 1 1 1 1 0 0 0 1 1 0 1 2 3 0 1 2 
0 0 1 0 0 0 0 1 0 0 1 0 0 1 0 2 3 1 
0 0 0 0 0 0 0 1 1 0 1 1 0 2 1 1 0 2 
1 0 0 1 1 1 0 1 0 1 1 0 0 0 0 0 3 2 
0 1 1 1 1 1 1 0 1 1 1 0 1 1 1 0 3 2 
0 1 1 1 1 0 0 0 0 1 0 1 0 1 0 1 2 0 
1 0 0 1 1 1 0 0 0 0 1 1 1 2 0 0 0 1 
0 0 1 1 1 1 1 0 1 1 1 0 0 0 0 3 0 2 
0 0 1 1 1 1 0 0 1 0 0 0 0 2 1 3 3 1 
1 0 0 1 1 0 1 1 1 0 0 1 0 3 0 0 2 1 
0 1 1 0 1 1 0 0 1 1 0 1 0 3 1 1 3 3 
0 0 1 1 1 0 1 0 0 0 1 0 0 2 2 1 3 1 
0 0 1 1 1 1 0 1 1 1 0 1 0 2 2 2 2 0 
0 0 0 1 1 0 1 1 1 1 1 1 1 0 2 0 2 2 
0 1 0 0 0 1 0 0 1 0 0 0 0 0 3 3 0 0 
1 0 0 0 1 1 1 0 1 1 0 1 1 0 0 0 0 0 

# Size = 27 | Time = 29 ms
0 1 1 1 1 0 0 0 1 1 0 1 1 2 1 0 1 1 
0 1 1 0 1 1 1 1 0 0 1 1 0 0 0 2 0 3 
0 1 0 0 0 0 0 1 0 0 1 1 0 2 3 1 0 1 
0 1 1 0 0 0 0 1 0 1 0 0 1 0 2 0 3 2 
0 0 0 1 1 1 1 0 1 1 1 1 0 3 2 1 2 2 
0 0 0 1 1 1 1 0 1 1 1 0 0 1 3 3 3 3 
0 0 1 0 0 0 1 1 0 0 0 0 0 3 1 3 3 1 
0 0 1 0 0 0 1 1 1 0 1 1 1 0 3 0 2 3 
0 1 0 1 1 0 0 0 1 0 0 0 0 1 0 2 2 2 
0 0 1 1 1 1 1 1 1 0 1 1 1 1 2 0 0 0 
0 0 0 0 0 1 0 0 1 1 0 1 0 2 0 3 3 0 
0 1 1 1 1 0 0 0 1 0 0 0 0 3 0 1 3 0 
0 0 0 0 0 1 1 1 0 1 1 0 0 2 1 2 1 2 
0 0 0 1 1 1 0 0 0 0 1 1 0 0 2 2 1 1 
0 0 0 1 1 1 0 0 0 1 0 1 0 0 1 1 2 0 
0 1 0 0 0 0 0 0 0 0 0 1 0 1 2 3 1 3 
0 1 1 0 1 0 0 1 0 1 0 1 0 3 3 0 1 2 
1 0 0 1 1 1 1 1 1 0 1 1 0 3 0 0 2 1 
0 0 1 1 1 0 1 0 1 1 0 0 0 3 3 2 3 0 
0 1 0 0 1 0 1 1 1 0 1 1 0 2 2 3 2 2 
0 0 1 0 0 1 1 0 0 1 1 0 0 1 1 1 1 1 
1 0 0 0 0 0 0 0 0 1 0 0 1 2 0 0 0 2 
0 1 1 0 1 0 0 0 0 1 0 1 0 0 1 3 0 3 
1 0 0 1 1 1 1 0 1 1 0 0 1 2 0 0 3 3 
1 0 0 0 0 1 1 1 1 1 0 1 1 3 0 0 0 3 
0 0 1 1 1 0 1 0 1 0 0 0 0 0 2 1 2 3 
1 0 0 0 0 1 1 1 0 0 0 0 0 0 0 0 1 0 

# Size = 29 | Time = 31 ms
0 1 1 1 1 0 1 1 1 1 1 0 0 2 0 3 0 0 
0 0 0 0 0 0 1 0 1 0 0 0 0 0 2 0 0 0 
0 0 1 0 1 0 1 0 1 1 1 0 0 1 3 2 3 3 
0 0 1 0 0 1 0 0 1 1 1 1 0 0 0 1 1 1 
0 1 0 1 1 1 1 1 1 1 1 0 0 1 1 0 1 2 
0 1 1 0 1 0 0 0 0 0 0 1 1 2 3 0 1 3 
1 0 0 1 1 1 1 0 0 0 1 1 0 3 0 0 1 0 
0 0 0 1 1 1 0 1 1 1 1 1 0 3 0 1 3 3 
0 1 1 1 1 1 0 0 1 0 1 0 0 0 3 0 2 2 
0 0 1 0 0 0 1 1 0 1 0 1 0 3 1 1 2 2 
0 1 0 0 0 0 1 1 0 0 0 0 1 2 3 0 3 1 
0 1 1 0 0 1 0 1 0 0 1 1 0 1 2 2 1 3 
0 1 0 1 1 0 1 1 0 0 0 0 0 3 3 2 0 1 
0 1 1 1 1 1 0 0 0 1 1 1 0 2 2 1 0 2 
0 0 0 0 0 1 0 0 0 0 0 1 0 3 1 3 3 0 
0 1 0 1 1 0 1 1 0 0 0 1 0 0 3 3 2 3 
1 0 0 0 0 0 0 1 1 1 1 0 1 0 0 0 3 0 
0 1 1 0 0 0 1 1 1 1 0 0 0 1 2 3 3 2 
0 0 1 1 1 1 0 1 0 0 0 0 0 1 3 1 0 0 
0 1 1 1 1 1 0 0 0 0 0 0 0 1 2 3 1 1 
1 0 0 1 1 1 1 1 1 1 0 0 1 3 0 0 0 3 
0 0 0 0 1 1 1 1 0 1 0 1 0 0 1 2 0 3 
0 0 0 0 1 0 0 1 0 1 0 1 0 2 2 2 2 0 
0 1 0 1 1 1 0 1 0 1 0 1 1 3 2 0 2 2 
1 0 0 0 0 0 0 0 1 0 1 1 0 2 0 0 2 2 
0 1 1 1 1 1 0 1 1 1 1 1 1 1 0 0 2 1 
0 1 0 0 0 0 0 0 1 1 0 0 0 2 0 2 3 2 
1 0 0 1 1 1 0 1 1 0 0 0 1 2 0 0 2 1 
0 1 0 1 1 0 1 0 1 0 0 1 1 2 1 0 3 1 

# Size = 27 | Time = 29 ms
0 0 1 1 1 0 1 1 1 0 1 1 1 0 2 0 3 3 
0 0 0 1 1 1 1 0 0 0 0 0 0 3 1 1 3 2 
0 0 0 0 1 0 0 0 1 1 1 0 0 0 2 2 1 2 
0 0 0 0 1 0 0 1 1 1 1 1 0 1 0 3 0 2 
0 1 1 0 1 0 0 1 1 1 1 1 0 2 1 1 2 3 
0 1 0 0 1 0 0 1 1 1 0 1 1 3 3 0 3 1 
0 0 1 1 1 0 0 0 1 1 1 0 0 3 3 2 3 0 
0 1 0 0 0 1 0 1 0 1 0 0 0 1 2 1 2 0 
1 0 0 1 1 1 0 0 1 1 0 0 1 2 0 0 3 3 
0 1 1 1 1 1 1 0 0 1 1 0 1 1 1 0 0 1 
0 0 0 0 0 0 1 0 0 0 0 0 0 2 3 3 3 3 
0 1 1 0 0 1 1 1 0 0 0 1 0 0 1 3 1 0 
0 1 1 0 0 1 1 1 1 0 0 1 0 3 0 2 0 3 
1 0 0 0 0 0 1 1 0 0 1 1 0 0 0 0 0 1 
0 1 1 0 1 1 0 1 1 0 0 1 0 0 3 1 0 1 
0 1 1 0 0 1 1 0 0 0 1 1 1 3 3 0 2 2 
0 0 1 1 1 1 0 1 0 0 1 1 0 0 0 3 2 0 
1 0 0 1 1 1 1 1 0 0 1 0 1 2 0 0 0 0 
0 0 1 1 1 0 1 0 0 0 0 0 0 1 1 2 1 3 
0 1 1 0 1 1 0 0 0 0 0 1 0 2 0 1 1 1 
0 0 0 1 1 0 0 0 0 0 0 1 0 2 2 3 0 1 
1 0 0 1 1 1 0 0 0 1 0 0 1 3 0 0 1 2 
0 0 0 1 1 0 1 1 0 1 1 0 0 3 2 3 3 3 
1 0 0 1 1 1 0 0 0 1 1 1 0 2 0 0 2 2 
0 0 1 0 0 1 1 0 0 1 1 1 0 2 1 2 2 1 
0 1 0 0 0 0 0 1 0 0 0 1 1 1 3 0 1 1 
0 0 1 1 1 0 1 0 1 1 1 0 0 1 2 2 3 2 

# Size = 28 | Time = 29 ms
0 1 1 0 1 1 0 1 1 1 1 1 0 0 1 1 3 2 
0 1 0 1 1 0 1 1 0 1 1 0 0 2 0 3 2 2 
0 1 1 1 1 1 1 0 1 0 1 1 1 1 0 0 1 1 
0 1 0 1 1 0 1 1 0 0 0 1 1 0 2 0 3 3 
0 1 1 0 0 1 0 0 0 1 1 1 0 2 2 2 0 1 
0 1 1 0 1 1 1 1 0 0 1 0 0 2 1 2 1 3 
0 0 0 1 1 1 0 1 0 0 1 1 0 0 0 1 1 1 
0 0 1 0 1 1 0 1 0 1 0 1 0 1 2 2 3 2 
0 0 1 0 0 0 0 0 1 0 0 0 0 1 2 3 2 1 
0 0 1 0 1 1 0 1 0 0 0 1 0 3 0 2 0 0 
1 0 0 0 0 0 0 1 1 1 0 0 1 2 0 0 0 2 
0 0 1 0 0 0 0 1 0 1 0 1 1 2 3 0 1 3 
0 0 0 0 0 0 1 0 1 1 0 0 0 0 1 2 2 0 
0 1 0 0 0 0 1 0 0 0 0 0 0 2 3 1 3 0 
0 1 0 1 1 0 1 0 1 1 1 0 0 3 1 3 1 2 
0 1 0 0 1 1 1 0 1 0 1 1 0 1 3 1 0 3 
1 0 0 1 1 1 1 0 0 0 1 1 1 3 0 0 3 1 
0 0 1 1 1 0 1 1 1 0 0 0 0 0 3 2 0 1 
0 0 1 0 1 1 0 1 0 0 0 1 0 0 1 3 0 1 
0 1 0 1 1 1 1 0 1 1 1 1 0 1 3 3 1 0 
1 0 0 0 1 1 0 1 0 1 1 1 1 0 0 0 2 3 
0 1 1 0 0 1 1 1 0 0 1 0 0 3 2 1 2 0 
1 0 0 1 1 1 1 1 0 0 1 1 0 3 0 0 1 3 
0 1 0 0 1 0 1 1 1 0 1 1 0 0 2 0 1 2 
0 1 0 1 1 1 1 0 0 1 1 0 0 3 3 3 3 3 
1 0 0 0 0 0 0 0 0 0 1 1 1 0 0 0 3 0 
0 0 1 1 1 1 1 0 0 0 0 1 1 1 1 0 3 2 
0 0 0 0 0 1 0 0 1 0 0 0 0 2 3 1 2 2 

# Size = 28 | Time = 27 ms
0 1 0 0 1 0 1 0 0 1 1 1 0 3 0 2 1 0 
0 1 1 1 1 1 0 0 1 0 1 1 0 0 3 0 0 3 
0 0 0 0 1 0 1 0 1 1 1 1 0 1 2 3 3 3 
0 1 1 1 1 1 0 0 0 0 0 1 0 2 1 0 3 0 
0 1 0 0 0 0 1 0 1 1 0 0 0 1 3 0 2 1 
0 0 0 1 1 1 1 1 0 1 1 0 0 2 2 2 0 3 
0 0 1 0 1 1 1 0 0 0 0 1 0 1 0 1 0 2 
0 0 1 0 1 1 0 0 0 0 1 1 0 0 2 0 2 0 
0 1 0 0 0 1 1 1 1 0 0 0 0 0 2 3 2 2 
0 0 0 0 0 0 1 1 0 1 1 1 0 0 1 1 0 1 
0 1 0 0 0 0 0 1 1 1 0 0 0 0 3 1 3 0 
0 1 1 1 1 1 0 1 1 0 0 0 0 2 0 2 3 1 
0 0 1 0 0 0 0 1 1 0 0 0 1 3 0 0 1 1 
0 1 0 1 1 0 0 1 1 0 1 0 0 0 1 2 2 2 
0 0 0 1 1 1 0 1 1 1 0 1 0 3 2 1 2 1 
0 0 1 1 1 1 0 0 0 1 0 0 0 2 3 3 1 2 
0 1 0 1 1 1 0 0 1 1 1 1 1 3 1 0 0 0 
0 0 0 0 0 1 0 0 0 1 0 1 0 3 1 3 0 0 
1 0 0 1 1 1 1 0 0 0 0 0 1 0 0 0 1 1 
0 1 1 1 1 0 0 1 1 0 0 0 0 1 0 3 2 1 
1 0 0 0 0 0 0 1 1 1 1 1 1 2 0 0 2 0 
0 1 0 1 1 0 1 0 1 1 1 1 1 1 2 0 1 0 
0 1 1 1 1 0 0 0 1 1 0 1 0 2 0 1 1 3 
0 1 0 1 1 0 1 1 1 1 1 0 1 3 3 0 2 3 
1 0 0 0 0 0 0 0 1 0 1 1 1 3 0 0 3 2 
0 1 1 0 0 0 0 1 0 1 1 0 0 1 1 2 1 3 
1 0 0 0 0 1 0 0 0 0 1 1 0 2 0 0 0 3 
0 1 1 1 1 0 1 1 0 0 0 1 0 2 3 2 1 0 

# Size = 29 | Time = 28 ms
0 0 1 1 1 0 1 1 1 1 0 0 0 0 0 1 3 2 
0 0 1 1 1 1 1 0 1 0 1 1 0 2 1 0 0 2 
0 0 0 0 1 1 0 1 0 0 1 1 0 0 3 1 3 3 
0 0 1 1 1 1 0 1 0 1 1 1 0 2 2 0 3 1 
0 0 0 1 1 0 1 1 1 0 0 0 1 1 0 0 1 0 
0 1 0 0 0 1 1 0 0 0 0 1 0 3 1 2 3 2 
0 1 1 0 0 1 0 0 0 1 1 1 1 0 0 0 1 0 
0 1 1 0 0 1 0 0 0 1 0 0 0 2 0 3 2 3 
0 1 1 0 0 0 0 0 0 1 0 0 0 1 3 3 0 2 
0 1 0 0 1 0 0 0 1 0 1 0 1 2 2 0 1 3 
0 0 1 0 0 0 1 0 1 1 0 0 0 2 3 1 1 1 
0 0 1 1 1 0 0 1 1 1 1 0 1 3 3 0 0 1 
0 0 1 1 1 0 0 1 1 0 1 0 0 1 1 2 2 1 
0 1 0 1 1 1 1 1 0 1 0 1 0 1 2 1 2 3 
0 1 1 0 0 0 0 1 1 1 0 1 0 0 2 2 2 2 
0 0 0 1 1 1 1 1 1 0 1 1 0 0 0 3 1 1 
1 0 0 0 0 1 0 1 0 0 0 0 1 3 0 0 3 0 
0 1 0 0 1 1 1 1 1 1 1 1 0 3 1 3 1 0 
0 0 0 1 1 0 1 0 0 1 0 1 0 3 0 2 0 3 
1 0 0 1 1 0 1 0 1 1 1 1 1 2 0 0 1 2 
0 1 1 1 1 1 0 0 0 1 0 1 0 2 3 2 1 0 
0 0 1 1 1 0 0 1 1 0 1 1 1 3 2 0 2 0 
0 0 1 0 1 1 0 0 0 1 0 0 0 3 2 1 0 0 
1 0 0 1 1 1 0 0 0 1 0 1 0 0 0 0 2 1 
0 1 0 0 1 1 1 1 0 0 1 0 1 3 3 0 2 1 
0 0 0 0 1 1 0 0 1 0 0 1 0 1 2 3 3 2 
1 0 0 1 1 0 1 0 0 0 1 1 0 0 0 0 0 3 
0 1 0 1 1 0 0 1 1 0 0 1 1 0 1 0 1 3 
0 0 0 0 0 1 0 0 1 0 0 1 0 2 1 1 2 2 

# Size = 28 | Time = 30 ms
0 1 0 1 1 1 0 0 0 0 0 0 0 3 2 0 2 0 
0 1 0 0 1 0 0 0 0 1 0 0 0 0 3 3 2 3 
0 1 1 1 1 1 1 1 0 1 1 0 0 2 2 1 3 3 
0 0 1 0 0 1 0 0 0 0 0 1 0 0 0 2 0 0 
0 1 1 0 0 1 1 1 0 1 1 1 0 2 0 2 1 2 
0 0 1 0 1 1 1 1 0 0 1 1 0 1 3 1 0 1 
1 0 0 0 0 0 1 1 1 0 1 1 1 0 0 0 3 3 
0 1 1 0 0 0 1 1 1 1 0 1 0 2 1 0 0 3 
1 0 0 0 1 0 1 1 0 1 1 1 1 3 0 0 2 0 
0 0 1 1 1 1 1 0 1 0 1 1 0 2 1 3 1 0 
0 1 0 0 0 0 0 1 1 1 0 1 0 0 2 3 0 1 
0 0 0 0 0 0 0 0 1 1 0 0 0 1 1 1 3 0 
0 0 1 0 0 0 0 0 1 0 0 0 1 3 3 0 1 2 
1 0 0 1 1 1 0 0 0 0 0 0 0 0 0 0 1 2 
0 1 1 1 1 0 0 1 1 1 0 0 1 1 2 0 1 3 
1 0 0 1 1 1 0 0 0 1 1 0 1 3 0 0 0 3 
0 1 1 0 0 0 0 1 1 0 1 0 0 2 1 2 2 3 
0 1 0 1 1 0 1 0 0 1 1 0 0 3 0 2 2 1 
0 0 1 0 1 0 1 1 0 0 0 0 0 3 1 3 3 2 
0 1 0 1 1 0 0 1 0 0 1 1 0 1 3 2 3 0 
0 1 1 1 1 0 0 1 0 1 1 1 0 1 0 1 2 2 
0 0 0 1 1 0 1 0 1 1 1 1 0 3 2 1 1 1 
0 1 0 1 1 1 0 0 1 0 0 0 0 1 0 3 3 2 
0 1 1 0 0 1 1 0 1 0 1 0 1 0 1 0 3 1 
0 0 1 1 1 1 0 1 0 0 1 0 0 0 0 1 3 1 
1 0 0 0 0 1 1 0 1 0 1 1 1 2 0 0 1 1 
0 1 1 0 1 1 0 1 1 1 1 0 1 2 3 0 1 3 
0 1 1 1 1 0 1 0 1 0 0 1 0 3 2 2 0 2 

# Size = 27 | Time = 29 ms
0 0 0 0 0 1 1 0 1 1 1 1 0 1 2 3 2 1 
0 0 1 1 1 0 0 0 1 1 0 0 0 0 3 1 3 2 
0 1 0 0 0 1 1 1 1 1 0 1 0 0 0 3 0 2 
0 1 0 0 1 1 0 0 1 1 1 0 1 2 1 0 2 2 
0 0 1 0 1 0 1 0 1 1 1 0 0 1 1 2 0 0 
0 1 1 1 1 1 0 0 0 0 0 0 1 1 3 0 1 2 
0 0 1 0 0 0 1 0 1 0 0 0 0 3 0 1 1 0 
1 0 0 1 1 1 0 1 0 1 1 1 1 2 0 0 3 0 
0 1 0 0 1 1 0 1 0 0 0 1 0 3 1 2 2 3 
0 1 1 1 1 0 1 1 0 0 0 0 1 0 3 0 0 1 
0 1 0 1 1 1 0 1 0 0 1 1 0 2 2 1 1 2 
1 0 0 1 1 0 0 0 1 1 0 0 1 3 0 0 0 2 
0 1 1 0 0 0 1 1 0 0 0 1 0 2 2 2 3 2 
0 1 1 1 1 0 0 1 0 1 1 1 0 3 1 3 1 1 
0 0 1 1 1 0 0 0 1 0 1 0 0 2 2 3 3 3 
0 1 1 1 1 1 1 1 0 1 1 1 0 1 0 2 3 1 
0 0 0 0 0 1 0 1 1 0 1 1 0 3 3 1 0 1 
0 1 1 1 1 0 0 0 0 0 1 0 1 0 2 0 2 0 
0 0 1 1 1 0 1 1 1 1 1 1 0 1 1 1 2 3 
0 1 1 0 0 0 0 1 1 1 0 0 1 3 1 0 3 3 
0 1 1 1 1 0 1 1 1 0 1 0 1 2 2 0 0 1 
1 0 0 0 0 1 1 0 0 0 0 1 0 0 0 0 2 3 
1 0 0 1 1 1 1 0 0 1 0 0 0 0 0 0 1 1 
0 1 0 0 0 1 0 1 1 1 0 1 0 3 2 1 0 3 
0 1 1 1 1 0 0 1 0 0 1 0 0 2 3 3 2 0 
0 0 1 0 1 0 0 0 0 0 1 0 0 0 1 2 1 3 
0 0 1 0 0 1 0 1 1 0 0 1 0 3 3 2 1 3 

# Size = 27 | Time = 27 ms
0 0 0 0 0 1 1 0 1 0 0 1 1 3 2 0 1 1 
0 0 0 1 1 0 1 1 0 1 1 0 0 0 3 3 2 0 
0 0 0 0 1 0 0 0 1 0 0 0 0 1 0 3 1 0 
0 1 0 0 0 1 1 1 0 1 0 1 1 0 0 0 3 0 
0 1 1 1 1 0 1 0 0 1 0 0 0 2 2 2 3 0 
0 0 0 1 1 1 1 0 1 1 0 0 1 2 1 0 1 0 
0 0 1 0 1 1 1 0 0 1 0 1 0 1 1 1 3 2 
0 0 0 1 1 1 1 0 0 0 1 1 1 1 3 0 0 2 
0 0 1 0 0 1 1 0 0 1 0 0 0 2 0 2 0 0 
0 1 0 0 0 0 0 1 1 0 1 0 0 1 1 2 3 3 
0 1 0 1 1 0 0 1 0 0 1 0 0 2 0 1 2 2 
0 1 1 0 0 1 0 1 1 0 1 1 0 0 2 3 0 2 
1 0 0 0 0 0 0 1 0 1 1 0 0 2 0 0 3 1 
0 1 1 0 0 0 0 0 1 0 0 1 0 0 3 2 3 1 
0 1 1 0 0 0 1 1 0 1 1 0 0 1 2 1 1 3 
1 0 0 1 1 0 0 1 0 1 1 0 1 3 0 0 0 3 
0 1 1 0 0 1 1 0 1 0 0 1 0 2 1 2 2 3 
0 0 1 1 1 1 1 1 1 1 0 0 0 2 3 1 1 3 
0 1 1 0 1 1 1 0 1 1 1 0 0 3 1 3 3 1 
0 1 1 1 1 1 0 0 1 1 1 1 1 1 2 0 2 1 
0 0 0 1 1 1 0 0 1 1 1 1 0 0 1 1 0 1 
1 0 0 1 1 1 1 0 1 0 0 1 1 3 0 0 2 2 
0 0 0 1 1 0 0 0 0 1 1 1 0 3 3 2 1 2 
0 1 1 1 1 1 1 0 0 0 1 1 0 2 1 3 3 3 
1 0 0 0 1 0 1 1 1 1 1 0 1 3 0 0 1 0 
0 1 0 1 1 1 1 0 0 1 0 0 0 3 0 1 1 0 
1 0 0 0 0 0 1 1 0 0 1 0 1 0 0 0 1 3 

# Size = 28 | Time = 29 ms
0 1 1 0 1 0 1 0 1 1 1 0 0 3 3 0 0 2 
0 1 1 0 0 1 1 0 0 1 1 1 0 0 2 2 1 3 
0 0 0 1 1 1 0 1 1 0 1 1 1 3 0 0 2 3 
0 0 0 0 1 1 0 1 0 0 0 0 1 2 2 0 3 0 
0 0 0 1 1 0 1 0 1 1 1 0 0 1 0 1 1 2 
0 0 0 1 1 1 0 1 0 0 0 1 0 1 3 2 0 1 
0 0 1 0 0 1 1 0 0 1 0 0 0 3 1 2 2 0 
0 1 1 0 0 1 0 1 1 0 0 1 0 1 2 0 3 2 
0 1 0 0 0 0 0 0 0 1 0 1 0 2 0 3 0 3 
0 0 1 0 0 0 0 1 1 0 1 0 1 0 3 0 3 1 
0 0 1 1 1 1 0 1 1 0 1 1 0 2 1 3 1 0 
0 1 0 1 1 0 1 0 1 1 1 1 0 0 0 2 3 0 
0 1 1 0 0 0 0 1 0 1 0 1 0 0 2 1 3 0 
0 1 1 1 1 0 1 1 0 0 1 0 0 2 3 3 2 2 
0 1 0 1 1 1 1 0 1 1 0 1 0 3 2 1 0 1 
0 0 0 1 1 0 1 1 0 0 0 0 0 1 1 1 2 3 
1 0 0 0 0 0 0 1 1 1 0 0 0 3 0 0 3 1 
0 1 0 1 1 0 1 1 1 1 1 1 0 2 1 2 3 1 
0 1 1 0 0 0 1 0 1 1 1 1 1 0 1 0 0 2 
0 0 1 1 1 0 1 0 1 1 0 0 0 3 3 2 1 2 
1 0 0 1 1 1 1 0 0 0 1 1 1 0 0 0 0 0 
0 0 1 0 0 0 1 1 0 1 1 0 1 1 3 0 1 0 
0 1 1 1 1 0 0 0 1 1 0 1 0 0 2 3 2 1 
0 0 1 0 0 1 1 1 0 0 0 0 0 3 3 3 3 3 
0 0 1 0 0 0 0 0 1 0 0 1 0 2 3 1 1 1 
0 0 1 0 1 0 1 0 0 0 0 1 0 1 0 3 3 1 
1 0 0 1 1 0 1 1 1 1 0 0 0 2 0 0 1 2 
1 0 0 0 0 1 1 1 1 1 1 1 1 0 0 0 2 3 

# Size = 26 | Time = 26 ms
0 0 0 1 1 1 0 1 0 1 0 0 1 1 2 0 0 0 
0 1 1 0 1 1 0 0 0 0 1 1 1 3 1 0 0 1 
0 1 1 0 0 1 1 1 1 0 0 0 0 1 2 3 2 3 
0 0 1 0 1 1 0 0 1 0 0 1 0 2 0 3 0 2 
0 0 1 0 1 0 0 0 1 1 1 0 0 2 2 2 2 1 
0 0 1 1 1 1 0 1 1 1 0 1 1 1 3 0 1 3 
0 0 1 1 1 0 1 0 1 1 1 0 0 0 0 0 3 2 
0 0 0 0 0 0 0 1 1 1 0 0 0 1 0 1 2 2 
0 0 0 0 0 0 1 0 0 1 0 0 0 3 3 2 2 3 
0 1 0 1 1 1 1 0 0 0 0 0 0 0 0 3 1 1 
0 1 0 1 1 1 1 1 0 0 0 0 0 2 1 1 3 3 
0 1 1 1 1 0 0 0 1 0 1 1 0 3 0 1 2 0 
0 1 0 0 0 0 1 0 0 0 1 1 1 2 3 0 1 2 
1 0 0 0 0 1 0 0 1 0 0 0 1 0 0 0 3 1 
0 1 0 0 1 1 0 1 1 1 1 1 0 0 2 1 3 1 
0 1 1 1 1 1 1 1 1 0 1 1 0 3 0 2 0 3 
0 1 0 0 0 1 1 0 0 0 0 1 1 0 3 0 2 1 
1 0 0 0 1 0 1 1 0 1 1 1 0 2 0 0 2 0 
0 0 0 0 0 0 1 1 1 1 1 1 0 3 1 3 2 2 
0 1 1 0 0 1 1 1 0 0 0 0 0 3 3 3 3 0 
1 0 0 1 1 1 0 0 0 0 0 0 0 3 0 0 1 2 
0 0 0 0 0 0 1 0 0 0 0 0 0 3 2 1 1 2 
0 0 1 1 1 0 1 0 0 0 1 0 0 1 1 2 3 2 
0 1 1 1 1 0 1 0 0 1 1 0 0 0 1 2 1 0 
1 0 0 0 0 0 0 1 0 0 1 1 0 0 0 0 0 3 
0 1 0 0 1 0 0 1 0 1 1 1 0 1 3 1 0 1 

# Size = 27 | Time = 29 ms
0 1 1 0 0 1 1 1 0 0 0 0 0 2 3 1 1 1 
0 1 0 0 0 0 1 1 1 0 0 0 0 1 2 3 0 0 
0 0 0 0 1 0 0 0 1 1 0 0 1 0 1 0 2 1 
0 0 0 0 1 1 1 0 0 1 0 1 0 1 1 1 3 3 
0 1 1 1 1 0 1 1 1 0 1 1 0 2 2 1 0 2 
0 0 1 1 1 1 0 0 0 1 1 0 1 1 2 0 3 1 
0 1 0 0 0 1 0 0 1 1 0 0 0 3 0 2 0 2 
1 0 0 1 1 0 1 0 0 1 1 1 1 0 0 0 1 3 
0 0 1 1 1 1 0 0 0 1 0 1 0 1 0 3 2 2 
0 1 1 1 1 1 0 1 0 0 1 1 0 1 1 2 1 0 
0 1 1 0 0 1 1 0 1 0 1 1 1 0 1 0 1 2 
0 1 0 0 1 0 0 1 1 1 1 0 0 0 3 2 3 2 
0 0 1 1 1 0 1 1 0 0 1 1 0 3 3 3 3 0 
0 0 0 0 0 0 0 0 0 1 1 1 0 2 0 1 2 0 
0 0 1 0 0 0 0 0 1 1 0 0 0 0 1 1 0 3 
1 0 0 0 1 1 0 1 0 0 0 0 1 2 0 0 0 2 
0 0 0 0 0 0 1 1 0 0 0 0 0 1 3 2 2 3 
0 0 1 0 1 1 1 0 1 0 1 1 0 3 1 0 0 1 
0 1 1 0 1 1 1 1 1 1 0 0 0 2 1 3 1 1 
0 1 0 1 1 1 0 0 0 1 0 0 1 2 3 0 0 3 
0 0 1 0 1 0 1 1 0 1 0 0 0 3 2 2 1 3 
1 0 0 0 0 1 0 0 1 0 1 1 0 0 0 0 3 0 
1 0 0 1 1 1 0 0 1 0 0 1 1 3 0 0 2 1 
0 0 1 0 1 0 0 0 1 1 0 1 0 2 2 2 3 1 
0 1 0 0 1 1 0 0 0 1 0 0 0 0 2 3 2 3 
1 0 0 1 1 1 1 0 1 1 0 0 1 0 0 0 1 0 
0 0 0 0 0 0 1 0 1 1 0 1 0 3 1 1 2 3 

# Size = 28 | Time = 29 ms
0 0 1 1 1 0 1 1 1 1 1 0 0 2 3 2 0 3 
0 0 1 0 1 0 0 0 0 0 1 1 0 2 0 0 3 1 
0 0 1 1 1 0 0 0 0 0 1 0 0 0 0 3 0 0 
0 1 1 0 0 0 1 1 1 0 1 1 0 3 0 0 3 3 
0 1 0 1 1 1 1 0 1 1 0 1 0 0 0 0 1 2 
0 1 1 0 1 1 1 1 0 0 1 1 0 3 3 3 2 1 
0 1 0 1 1 1 1 1 0 0 0 0 0 1 2 1 3 0 
0 1 0 1 1 1 0 0 0 0 0 1 0 3 1 2 3 2 
0 0 1 1 1 0 0 1 1 1 1 0 0 1 1 3 3 1 
1 0 0 1 1 1 0 0 1 1 1 1 1 2 0 0 2 0 
0 1 0 0 0 1 1 0 1 1 0 1 0 1 0 2 0 3 
0 1 1 0 0 0 1 1 0 0 0 0 1 3 1 0 0 0 
0 0 1 0 0 1 0 0 0 1 1 1 0 3 2 1 1 3 
0 0 0 0 0 0 1 1 1 1 0 0 0 2 0 1 2 1 
0 0 0 0 0 0 0 0 0 0 0 0 1 1 3 0 1 0 
1 0 0 0 0 0 1 1 0 0 0 0 0 0 0 0 3 3 
0 0 0 0 0 0 0 1 1 1 0 0 0 0 2 3 0 3 
0 0 0 1 1 0 1 1 1 0 0 0 0 0 3 2 1 0 
1 0 0 1 1 1 0 1 0 1 1 0 1 0 0 0 1 1 
0 0 1 0 0 0 1 1 1 1 1 0 1 1 3 0 3 2 
0 1 0 1 1 0 1 0 1 1 1 1 0 0 3 1 2 2 
0 1 1 1 1 1 1 0 1 0 0 0 0 2 2 2 0 1 
0 0 1 1 1 1 0 0 0 1 0 1 1 0 1 0 2 3 
0 1 1 1 1 0 0 1 0 1 1 1 0 1 2 2 2 2 
0 1 1 0 1 1 1 1 1 1 1 1 1 3 2 0 0 1 
1 0 0 0 0 1 1 0 0 1 0 0 0 3 0 0 0 2 
0 0 1 1 1 1 1 0 0 0 1 1 0 2 1 1 0 2 
0 0 0 0 1 0 0 1 0 0 1 1 0 2 1 3 1 2 

# Size = 28 | Time = 31 ms
0 0 0 1 1 1 0 0 0 1 0 0 0 2 0 3 3 3 
0 0 1 0 1 1 0 0 0 0 1 1 0 3 2 0 2 2 
0 0 1 0 0 1 1 0 0 0 1 1 1 2 1 0 1 1 
0 0 1 1 1 0 1 0 1 0 0 1 0 0 2 0 2 3 
0 1 0 1 1 1 1 0 1 1 0 0 0 1 2 2 0 3 
0 0 1 0 1 1 0 1 1 1 1 0 1 3 2 0 3 0 
0 1 0 0 0 0 1 0 0 1 1 1 0 3 3 0 1 3 
0 1 0 0 0 0 0 1 1 1 1 0 0 0 1 3 2 2 
0 1 1 1 1 0 1 1 0 1 0 1 0 0 1 1 0 2 
0 1 0 0 0 0 0 1 0 0 0 1 0 1 0 0 2 0 
0 0 1 0 1 0 0 0 1 0 1 0 0 1 1 1 1 3 
1 0 0 1 1 0 1 1 1 1 1 0 1 0 0 0 1 3 
0 0 0 1 1 1 0 1 1 1 0 0 0 3 1 1 0 1 
0 0 1 0 0 0 0 1 0 0 0 0 0 0 3 2 1 1 
1 0 0 0 0 0 1 0 0 0 0 1 0 2 0 0 1 0 
0 1 1 1 1 1 0 1 1 0 0 1 0 2 3 1 2 0 
0 1 1 0 0 0 1 0 0 0 0 1 1 1 3 0 3 2 
0 0 1 0 0 1 1 1 1 0 1 0 0 2 0 1 1 2 
0 1 0 0 0 1 0 0 0 1 0 1 0 0 1 2 3 0 
0 1 0 0 0 1 1 1 1 0 1 1 0 2 0 2 0 2 
0 1 1 0 0 0 1 1 0 0 0 1 0 1 3 3 0 0 
1 0 0 1 1 1 0 0 0 1 1 1 1 3 0 0 0 1 
1 0 0 0 1 1 1 1 0 1 0 1 1 3 0 0 2 1 
0 0 1 1 1 1 0 0 1 0 1 0 0 3 2 2 2 2 
1 0 0 1 1 0 0 1 0 1 0 1 0 3 0 0 3 2 
0 1 0 0 0 1 0 1 0 0 1 1 0 3 2 3 1 1 
0 0 0 0 0 0 1 1 0 1 1 1 0 2 2 1 3 1 
0 0 0 0 0 0 1 1 1 1 1 0 1 1 0 0 2 1 

