# Size = 18 | Time = 161 ms
0 1 1 1 0 0 1 1 1 0 1 1 1 0 0 1 1 1 0 1 2 0 1 1 0 1 1 1 0 0 0 0 0 1 1 0 1 1 0 1 0 0 1 0 0 1 1 0 0 0 0 0 
0 1 0 0 0 0 0 0 1 1 0 0 0 0 1 0 0 0 0 1 1 1 1 0 1 1 0 1 0 1 0 0 1 1 1 1 0 0 1 1 1 1 1 1 1 0 1 0 1 0 1 1 
1 0 0 1 1 1 1 0 1 1 0 1 1 0 0 0 0 0 1 1 0 0 0 1 0 0 0 0 2 0 1 1 0 0 0 0 0 0 0 1 0 1 1 0 0 1 0 0 0 1 0 1 
0 0 1 0 2 0 0 0 1 0 1 1 1 1 1 1 0 1 0 0 3 0 1 0 0 0 0 0 1 1 1 0 1 1 1 1 0 1 0 1 0 1 0 1 0 0 1 0 1 0 1 1 
0 0 1 0 0 0 0 1 0 0 1 0 1 1 1 0 1 1 1 0 0 1 1 0 1 0 1 1 0 1 0 1 1 0 1 1 0 0 1 1 1 0 0 0 0 1 0 1 0 0 1 1 
1 0 0 1 2 1 1 0 0 0 1 1 0 0 1 0 0 1 0 0 1 0 1 0 0 1 1 1 2 1 1 0 0 1 1 0 1 1 0 0 0 0 0 1 0 1 1 1 0 0 0 1 
1 0 1 0 2 1 0 1 0 1 1 0 1 1 1 1 0 0 1 0 2 1 0 0 0 1 0 1 3 1 1 0 0 1 0 1 0 0 1 1 1 1 0 1 1 0 1 0 1 1 0 1 
0 1 1 0 1 1 1 1 1 0 0 0 1 1 0 1 1 1 1 0 1 1 0 0 1 0 0 0 2 0 0 1 1 1 1 1 1 1 1 0 1 1 0 1 1 0 1 0 1 0 1 1 
0 0 1 0 1 0 0 0 1 0 1 1 0 0 0 1 0 1 0 0 1 1 1 1 1 1 0 0 3 0 1 0 1 0 0 0 1 1 0 0 1 1 1 0 0 1 1 1 0 1 0 0 
1 1 0 1 1 0 1 1 0 1 0 0 0 0 0 0 1 0 1 1 2 1 0 1 1 0 1 1 1 0 0 1 0 0 0 0 1 0 1 0 1 0 1 1 1 1 0 1 0 0 0 0 
1 1 0 1 0 1 0 0 0 0 0 0 0 1 1 1 1 0 0 1 0 0 0 1 1 1 1 0 1 0 1 0 1 0 0 1 1 1 0 0 0 1 1 1 1 0 1 0 1 1 1 1 
1 1 0 1 2 1 0 0 1 1 0 1 0 1 1 0 1 1 0 1 0 0 1 0 1 1 0 0 3 0 0 1 0 1 1 1 0 1 1 0 0 0 1 1 1 1 0 0 1 0 1 0 
1 1 0 1 0 0 0 1 0 1 0 0 0 0 0 0 1 0 1 1 3 0 0 1 1 1 1 0 2 0 0 1 0 0 0 0 1 0 1 0 1 0 1 1 1 1 0 1 0 1 0 0 
1 1 0 1 1 1 0 0 0 0 1 0 0 1 1 0 1 1 0 1 1 0 1 0 0 1 1 0 1 1 1 0 1 1 1 0 1 1 1 0 1 0 1 0 0 0 0 1 0 1 0 1 
1 0 0 0 2 1 0 0 1 1 1 1 1 0 0 0 0 1 1 1 2 1 0 1 1 0 1 0 0 1 1 1 1 0 0 0 0 1 0 0 0 0 0 0 0 1 1 0 1 1 1 0 
1 0 1 0 0 0 1 0 0 0 1 1 0 0 0 1 0 1 0 0 2 0 1 1 0 1 1 1 2 0 1 0 1 1 1 1 0 1 0 1 1 0 1 1 0 1 1 1 0 0 1 0 
1 1 0 1 0 1 1 1 1 0 1 0 1 1 0 0 0 0 1 0 3 1 0 1 0 0 1 1 3 0 1 0 1 0 0 1 0 0 1 0 0 1 1 0 0 0 1 1 0 1 0 1 
0 1 0 0 1 0 0 1 0 0 1 0 0 1 1 0 0 0 1 0 3 1 0 1 0 1 0 0 0 0 1 0 0 0 0 0 0 0 1 0 1 0 0 1 1 1 0 1 0 0 0 1 

# Size = 19 | Time = 144 ms
1 0 1 1 1 0 0 0 0 1 0 0 1 0 0 0 0 1 1 0 3 0 0 0 0 1 0 1 1 1 1 1 0 0 0 0 0 1 0 1 1 0 1 1 1 1 1 1 0 0 0 0 
1 1 1 0 2 0 1 1 0 1 1 1 0 0 1 0 0 0 0 1 3 0 1 1 0 0 1 0 3 1 0 0 0 1 0 0 0 1 0 0 1 0 0 1 0 1 0 1 0 0 1 1 
0 0 1 0 2 1 0 0 1 1 0 1 0 0 0 0 1 0 1 0 2 0 1 1 1 1 0 0 2 1 1 0 0 1 1 0 0 1 1 0 0 1 1 1 0 1 0 1 0 1 0 0 
1 1 0 1 0 0 1 1 0 0 0 1 1 0 1 1 0 0 0 1 0 0 1 0 1 1 1 1 1 1 0 1 1 1 1 1 1 0 0 1 0 0 0 1 1 0 1 0 1 0 1 1 
1 0 1 0 0 0 1 1 1 1 1 0 0 1 1 1 0 1 1 0 2 1 0 0 1 1 0 1 0 1 1 1 0 0 0 0 1 0 0 1 1 0 0 1 0 1 1 1 0 0 1 0 
0 1 1 1 1 1 0 1 1 1 1 0 0 1 1 0 1 1 1 1 3 0 0 0 1 0 0 0 3 1 1 1 1 1 1 1 0 0 0 0 0 0 1 0 0 0 1 0 1 1 0 1 
1 1 0 1 1 0 1 1 0 1 0 0 1 1 0 0 1 0 0 0 0 1 1 1 1 0 0 0 2 1 1 1 1 0 0 1 0 1 1 1 1 1 0 1 0 1 0 0 0 1 0 0 
0 0 1 1 0 1 0 1 1 0 0 0 1 1 0 1 0 0 1 1 3 1 0 0 1 1 0 1 2 0 0 1 1 0 0 0 1 1 0 1 0 0 0 1 0 0 1 0 0 1 1 1 
0 0 0 1 2 1 0 0 0 0 0 1 0 1 0 1 1 1 1 0 0 1 0 1 0 0 1 0 3 0 0 0 0 0 1 1 1 0 1 0 1 0 0 0 0 0 1 0 1 0 1 1 
1 0 0 1 0 1 1 0 1 0 1 0 1 0 1 0 0 1 0 1 2 0 0 0 0 0 1 0 2 0 0 0 1 0 0 0 0 0 1 0 1 1 1 0 0 0 1 0 1 0 0 1 
0 1 0 0 1 1 1 0 1 0 0 1 1 1 1 0 1 0 0 1 1 0 0 0 0 0 1 1 0 0 0 0 1 1 1 1 1 1 0 0 0 0 1 1 0 0 1 0 1 1 1 1 
1 0 0 1 0 0 0 1 0 0 1 0 0 1 0 1 0 1 1 1 1 1 1 1 1 0 1 1 2 0 1 0 1 0 0 0 0 0 1 1 1 1 0 1 1 1 1 1 0 0 0 0 
0 1 1 0 2 1 0 1 1 1 1 0 0 1 0 0 1 1 0 0 0 1 1 0 0 0 0 0 1 0 0 0 1 1 0 0 1 1 1 0 0 1 1 0 0 1 0 1 0 1 1 0 
0 1 0 1 2 0 0 0 0 0 0 1 0 0 0 0 1 1 0 1 3 1 1 1 1 1 1 0 0 0 0 1 1 1 1 0 1 0 1 0 1 1 1 1 1 0 0 1 0 1 0 1 
1 1 1 0 2 0 1 1 1 1 1 0 1 0 1 0 1 0 0 0 1 0 0 0 1 1 0 0 3 1 0 1 0 0 0 0 0 1 0 1 1 1 0 0 0 1 0 0 1 0 1 0 
0 1 0 0 1 1 0 1 0 0 0 0 1 0 0 1 0 0 1 1 2 1 1 1 0 0 1 0 1 1 1 0 1 0 1 1 1 1 0 0 1 1 1 1 1 0 1 1 0 0 1 1 
1 0 1 1 2 0 1 0 1 1 0 0 1 1 0 0 0 0 1 1 1 0 0 1 0 1 1 1 1 1 0 1 0 0 1 0 1 1 0 0 0 0 1 0 0 0 0 0 0 1 0 1 
0 0 1 1 0 0 0 1 1 1 0 0 1 1 0 0 1 0 0 0 0 1 0 1 1 1 1 0 0 0 0 0 0 1 1 1 0 0 1 1 0 0 0 0 0 0 0 0 1 1 0 1 
0 0 1 0 0 0 0 0 1 1 0 1 1 0 1 0 0 0 1 1 2 1 1 1 1 0 1 1 3 1 1 0 0 0 0 0 0 0 0 0 1 0 1 1 1 0 0 0 0 1 0 1 

# Size = 19 | Time = 153 ms
0 1 1 1 1 0 1 0 1 1 1 0 1 1 0 0 1 1 0 0 2 0 1 1 0 1 0 1 0 0 1 0 1 1 0 1 0 0 1 0 0 0 1 1 0 1 1 0 1 0 0 0 
1 0 0 1 2 0 0 0 0 0 0 1 1 1 1 1 0 0 0 0 1 1 1 0 1 1 0 0 1 1 0 1 1 1 1 1 0 1 0 0 1 1 1 1 0 1 1 0 0 0 0 0 
1 1 0 1 0 1 1 0 1 1 0 1 1 0 1 0 1 0 0 1 1 1 1 1 1 0 1 1 2 0 1 0 1 1 0 1 0 0 1 0 1 0 0 1 1 0 1 1 0 1 1 1 
1 1 1 0 1 1 1 1 0 0 1 0 1 1 0 0 1 1 1 1 0 1 1 1 0 1 0 0 1 0 0 0 0 0 1 1 1 1 1 0 1 1 1 1 0 1 0 1 0 1 1 1 
1 1 0 1 0 1 1 1 0 0 0 0 0 0 1 1 0 0 1 0 2 0 1 0 0 1 0 1 3 0 1 1 0 1 0 0 0 1 0 1 0 1 1 1 1 1 1 0 0 0 1 1 
0 1 0 0 2 1 0 1 0 1 1 1 0 1 0 0 1 1 0 1 2 0 0 1 0 1 0 0 2 0 1 0 1 1 1 1 0 0 1 0 1 1 0 0 0 1 1 0 0 0 0 0 
0 0 1 0 0 1 0 0 1 1 0 1 0 0 1 1 0 0 1 0 0 0 0 0 1 0 1 1 2 1 0 1 0 0 0 0 1 1 0 1 0 0 1 0 0 0 1 0 1 1 1 1 
1 0 1 1 2 0 1 1 1 0 0 1 1 0 0 0 1 0 1 1 3 1 0 1 1 0 1 0 3 1 0 0 1 0 0 0 1 0 1 1 0 0 0 1 1 0 0 0 0 1 0 1 
0 0 0 0 1 0 0 0 0 1 1 0 1 1 0 1 1 1 0 1 2 1 0 1 1 1 1 0 3 1 0 0 0 0 1 0 0 0 1 0 1 0 0 0 0 0 1 1 0 0 0 1 
0 1 0 0 1 1 0 1 0 0 1 1 0 0 0 1 0 1 1 0 3 0 0 0 1 0 0 1 0 1 0 1 0 1 1 0 1 1 1 0 1 1 0 1 1 0 1 1 0 0 1 1 
0 0 0 1 2 1 0 0 1 1 1 0 0 0 1 0 1 1 0 1 3 0 1 0 0 1 1 1 1 1 1 1 0 0 1 1 1 0 0 1 0 1 0 0 0 1 0 0 1 1 1 0 
0 1 1 0 1 0 0 1 0 0 0 0 0 1 0 0 0 1 1 1 1 0 0 1 0 0 0 0 2 0 0 0 0 0 0 0 0 0 0 1 0 1 1 0 0 1 0 1 0 0 1 0 
1 0 0 1 2 0 1 0 0 1 1 1 0 1 1 0 1 0 0 0 0 1 1 0 0 1 1 0 0 0 1 0 1 1 0 1 0 0 0 1 1 0 0 1 1 1 0 1 0 0 0 0 
1 0 1 0 0 0 1 1 0 0 1 1 0 1 0 0 0 1 1 1 3 1 1 1 1 0 0 0 0 0 0 1 1 0 1 1 0 1 0 0 1 1 1 0 0 1 0 0 1 1 0 0 
0 0 0 0 1 1 0 1 0 0 1 0 0 0 1 0 0 0 1 0 0 0 1 1 1 1 1 0 3 1 1 1 1 1 1 1 1 1 1 0 0 1 1 1 1 1 0 0 1 0 0 0 
1 1 1 1 0 1 0 1 1 0 1 0 1 1 1 0 1 1 0 1 2 0 0 0 0 0 1 0 1 1 1 0 0 0 0 0 1 0 1 1 0 0 1 1 1 0 0 0 0 1 0 1 
0 0 1 1 1 0 0 1 1 1 1 0 1 0 1 0 0 0 0 0 1 1 1 0 0 1 1 0 3 1 0 0 1 0 1 0 1 1 0 0 0 1 1 0 0 0 0 0 1 1 0 1 
0 1 1 1 0 0 1 0 0 1 0 1 1 0 0 1 0 1 1 0 3 0 1 1 1 1 1 1 2 0 0 0 1 0 1 0 1 0 0 0 1 0 0 0 0 0 1 0 1 1 0 1 
1 0 0 0 0 0 0 0 0 1 0 1 1 1 1 1 0 1 0 0 1 1 1 0 0 0 1 1 0 0 0 0 1 1 0 0 1 0 0 0 0 1 1 1 1 1 1 0 1 1 0 0 

# Size = 20 | Time = 173 ms
1 1 1 1 0 1 1 1 0 0 0 0 0 0 0 0 1 1 0 1 0 1 0 0 0 1 0 1 2 0 0 0 1 0 0 0 1 1 1 1 1 0 0 1 1 1 0 0 0 1 0 1 
0 1 0 0 1 1 1 0 0 1 1 0 0 0 1 0 1 0 0 0 2 0 1 0 0 0 1 1 3 0 1 1 1 0 0 1 1 0 1 1 1 0 1 0 0 1 1 0 1 0 1 1 
1 1 0 0 2 0 1 0 0 0 0 0 0 1 1 1 1 0 0 1 1 0 1 1 0 1 0 0 0 1 0 1 0 0 1 0 0 1 1 1 1 1 0 1 0 1 1 1 0 0 0 0 
1 0 1 0 2 1 1 1 1 0 0 1 1 0 1 1 1 1 1 1 2 1 0 0 0 0 1 0 3 0 0 0 0 0 1 1 1 1 1 0 0 0 1 1 1 1 1 1 0 1 0 1 
0 0 0 0 2 1 1 0 0 0 0 1 1 1 0 0 0 0 0 1 0 0 1 0 0 1 0 0 1 1 0 0 0 0 0 0 1 0 0 1 1 1 0 0 0 1 1 0 1 0 0 1 
0 1 0 0 0 0 0 1 0 1 0 1 1 0 1 1 1 1 1 1 0 0 1 1 0 0 0 1 3 1 0 1 0 0 0 0 0 1 1 0 0 1 0 1 0 1 1 0 0 0 1 1 
0 1 1 1 1 0 0 1 1 1 1 0 1 0 1 1 1 1 1 0 1 1 0 1 1 1 1 1 1 1 1 0 1 0 0 1 0 1 0 0 1 0 1 1 1 1 1 1 0 1 0 0 
1 0 0 1 0 1 0 0 0 0 0 1 1 1 0 0 0 0 1 1 3 1 0 1 1 0 1 0 0 0 1 0 0 1 1 1 1 0 0 0 1 0 1 1 1 0 0 1 0 1 0 1 
0 0 0 1 0 0 0 0 1 0 1 0 0 1 0 1 1 1 1 0 2 1 1 1 1 0 0 0 1 0 1 1 1 1 0 1 0 0 0 0 0 1 1 0 0 0 1 1 0 0 1 1 
0 0 1 0 2 0 0 0 1 1 1 0 1 1 1 0 0 1 1 0 0 1 1 1 1 0 1 0 2 1 1 0 1 1 1 1 1 0 0 0 0 1 1 1 1 1 0 0 1 0 1 0 
1 1 1 1 2 0 1 1 1 1 1 0 0 1 0 1 0 1 0 1 3 0 0 0 1 1 0 1 3 1 0 1 1 1 0 0 0 1 0 0 0 1 0 0 0 0 1 0 1 0 1 1 
0 0 1 0 1 0 0 1 1 0 0 1 0 1 1 1 1 0 1 0 3 0 1 0 0 0 0 0 2 1 1 1 1 0 1 0 1 0 0 1 0 1 1 1 1 1 1 1 0 1 0 0 
0 0 1 0 0 1 0 1 1 0 0 1 0 0 0 0 0 1 0 0 1 0 0 0 0 0 1 1 0 0 1 1 1 1 0 1 1 0 1 1 0 0 0 0 0 1 0 0 1 1 1 0 
0 1 0 1 1 1 1 0 0 0 1 1 1 0 0 0 0 1 1 0 2 1 0 1 0 1 1 0 2 1 1 0 0 1 1 0 0 0 0 1 1 0 0 0 0 1 0 1 0 0 1 0 
1 0 1 1 1 0 1 1 0 1 1 0 0 0 0 0 1 0 1 0 3 0 0 0 1 0 0 1 1 0 0 0 0 1 1 1 0 1 1 1 1 0 0 1 0 0 0 1 0 1 0 1 
1 1 0 1 2 0 0 0 0 0 0 0 0 0 1 0 0 1 1 0 1 1 0 1 0 0 1 1 3 1 1 1 1 1 1 1 1 1 1 0 1 0 1 0 0 0 0 0 0 0 0 1 
1 1 0 0 1 1 0 1 1 1 1 1 1 1 1 0 0 0 1 1 0 1 0 1 0 0 1 1 0 0 1 1 1 0 0 0 0 0 0 1 1 0 0 0 0 0 0 1 0 1 0 1 
0 1 1 0 2 0 1 1 1 1 0 1 1 1 1 0 1 0 1 1 0 0 1 1 1 0 0 0 3 0 1 1 1 0 1 0 1 1 1 1 0 0 1 0 0 1 1 1 0 0 0 0 
0 0 0 0 1 1 0 1 0 0 1 0 0 0 0 1 1 0 0 0 2 1 0 0 0 1 0 0 0 0 0 1 0 0 0 1 0 1 1 1 0 1 1 1 1 0 1 0 0 1 0 1 
1 0 0 0 2 1 0 1 1 1 0 1 1 1 1 0 0 1 0 0 1 1 0 0 1 1 1 1 2 1 0 0 1 0 0 1 1 0 1 0 0 1 0 1 1 0 0 0 0 1 1 1 

# Size = 18 | Time = 165 ms
1 0 0 1 0 1 1 0 1 1 0 1 1 1 1 1 1 0 1 0 0 1 0 0 0 1 0 1 0 1 1 0 1 1 0 1 0 0 1 1 0 1 1 1 1 0 1 1 0 0 1 1 
1 1 0 0 0 0 0 1 1 1 1 0 1 0 0 0 1 1 0 1 2 0 0 0 0 1 1 1 2 1 1 0 1 0 0 0 1 1 1 1 1 1 0 1 1 0 0 1 0 0 1 1 
0 0 0 1 1 0 1 0 1 1 0 1 0 1 1 0 0 0 1 1 2 1 0 1 1 0 0 0 3 1 1 0 1 1 1 0 0 0 1 1 1 0 1 1 0 0 1 1 0 1 0 1 
0 1 0 1 1 1 1 1 1 0 0 0 0 0 0 1 1 0 1 1 0 0 1 1 1 0 0 0 2 0 0 1 1 1 1 1 0 0 1 0 1 1 0 1 1 1 1 0 0 1 0 1 
1 1 1 1 0 1 1 1 0 1 1 0 1 0 0 0 0 1 1 0 3 1 0 1 0 1 1 0 0 0 0 0 0 0 0 0 1 1 0 0 1 0 0 1 1 1 0 1 0 1 0 0 
1 0 1 0 1 0 0 1 0 0 1 0 0 1 0 0 0 1 0 0 0 1 1 0 0 0 0 0 3 0 1 1 0 1 1 1 1 0 0 0 0 0 0 0 0 1 0 0 1 0 1 1 
0 0 0 0 0 0 0 0 0 0 0 1 0 0 0 1 1 1 0 1 3 0 1 1 1 0 1 1 1 1 0 0 0 1 1 1 0 1 0 0 0 0 1 0 0 0 1 1 0 0 1 1 
0 0 0 0 1 1 1 0 0 0 1 1 0 1 1 0 0 0 0 1 2 0 1 0 1 0 1 1 0 1 0 0 0 0 0 1 1 1 1 0 0 1 1 0 0 1 0 0 1 1 0 0 
0 0 1 0 2 1 0 0 0 1 0 0 1 0 1 1 0 1 1 1 1 1 1 1 1 0 0 0 2 1 0 0 0 1 1 1 0 1 0 1 1 0 1 1 1 1 1 0 1 1 1 1 
1 1 1 1 2 0 1 0 1 1 0 0 0 1 1 0 0 0 1 0 2 1 0 0 0 1 0 0 1 0 1 1 1 0 0 0 0 0 1 1 1 1 0 1 1 1 0 0 0 1 0 0 
0 1 0 1 0 1 1 1 1 0 1 1 1 0 0 0 1 0 1 0 1 0 0 0 0 1 1 1 3 0 1 1 1 0 0 0 0 0 1 0 1 1 0 0 0 0 0 1 0 0 0 1 
0 1 1 1 1 0 0 1 0 1 0 1 1 1 1 1 1 0 0 0 3 0 0 0 1 1 0 1 2 1 1 1 1 0 1 0 1 0 1 1 0 1 1 0 0 1 1 0 1 0 1 0 
1 0 0 0 1 1 0 1 1 0 1 1 1 1 1 1 1 0 0 1 1 0 1 1 1 1 1 1 1 0 0 1 0 1 0 0 1 0 0 1 0 0 1 1 0 1 1 0 1 0 1 0 
0 1 0 0 2 0 0 1 0 0 1 1 1 0 0 1 1 1 0 0 0 0 1 1 0 1 1 1 0 0 1 1 1 0 1 0 1 1 1 0 0 0 0 0 0 1 1 1 0 0 0 0 
0 0 1 1 2 1 0 0 0 1 0 0 1 1 0 1 1 0 1 1 0 1 0 1 1 0 1 1 1 1 0 0 0 0 1 0 1 0 0 1 0 1 1 1 0 0 1 0 1 1 0 1 
0 1 1 0 2 0 0 1 1 1 1 1 1 1 0 1 0 0 1 0 3 1 1 0 1 1 1 0 3 1 0 0 0 1 0 0 1 1 0 1 0 1 1 1 1 1 1 1 0 0 1 0 
1 1 0 0 0 0 1 1 0 1 0 0 0 0 0 1 1 0 0 0 1 1 1 0 0 0 0 0 0 0 1 0 1 1 1 0 0 1 1 1 0 1 1 1 0 1 1 0 1 0 1 0 
0 1 0 1 1 0 1 0 1 1 0 1 1 0 1 1 1 1 1 1 2 0 1 1 0 1 0 0 1 0 0 1 1 1 0 0 0 0 0 1 1 0 0 0 0 0 1 0 1 1 0 1 

# Size = 21 | Time = 268 ms
0 0 0 1 1 1 0 1 1 0 0 0 0 0 1 1 0 0 1 0 3 1 1 0 1 0 1 1 2 0 0 1 1 0 0 1 0 1 0 1 0 0 0 1 1 1 1 1 0 0 1 0 
1 1 1 0 2 0 1 0 0 1 1 1 1 1 0 0 1 1 0 1 1 0 0 1 0 1 0 0 0 1 1 0 0 1 1 0 1 0 1 0 1 1 1 0 0 0 0 0 1 1 0 1 
0 1 1 1 1 0 1 1 0 1 0 1 0 0 1 0 0 0 1 1 0 0 0 0 1 1 0 0 1 0 0 1 0 1 0 1 0 1 1 0 0 1 1 0 0 0 0 1 0 0 0 1 
1 1 0 1 0 0 0 1 1 1 1 0 0 1 1 0 0 1 1 1 2 1 1 0 1 0 1 1 0 0 0 1 1 0 0 0 0 0 1 0 0 1 0 1 0 1 0 0 0 0 1 0 
0 0 1 1 1 1 1 0 0 0 1 1 1 1 0 1 0 1 1 0 0 1 1 1 0 0 1 1 1 1 0 0 1 0 0 1 0 0 1 0 1 0 0 1 0 1 1 0 1 1 0 1 
1 1 1 1 1 0 1 1 1 1 1 0 0 0 0 0 1 1 0 1 3 1 1 1 0 0 0 0 3 1 1 1 0 0 1 0 1 0 1 1 1 1 1 0 0 0 1 1 0 0 1 1 
1 1 0 1 2 0 0 0 0 0 0 0 1 1 0 0 1 0 1 1 2 0 0 1 0 1 0 1 1 0 0 1 1 0 1 1 1 0 0 0 1 0 1 0 0 1 1 1 0 0 1 0 
0 0 0 0 1 1 1 0 1 1 0 1 1 0 1 1 0 1 0 0 1 1 1 1 0 0 1 0 1 1 1 1 1 1 0 0 0 0 1 0 1 0 1 1 0 1 1 0 0 1 0 1 
1 0 1 0 1 1 1 0 0 0 1 0 1 0 0 0 0 1 1 0 0 0 0 0 0 1 1 1 0 1 0 0 1 0 1 0 0 0 0 0 1 0 0 1 1 0 1 1 0 0 1 1 
0 1 1 1 1 0 0 1 1 0 0 1 0 1 0 1 1 1 1 0 3 1 0 1 1 0 0 0 0 0 1 0 1 0 0 0 1 1 1 0 0 1 1 0 0 1 1 0 0 0 1 1 
1 0 0 0 0 1 0 0 0 0 0 1 1 0 0 1 1 0 0 0 2 1 0 0 1 1 1 0 3 1 1 0 0 1 1 1 0 1 0 1 0 0 0 0 0 0 1 0 1 1 0 1 
0 0 1 0 0 0 1 0 1 1 0 1 1 1 1 0 1 0 0 1 3 0 1 1 0 1 0 0 1 0 0 0 0 1 1 0 1 1 1 1 1 1 1 1 1 1 0 1 0 1 0 0 
0 1 0 0 2 1 0 1 1 1 1 0 0 1 1 1 0 0 0 0 0 1 1 0 1 0 1 1 3 1 1 1 0 1 0 0 1 1 0 1 0 1 0 1 1 1 1 0 1 1 1 0 
1 1 1 0 2 0 1 0 0 1 1 0 1 1 0 0 1 1 0 1 0 0 0 1 0 1 0 0 2 1 1 0 0 1 1 0 1 0 1 0 1 1 1 0 0 0 0 0 1 1 0 1 
0 0 1 1 0 1 1 0 1 0 0 1 0 0 0 0 1 0 1 0 2 1 0 1 0 1 0 0 2 1 1 1 1 0 0 1 1 0 0 1 0 1 0 1 1 0 0 1 0 1 0 1 
1 1 1 1 0 1 0 1 1 0 1 0 1 0 0 1 1 0 1 1 1 0 1 0 1 0 0 1 0 0 0 1 0 0 0 1 1 1 0 1 0 1 0 1 1 1 1 0 1 0 1 0 
1 1 1 0 0 1 1 0 1 1 1 1 1 1 0 0 1 1 1 0 0 0 0 1 1 1 1 1 3 0 0 1 1 1 0 1 1 0 0 0 1 0 0 0 0 1 0 0 0 1 1 0 
1 0 1 0 2 1 0 0 0 0 0 0 0 0 1 1 0 1 0 0 1 1 0 0 1 0 0 1 2 1 0 0 1 1 0 0 0 0 0 0 0 1 1 0 0 0 1 1 0 1 0 1 
1 1 1 0 2 0 1 1 0 1 0 1 1 0 1 1 1 0 0 1 3 1 1 0 1 1 1 1 1 0 1 1 0 0 1 0 0 1 1 1 1 0 0 0 0 1 1 0 1 0 1 0 
1 1 0 1 1 1 0 0 0 0 1 0 0 0 1 0 1 0 1 1 2 1 1 1 1 0 0 0 1 1 0 0 1 1 0 0 1 1 1 1 0 1 0 0 0 0 0 0 0 0 0 1 
0 1 1 0 0 0 0 0 1 0 1 1 1 1 1 1 0 1 0 1 1 0 1 0 1 1 0 0 3 1 1 0 0 1 0 1 1 0 1 1 0 1 0 0 0 0 1 1 0 0 0 1 

# Size = 20 | Time = 185 ms
1 0 1 0 1 1 1 1 0 0 0 1 1 1 1 0 1 0 0 0 1 0 0 0 1 0 1 0 2 1 1 0 0 1 1 1 1 1 1 1 0 1 0 1 0 0 0 0 0 1 1 1 
0 1 0 1 2 1 0 1 1 0 1 1 0 1 1 1 0 1 1 1 0 1 0 1 1 1 1 0 3 0 0 0 0 0 1 1 1 1 1 0 0 1 0 1 1 1 1 0 0 0 0 1 
1 1 1 1 2 1 1 1 0 0 1 0 1 0 1 0 1 0 0 0 3 0 1 0 0 0 1 0 0 0 1 0 0 1 0 0 1 0 1 0 0 1 1 1 1 1 0 0 1 0 0 1 
0 1 0 0 0 0 0 0 0 1 1 0 0 0 1 1 1 0 0 1 1 1 1 1 0 0 1 1 2 0 0 0 0 1 1 0 0 0 0 0 1 1 0 1 0 1 1 1 0 0 1 0 
1 1 1 1 0 0 1 1 0 0 0 0 1 0 0 1 0 0 1 0 0 0 1 1 1 0 0 1 1 1 0 0 0 1 1 1 0 1 1 1 0 0 1 1 0 0 1 0 1 0 1 1 
1 0 0 1 1 1 0 0 0 0 1 0 1 1 0 1 1 0 1 0 2 0 0 1 1 0 1 1 3 1 0 0 1 1 1 0 0 1 1 0 0 1 0 1 1 0 1 1 0 0 1 1 
1 0 0 1 1 0 1 1 1 1 0 1 1 0 0 0 1 1 1 0 1 1 0 1 1 1 1 1 0 1 0 1 1 0 1 0 1 1 0 1 0 0 0 0 0 1 0 0 0 0 0 1 
1 0 0 0 2 1 0 0 1 1 1 1 1 1 0 1 1 1 1 0 3 1 1 0 1 1 1 1 3 1 1 1 1 1 0 0 0 0 1 1 1 0 1 1 1 1 1 0 0 0 1 1 
0 0 1 0 0 0 0 0 1 1 0 0 0 1 0 1 0 1 0 1 2 0 1 0 0 1 0 0 0 1 1 1 1 0 0 1 0 1 0 1 1 0 0 0 0 1 1 1 0 1 0 0 
1 0 0 1 2 1 0 0 1 1 0 1 0 0 1 0 1 0 1 1 3 1 0 1 0 1 0 0 1 0 1 1 0 0 0 1 1 0 0 0 1 1 0 0 0 1 0 1 0 1 0 0 
0 1 0 0 1 0 0 1 1 0 0 1 0 0 0 0 0 1 0 1 3 0 1 0 0 0 0 0 2 0 0 1 1 0 0 0 0 0 0 1 1 0 1 1 1 1 1 0 1 1 0 0 
0 1 1 0 0 1 1 0 1 0 0 1 0 0 1 0 1 1 0 0 0 1 0 0 1 0 0 1 3 0 1 0 1 1 0 0 1 1 0 0 0 0 1 0 0 1 0 1 0 1 1 0 
0 0 0 0 1 1 1 0 0 1 1 0 0 1 0 0 1 1 0 1 0 1 0 1 0 1 1 1 0 0 1 1 0 0 0 0 0 0 0 0 1 1 0 0 0 0 1 0 1 1 1 1 
0 1 1 0 1 1 1 0 0 0 1 1 1 1 1 0 0 1 0 1 1 1 1 0 0 0 0 0 1 0 1 0 1 0 0 0 0 1 1 1 0 1 1 1 1 1 0 0 1 0 1 0 
1 1 1 0 2 0 1 1 1 1 0 1 1 0 1 0 0 1 0 1 2 1 0 1 0 1 0 0 3 0 1 0 0 1 1 1 1 0 0 1 1 0 1 0 0 0 0 0 1 0 1 1 
1 0 0 1 2 0 0 1 0 0 1 1 1 0 1 1 0 0 1 1 1 0 1 0 1 0 1 0 3 0 0 1 0 1 0 1 1 1 1 1 0 0 1 1 0 0 1 1 0 1 0 1 
1 0 0 1 0 0 0 0 1 1 1 0 0 1 0 0 0 1 1 1 3 1 0 0 1 1 0 0 2 0 0 0 0 0 1 1 0 1 0 0 0 1 1 1 1 0 1 0 0 0 0 1 
0 0 1 1 2 1 1 0 0 1 0 1 0 0 1 1 0 1 1 1 0 1 1 1 0 0 1 0 2 1 0 0 0 1 1 0 0 1 1 0 1 1 0 0 0 0 1 0 0 1 1 1 
0 0 0 0 1 0 1 1 0 1 1 1 0 1 0 0 1 1 0 1 2 1 1 1 1 1 1 1 1 1 1 1 0 0 1 1 0 0 0 0 1 0 1 1 0 1 0 0 0 1 0 1 
0 1 0 0 0 0 0 0 1 1 0 1 0 1 1 1 0 1 0 0 2 0 0 1 0 1 1 0 2 1 1 0 0 1 1 0 0 1 1 0 1 1 0 1 1 1 1 0 0 0 1 1 

# Size = 18 | Time = 164 ms
1 0 0 0 1 0 1 1 0 1 0 0 1 0 1 0 0 1 0 0 1 0 1 1 1 1 1 0 3 0 1 1 0 0 1 1 0 0 0 1 1 0 0 0 0 0 1 0 1 1 0 1 
1 1 1 0 0 0 0 1 1 1 0 0 0 0 0 0 0 0 0 0 2 0 0 0 1 1 1 1 2 0 1 1 0 0 0 1 0 0 0 1 1 1 1 0 0 1 1 0 0 0 1 0 
0 1 0 1 1 1 0 1 1 0 0 1 1 1 1 0 0 1 0 0 3 1 0 0 0 1 0 0 1 1 1 1 1 1 1 0 0 1 0 0 0 0 0 1 0 0 0 1 0 1 0 1 
1 0 0 1 0 1 1 0 0 1 1 1 0 0 1 1 0 1 0 0 0 1 1 1 1 0 0 1 3 1 1 0 0 1 1 1 1 0 0 1 1 0 0 1 0 1 1 1 0 0 0 0 
1 1 0 1 1 0 1 0 1 0 0 1 0 0 0 0 0 1 1 1 2 1 1 0 1 0 0 1 0 1 1 0 0 0 1 0 0 1 1 0 1 0 1 0 0 1 1 0 0 1 0 0 
0 0 1 1 2 0 1 1 1 1 1 0 1 1 1 1 1 1 0 0 1 0 1 1 0 0 0 0 1 1 1 0 1 1 1 0 0 0 1 1 0 1 1 1 1 1 1 0 0 1 0 0 
0 1 0 0 2 1 1 0 0 1 1 1 0 1 1 0 1 0 1 1 2 0 0 0 0 0 1 0 3 1 0 0 0 1 0 0 1 1 0 0 1 1 0 1 1 0 0 0 1 0 1 1 
0 1 1 1 0 0 0 1 0 1 0 0 1 1 0 0 1 0 1 1 0 1 0 1 1 1 1 0 0 0 0 1 0 0 0 0 1 0 0 1 0 1 1 0 0 0 0 1 0 1 0 1 
1 1 1 1 0 1 1 0 0 1 1 0 0 1 0 1 1 0 1 1 3 1 1 1 1 1 1 1 1 0 0 0 0 0 0 1 1 0 1 1 1 1 1 0 0 1 1 0 1 1 1 0 
0 0 0 1 2 1 1 0 0 0 1 1 1 1 0 0 1 1 1 1 3 1 1 1 0 0 0 0 2 1 0 1 1 0 0 0 1 0 1 0 0 0 0 1 1 1 0 1 0 1 0 1 
1 1 1 0 1 1 0 0 1 0 0 0 0 0 1 1 1 0 0 0 0 0 1 0 1 1 0 1 2 0 0 0 1 1 1 1 1 1 1 1 0 1 0 1 1 0 1 0 1 0 1 1 
1 0 0 0 2 1 0 0 1 0 0 0 1 0 0 1 0 1 1 1 2 0 0 1 1 1 0 1 1 1 0 1 1 1 1 0 0 1 1 0 0 0 1 0 0 1 1 1 0 0 1 1 
1 0 1 0 2 1 0 0 1 0 1 1 0 1 0 1 0 0 1 1 1 1 0 0 0 0 1 1 0 0 0 1 1 1 0 1 1 1 1 0 1 0 0 1 1 1 1 1 0 0 1 1 
1 1 1 1 0 0 0 0 0 0 0 1 1 0 1 0 1 1 0 1 1 0 0 0 0 0 1 1 0 0 1 0 1 1 1 1 0 1 1 0 1 0 0 1 1 1 0 0 1 1 0 0 
0 0 1 0 1 0 1 1 1 1 1 0 1 0 0 0 1 1 1 1 1 0 1 0 1 1 0 1 2 1 0 0 0 0 0 1 0 1 0 0 1 1 0 0 0 0 0 0 0 1 0 1 
0 0 1 0 0 0 0 1 0 1 0 0 0 0 1 0 1 1 1 0 3 0 0 1 1 0 0 0 0 1 1 0 1 1 1 0 1 0 1 1 0 0 1 0 0 1 1 1 0 0 1 0 
1 1 1 1 2 1 1 0 1 1 1 1 1 1 0 0 0 0 0 1 0 1 1 1 0 1 1 1 1 1 0 1 1 1 0 0 0 0 0 0 1 1 0 0 0 1 1 0 0 0 1 1 
0 0 1 0 0 1 0 1 1 0 1 1 0 1 0 0 0 1 1 0 3 1 1 1 0 0 1 0 3 0 0 1 1 1 1 0 0 0 1 1 0 1 1 0 0 1 1 1 0 0 1 1 

# Size = 20 | Time = 154 ms
1 0 0 1 1 0 0 0 1 1 0 0 0 1 0 0 1 1 1 1 2 0 1 0 0 0 1 1 2 1 1 0 0 1 0 1 1 1 0 0 0 1 1 1 0 1 1 0 0 1 0 1 
1 0 1 0 0 1 1 1 0 0 1 0 1 1 0 0 0 1 1 0 0 0 1 1 0 1 1 1 3 1 0 1 0 1 1 0 1 1 0 0 1 0 0 1 0 1 0 0 1 1 1 0 
1 1 0 0 2 1 0 0 0 1 1 1 1 1 1 1 0 0 0 0 1 1 1 0 1 0 1 1 2 0 1 1 1 1 1 0 0 1 0 1 0 1 1 1 1 1 1 0 1 1 0 0 
0 0 0 1 2 1 1 1 0 1 0 1 0 1 1 1 1 0 0 0 0 0 0 1 1 0 0 0 1 1 0 0 0 1 0 0 0 1 0 0 1 0 1 1 1 0 1 1 0 0 0 1 
0 1 1 1 0 0 0 0 0 0 0 1 1 1 0 0 1 1 1 1 3 1 1 1 1 1 1 0 2 1 0 1 1 0 1 1 1 0 1 1 0 1 1 0 0 1 1 0 0 0 1 0 
0 1 0 1 2 0 0 1 1 1 0 0 0 0 0 0 0 0 0 1 1 0 1 0 0 0 0 1 3 0 0 1 1 0 0 1 1 0 1 0 0 1 0 1 1 0 1 0 1 0 1 1 
1 1 1 0 1 1 0 1 0 1 1 0 1 0 0 0 1 1 0 0 3 0 1 0 0 0 1 1 0 0 0 1 0 1 1 1 1 1 0 0 1 0 0 1 0 1 1 0 1 1 1 0 
0 0 1 0 2 0 1 0 1 0 1 1 0 0 1 0 1 0 1 1 1 0 0 0 0 1 0 0 0 0 1 0 1 1 0 0 0 0 0 1 1 0 0 0 0 1 0 0 1 1 0 1 
1 1 0 0 0 1 0 0 1 0 0 0 1 0 0 0 0 1 0 1 0 1 0 0 0 1 1 1 1 0 1 0 1 0 0 1 0 0 1 0 0 0 1 0 0 1 0 0 0 1 0 0 
0 1 0 1 1 0 1 0 1 0 1 1 0 0 1 0 0 0 1 0 3 1 0 0 1 1 0 0 3 1 1 0 1 0 0 0 0 0 1 1 0 0 1 1 1 0 0 1 0 0 1 1 
1 0 0 1 2 0 0 0 1 1 0 0 0 1 1 1 0 1 1 1 3 1 0 1 1 1 1 1 0 1 0 0 0 0 1 1 1 0 0 1 0 1 1 1 1 0 1 1 0 1 0 1 
0 1 1 0 2 1 1 1 0 0 1 1 1 0 1 0 0 0 0 0 2 1 0 1 1 1 0 0 0 0 0 1 1 0 1 0 0 0 1 1 1 0 0 0 0 0 0 1 0 0 1 1 
0 0 1 0 0 0 1 0 1 0 1 1 0 0 1 1 0 0 1 0 2 1 1 0 0 0 0 1 1 1 1 1 0 0 1 0 1 1 1 1 1 1 0 1 1 1 1 0 1 0 1 0 
1 1 0 1 1 1 1 1 1 1 0 0 0 0 0 1 1 1 0 1 1 1 0 1 0 0 0 0 2 1 1 0 0 1 1 1 1 1 1 0 1 0 0 0 0 0 1 1 0 0 1 1 
0 0 0 0 0 0 1 1 1 1 1 1 1 0 0 1 1 0 0 1 2 1 0 1 0 0 1 1 3 0 0 0 0 1 0 0 1 0 0 1 1 1 1 0 0 1 1 1 0 0 0 0 
1 1 1 0 1 0 1 0 1 1 0 1 1 1 0 0 1 0 0 1 0 1 1 0 1 0 1 1 1 1 0 1 1 1 0 1 0 1 0 1 0 1 0 1 1 0 0 1 0 1 0 1 
0 0 0 1 1 0 1 1 0 1 1 0 0 0 0 0 1 0 0 0 0 1 0 0 0 0 1 1 2 1 1 1 0 1 1 1 0 1 0 0 0 1 0 1 0 0 0 0 0 0 0 1 
0 0 0 1 0 0 1 0 0 1 1 0 1 0 1 0 0 1 0 0 1 1 1 1 1 0 0 1 1 1 1 0 0 1 0 1 1 1 1 0 0 1 0 0 0 0 0 1 0 0 0 1 
1 1 1 0 1 0 0 0 1 0 0 1 1 0 1 0 1 1 1 1 3 1 1 0 1 1 1 0 1 0 1 1 1 1 0 0 0 0 0 0 1 0 1 1 1 0 1 0 0 0 0 1 
1 1 1 0 0 0 1 1 1 0 1 1 1 1 1 0 0 1 1 1 0 0 1 1 0 0 1 1 0 1 1 0 1 1 1 1 1 0 1 0 1 1 0 0 0 1 1 1 0 0 0 0 

# Size = 19 | Time = 156 ms
1 0 0 0 2 1 0 0 0 1 0 0 0 1 0 0 0 0 0 1 1 0 0 0 1 1 0 1 0 1 1 0 1 1 0 1 0 1 0 1 0 0 0 1 1 1 1 0 1 1 1 1 
1 1 1 0 2 1 1 1 0 0 1 0 1 0 1 1 0 0 1 0 3 1 0 1 1 0 1 0 2 1 1 1 0 1 1 1 1 0 1 1 1 0 0 1 1 1 1 1 0 1 0 1 
0 1 0 0 1 0 1 0 1 0 0 1 1 1 0 0 1 1 0 0 1 1 1 0 0 0 0 1 1 0 0 0 1 0 0 0 0 1 0 0 1 1 1 0 0 1 0 0 0 0 1 0 
0 0 0 0 1 0 1 0 0 1 0 0 0 1 1 1 0 0 1 1 2 0 1 0 0 1 0 0 3 0 0 1 1 0 0 0 0 0 1 0 0 0 0 1 1 1 1 0 1 1 0 0 
1 1 1 1 1 1 0 0 1 1 1 0 0 0 1 0 0 1 1 0 2 1 0 1 1 1 0 1 0 0 0 0 1 1 1 1 1 1 1 0 1 1 1 0 0 0 1 1 0 0 0 1 
1 1 1 1 0 1 1 1 1 0 1 0 1 0 0 0 1 1 0 0 0 1 0 1 0 1 1 0 3 1 1 0 0 1 1 1 0 0 0 1 1 0 0 1 1 1 0 0 0 1 1 1 
0 1 1 1 0 0 0 1 1 0 0 1 1 1 0 0 0 0 1 1 2 0 0 1 1 0 1 0 2 0 0 0 0 0 1 1 1 0 0 1 0 0 0 0 0 0 0 1 0 0 1 1 
1 1 1 1 0 0 0 1 1 0 1 1 0 1 0 0 1 1 0 1 3 1 0 0 1 1 0 1 1 0 1 1 0 0 1 0 1 1 0 0 0 1 1 1 0 0 1 0 1 0 1 1 
0 0 0 1 2 0 0 1 0 0 0 1 1 0 1 1 1 1 1 1 0 0 1 0 0 0 0 1 0 1 0 1 1 0 0 0 0 1 1 0 1 1 1 0 0 1 1 1 0 0 1 0 
1 0 0 0 0 0 1 0 1 1 1 1 0 1 1 1 0 1 0 0 0 0 1 1 1 0 1 1 2 0 0 0 1 1 0 0 0 1 1 0 0 0 1 1 1 0 1 0 1 1 0 1 
0 0 1 1 2 1 1 1 1 1 1 1 0 0 0 0 1 0 1 0 1 1 1 1 0 1 1 0 1 0 0 1 0 0 0 1 1 0 1 1 0 1 1 1 1 0 0 1 0 1 0 1 
0 0 1 1 2 0 0 0 0 1 1 1 1 1 0 0 1 0 1 0 3 0 1 1 0 0 0 1 3 0 1 0 1 1 1 1 0 0 1 1 0 1 1 1 1 1 0 1 0 0 0 0 
1 0 0 0 0 1 1 0 0 0 1 1 1 0 0 1 0 1 1 1 1 1 0 0 1 1 1 0 0 1 0 1 0 0 1 0 1 0 0 1 1 0 1 0 0 1 1 0 1 1 0 0 
0 0 1 1 1 0 0 1 1 1 0 1 1 0 0 0 1 0 1 1 0 0 0 0 0 1 0 0 2 1 1 0 0 0 0 0 1 1 1 1 0 1 0 0 0 1 1 1 0 0 0 0 
1 1 1 1 2 0 0 1 0 0 1 0 0 1 1 0 1 0 0 0 2 0 0 1 0 0 0 1 1 1 1 0 0 1 0 1 1 1 0 1 1 0 0 0 0 0 0 1 0 1 0 1 
1 1 1 1 2 1 1 1 0 0 0 0 0 1 0 1 0 1 1 1 0 0 0 0 0 0 0 0 1 1 0 1 1 1 1 1 0 0 1 1 0 1 1 1 1 0 1 1 0 0 1 1 
0 1 0 0 0 0 1 1 0 1 1 1 0 1 1 1 1 0 0 1 1 1 1 1 0 1 0 1 2 1 1 1 0 0 0 0 0 0 0 1 1 1 1 1 1 0 1 1 0 0 0 1 
0 0 0 0 1 1 1 0 1 1 0 0 1 1 1 0 0 1 1 0 3 1 1 0 1 0 1 0 0 0 0 1 1 0 0 0 0 0 1 1 0 1 1 0 0 0 0 0 1 1 1 1 
0 1 1 0 1 0 0 1 1 0 1 1 1 0 1 0 0 0 1 1 1 0 0 0 1 0 1 1 3 1 1 1 0 1 0 1 1 1 0 1 1 0 1 0 0 0 0 0 0 0 0 1 

# Size = 19 | Time = 157 ms
0 0 0 1 0 1 1 0 0 1 1 0 1 0 1 0 1 0 0 1 2 1 0 1 0 1 1 0 1 1 1 1 1 0 1 1 0 1 0 0 0 1 0 1 0 1 1 0 1 0 0 0 
0 1 1 0 2 1 1 0 0 0 0 1 0 1 0 1 1 1 1 1 1 1 1 1 0 1 0 1 3 0 0 0 0 1 0 0 1 0 1 1 1 0 1 1 1 0 1 1 0 1 1 1 
1 0 0 1 0 0 0 1 0 0 0 1 1 0 0 0 1 0 0 1 1 0 0 0 0 0 1 0 3 0 0 1 1 0 1 0 0 1 1 0 0 0 1 1 1 1 1 0 0 1 0 0 
1 1 1 1 2 0 1 0 0 0 0 1 0 1 1 0 0 1 0 1 3 1 1 1 1 0 0 0 2 0 0 0 0 0 0 1 0 1 0 1 1 1 0 0 0 1 1 0 1 0 1 1 
0 0 1 0 0 0 0 0 0 1 0 0 0 0 0 0 0 1 0 0 3 1 1 1 0 1 1 1 1 1 0 0 0 1 1 0 1 0 0 1 1 1 0 0 0 1 1 0 1 1 0 1 
1 1 1 1 1 0 0 1 0 1 1 0 0 0 1 1 0 1 0 0 0 1 0 0 0 1 0 1 3 0 1 1 1 0 0 0 0 0 1 0 1 1 0 1 0 1 1 0 0 0 1 0 
1 0 1 1 0 1 1 1 1 1 1 1 1 1 1 1 0 0 1 1 0 1 1 0 1 0 1 1 0 1 0 0 0 0 0 0 0 1 0 1 0 0 0 1 1 1 1 0 1 0 1 1 
0 0 0 1 2 1 0 1 1 1 0 0 1 0 1 0 1 0 1 0 2 1 0 0 0 0 0 1 2 1 0 1 1 1 1 0 0 0 1 0 0 1 0 1 1 0 0 1 0 1 0 1 
0 0 0 1 1 0 1 0 1 0 1 0 1 1 1 0 0 1 0 1 1 0 1 1 1 1 1 0 1 1 0 0 0 1 1 1 1 1 0 0 0 0 0 0 0 1 0 1 0 0 1 0 
1 1 0 0 1 1 0 1 1 0 1 1 0 1 0 1 1 0 1 0 3 0 0 0 1 0 0 1 1 0 1 1 0 0 0 1 1 0 1 0 0 0 1 1 1 0 1 1 0 1 0 1 
1 1 1 0 1 0 0 1 0 0 0 1 1 1 1 0 1 1 0 0 3 0 1 1 0 1 0 0 0 0 1 1 1 0 0 1 1 0 1 1 1 1 1 0 0 1 0 1 0 1 0 0 
0 1 1 0 0 0 1 0 1 1 1 0 0 1 0 1 0 0 1 0 1 0 1 0 0 1 1 0 2 1 1 1 1 1 1 0 1 1 0 0 1 0 1 0 0 1 1 1 0 1 0 0 
0 0 1 0 2 0 1 1 1 1 1 0 0 0 1 0 0 1 0 1 1 0 0 0 1 0 1 1 3 1 1 0 1 0 1 0 0 1 1 1 1 1 0 1 0 0 0 0 1 1 0 1 
0 0 0 0 1 1 1 0 0 0 0 0 0 1 0 0 1 0 1 1 0 0 0 1 0 1 0 0 2 0 1 0 1 1 1 1 1 1 0 1 1 0 1 0 0 0 0 0 1 1 0 1 
0 1 0 0 0 0 1 0 1 1 0 1 0 0 0 0 0 0 1 1 3 0 0 1 1 1 0 0 3 1 1 1 0 0 1 1 0 0 0 1 1 0 0 0 0 0 0 1 0 1 0 1 
0 1 1 0 1 0 0 0 1 0 1 0 0 1 0 1 0 1 1 1 2 0 1 0 1 0 0 1 0 0 1 0 0 1 0 0 1 1 0 1 1 0 1 0 0 0 1 0 1 0 1 1 
1 1 0 1 2 1 1 0 0 0 0 1 0 1 0 1 1 1 1 1 0 0 1 1 1 0 0 1 1 1 0 0 0 1 1 0 1 0 0 0 0 0 0 0 0 1 1 1 0 1 1 0 
0 1 0 1 2 0 0 0 1 0 0 0 1 0 0 0 1 0 0 1 1 0 0 1 1 0 1 1 0 0 0 1 1 1 1 1 1 0 1 0 1 0 0 1 1 0 1 0 0 0 1 1 
1 0 0 0 1 0 0 0 0 1 1 1 1 1 1 1 0 0 1 0 2 0 1 0 1 1 1 0 3 0 1 1 1 1 0 0 0 0 1 1 0 1 1 0 0 1 1 1 0 1 0 1 

# Size = 18 | Time = 153 ms
0 1 1 0 1 1 1 1 0 1 1 1 1 1 1 0 0 1 0 1 3 1 0 0 0 0 1 0 3 0 1 1 1 1 1 1 0 1 0 0 1 1 1 0 0 0 0 0 0 1 1 1 
1 1 0 1 2 0 0 0 0 1 1 0 0 0 1 0 1 1 0 0 2 0 0 1 1 0 0 0 2 0 1 0 1 0 1 1 1 1 0 0 1 1 1 1 0 0 0 1 0 0 0 1 
0 0 0 0 2 1 1 0 0 0 0 0 1 0 0 0 1 1 1 0 0 0 1 1 1 1 0 0 3 1 0 0 0 0 1 1 0 1 1 0 1 0 1 1 1 1 1 0 0 0 1 0 
1 1 0 1 0 0 0 1 0 1 1 1 1 0 1 0 0 1 1 0 1 1 1 1 1 0 1 0 3 0 1 0 0 0 0 0 1 0 0 1 0 0 0 1 1 1 1 0 0 0 0 1 
0 1 1 0 1 1 1 0 1 0 0 1 0 1 1 1 0 0 1 0 2 0 1 0 1 1 1 0 2 0 0 1 1 0 0 1 1 1 0 0 1 1 1 0 0 1 1 0 0 1 1 0 
1 0 0 0 2 1 0 1 1 0 0 0 1 1 0 1 0 0 1 0 2 1 0 0 1 1 1 1 0 1 0 1 0 1 0 1 1 0 0 1 1 0 0 1 1 1 1 1 0 0 0 0 
1 0 0 1 0 0 0 1 0 0 1 1 1 1 0 0 1 0 1 0 0 1 1 0 0 0 1 1 1 1 1 1 0 1 0 1 0 0 0 0 0 0 1 1 0 0 0 0 1 1 0 1 
0 1 0 0 1 1 1 0 1 0 0 0 0 0 1 1 1 0 0 1 1 1 0 0 0 1 0 1 1 0 0 1 0 0 1 0 0 1 1 1 0 0 0 0 0 1 1 1 0 1 1 0 
0 1 1 1 1 0 0 1 1 1 1 1 0 0 1 0 1 1 0 1 1 0 0 1 0 1 0 1 0 1 0 0 1 1 1 0 0 0 1 1 0 1 0 1 1 0 0 0 1 0 0 1 
1 1 1 1 1 0 1 0 1 1 1 1 0 1 0 1 0 0 0 1 0 0 1 1 1 0 0 1 3 0 1 1 1 1 0 0 1 0 1 1 1 0 0 0 0 1 1 1 0 0 1 0 
1 0 1 1 2 1 0 0 1 0 0 1 0 0 0 1 1 1 1 0 3 0 1 1 0 1 0 0 1 1 0 0 0 0 0 0 1 0 1 1 0 1 0 1 1 1 1 0 1 0 0 0 
0 0 0 1 1 1 1 1 0 1 0 1 0 1 1 0 0 0 0 1 2 0 0 0 1 0 1 1 1 0 0 0 1 1 0 0 0 1 1 1 1 1 1 0 0 1 0 0 1 1 1 0 
1 1 0 1 2 0 1 1 0 0 0 0 1 0 1 1 0 0 1 1 3 1 0 1 0 1 0 1 2 1 1 1 0 1 0 0 0 0 1 1 0 0 0 0 0 0 1 1 0 1 0 1 
0 1 1 0 0 0 1 0 1 0 0 0 0 0 1 1 0 1 1 1 0 0 0 0 1 1 0 0 2 0 0 1 1 0 1 0 1 1 1 0 1 1 0 1 1 1 1 0 1 1 0 0 
0 1 0 1 0 1 1 0 0 1 1 0 0 1 1 1 0 1 0 1 0 1 1 1 0 0 0 0 0 0 1 0 0 0 0 0 1 1 1 0 1 1 1 0 0 1 1 1 0 1 1 1 
1 0 0 1 0 1 0 1 0 1 0 0 0 1 1 1 0 0 0 0 3 0 1 1 1 1 0 1 0 0 1 1 1 0 0 1 0 0 1 1 1 0 0 0 0 0 1 0 0 0 1 1 
1 0 1 0 2 0 1 1 0 0 0 0 0 1 0 1 1 1 1 0 1 0 1 0 0 0 0 1 2 1 0 0 0 0 0 1 0 1 1 0 1 0 1 1 1 1 1 0 1 1 0 1 
1 0 0 0 0 1 0 0 1 0 1 0 1 0 0 1 0 0 1 0 2 0 1 1 0 0 1 1 3 0 1 1 1 1 0 0 0 0 0 1 0 1 0 1 1 1 1 0 1 1 1 0 

# Size = 18 | Time = 165 ms
0 0 1 0 2 0 0 0 0 0 0 1 0 0 1 0 1 1 1 0 0 0 1 1 1 0 0 0 3 1 0 0 0 1 1 0 0 1 0 1 1 1 0 1 0 1 1 1 0 0 0 0 
0 0 0 1 1 1 1 0 1 0 1 1 1 0 0 0 0 1 0 0 1 0 1 0 1 1 0 0 2 0 0 0 1 1 1 1 0 0 1 1 0 1 1 1 1 1 1 1 0 0 1 1 
0 0 0 1 0 0 0 0 1 1 0 0 1 1 1 0 0 1 0 0 0 0 1 0 0 1 0 0 1 0 1 0 1 1 0 1 1 0 0 0 1 1 1 1 0 0 1 0 1 0 1 1 
1 0 1 0 1 1 0 1 1 0 1 1 1 1 1 0 0 0 1 1 3 1 0 0 0 1 1 1 1 1 1 0 0 0 1 0 1 1 1 1 0 0 1 1 1 1 1 0 1 1 1 1 
1 1 1 0 0 1 1 1 1 1 0 0 0 0 0 1 1 1 0 0 2 1 1 1 0 1 1 0 2 1 0 1 1 0 0 1 0 0 0 1 1 1 1 0 0 0 1 0 0 0 0 1 
1 1 0 0 0 1 0 0 0 1 0 0 0 1 0 0 0 0 0 1 1 1 1 1 1 0 0 1 0 0 0 1 0 0 0 0 1 0 0 0 0 1 0 1 0 1 0 0 0 1 0 0 
1 1 0 1 2 1 1 1 0 0 0 1 1 0 0 1 1 0 1 0 2 0 0 1 1 0 0 1 1 1 0 0 1 0 0 0 0 0 1 0 1 0 1 1 1 0 1 1 0 0 0 1 
0 0 0 1 2 0 1 0 0 1 0 0 0 0 0 0 1 0 0 0 3 0 0 0 1 0 0 0 0 0 1 0 1 1 0 1 0 0 0 1 1 1 0 0 0 0 0 0 1 1 0 1 
0 1 0 1 1 1 0 1 0 1 0 1 0 1 0 1 0 0 0 1 1 0 1 1 0 1 1 1 3 0 1 1 0 0 0 1 1 1 0 0 0 0 1 0 0 1 1 0 1 1 1 1 
1 1 1 1 0 0 1 0 1 1 1 1 0 0 1 1 1 1 1 1 3 1 0 1 1 0 1 1 3 0 0 1 1 1 1 1 1 1 1 0 1 0 0 1 1 1 1 1 0 0 0 0 
1 1 1 0 2 1 0 1 0 0 1 0 1 1 1 0 0 0 1 1 0 1 0 0 0 1 1 1 2 1 0 1 0 0 0 0 1 1 0 0 0 0 0 1 1 1 0 0 1 1 1 0 
1 0 1 0 1 0 1 1 1 0 1 1 1 1 0 0 1 1 1 1 0 1 1 0 0 1 1 0 0 1 1 0 0 0 1 0 0 1 1 0 1 0 1 0 0 1 0 1 0 0 1 0 
0 0 0 0 2 0 1 1 1 1 1 0 0 1 1 1 1 1 0 0 0 0 1 0 1 1 0 0 1 1 1 1 1 1 0 1 0 0 0 1 0 1 0 0 0 1 1 1 0 1 0 0 
0 0 0 1 1 0 0 0 1 1 1 0 1 1 1 0 0 0 1 1 2 1 0 0 0 0 1 1 3 0 1 1 0 1 1 1 1 1 1 1 0 1 0 1 1 1 0 0 1 0 1 0 
1 0 1 1 2 0 0 1 1 1 1 1 0 1 1 0 1 0 1 1 1 1 0 1 0 1 0 0 1 1 0 1 0 0 1 1 0 1 1 1 1 0 1 1 0 0 0 0 0 1 0 1 
0 1 1 0 1 0 0 0 0 0 1 1 1 0 0 1 0 0 0 1 3 0 1 0 0 0 1 1 2 0 1 0 0 1 0 0 1 0 0 0 0 1 0 0 0 0 1 1 0 1 0 1 
0 0 0 0 0 0 1 0 1 0 0 0 1 0 1 1 0 0 1 1 2 0 1 1 1 0 0 0 0 1 1 0 0 1 0 0 1 0 1 0 0 1 1 1 1 0 1 1 0 1 0 1 
1 0 0 0 0 0 0 0 0 1 0 1 1 1 0 1 0 0 1 0 1 0 1 0 0 1 1 1 3 0 1 0 0 0 0 1 1 0 0 0 0 1 0 1 0 0 1 1 0 0 1 1 

# Size = 19 | Time = 168 ms
0 1 1 0 2 1 1 0 1 1 1 0 0 0 1 0 1 0 0 1 3 0 0 1 1 0 1 1 0 1 1 0 0 0 0 1 1 0 0 0 0 0 0 1 1 1 1 1 0 0 0 1 
1 0 0 0 2 0 1 0 1 1 1 1 0 1 1 0 0 1 0 1 0 0 0 1 0 1 1 0 1 1 1 0 1 0 1 1 0 1 1 1 0 0 1 1 1 0 0 0 0 0 1 1 
0 1 0 0 1 0 0 1 1 0 1 1 1 1 1 1 1 1 0 1 2 1 0 1 1 0 0 1 3 1 0 0 0 0 0 1 0 0 1 0 0 0 0 0 0 1 1 0 0 0 0 0 
0 1 0 1 0 1 1 0 1 0 1 0 1 0 1 1 1 1 0 0 1 0 0 1 0 1 1 0 1 0 1 0 1 0 0 1 0 1 0 0 1 0 1 1 1 0 1 1 0 1 0 1 
1 0 0 0 0 0 0 0 1 1 1 1 0 0 0 0 1 0 1 1 2 0 1 0 0 1 0 1 1 1 0 1 0 1 1 1 1 1 0 1 0 0 1 0 0 0 0 0 1 0 1 1 
0 0 1 1 0 0 0 1 1 0 0 1 0 0 0 0 0 0 0 0 1 1 0 0 0 0 1 0 2 0 0 0 1 0 1 0 0 0 1 1 0 1 0 0 0 0 0 0 1 1 0 1 
0 0 1 1 0 1 1 1 0 1 0 1 1 1 0 1 0 0 0 0 0 1 0 1 0 0 1 1 3 0 1 1 1 0 0 0 1 0 0 0 1 1 1 1 0 0 1 0 1 0 0 1 
1 0 0 0 1 1 1 0 0 1 1 1 1 1 1 1 1 1 1 0 2 0 1 1 0 1 1 1 2 1 0 1 0 1 1 0 1 1 0 0 1 1 1 1 1 1 1 1 0 0 1 0 
1 1 0 1 2 1 0 1 0 1 0 1 0 1 0 1 1 1 1 0 1 0 1 0 0 1 0 1 0 1 1 1 1 1 0 0 1 0 1 1 1 0 0 0 0 1 1 0 1 1 1 0 
1 0 0 1 2 0 0 1 0 0 0 1 1 1 1 0 0 1 1 0 3 1 1 0 1 0 0 0 3 0 0 1 1 1 1 1 0 1 1 1 1 1 1 1 1 0 0 0 1 1 0 1 
0 1 1 1 1 1 1 1 0 0 0 0 0 1 0 0 0 0 1 1 0 1 0 0 1 0 0 0 1 0 1 1 1 1 0 0 1 0 1 0 0 1 0 0 0 1 0 0 1 1 1 0 
0 1 1 1 2 0 0 1 0 1 0 0 1 0 0 0 0 1 0 1 0 1 1 0 1 1 0 0 2 0 1 0 0 1 0 1 0 1 1 1 1 0 0 0 0 1 0 1 0 1 0 0 
0 1 1 0 0 1 0 0 1 1 0 0 1 1 0 1 0 0 1 0 3 1 1 0 0 1 0 0 2 1 1 0 1 0 1 0 0 1 1 0 0 1 0 0 0 1 1 1 0 1 1 0 
1 0 0 0 1 0 0 0 0 0 0 0 0 0 0 0 0 0 0 1 3 0 0 0 1 1 1 0 3 0 0 1 1 0 1 1 0 0 0 1 0 1 0 1 1 0 1 1 0 0 1 1 
1 0 1 1 2 0 1 0 1 0 0 0 1 1 0 0 0 1 1 1 2 1 0 0 0 1 0 0 0 0 1 1 1 0 1 1 0 1 1 1 1 1 1 1 0 0 0 0 1 1 0 1 
0 1 0 0 0 1 0 1 1 0 0 1 1 1 0 0 0 0 0 1 1 0 1 1 1 1 1 0 0 1 0 1 0 1 1 0 0 0 1 0 1 0 1 0 0 0 1 0 1 0 0 1 
1 1 0 0 1 1 1 0 0 0 0 1 0 1 0 0 0 0 0 1 1 1 1 0 0 0 1 0 3 0 0 1 1 0 1 1 1 1 0 0 1 1 1 1 0 1 1 0 1 0 0 1 
1 0 1 1 0 1 0 0 0 0 1 1 0 1 0 1 1 1 1 0 3 0 0 1 1 1 0 0 1 1 0 1 1 0 0 0 0 0 0 0 0 0 0 0 0 1 1 1 0 1 1 1 
0 0 0 0 1 0 0 0 1 0 0 1 1 0 1 1 1 0 1 1 0 0 1 1 0 0 0 1 0 0 0 1 1 0 0 1 0 1 0 0 0 0 1 1 0 1 1 1 0 1 0 0 

# Size = 18 | Time = 157 ms
0 0 0 1 1 1 0 0 0 1 0 1 1 1 1 0 1 0 0 1 2 0 1 0 0 0 0 1 2 0 0 0 1 0 0 0 0 0 1 1 0 0 1 1 1 0 1 0 0 1 1 1 
1 0 0 1 1 1 0 1 1 1 1 0 0 1 0 0 0 1 1 1 0 0 1 0 1 0 1 1 0 1 0 1 0 1 0 1 1 1 1 1 1 1 1 0 0 1 0 0 0 1 0 1 
1 1 0 1 2 0 0 0 0 0 0 0 1 1 1 1 0 1 0 1 3 1 0 1 0 1 0 1 2 1 0 0 0 1 1 1 1 1 0 0 0 1 0 1 1 1 1 1 0 0 0 1 
0 0 0 0 2 0 1 1 0 0 1 0 1 0 0 1 1 1 1 1 1 1 1 1 0 1 0 1 0 0 0 0 0 0 1 1 0 1 1 0 1 0 0 1 1 1 1 0 0 0 1 0 
1 1 1 1 0 1 0 0 1 0 1 0 1 0 0 0 0 1 0 1 0 1 0 1 0 1 1 0 1 0 1 1 1 1 1 0 1 0 0 0 1 0 1 1 1 1 1 1 0 0 1 1 
0 1 1 0 1 1 1 1 1 1 1 0 1 1 1 1 0 0 0 1 1 0 1 0 1 1 0 1 1 0 0 0 0 1 1 1 0 1 1 0 0 1 1 0 0 1 1 1 0 1 0 0 
0 1 0 1 0 0 1 1 0 1 0 1 0 1 1 1 1 1 1 0 2 1 1 0 1 0 1 0 1 1 1 0 0 1 0 0 1 0 0 1 1 0 0 1 0 1 1 0 1 0 0 0 
0 0 1 0 2 0 1 0 0 0 0 1 0 0 1 0 0 1 1 0 0 0 1 1 1 0 1 0 3 0 0 1 1 0 0 0 1 0 1 0 0 1 1 1 0 0 0 0 1 0 0 1 
1 1 1 0 0 1 0 0 1 1 0 1 0 0 0 0 1 0 0 0 3 0 1 1 1 0 1 0 0 1 0 1 1 0 1 1 0 0 0 1 0 1 0 1 1 1 0 1 0 1 0 0 
1 1 0 1 1 0 0 1 1 0 1 1 0 0 0 0 1 0 1 0 1 1 0 1 1 0 1 0 2 1 1 1 1 0 0 0 1 0 0 1 1 1 0 0 0 0 0 0 1 0 1 1 
1 0 1 0 2 0 1 1 1 0 1 0 1 0 0 0 0 0 1 0 3 1 0 0 0 1 0 1 1 0 1 0 1 0 0 0 0 1 0 1 1 0 1 0 0 0 0 0 1 1 0 1 
1 0 0 1 0 1 0 0 0 1 0 1 0 1 0 1 1 0 0 1 1 1 0 0 0 1 0 1 3 1 1 1 0 1 0 1 0 1 1 1 1 0 0 0 0 0 1 1 0 1 1 1 
1 0 1 0 0 1 1 1 1 0 1 1 0 0 0 0 0 1 1 0 2 0 0 1 0 1 0 0 2 1 1 1 0 1 1 1 1 1 1 0 0 1 0 0 0 1 0 1 0 1 1 1 
0 1 0 1 1 1 1 0 1 1 0 0 0 0 1 1 1 0 0 1 3 1 0 1 0 0 1 1 0 1 1 0 0 0 1 0 1 1 1 0 0 1 0 1 1 0 1 0 1 1 1 1 
1 0 1 0 2 1 1 0 0 1 1 0 1 0 1 0 0 1 0 0 2 1 0 0 1 1 0 1 0 1 0 1 1 1 0 1 0 0 0 0 0 1 0 1 1 1 0 0 1 0 0 0 
0 0 0 1 0 0 1 1 0 1 0 0 1 0 0 1 1 0 0 1 0 1 0 1 0 0 0 0 2 1 1 0 1 0 1 1 0 1 1 1 0 1 0 1 0 1 1 0 1 1 0 0 
0 1 1 1 1 0 0 1 1 1 1 0 1 1 1 0 0 0 1 0 3 0 1 1 0 0 1 1 3 1 0 0 1 0 1 0 1 1 0 0 0 1 0 1 1 1 0 1 0 1 0 0 
1 0 1 0 0 1 0 1 1 0 0 0 1 0 1 0 0 1 0 1 2 1 0 0 0 1 1 0 3 0 1 0 1 0 1 0 1 0 0 0 1 0 0 0 0 0 0 0 0 1 1 1 

# Size = 20 | Time = 162 ms
0 0 0 1 0 0 0 0 0 0 1 0 0 0 0 0 0 1 1 0 1 1 0 0 1 1 0 0 2 1 1 0 1 1 0 0 1 0 0 0 0 0 1 1 1 1 1 0 0 0 1 1 
0 1 0 1 1 1 0 0 1 1 0 0 1 1 1 0 1 1 0 0 0 0 1 1 1 0 1 0 3 0 0 0 0 1 0 1 0 0 1 1 0 0 1 1 1 1 0 1 0 0 1 0 
1 0 1 0 1 0 1 0 1 0 1 1 0 0 0 1 0 0 1 1 2 1 0 0 0 1 0 1 0 0 1 1 0 1 1 0 1 1 0 0 1 1 0 0 0 1 1 0 1 1 0 1 
0 1 0 0 2 1 1 1 0 0 0 0 0 1 0 0 0 1 0 1 3 0 0 1 1 0 0 1 0 0 1 1 1 1 0 0 0 1 1 1 0 0 1 1 1 1 0 0 1 0 1 0 
1 1 1 1 0 0 1 1 0 1 0 1 1 0 0 0 1 1 1 0 2 0 0 1 0 1 1 0 2 0 1 1 1 0 0 1 0 0 0 1 0 0 1 1 0 1 0 0 1 0 0 1 
1 0 1 0 1 1 0 1 0 1 1 0 0 0 0 1 0 0 0 1 1 0 0 0 1 0 0 0 3 1 0 1 0 0 1 1 0 0 1 0 1 1 0 1 1 0 1 0 1 1 0 1 
0 0 0 1 1 1 0 0 1 1 1 0 0 1 1 0 1 0 1 0 3 0 1 0 1 0 1 1 2 1 0 0 1 1 1 1 1 1 0 1 0 1 1 0 0 1 1 0 0 1 0 1 
1 1 0 0 2 1 1 0 1 0 1 1 1 0 1 0 0 0 0 1 3 0 0 0 0 1 1 1 1 1 1 0 0 0 1 1 0 1 0 1 1 1 1 1 1 1 0 1 0 0 0 1 
1 1 1 1 2 1 0 0 0 0 0 1 1 0 0 1 1 1 0 0 0 1 1 1 1 1 0 0 0 1 0 1 1 0 1 0 1 0 1 1 0 0 0 0 0 0 1 1 0 1 0 1 
0 1 1 0 0 1 1 1 1 0 0 1 1 1 1 0 0 0 0 1 1 1 1 1 0 1 0 1 3 0 1 0 1 0 0 0 1 1 0 1 1 0 1 0 0 0 0 0 1 0 1 1 
0 1 1 1 0 1 0 1 0 1 0 0 0 1 0 1 1 1 1 0 3 1 1 1 0 0 0 0 1 0 0 1 0 1 0 0 0 0 1 0 0 1 0 0 0 0 1 1 0 1 1 1 
0 0 0 0 2 1 0 1 0 1 1 0 1 1 1 0 1 1 0 1 2 1 1 1 1 0 1 0 2 1 0 0 0 1 1 1 1 1 1 0 1 0 0 1 1 0 0 1 0 1 1 1 
0 0 0 0 1 0 1 1 1 1 1 1 0 0 1 1 0 0 1 1 0 1 0 0 1 0 1 1 1 0 1 0 1 0 0 0 1 0 0 0 1 0 1 0 0 1 1 0 1 0 0 0 
1 0 1 0 2 0 1 1 0 0 0 0 0 1 1 0 1 1 1 0 1 1 1 0 0 1 1 1 1 1 0 1 1 1 0 1 0 1 1 1 1 0 0 0 0 1 0 1 0 0 1 0 
0 0 1 1 2 0 1 0 0 1 0 0 1 0 0 1 0 0 1 1 2 0 0 1 0 0 0 1 3 1 1 1 0 0 1 0 0 0 0 0 1 1 1 0 0 1 1 1 0 1 0 0 
1 0 0 0 0 0 1 1 1 1 1 0 0 1 1 1 1 0 0 1 0 0 1 0 0 1 1 0 0 1 1 0 0 1 1 1 0 1 1 0 1 1 1 1 0 1 1 1 0 0 0 0 
1 0 1 0 1 0 0 0 1 1 1 0 0 0 0 0 1 1 0 1 2 1 1 1 0 1 1 0 1 1 0 0 1 0 0 1 1 1 1 0 1 1 1 0 0 1 0 1 0 1 0 0 
1 1 1 1 2 0 0 1 1 1 0 0 0 0 1 1 1 1 1 0 0 1 0 1 0 0 1 1 2 0 1 0 1 0 0 1 0 0 0 1 0 1 1 0 0 1 1 0 1 0 1 0 
0 1 0 0 0 1 0 0 1 1 1 1 0 1 1 0 1 1 0 1 1 0 1 1 0 1 0 0 0 0 0 1 0 0 0 0 0 0 0 1 0 0 1 0 0 1 1 1 0 1 0 1 
0 1 0 0 2 0 0 1 1 0 0 1 1 0 0 1 0 1 0 1 3 0 0 1 1 0 0 0 3 0 0 0 0 1 0 1 1 0 0 1 1 1 1 0 0 0 1 0 0 1 0 1 

# Size = 20 | Time = 162 ms
0 1 0 0 2 1 1 0 0 0 0 1 0 0 0 0 1 0 0 0 0 0 0 1 0 1 0 0 2 0 1 1 0 1 1 1 0 1 0 0 0 1 1 1 1 0 0 0 0 0 0 1 
1 0 1 0 0 0 1 0 0 1 0 0 1 1 1 1 0 0 0 0 0 0 0 0 1 0 0 0 3 0 1 0 0 1 0 1 1 1 0 1 0 1 1 0 0 1 1 1 0 0 1 0 
0 0 1 1 2 1 0 1 0 1 1 0 0 0 1 0 1 1 0 1 0 1 1 0 1 0 1 0 2 0 0 1 0 0 1 0 1 0 1 1 0 1 0 1 0 1 0 0 0 1 1 0 
0 0 0 0 1 1 0 1 0 0 0 0 1 0 1 1 0 0 0 0 3 0 0 1 1 0 0 0 0 0 1 0 1 1 1 1 0 1 0 0 0 0 1 0 0 0 1 0 0 0 1 1 
0 1 1 0 0 0 1 1 0 1 1 1 0 1 1 0 1 1 0 1 3 1 0 1 1 1 0 0 3 1 1 1 1 1 1 0 1 0 0 1 1 1 1 1 1 0 0 0 1 1 0 1 
0 1 0 1 0 0 1 0 0 1 1 0 1 1 0 0 0 0 0 0 1 0 1 0 1 0 1 0 2 1 0 0 1 0 1 0 1 1 0 1 0 0 0 1 1 1 0 1 0 0 0 1 
1 1 0 1 2 0 1 0 0 1 1 0 0 0 0 0 0 1 0 0 2 0 1 0 0 0 0 0 0 1 1 1 1 1 1 1 1 1 1 1 1 0 0 0 0 1 1 1 0 0 1 0 
1 1 0 1 2 1 1 0 1 1 0 1 0 1 0 1 1 0 1 0 1 0 1 0 0 0 1 0 3 0 0 1 0 0 1 0 1 0 0 0 1 1 1 1 0 0 1 0 0 1 1 1 
1 1 0 0 1 1 0 0 0 1 1 1 1 1 1 1 0 1 1 0 3 1 1 0 0 1 0 1 1 1 0 0 0 0 1 1 1 1 1 1 1 0 0 1 1 1 1 1 0 1 0 0 
0 0 1 0 0 1 0 1 1 0 1 1 1 1 1 0 1 0 1 1 2 1 0 1 1 1 0 1 3 0 0 0 0 0 0 0 0 0 0 1 0 0 0 1 1 1 0 0 1 0 0 0 
1 0 0 0 2 0 0 0 1 1 0 1 1 1 0 1 1 1 1 1 1 1 0 0 0 1 0 1 0 1 1 1 0 1 0 0 0 0 1 0 1 1 1 0 0 1 1 0 1 1 0 0 
0 1 1 0 2 0 1 1 1 0 1 0 0 0 0 0 0 1 1 1 3 0 1 0 0 1 1 1 0 1 1 0 0 0 0 1 1 1 0 0 1 0 0 1 1 0 0 0 1 0 1 1 
1 0 0 1 0 1 0 1 1 0 0 0 0 0 0 0 1 0 0 1 2 0 1 1 1 1 1 0 1 0 0 0 1 0 0 1 0 0 1 0 0 1 0 0 0 0 0 1 0 1 1 1 
0 1 1 1 1 0 1 0 1 1 1 1 0 0 0 1 1 1 0 1 2 1 0 0 1 0 1 1 1 1 1 1 0 1 0 0 1 0 0 1 1 1 1 1 0 0 1 0 1 0 0 1 
1 0 0 1 1 0 0 1 1 1 0 0 1 1 0 1 0 1 1 0 2 1 1 0 1 0 1 1 2 1 1 0 1 1 0 1 1 0 0 0 1 1 0 0 0 1 1 0 1 0 1 0 
0 0 1 0 1 1 1 1 1 0 0 0 0 0 1 0 0 0 1 1 1 1 0 1 1 1 1 0 3 1 0 0 0 0 1 1 0 0 1 1 1 0 0 1 0 1 0 1 0 0 0 1 
0 1 1 0 1 0 0 0 1 1 1 1 1 0 1 0 1 1 1 1 0 0 1 1 0 1 0 1 1 1 1 0 1 0 1 0 0 0 1 0 1 0 1 0 0 0 1 0 1 0 0 1 
0 0 1 1 0 0 0 0 0 0 1 1 0 0 0 0 1 1 0 1 0 1 1 0 0 0 0 1 0 1 0 1 1 1 1 1 0 0 1 0 0 0 0 1 1 1 1 0 0 1 0 1 
0 0 1 1 1 0 0 1 0 1 0 1 1 0 0 1 0 0 1 0 3 0 1 1 1 1 1 1 2 0 0 0 0 0 1 1 1 1 1 1 1 0 1 0 0 1 1 1 0 1 0 0 
1 1 0 0 2 0 1 0 0 0 0 1 0 0 0 1 1 1 0 1 1 0 0 1 0 0 0 0 1 0 1 1 1 0 0 0 0 1 1 1 0 0 0 1 0 0 1 0 0 0 0 1 

# Size = 19 | Time = 168 ms
1 0 1 0 0 1 1 1 1 0 0 1 0 0 1 1 1 0 1 0 2 1 1 1 1 1 1 0 3 1 1 0 1 1 0 1 0 0 0 0 0 0 1 1 1 0 1 0 1 0 0 1 
0 1 1 0 1 1 1 0 1 1 1 0 0 0 1 1 0 0 1 1 1 0 0 0 0 0 1 0 1 0 0 1 0 0 0 1 0 1 0 0 1 0 1 1 0 1 1 0 0 1 1 1 
0 1 0 1 1 0 0 1 0 0 0 1 1 1 0 0 0 1 1 1 2 0 1 0 0 0 0 1 3 0 0 1 0 0 1 0 0 0 0 0 1 1 0 1 0 1 0 1 0 0 1 1 
1 0 1 0 0 0 0 1 0 1 1 0 1 0 0 0 1 0 1 0 0 1 1 1 1 0 0 0 1 0 1 0 1 1 0 1 0 0 1 0 1 1 1 0 0 1 1 0 0 0 1 1 
0 0 1 1 1 1 0 1 0 1 0 1 0 1 0 0 0 0 0 1 3 1 0 1 1 1 1 1 0 1 1 0 0 0 1 0 1 1 0 1 0 0 0 1 0 1 0 0 1 0 1 0 
1 1 1 1 2 1 1 1 1 1 0 0 1 1 1 0 0 0 1 0 1 1 1 0 1 0 0 0 0 1 0 1 1 1 0 0 1 1 1 0 1 0 1 1 1 0 0 0 1 0 0 1 
0 1 0 1 2 0 1 0 1 0 0 1 0 0 1 0 1 1 0 1 3 0 0 1 0 0 1 1 3 1 0 1 0 0 0 1 1 0 1 0 1 0 1 1 0 1 1 0 1 1 0 0 
1 0 0 1 2 1 0 0 1 0 1 0 1 0 0 0 0 0 0 1 0 1 0 0 0 1 0 1 2 0 0 1 1 0 1 0 1 1 0 1 1 1 0 0 0 1 0 1 0 1 0 0 
1 1 0 0 0 0 1 0 0 0 1 0 1 0 1 1 1 1 1 1 3 0 1 0 0 0 0 1 0 0 1 1 1 1 0 0 0 0 1 1 0 1 1 0 0 0 1 1 0 1 0 1 
1 1 0 0 1 0 0 1 0 0 0 1 0 1 1 0 1 1 0 0 3 1 1 0 0 1 1 1 1 0 0 0 1 1 0 0 0 1 1 1 0 1 0 0 0 0 0 0 1 1 0 1 
1 0 0 1 0 0 0 1 0 0 0 1 0 1 0 1 1 1 0 1 1 0 1 1 1 1 1 1 2 0 1 0 0 1 0 1 0 0 1 1 0 1 1 1 1 1 1 1 0 0 1 0 
0 1 1 0 1 1 1 0 1 1 0 1 1 1 0 1 1 1 0 0 0 0 0 0 0 1 1 0 0 1 1 0 0 1 1 1 1 1 1 0 0 0 0 1 1 0 1 1 0 1 1 1 
1 0 0 0 2 1 1 0 0 1 1 0 1 0 0 1 0 1 1 0 3 0 1 0 1 0 0 0 3 0 1 0 1 0 1 0 0 1 1 1 0 0 1 1 1 1 1 1 0 1 1 0 
0 1 1 0 1 1 1 0 1 1 1 1 1 1 1 1 1 0 1 0 3 0 0 1 0 0 1 0 2 1 1 1 1 1 1 0 1 0 1 0 0 0 1 0 0 0 1 0 1 0 0 1 
0 0 0 1 0 0 1 1 0 0 0 0 1 0 0 0 0 1 1 0 1 1 0 0 0 0 1 0 3 0 0 0 0 0 1 1 1 1 1 1 1 0 0 0 0 0 0 1 0 1 0 1 
0 1 1 0 2 1 1 0 0 1 1 0 0 1 0 0 0 0 0 0 2 0 0 1 1 0 1 1 0 0 0 0 1 1 0 1 1 1 1 1 0 1 0 0 0 1 1 0 1 1 0 0 
1 0 1 0 0 1 1 0 1 1 1 1 1 1 0 0 0 1 1 1 2 0 0 0 0 1 0 0 2 0 1 0 0 1 0 0 0 0 0 1 1 0 0 0 0 0 1 1 0 0 1 1 
0 1 1 1 2 1 0 0 0 1 1 1 0 0 1 1 0 1 1 0 2 1 0 1 0 0 0 1 1 1 0 1 0 0 1 1 1 1 0 0 0 1 0 1 1 1 1 1 0 0 1 0 
1 1 1 0 0 0 1 1 0 1 1 0 0 0 1 1 1 1 0 0 0 0 1 0 0 1 0 0 3 1 1 0 0 0 1 1 1 0 1 0 0 0 0 1 0 0 1 0 1 0 1 1 

# Size = 21 | Time = 152 ms
1 0 0 0 2 0 0 1 1 1 1 1 0 1 0 0 1 1 0 0 3 1 0 1 1 0 1 1 3 0 0 0 1 1 0 0 0 1 1 1 1 1 1 1 0 1 1 0 1 1 0 1 
0 1 1 0 0 0 1 1 0 0 1 0 0 0 1 1 0 1 0 1 2 1 0 0 0 0 0 0 1 0 1 0 1 1 0 1 0 0 1 0 0 1 0 1 1 0 1 0 0 1 0 1 
0 0 1 0 1 1 0 1 0 1 1 0 0 1 1 0 1 1 0 0 1 1 1 1 1 0 1 1 2 1 0 0 1 0 0 1 0 0 1 1 1 0 0 1 1 1 1 1 0 0 1 0 
1 1 0 1 1 1 0 0 0 1 1 1 0 0 0 0 0 0 1 0 2 0 0 1 0 0 0 1 0 1 1 0 1 1 1 0 1 0 1 0 1 1 1 0 0 1 1 0 0 1 1 1 
1 1 1 0 1 1 1 0 1 0 0 1 1 1 1 0 0 0 0 1 3 0 1 1 0 0 1 0 1 1 0 0 0 0 1 0 0 0 0 1 1 0 0 1 0 1 1 1 0 1 1 0 
1 0 0 1 1 1 0 1 1 0 1 1 1 0 0 0 1 0 1 0 0 1 0 1 1 0 1 1 1 1 0 1 0 1 0 1 1 1 1 0 0 1 1 1 0 1 1 0 0 0 0 0 
1 1 1 0 0 1 0 0 0 0 0 1 0 1 0 0 1 0 0 1 3 1 0 0 1 1 0 1 2 0 0 0 1 0 1 0 1 1 1 0 1 1 1 0 0 0 0 0 0 0 1 1 
0 0 0 0 2 1 1 0 1 1 1 1 0 0 0 0 0 1 0 0 1 0 0 1 1 0 0 0 1 0 0 0 1 1 1 0 1 1 1 0 0 1 0 1 1 0 0 1 0 1 1 1 
1 0 0 1 0 0 1 0 1 1 1 0 1 1 0 0 1 1 0 0 1 1 0 0 1 0 1 0 3 1 1 0 1 1 1 1 1 0 0 1 1 1 1 1 0 1 0 0 0 0 1 1 
1 0 0 0 1 0 0 0 0 0 0 1 1 0 0 1 1 1 1 1 2 1 1 0 0 0 0 1 2 0 0 1 1 1 0 0 0 0 1 1 0 1 1 1 1 1 1 0 1 0 1 0 
0 0 1 1 0 0 1 0 1 1 1 0 1 1 1 1 0 1 1 1 0 0 1 1 1 1 1 1 2 1 1 0 0 0 0 0 1 1 0 0 0 0 1 0 0 1 1 1 0 0 1 1 
0 0 1 1 2 1 1 0 1 0 0 0 1 1 1 1 1 0 1 1 1 1 1 0 1 1 0 0 0 0 1 1 0 0 1 1 0 1 0 0 1 0 0 1 1 1 1 0 1 0 0 0 
0 0 0 1 1 0 0 1 0 1 0 0 1 0 1 0 0 0 1 0 3 0 1 0 0 1 1 0 1 1 1 1 1 1 0 1 0 0 0 1 0 0 1 1 1 0 0 1 0 0 1 1 
0 1 1 0 2 1 1 1 0 0 0 1 0 0 1 1 0 0 0 1 0 0 1 0 0 1 0 0 3 0 1 1 0 0 1 0 0 0 0 0 0 0 0 1 1 0 1 1 0 1 1 1 
0 1 0 1 2 1 1 1 1 0 0 0 1 1 0 0 1 0 1 0 2 0 0 1 1 1 1 0 2 1 0 1 0 0 0 1 0 1 0 1 0 0 0 0 0 1 0 1 0 1 0 0 
0 1 1 0 0 0 0 1 1 1 0 1 0 0 0 1 0 1 0 0 0 0 0 0 0 1 1 1 0 1 0 1 1 0 0 0 1 1 1 1 0 1 0 1 0 0 1 0 1 1 0 1 
1 1 0 0 1 0 0 1 0 1 1 0 1 0 1 1 0 1 1 0 1 1 0 1 0 1 1 0 3 1 0 1 1 0 1 0 0 1 1 0 0 0 0 0 0 1 1 0 1 1 0 0 
0 0 1 1 0 0 0 0 1 1 0 1 1 0 0 1 0 1 1 0 2 0 1 1 1 1 0 1 3 0 0 1 1 1 1 1 1 0 0 1 0 0 1 1 1 1 1 0 1 1 0 0 
0 1 0 1 2 1 1 0 1 0 1 0 1 0 0 1 0 0 1 1 3 1 1 1 0 1 0 0 0 1 0 0 0 1 0 1 0 1 1 1 0 1 1 1 1 1 1 1 0 1 1 1 
0 0 1 1 1 1 0 0 0 0 0 0 1 0 1 0 1 1 0 1 0 1 1 0 0 1 1 0 0 0 1 1 0 1 1 0 1 1 0 0 1 0 1 1 1 1 0 0 1 0 0 0 
0 1 1 0 0 1 1 1 0 1 1 1 0 0 0 1 1 0 1 1 2 1 1 0 0 1 0 0 1 0 0 1 1 0 0 0 1 1 1 1 0 1 1 0 0 1 1 0 1 1 0 1 

# Size = 19 | Time = 160 ms
0 1 0 0 0 1 1 1 0 0 0 0 0 0 1 0 1 1 1 0 0 1 1 1 1 0 0 1 0 0 0 0 0 1 1 0 0 0 1 1 0 0 0 1 0 0 1 1 0 1 0 1 
0 1 1 0 2 0 0 0 1 0 1 1 1 1 1 0 0 0 0 0 2 1 0 0 0 0 0 0 0 1 0 0 1 0 1 0 0 1 0 0 0 0 0 1 1 1 1 0 0 1 0 0 
1 0 0 1 1 0 1 1 1 0 1 0 1 0 1 0 0 1 0 1 3 0 1 0 1 0 0 0 3 0 1 1 1 0 0 1 0 0 1 1 0 0 1 0 0 1 0 1 0 1 0 0 
1 0 0 0 2 1 1 0 1 1 0 1 1 1 0 0 0 0 1 1 0 1 1 0 0 1 1 1 3 1 1 1 1 1 1 1 0 1 1 0 1 0 0 0 0 1 1 0 1 1 1 1 
0 0 1 1 2 0 0 0 0 1 0 1 0 1 0 0 1 1 1 0 3 1 1 1 1 1 0 1 1 1 0 0 1 1 1 0 1 0 1 1 1 1 1 1 0 1 0 1 0 0 0 0 
0 0 1 1 0 1 1 1 1 1 0 1 0 1 0 0 1 0 0 1 3 0 0 0 0 1 1 1 3 0 1 0 0 0 0 1 1 1 0 0 0 1 0 0 0 0 0 0 1 0 1 1 
1 0 0 1 2 1 1 1 0 1 1 0 0 0 0 1 1 1 1 0 2 0 0 0 0 0 0 0 3 0 1 1 0 1 0 0 1 1 0 0 1 1 1 0 0 0 1 0 1 0 0 1 
0 1 0 1 0 1 1 0 1 0 1 0 1 1 1 0 0 0 0 1 1 0 1 0 0 1 1 0 1 1 1 1 0 0 0 1 0 1 0 0 0 1 0 0 0 1 1 0 1 0 1 1 
1 1 1 1 1 0 0 1 0 1 1 1 1 0 0 0 1 0 0 0 1 1 0 1 1 1 0 1 2 1 1 0 1 1 0 0 1 1 0 0 0 0 1 0 0 0 0 1 0 1 0 1 
1 1 1 0 1 0 0 1 0 1 0 1 1 0 0 1 1 1 0 0 0 1 0 1 0 0 0 0 1 0 1 1 1 0 0 0 0 0 0 1 0 0 0 1 1 0 1 1 0 0 1 1 
1 1 1 1 0 0 0 0 0 0 0 0 1 0 0 0 0 0 0 1 3 0 0 1 1 1 1 0 0 0 0 1 1 0 0 1 1 0 0 1 1 1 1 0 0 0 0 0 1 0 1 1 
0 0 0 0 2 1 1 0 1 1 0 0 0 1 1 1 0 1 1 0 1 0 0 1 1 0 1 0 2 0 0 0 0 1 1 1 0 0 1 1 1 1 0 1 1 1 1 0 1 0 1 0 
1 0 0 1 0 1 0 1 0 0 0 0 0 1 0 1 0 0 1 1 2 0 1 1 0 1 1 1 1 1 0 1 1 0 0 0 0 0 1 1 0 1 0 1 1 1 1 1 0 1 1 0 
1 1 0 1 1 0 0 1 0 0 1 0 0 1 1 0 0 0 1 0 0 0 1 1 0 1 0 0 3 1 0 0 0 1 1 0 1 1 0 1 1 1 1 1 1 1 0 0 1 0 1 0 
1 1 0 0 2 1 0 0 1 1 1 0 1 1 1 0 0 0 1 1 1 1 0 1 1 1 1 0 3 1 1 0 0 0 0 1 1 0 0 0 0 1 1 0 0 1 0 0 0 0 0 1 
1 0 0 0 0 1 1 0 1 0 1 1 0 1 0 1 1 0 0 1 3 1 1 0 0 0 1 0 2 0 1 1 0 0 1 0 1 0 1 1 1 1 0 1 1 0 1 1 0 1 1 1 
0 0 1 0 1 1 1 0 1 1 0 0 0 1 0 1 0 1 1 1 1 0 0 0 1 0 1 1 0 0 1 1 0 0 1 1 0 1 1 1 0 1 1 0 0 0 1 0 1 1 0 1 
1 1 1 1 1 0 1 1 0 0 1 0 1 1 1 0 1 1 1 1 2 0 1 1 1 1 1 0 2 1 1 0 0 1 0 1 0 1 1 1 0 1 1 0 0 1 0 0 0 0 0 1 
0 0 1 1 1 0 0 1 1 1 0 0 0 0 1 0 1 1 0 0 0 1 0 1 0 1 0 0 2 1 0 0 1 1 0 1 0 0 1 1 1 1 0 0 0 0 0 0 0 0 0 1 

# Size = 19 | Time = 147 ms
1 1 1 0 0 0 0 1 0 1 0 1 0 0 0 0 1 1 0 0 3 1 1 1 1 0 1 0 2 1 1 1 0 0 0 0 1 1 1 0 1 0 1 1 0 0 0 1 0 0 0 1 
0 0 0 1 2 1 0 0 1 0 1 0 1 1 1 1 1 0 1 1 1 0 0 1 0 0 0 1 1 0 0 0 0 1 1 0 0 0 0 1 0 1 1 1 1 1 1 0 1 1 1 0 
0 0 0 1 2 1 1 1 0 1 1 1 0 0 0 1 1 0 0 1 2 1 0 1 0 1 0 1 3 0 1 1 1 0 0 1 0 0 1 1 1 1 1 0 0 1 1 1 0 0 1 1 
0 1 1 1 0 1 1 0 1 0 1 0 0 1 0 0 1 0 1 0 1 1 1 0 1 0 0 1 0 1 1 1 0 1 0 0 1 1 1 1 0 0 0 1 0 1 0 0 0 1 1 1 
1 0 0 0 0 0 0 1 1 0 1 1 0 1 1 0 1 1 1 0 2 1 0 0 0 1 1 1 1 0 0 0 1 1 1 0 0 1 0 0 1 0 0 1 0 1 1 1 0 0 0 0 
0 0 1 1 0 0 1 0 1 1 1 1 1 0 0 0 1 1 0 0 0 1 0 0 0 0 1 1 3 1 0 1 0 1 1 1 1 1 1 0 0 1 0 1 0 1 1 0 0 0 1 1 
1 0 1 1 0 0 0 1 1 1 1 0 1 0 1 0 1 1 0 0 3 0 1 0 0 1 0 1 1 0 1 1 0 1 0 1 0 0 0 0 0 1 0 0 0 1 0 0 0 0 1 0 
0 1 1 1 2 0 1 0 0 1 0 0 0 1 1 0 0 1 0 1 2 1 1 0 1 1 1 0 3 0 0 1 1 1 0 1 1 1 0 0 0 0 0 1 1 0 0 1 0 1 0 1 
0 0 1 0 0 1 1 1 0 0 0 1 0 0 1 1 0 1 1 0 1 1 1 0 1 1 1 0 2 0 0 0 1 0 1 1 0 1 0 0 1 0 0 0 0 1 1 0 1 1 0 0 
1 1 0 0 1 1 0 1 0 0 0 0 0 1 0 1 0 0 1 1 0 0 1 1 1 1 0 0 1 1 1 0 1 0 0 0 1 0 0 1 1 0 1 0 0 0 1 1 0 1 0 1 
0 0 1 0 1 1 1 0 1 1 0 1 1 1 1 1 0 1 0 1 3 0 0 1 0 1 1 0 0 0 0 0 1 1 1 1 0 0 0 0 0 1 1 0 0 0 1 1 0 1 1 1 
1 1 0 0 2 0 1 1 0 0 1 1 1 0 1 0 0 0 0 0 0 0 0 0 1 0 1 0 0 0 1 0 1 0 1 1 0 0 1 0 1 1 1 1 1 1 0 0 1 0 0 0 
1 1 0 1 0 0 0 0 1 1 0 0 1 1 0 1 0 0 1 1 0 0 0 1 0 0 0 1 2 1 0 1 0 1 0 1 0 1 1 1 0 1 0 1 1 1 1 0 1 0 1 0 
1 1 0 1 1 0 0 0 1 0 1 0 0 0 1 0 1 0 1 0 3 1 1 0 0 0 1 1 3 1 1 1 0 0 1 0 1 1 1 1 1 0 0 1 1 0 0 0 1 0 0 1 
1 0 0 0 1 0 1 0 1 1 1 1 1 1 1 1 0 1 0 0 1 1 0 0 0 0 1 1 1 1 0 1 0 0 1 1 0 1 1 1 0 1 1 0 0 0 1 1 0 0 1 1 
1 1 1 1 2 1 1 1 1 1 1 1 1 0 1 0 0 1 0 0 3 1 0 0 1 1 1 1 2 1 0 1 1 0 1 0 1 0 0 1 1 0 0 0 0 1 0 0 1 1 0 0 
1 1 1 1 1 1 0 1 1 1 1 0 1 1 0 0 0 0 0 0 2 0 1 1 1 0 1 1 0 1 0 1 0 0 1 0 1 1 0 1 1 0 1 0 0 1 1 0 1 1 0 0 
1 0 0 1 1 1 0 1 0 1 0 0 0 0 1 1 1 0 0 0 2 0 0 1 1 1 1 1 2 0 0 1 1 1 0 1 1 1 1 0 0 1 0 0 0 1 1 0 1 1 1 0 
1 0 1 0 0 1 0 1 1 0 1 1 1 1 0 1 0 1 1 1 1 0 0 0 1 0 1 0 3 1 1 0 1 1 0 1 0 0 1 0 1 0 0 0 0 1 1 1 0 1 1 0 

# Size = 20 | Time = 169 ms
1 1 0 1 0 1 1 1 0 1 0 1 1 1 0 0 1 0 1 0 1 1 0 0 0 1 1 1 2 1 1 1 1 1 1 1 1 1 1 1 1 1 0 0 0 1 1 0 1 1 0 0 
1 0 1 1 2 1 0 1 1 1 0 0 0 1 0 0 0 0 1 1 3 1 0 0 0 1 0 0 1 1 0 0 0 1 1 1 0 0 0 1 1 0 1 0 0 1 1 1 0 1 1 1 
1 0 1 0 2 0 1 0 0 0 0 0 1 0 1 0 1 1 1 1 0 0 1 1 0 0 0 0 2 0 0 0 0 1 0 0 0 0 0 0 0 1 1 1 1 1 1 0 1 0 1 1 
1 1 0 0 2 0 0 1 1 0 0 0 1 0 1 0 1 1 0 1 1 0 0 1 1 1 0 0 3 0 0 1 0 0 1 0 0 1 0 0 0 0 1 1 0 0 0 0 1 0 0 1 
0 0 1 1 2 1 1 1 1 0 0 1 1 0 0 0 0 0 1 1 0 1 1 1 1 1 0 1 1 1 0 0 0 1 1 1 1 1 1 1 0 1 0 1 0 1 1 0 0 0 0 0 
1 0 1 0 1 0 1 0 1 1 1 0 0 0 0 1 0 1 0 0 2 1 1 1 1 0 1 1 1 0 1 1 1 0 1 0 1 1 1 0 1 1 0 0 0 0 1 1 0 0 1 1 
0 1 1 1 1 1 0 0 0 1 1 1 0 1 0 0 0 0 1 0 0 0 1 0 1 0 0 1 3 1 1 0 1 1 0 1 1 0 1 0 0 1 0 0 0 1 0 0 1 1 1 0 
0 0 0 0 1 1 1 0 1 0 1 0 0 1 1 1 1 0 0 0 3 0 1 0 0 0 1 0 0 0 1 0 1 0 1 0 1 1 1 1 1 1 1 1 0 0 1 1 0 0 0 1 
1 1 0 1 0 0 0 0 0 1 1 0 0 0 1 1 0 0 0 1 1 1 0 1 1 0 0 1 0 0 0 0 1 1 0 1 0 0 1 1 0 0 1 1 1 0 1 1 0 0 1 1 
0 1 0 1 2 1 0 0 1 0 1 1 0 1 1 1 0 0 1 1 2 0 0 1 1 1 1 0 2 1 1 0 1 0 0 1 0 1 0 1 1 0 1 1 1 0 1 0 1 1 0 1 
0 0 0 0 0 0 1 1 1 0 0 1 1 0 0 1 1 1 0 1 0 0 1 0 1 0 1 0 3 1 1 1 0 0 0 0 1 0 0 0 1 0 0 1 1 0 1 1 0 1 0 1 
1 0 1 1 0 0 1 1 0 0 0 0 1 1 0 0 1 1 1 0 2 1 0 0 0 1 0 0 3 0 0 0 0 1 1 0 1 0 0 1 1 0 1 1 1 1 0 1 0 1 0 0 
0 0 1 0 1 0 0 1 1 0 0 1 1 1 0 0 0 1 1 0 0 1 0 1 0 1 1 1 0 1 0 1 0 0 1 1 0 1 0 0 0 0 0 0 0 1 0 0 1 1 0 0 
0 1 0 1 0 0 0 1 0 1 1 1 1 0 1 0 1 1 1 1 3 0 1 1 1 0 0 1 1 0 1 1 0 0 0 0 1 1 0 0 0 0 0 1 1 0 0 0 1 1 0 1 
0 1 1 0 2 1 0 1 0 0 1 1 1 0 1 1 0 1 0 0 3 1 1 0 0 0 1 0 2 0 0 0 0 1 1 0 0 0 1 1 0 1 0 0 0 1 1 1 0 1 1 0 
0 0 1 0 2 0 1 1 0 0 1 1 1 0 1 0 0 0 1 0 1 1 1 1 1 0 0 0 0 1 1 1 1 1 0 0 1 1 1 1 1 1 1 0 0 1 1 0 0 0 1 0 
1 1 1 1 1 0 0 1 1 0 0 0 1 0 0 0 1 0 1 1 1 0 1 1 1 1 0 1 1 1 0 1 0 1 0 1 1 0 1 1 1 1 1 1 1 1 1 1 0 1 0 0 
1 0 1 0 1 0 0 0 0 0 1 0 1 0 1 0 1 0 0 0 3 1 1 0 0 0 1 0 2 1 0 0 1 0 1 0 0 1 1 0 1 0 1 1 0 1 0 1 0 0 0 0 
1 0 0 1 0 1 0 1 0 1 0 0 0 1 1 0 0 0 0 0 2 1 0 0 1 1 0 0 0 0 0 1 0 0 1 0 1 1 0 1 0 1 1 1 1 1 0 1 0 1 0 1 
1 0 1 1 2 0 1 0 1 1 1 0 1 1 0 0 0 0 1 0 3 1 0 0 0 0 0 1 3 0 0 0 0 0 1 0 0 0 0 1 1 0 1 0 0 0 1 1 0 0 1 1 

# Size = 18 | Time = 169 ms
0 1 1 0 1 0 0 0 0 0 0 1 0 0 0 0 1 0 1 1 0 1 0 1 0 0 0 0 2 1 1 0 0 0 0 0 0 1 0 0 0 1 1 1 0 1 0 0 0 0 1 1 
1 1 1 1 0 0 0 0 1 0 1 1 0 1 0 1 1 1 1 0 1 0 0 0 0 0 0 1 0 1 1 0 1 1 0 1 1 1 1 1 1 0 1 0 0 0 1 0 1 1 0 1 
0 0 0 0 2 1 1 1 0 1 0 1 1 0 1 0 0 0 0 0 2 1 1 1 1 0 1 0 2 0 0 1 0 0 1 0 1 0 1 0 0 1 0 1 0 1 1 1 0 1 1 0 
0 0 1 0 0 1 1 1 0 1 0 0 0 1 0 0 0 1 1 1 1 1 0 1 0 1 1 1 1 0 0 1 1 1 0 1 1 1 0 1 0 1 0 1 1 1 0 1 0 1 0 1 
1 0 0 1 0 0 0 0 1 1 1 0 1 0 1 1 0 1 0 1 2 0 1 0 0 1 1 1 0 0 1 0 0 0 1 0 0 1 0 1 1 0 0 1 1 0 1 1 0 0 0 1 
1 1 0 1 1 1 1 0 0 0 0 0 1 0 0 0 0 1 0 1 3 0 1 0 1 1 0 1 1 0 1 0 0 0 1 1 0 1 1 0 0 0 1 0 0 0 0 0 1 0 1 1 
1 0 0 0 2 1 0 1 1 0 1 1 1 0 0 1 0 0 1 1 1 1 0 1 0 0 0 1 3 0 0 1 0 0 1 1 0 1 1 0 0 1 1 1 1 1 1 0 1 0 0 0 
1 0 0 1 2 0 0 0 1 1 1 0 1 0 1 0 1 0 0 0 0 1 1 0 1 0 0 0 1 0 0 1 1 0 0 0 1 0 1 1 1 1 1 1 1 0 0 1 0 0 0 1 
0 0 1 0 0 0 0 1 1 1 1 1 1 1 1 0 0 0 1 0 3 0 1 0 1 1 1 0 3 1 0 1 1 0 0 0 1 0 0 1 1 0 0 1 1 0 0 1 0 1 0 1 
0 1 1 0 1 1 1 1 0 1 0 0 0 1 0 0 1 0 1 1 2 1 0 1 1 1 0 0 0 1 0 1 1 1 0 1 1 0 0 1 1 1 0 0 0 1 0 0 1 0 0 0 
1 1 1 1 0 1 1 1 1 0 0 0 1 0 1 1 0 1 0 0 0 0 0 1 1 1 1 1 2 1 0 0 1 1 1 1 0 0 1 1 1 1 0 1 1 1 1 0 1 1 0 0 
0 1 0 1 0 0 1 1 1 0 1 1 0 1 0 1 1 1 0 0 2 1 1 1 0 1 1 0 1 1 1 1 1 1 1 0 0 0 1 0 1 0 0 0 0 1 1 1 0 0 1 0 
0 0 0 1 1 1 1 0 1 1 1 0 0 1 1 1 1 1 0 0 2 1 1 1 1 0 1 0 3 1 1 0 0 1 1 0 1 1 1 1 0 1 1 0 0 1 1 1 0 1 1 0 
1 1 1 1 2 1 1 1 0 0 1 1 1 1 1 1 0 1 0 0 0 0 1 0 1 1 1 1 0 1 1 0 1 0 0 0 0 1 0 0 0 0 0 0 0 1 1 1 0 0 1 0 
0 1 0 0 2 1 0 1 0 0 1 0 0 1 1 1 1 0 0 0 3 1 0 0 0 0 0 1 2 1 1 0 0 1 0 0 0 0 1 0 1 1 1 0 0 1 1 0 1 1 0 0 
1 0 1 1 2 1 0 0 0 1 0 0 0 0 1 0 0 1 1 0 3 0 1 1 1 1 0 1 0 0 0 1 0 1 1 1 1 0 0 0 1 1 1 1 0 0 0 1 0 1 1 1 
1 1 1 1 1 1 1 0 1 0 0 0 1 0 1 0 0 1 0 1 1 1 1 1 1 0 0 0 2 0 0 1 0 0 0 0 1 0 0 1 1 0 0 1 1 0 1 0 1 0 1 1 
0 1 1 1 1 0 0 1 0 1 0 0 1 1 1 1 1 1 0 1 0 0 1 0 0 0 0 1 3 1 0 1 1 0 1 1 1 1 1 0 0 1 1 0 0 0 1 0 1 1 0 1 

# Size = 19 | Time = 165 ms
1 0 1 1 0 1 1 0 0 0 1 1 0 1 1 1 1 0 0 1 2 0 1 1 0 1 1 1 0 1 0 1 1 0 1 0 1 1 0 1 1 0 1 1 1 1 1 1 0 1 0 1 
0 1 1 0 0 1 0 0 1 1 1 0 0 1 1 1 0 1 1 1 0 0 0 1 1 0 0 0 0 1 1 0 1 0 0 0 1 0 1 0 0 0 0 1 1 0 1 0 0 1 1 1 
1 1 0 0 1 1 1 1 1 0 1 1 1 1 1 1 1 0 0 1 1 0 0 0 1 0 0 1 0 1 0 1 1 0 1 1 1 1 0 1 0 0 1 0 0 1 1 0 0 1 0 0 
0 1 0 0 0 0 0 1 1 1 0 1 1 0 0 0 1 1 1 0 3 1 1 1 1 0 1 1 1 1 1 1 1 0 1 1 1 0 1 0 0 0 0 1 1 1 1 0 1 0 1 0 
1 0 1 1 1 0 0 0 1 0 1 1 1 1 1 1 0 0 1 0 3 0 0 0 1 1 0 0 3 0 1 0 0 1 0 0 0 0 0 1 1 1 1 0 0 0 1 1 0 1 0 1 
1 0 0 1 2 1 0 0 0 0 0 1 0 0 1 0 1 0 0 0 0 1 1 1 0 0 0 0 1 0 0 1 0 1 0 0 0 1 0 1 1 1 0 1 1 1 0 1 0 1 0 0 
1 0 1 1 2 1 0 0 1 1 1 0 0 1 0 0 0 0 1 0 1 0 1 0 0 0 1 0 2 0 1 0 0 1 0 0 1 1 0 1 0 1 1 0 0 1 1 0 1 0 0 0 
0 1 1 0 2 1 1 1 0 0 0 0 0 0 0 0 1 1 0 1 3 1 1 0 0 1 1 0 2 1 1 0 0 1 1 1 0 1 1 1 1 0 1 1 1 0 0 1 0 1 1 1 
1 1 0 1 2 0 1 1 0 1 0 0 1 0 0 0 0 1 0 0 3 0 0 1 1 1 1 1 0 0 0 0 1 1 1 0 0 0 1 0 0 1 0 0 0 0 0 0 1 0 1 1 
0 0 1 1 2 0 1 1 0 1 1 1 1 1 1 1 0 1 1 1 1 0 0 1 0 1 0 1 1 0 0 1 0 0 0 1 0 0 1 0 1 0 1 1 1 0 1 1 0 0 0 1 
0 1 0 0 2 0 0 1 1 0 1 0 1 0 1 0 0 0 1 0 2 1 0 0 1 0 0 0 1 1 1 0 0 1 0 1 0 0 1 0 0 1 0 0 0 1 0 1 0 0 1 0 
0 1 0 0 1 0 1 1 0 1 0 0 0 0 0 0 1 1 0 1 0 0 1 0 0 1 1 1 3 1 0 1 1 0 1 1 1 1 1 0 0 0 1 0 0 1 0 0 1 0 1 0 
0 0 1 0 2 1 1 0 1 0 0 1 1 1 1 0 1 1 0 1 0 1 0 1 0 0 0 1 3 0 1 1 0 1 1 1 1 0 0 0 1 1 0 1 1 0 0 0 1 1 1 1 
1 1 0 0 0 0 0 1 1 1 1 1 1 0 1 0 0 1 0 1 0 0 0 0 1 1 0 1 2 0 0 1 0 1 0 1 0 0 1 0 0 1 0 0 0 1 0 0 1 1 0 0 
1 1 1 0 0 0 1 0 0 1 0 0 1 0 1 0 1 1 1 1 2 0 1 1 0 1 0 0 3 0 1 1 0 1 1 1 0 0 0 1 0 1 0 1 0 0 0 0 1 0 1 1 
1 1 0 0 0 0 0 1 0 0 0 1 1 0 0 0 1 0 0 1 1 1 0 0 0 1 1 0 3 0 0 0 0 1 1 1 1 0 1 1 1 0 0 0 0 1 0 1 0 0 1 1 
0 0 1 1 1 1 0 1 0 0 0 1 1 0 0 1 1 0 1 1 3 1 1 1 1 1 0 0 0 1 1 1 0 1 0 1 1 1 1 1 1 0 0 1 1 1 1 1 0 0 0 1 
0 0 0 1 1 0 0 0 0 1 0 1 0 0 0 1 1 0 1 0 2 0 0 1 0 1 0 0 2 0 1 1 1 0 1 1 0 1 1 1 0 1 1 1 0 1 1 0 1 1 0 1 
0 1 0 0 1 1 1 0 0 1 0 0 0 1 1 0 0 0 1 0 3 1 1 0 1 0 0 0 1 0 0 1 1 1 0 1 1 0 0 1 1 1 0 1 0 1 0 1 0 1 1 0 

# Size = 19 | Time = 161 ms
0 1 0 0 1 0 0 0 1 1 0 0 0 0 0 0 1 0 1 1 3 0 0 0 0 0 1 0 0 1 0 0 0 0 1 1 1 1 0 1 1 0 1 1 0 1 1 1 0 0 1 1 
0 0 0 0 0 0 1 1 1 1 0 0 0 0 0 0 0 0 1 1 1 1 1 1 1 1 0 1 1 1 0 0 1 0 0 0 1 1 1 0 0 1 0 1 0 0 0 0 1 1 0 1 
0 1 0 0 0 1 1 0 1 0 0 0 0 1 1 0 0 1 0 1 0 1 0 0 0 1 1 1 1 0 1 1 0 0 0 1 0 0 0 0 1 1 0 1 1 1 1 0 1 1 0 0 
1 1 1 1 2 1 0 0 1 0 0 1 1 0 1 0 1 1 0 0 1 1 1 1 1 0 1 0 3 0 0 1 0 0 1 1 1 0 0 0 1 0 0 0 0 1 0 0 1 1 1 0 
0 0 1 1 0 0 1 1 0 0 0 1 1 0 0 1 1 1 0 1 0 1 1 0 0 0 0 1 2 0 1 0 0 1 1 1 0 1 1 1 1 1 0 0 0 1 1 1 0 0 0 0 
1 0 1 1 1 1 1 0 0 0 1 1 1 1 1 0 1 0 1 0 2 1 0 1 0 0 1 0 1 0 1 0 1 1 1 1 0 0 1 0 1 1 0 0 0 1 0 1 0 0 1 1 
1 0 1 1 0 1 1 1 0 1 1 0 1 1 0 1 0 0 0 0 0 0 1 1 0 1 0 0 2 1 0 0 1 1 0 0 1 1 0 0 0 0 1 1 1 1 1 1 0 1 1 1 
0 0 0 0 2 1 1 1 0 1 1 0 1 1 1 1 1 0 0 0 3 1 1 1 0 1 0 1 1 0 1 1 1 0 0 1 0 1 1 1 0 0 1 1 1 1 1 1 0 1 0 0 
0 0 0 0 0 0 1 1 0 1 1 0 0 1 0 1 0 0 1 1 3 0 0 0 0 1 1 1 3 1 1 0 1 1 1 0 0 1 1 1 0 1 1 1 1 0 1 1 0 0 0 1 
0 1 1 1 0 1 1 1 0 0 1 1 1 1 0 0 1 1 0 0 1 1 0 0 0 1 0 1 0 0 1 1 1 1 0 0 0 0 1 0 1 0 0 1 1 0 0 0 0 0 0 1 
1 1 0 1 2 0 0 0 1 1 1 0 0 0 0 1 0 1 1 1 1 0 0 0 1 1 0 1 2 0 1 0 1 1 0 0 1 0 1 1 0 1 1 0 0 0 1 1 0 0 1 1 
0 1 0 0 0 0 0 1 0 1 0 0 0 0 0 1 0 1 0 1 2 0 0 0 1 0 0 0 3 1 0 1 0 1 0 0 1 1 0 1 0 0 1 1 1 1 1 0 1 1 0 0 
0 0 0 0 1 1 1 0 1 1 1 1 0 0 1 1 0 1 0 1 2 0 1 1 1 1 1 1 2 1 0 1 0 0 0 0 1 0 0 1 0 0 1 1 1 1 1 0 1 1 0 0 
0 0 1 0 1 1 0 1 1 0 0 0 1 1 0 0 1 0 1 1 0 0 0 1 1 1 0 0 3 1 0 1 1 0 1 0 0 0 0 1 0 1 1 1 1 1 0 0 0 0 1 0 
1 0 0 1 1 0 0 1 0 0 0 0 1 1 0 1 0 1 0 1 1 0 0 0 1 0 1 0 1 1 1 0 0 1 1 1 0 0 1 1 0 1 0 1 1 0 1 0 1 1 0 1 
1 0 1 1 1 0 0 0 0 0 0 1 1 0 1 0 0 1 1 1 3 1 0 0 1 1 0 1 0 0 1 0 0 0 1 1 0 0 1 0 1 1 0 0 0 1 0 0 1 0 0 0 
1 0 1 0 2 0 0 1 1 0 1 0 0 1 1 1 0 0 1 0 2 1 1 1 1 1 0 0 0 1 1 1 1 0 1 1 1 0 0 0 0 1 0 0 0 0 1 0 1 1 0 1 
1 0 1 0 2 0 0 0 1 0 1 1 0 1 1 1 1 1 0 0 0 1 1 0 1 1 0 1 0 1 1 0 1 1 1 0 0 0 1 0 1 1 0 1 1 0 1 1 0 1 0 1 
1 1 0 0 2 1 1 0 0 0 0 0 0 1 0 0 1 0 1 0 3 0 0 0 1 1 0 0 2 0 0 1 0 1 1 0 0 0 0 0 0 1 0 0 0 1 0 0 1 0 0 0 

# Size = 18 | Time = 152 ms
1 0 1 1 1 0 1 1 0 0 0 0 1 1 1 0 1 1 1 1 2 1 0 1 0 1 0 0 3 0 0 1 1 1 0 1 1 0 1 0 0 0 1 0 0 1 1 0 1 0 0 1 
0 0 0 0 1 0 1 1 0 0 1 1 1 0 0 1 1 0 1 0 0 0 1 0 0 0 1 1 1 1 1 0 1 1 1 1 1 1 1 0 0 0 0 1 0 1 1 0 1 0 1 0 
0 0 1 1 0 1 1 1 1 0 1 0 0 1 0 0 1 1 1 1 1 1 0 0 1 1 0 0 2 0 1 1 1 0 1 1 1 1 0 1 1 1 1 0 0 1 1 0 1 1 0 0 
1 1 0 1 2 0 0 1 1 0 0 0 1 0 1 0 0 0 1 1 3 1 1 0 0 1 1 1 2 0 0 0 1 1 0 0 1 0 0 0 0 0 1 0 0 0 0 1 0 0 0 1 
1 1 0 0 0 0 0 0 0 0 0 0 0 1 0 0 0 0 1 0 1 0 1 0 1 1 1 0 0 0 1 0 0 1 1 1 0 1 1 0 0 0 0 1 1 1 0 0 0 1 0 1 
0 1 0 0 0 1 1 1 1 0 1 1 1 1 0 0 0 0 1 1 3 0 1 0 1 1 1 0 1 1 0 1 1 1 0 1 1 0 0 0 1 1 0 0 0 0 1 0 1 0 0 1 
0 0 0 0 2 1 0 0 0 1 0 1 0 0 1 1 1 1 0 1 3 1 0 1 0 0 1 1 0 1 1 1 1 0 0 0 0 1 0 1 1 1 1 1 0 1 1 1 0 1 0 1 
1 1 1 1 0 0 0 0 1 1 0 0 0 0 1 0 0 1 0 0 1 1 0 1 0 0 0 1 1 0 0 0 1 0 0 0 0 1 0 1 1 1 0 1 1 1 0 0 1 0 1 0 
1 1 1 0 2 1 0 1 0 1 1 1 1 1 0 1 1 1 0 0 2 0 1 1 1 0 1 1 2 1 1 1 0 0 0 0 0 0 0 1 1 0 0 1 1 1 1 0 1 1 1 0 
1 1 0 1 1 1 0 0 1 1 1 0 0 0 1 0 1 0 0 0 2 1 0 0 1 0 0 0 1 1 0 1 0 0 1 1 0 1 0 1 0 1 1 0 0 0 0 1 0 1 1 1 
0 1 1 0 0 1 0 0 1 1 0 0 0 0 1 0 0 1 0 0 0 0 1 0 1 1 0 0 3 0 1 0 0 0 1 0 0 0 0 1 1 1 0 1 1 0 0 1 0 1 0 1 
0 0 1 1 1 1 1 1 1 0 1 0 1 0 1 1 0 0 0 0 3 0 1 1 0 1 0 0 0 0 0 1 0 0 1 0 0 0 1 0 1 1 1 1 1 1 1 0 1 0 1 0 
1 0 1 0 1 0 1 0 1 1 0 1 1 1 0 0 0 0 0 1 1 0 0 1 1 0 1 1 3 1 0 1 0 1 1 0 1 1 1 0 0 1 0 1 1 1 0 1 0 0 1 0 
1 0 0 1 2 0 1 0 0 1 1 1 1 0 0 1 1 0 1 1 3 0 0 1 0 0 0 0 3 0 0 0 0 1 1 1 1 1 1 1 0 0 0 0 0 0 1 0 0 1 0 1 
1 1 1 1 2 1 1 1 1 1 1 0 1 1 1 0 1 0 1 1 0 1 0 1 0 0 0 0 0 0 0 1 0 0 0 0 1 0 1 0 1 1 1 0 0 0 1 1 0 0 0 1 
0 1 1 1 0 1 1 1 0 0 0 0 1 0 1 1 0 0 1 1 2 1 1 1 1 1 1 0 0 0 1 0 1 0 0 0 0 0 0 0 1 1 1 0 0 0 1 1 0 1 0 1 
0 1 1 1 1 0 0 0 0 1 1 0 1 0 0 1 0 1 0 1 0 1 1 1 1 1 1 1 2 0 0 0 1 0 1 1 1 0 1 0 0 0 1 1 1 1 1 1 0 0 1 1 
0 0 1 1 2 0 1 0 1 0 1 1 1 1 1 1 0 1 1 1 1 0 0 0 1 1 0 1 1 0 0 1 1 0 1 0 1 0 0 0 1 1 1 0 0 0 1 1 0 1 0 1 

# Size = 19 | Time = 171 ms
1 0 1 0 0 1 0 1 0 1 1 1 0 0 1 0 0 0 0 0 1 1 0 1 1 1 0 1 1 0 1 1 1 1 1 1 0 1 1 0 1 1 0 0 0 1 1 0 0 1 0 1 
0 1 1 0 1 1 1 1 0 1 1 1 1 1 0 1 1 1 0 1 2 1 1 0 1 1 0 0 3 1 1 0 1 1 1 0 0 1 0 0 1 0 0 0 0 1 1 0 1 0 0 1 
0 0 1 0 1 0 1 0 1 1 0 1 1 0 1 0 1 1 0 0 1 0 1 1 0 1 1 1 2 0 1 1 1 0 1 1 1 1 1 0 1 0 0 1 1 0 1 1 0 0 1 1 
1 1 1 1 2 0 0 0 0 0 1 1 1 1 0 0 0 0 1 1 0 0 0 0 1 1 0 0 2 0 0 1 1 0 0 0 1 1 1 1 0 0 1 0 0 1 0 0 1 0 0 0 
1 0 0 1 2 0 1 1 1 0 0 0 0 0 1 0 1 1 1 1 1 0 0 0 0 0 1 0 3 1 0 1 0 0 1 0 1 0 1 1 1 1 0 1 1 0 1 1 0 0 0 1 
0 1 0 1 2 1 1 1 1 0 1 0 0 0 1 1 0 0 1 0 3 0 1 0 1 0 1 1 0 0 1 1 0 1 0 1 1 1 1 0 0 0 1 1 1 1 1 0 1 1 0 0 
1 0 0 0 2 0 0 0 0 0 1 0 0 1 0 0 0 1 1 1 2 1 0 0 0 0 0 1 1 0 0 0 0 1 0 1 1 0 1 1 1 0 1 0 0 1 0 1 0 1 0 0 
1 1 0 1 1 0 0 1 0 1 0 0 0 0 0 0 0 0 1 0 2 0 0 1 0 0 1 1 1 1 0 0 0 0 0 0 0 0 0 1 0 1 1 1 1 1 0 0 1 1 0 0 
1 0 0 0 1 0 0 0 0 0 0 1 1 1 0 1 1 1 0 1 3 1 0 1 0 1 1 0 0 1 1 0 1 1 1 0 0 0 0 1 1 1 1 0 0 1 1 1 0 0 1 0 
1 1 1 1 0 0 0 0 0 0 1 0 1 1 0 0 0 0 1 1 3 0 1 1 1 0 0 0 3 0 0 1 1 0 0 1 0 0 0 1 0 0 1 1 1 0 0 0 1 0 1 1 
0 1 0 1 1 1 1 1 1 1 0 1 0 1 1 1 1 0 0 0 0 1 0 1 0 0 0 0 1 1 0 0 0 1 0 1 0 0 1 1 1 1 0 1 1 0 1 1 0 0 1 1 
0 0 0 0 0 1 0 1 1 0 0 0 0 1 1 1 1 1 0 0 2 1 1 0 1 0 1 0 2 1 1 0 0 1 1 0 0 0 0 0 0 1 0 0 0 0 1 1 0 1 1 1 
0 1 1 1 2 1 1 0 1 1 1 1 1 1 0 0 1 0 0 1 1 1 0 1 0 1 0 1 0 1 0 0 0 0 0 1 0 1 0 0 0 1 1 1 0 1 0 0 1 1 1 0 
1 0 1 0 0 1 1 1 1 1 1 0 0 0 1 0 1 1 0 0 0 1 1 0 0 1 1 1 0 0 1 1 0 1 1 1 1 0 0 0 0 1 0 1 0 0 0 0 1 1 0 1 
0 0 0 1 0 1 1 0 0 1 0 1 1 1 1 1 0 1 0 1 3 0 0 0 0 0 1 1 2 0 0 0 1 0 0 1 1 1 1 0 1 0 0 0 0 1 1 0 1 1 1 0 
0 0 0 0 0 1 1 0 0 0 1 1 1 0 1 1 0 0 0 0 1 1 1 0 1 1 1 1 1 0 0 1 1 0 0 1 1 1 1 1 0 1 1 1 0 0 1 0 1 1 1 1 
1 0 0 0 0 1 1 0 0 1 1 1 0 1 0 1 1 1 0 0 3 1 0 1 0 0 1 0 1 1 1 0 0 1 1 0 0 1 1 1 1 1 0 0 0 0 1 1 0 0 1 1 
1 1 0 1 1 1 0 1 1 1 0 0 1 0 0 1 0 1 0 1 2 0 1 1 1 0 0 0 0 0 0 1 0 0 0 0 1 1 1 0 1 1 0 0 0 1 1 0 0 0 0 0 
0 0 0 1 1 0 0 0 1 0 0 0 1 1 1 0 0 0 0 0 0 1 1 1 0 1 1 1 3 0 0 1 1 1 1 0 0 1 0 0 1 0 0 1 1 1 0 0 0 1 0 0 

# Size = 18 | Time = 179 ms
1 1 1 1 1 1 1 0 1 1 1 1 1 0 0 1 1 0 0 0 0 0 1 0 1 0 0 0 3 0 0 1 1 1 0 1 1 1 1 1 1 0 0 0 0 1 1 1 0 0 1 0 
0 1 1 1 2 1 0 0 1 1 0 1 0 1 1 0 0 0 1 1 1 1 0 1 1 0 0 0 2 0 0 1 0 1 1 0 0 1 1 0 1 0 1 1 0 1 1 0 0 1 0 1 
0 0 0 1 1 1 0 0 0 1 1 0 1 0 0 1 0 0 1 0 3 1 0 0 0 0 1 1 0 1 1 0 0 1 1 0 1 1 0 1 0 0 1 0 0 1 1 0 0 0 1 0 
1 0 0 0 2 0 0 1 0 0 0 1 0 1 1 0 1 1 0 0 3 0 1 0 0 1 1 1 2 0 0 0 1 0 0 0 0 1 1 0 1 1 1 1 0 1 0 1 0 1 0 1 
1 1 1 0 0 0 0 1 0 1 0 0 0 1 1 0 1 0 0 0 1 1 0 1 0 1 0 1 0 0 1 1 1 0 0 1 1 0 0 1 1 1 0 1 1 1 1 0 1 0 1 0 
1 1 0 0 1 1 0 0 0 1 0 0 0 1 1 1 0 1 1 0 2 1 1 0 0 1 0 0 1 0 1 0 1 0 1 0 1 1 0 1 0 0 1 0 0 1 1 0 1 0 0 0 
0 1 0 0 2 0 1 1 0 0 0 1 0 1 1 0 1 0 1 0 2 0 1 1 1 1 1 1 3 1 1 0 0 0 0 0 1 0 0 1 0 1 0 0 0 0 0 0 1 0 1 1 
0 0 1 0 2 0 0 0 0 0 0 0 1 0 0 0 0 1 0 1 1 0 1 0 1 1 1 0 0 1 0 0 1 1 0 1 0 1 0 1 0 0 0 0 0 0 0 1 0 1 0 1 
0 0 0 1 0 1 1 1 1 0 1 1 0 0 1 1 1 0 1 1 1 0 0 1 1 0 1 1 1 1 0 1 0 1 0 0 0 0 0 0 1 1 0 1 0 0 1 1 0 1 0 1 
1 1 1 0 1 1 1 1 1 1 1 0 0 0 0 0 0 1 1 1 3 0 1 1 1 0 0 0 2 1 1 1 0 0 1 1 1 0 1 0 0 1 0 0 0 0 0 0 1 1 1 1 
0 0 1 1 0 0 1 0 1 1 1 1 1 1 0 0 0 1 0 0 3 1 1 1 0 0 1 0 1 0 1 0 0 0 1 1 0 0 1 0 0 1 1 0 0 0 0 1 0 0 1 1 
0 0 0 1 1 0 0 0 1 0 0 0 1 1 1 1 0 1 0 1 1 0 1 1 1 1 1 0 3 0 0 1 1 1 1 1 0 1 0 0 1 0 1 1 1 1 1 0 1 1 0 0 
0 0 1 1 2 1 1 1 1 0 1 1 1 0 0 1 1 1 0 1 2 0 0 0 1 0 0 0 0 1 0 1 1 1 1 0 0 0 1 0 1 0 0 1 1 1 1 1 0 1 0 0 
0 0 0 0 2 0 0 1 0 0 1 0 0 1 1 0 0 1 1 1 0 1 0 1 0 1 1 1 2 1 1 0 0 0 1 0 0 0 0 1 0 1 1 1 1 0 0 0 1 0 0 1 
1 0 0 0 0 0 1 1 0 1 0 1 1 1 0 0 0 1 0 0 3 1 0 0 0 1 1 0 3 1 1 0 1 1 0 0 1 0 0 1 0 0 1 1 1 1 0 1 0 1 0 0 
1 1 1 0 2 0 1 0 0 1 0 0 0 0 1 1 0 0 1 0 0 1 0 1 1 0 1 0 1 0 0 1 0 1 0 1 1 1 1 0 0 0 1 1 1 1 1 0 0 1 0 1 
1 0 1 0 0 1 0 1 0 0 0 0 1 0 0 1 0 1 0 1 2 1 1 0 0 1 0 1 2 0 0 0 0 1 1 1 0 1 0 1 1 1 1 0 0 1 1 1 0 1 0 0 
1 0 1 0 0 0 0 0 0 0 1 0 0 1 1 1 1 1 0 0 0 1 1 0 1 1 1 1 0 1 0 1 1 0 1 0 0 1 1 0 1 0 1 1 1 0 1 0 1 1 0 1 

# Size = 18 | Time = 147 ms
1 0 0 0 0 1 0 0 0 1 1 0 0 0 1 1 0 1 1 1 3 0 1 0 1 0 0 0 3 1 0 0 0 1 1 1 0 1 1 0 1 0 1 0 0 0 1 0 0 0 1 1 
1 1 0 0 2 1 0 0 0 0 1 0 0 1 0 0 0 1 0 0 3 0 0 1 0 1 1 0 2 1 1 1 0 0 0 0 1 1 0 0 0 0 1 1 1 1 0 1 0 0 1 0 
1 0 1 1 1 0 1 0 1 0 1 1 1 1 1 0 0 1 1 0 1 0 1 0 0 0 1 1 1 0 1 1 0 1 1 1 1 1 1 1 1 0 1 1 1 0 0 0 0 1 0 1 
1 0 0 1 0 1 0 0 1 1 0 0 1 0 1 0 0 1 1 1 2 0 0 1 1 0 1 1 1 1 1 0 1 0 0 1 1 1 1 0 0 1 1 1 0 1 0 0 1 1 0 0 
0 1 0 0 2 1 0 0 1 0 0 0 1 1 0 0 0 1 0 0 1 0 1 1 1 1 0 0 3 0 1 1 0 1 1 0 1 0 0 1 0 0 1 1 1 1 1 0 1 0 1 0 
0 0 1 1 1 1 1 0 1 1 0 0 0 0 1 1 1 1 0 1 0 1 1 0 1 1 0 1 2 0 1 1 1 1 1 1 0 1 1 1 0 1 1 1 0 1 1 0 0 0 1 1 
1 0 1 0 0 0 0 0 0 1 0 0 1 1 1 0 0 0 0 0 3 1 1 1 0 1 0 0 0 0 1 0 0 1 0 1 1 0 1 1 0 1 0 1 0 1 1 1 0 1 0 0 
0 1 1 1 1 0 1 1 0 0 0 1 1 0 0 1 0 1 0 1 1 1 0 1 1 0 0 0 0 0 0 0 1 0 0 0 1 1 0 0 1 0 0 1 0 0 1 1 0 0 1 1 
0 1 1 0 0 1 1 1 0 0 1 1 1 1 0 1 1 0 1 1 2 1 0 0 0 0 0 1 2 1 0 1 0 1 0 0 0 1 0 1 1 0 0 1 1 0 1 0 1 1 1 1 
0 1 0 0 0 0 0 1 1 0 1 1 1 1 0 0 0 0 0 0 0 1 0 0 0 1 1 0 1 1 0 0 0 0 1 1 0 0 0 0 1 1 0 1 1 1 0 1 0 0 0 0 
1 1 1 1 2 0 1 1 1 1 0 1 0 1 0 0 1 0 0 1 1 1 0 1 0 1 1 1 3 1 0 1 1 0 0 0 0 0 1 0 1 1 0 0 0 0 1 0 1 1 0 1 
1 1 0 0 1 0 0 1 1 0 0 1 0 0 1 1 1 0 1 0 2 0 1 1 1 1 1 0 3 1 0 0 1 0 1 0 1 0 0 1 0 0 0 0 0 1 1 1 0 0 1 0 
1 0 0 1 1 1 1 1 1 1 1 0 0 0 0 1 1 0 1 0 0 0 1 0 0 0 1 1 0 1 1 1 1 1 1 0 0 0 0 1 1 0 1 1 1 1 1 0 1 1 0 0 
0 0 0 1 2 1 1 1 1 1 1 1 0 0 1 1 1 1 1 1 3 1 1 0 0 0 0 1 1 0 1 0 1 0 1 0 1 1 1 0 1 1 0 0 0 0 1 0 1 1 1 1 
1 1 1 0 0 0 0 0 0 0 0 0 1 0 1 1 1 0 0 0 1 1 0 0 1 0 0 1 2 1 1 0 1 1 1 1 0 0 1 0 1 0 0 0 0 0 1 1 0 1 0 1 
0 1 0 0 1 0 0 0 0 0 1 0 1 1 0 1 0 0 1 1 3 0 1 1 0 1 1 0 1 1 0 0 1 0 1 0 0 1 1 0 1 1 1 1 1 1 1 1 0 1 0 1 
0 0 0 1 2 0 0 0 1 1 1 1 0 0 0 0 1 0 0 0 2 0 0 1 0 1 0 0 0 0 1 1 0 1 1 1 0 0 1 0 0 0 0 0 0 1 0 0 0 0 1 0 
0 0 0 1 2 1 0 0 0 1 0 0 0 1 1 0 1 1 1 1 0 0 0 1 1 0 0 0 3 0 1 0 0 0 0 0 1 1 0 0 0 1 1 0 0 0 0 1 0 0 0 1 

# Size = 19 | Time = 159 ms
1 0 1 1 2 1 1 0 0 0 0 0 0 1 1 1 0 0 1 1 3 1 0 0 0 0 1 1 0 0 1 0 1 1 0 1 0 1 1 0 0 1 0 1 0 0 1 0 0 1 0 1 
1 1 1 1 0 0 1 1 1 1 1 0 0 1 1 1 0 1 1 0 0 0 1 0 1 0 1 0 3 0 0 1 0 0 1 1 1 1 0 1 0 0 0 1 1 1 1 1 0 1 0 0 
0 0 0 0 1 1 0 0 0 0 1 1 1 0 0 0 1 0 0 0 2 1 0 1 0 1 0 1 2 0 0 0 1 1 0 0 0 0 1 0 1 1 1 1 0 0 0 0 1 0 1 1 
1 0 0 0 0 0 0 1 1 0 0 0 1 0 0 1 0 0 1 1 0 1 0 1 1 0 1 0 1 1 1 0 0 1 1 0 0 1 0 0 1 0 1 0 0 0 1 0 1 1 0 1 
1 1 1 1 1 1 1 0 1 0 0 0 0 1 0 1 1 0 1 1 1 0 1 1 1 1 0 0 3 0 1 0 0 0 0 1 0 0 0 0 1 1 1 0 0 1 1 0 1 0 0 1 
0 1 0 0 1 1 0 1 1 1 0 1 0 1 1 1 1 0 0 0 1 0 0 0 0 1 1 0 1 1 1 1 1 0 0 0 1 1 0 1 0 1 1 1 1 1 1 1 0 1 1 1 
0 1 1 0 0 0 0 1 0 0 1 1 1 0 0 1 1 1 0 0 3 0 1 1 0 1 0 1 3 1 1 1 1 0 1 0 1 1 0 1 0 0 1 1 1 1 1 0 0 1 0 0 
1 1 1 1 2 0 1 1 1 1 0 1 1 1 1 1 0 1 1 1 2 0 1 1 1 0 1 0 2 1 1 1 0 0 1 0 1 1 0 1 0 0 1 0 0 1 1 1 0 0 0 0 
0 0 0 1 2 0 0 1 0 1 1 1 1 1 0 0 0 0 0 1 1 0 1 1 1 0 0 0 0 1 0 1 0 0 1 0 1 0 0 1 0 0 1 1 1 1 0 1 0 1 0 0 
0 1 0 0 0 0 1 0 1 1 0 0 1 0 1 0 1 1 1 0 3 1 1 0 1 0 1 0 0 1 0 0 0 0 0 1 1 0 1 1 0 1 0 0 0 1 0 0 1 0 1 0 
1 1 1 1 2 1 1 0 0 1 1 1 0 0 1 0 1 1 0 0 0 1 1 1 0 1 0 1 1 0 1 1 0 1 0 1 0 0 1 1 1 0 0 0 0 1 0 1 0 0 1 0 
0 0 1 1 1 0 0 0 1 1 1 0 0 1 0 0 0 1 0 0 2 0 0 0 1 0 0 1 0 1 0 0 1 1 1 0 0 0 1 0 1 0 0 1 1 1 1 0 1 1 0 0 
1 1 0 1 1 0 1 1 0 1 0 1 1 0 1 0 0 1 0 0 3 1 1 1 0 1 1 1 1 1 0 1 1 0 1 1 1 0 0 0 1 0 1 1 1 0 0 1 0 0 1 1 
1 0 0 0 2 0 0 1 0 1 0 0 0 0 1 0 1 0 1 1 2 1 0 1 0 0 1 0 3 1 0 1 0 1 0 1 1 1 1 1 0 1 1 0 0 0 0 0 1 0 1 1 
0 0 1 1 1 1 1 0 0 0 1 1 0 1 0 1 0 0 0 1 0 0 1 0 0 1 1 0 0 1 1 0 1 0 1 1 0 1 0 1 1 1 1 0 0 0 1 1 0 0 1 1 
1 1 1 0 0 1 0 1 1 0 0 0 0 0 1 1 1 1 0 1 1 1 1 0 0 0 0 1 2 1 0 1 1 1 1 1 1 1 1 1 1 1 0 1 1 0 1 1 0 1 1 1 
0 0 1 1 0 0 1 0 0 1 0 1 1 0 0 0 1 0 1 1 2 1 0 0 1 0 1 0 1 0 1 1 0 0 0 0 1 1 1 0 1 0 0 0 0 1 1 0 0 1 0 0 
0 0 1 0 1 1 1 0 0 1 1 0 0 1 0 0 1 1 1 1 3 1 0 1 0 0 1 1 2 0 0 1 0 1 0 1 1 0 1 1 1 0 1 0 0 0 1 1 0 0 0 1 
0 1 1 1 1 0 1 1 1 1 1 0 0 1 1 0 0 0 0 0 0 1 0 1 0 1 0 0 2 1 0 1 1 0 0 1 0 0 1 0 0 0 1 0 0 1 0 0 1 0 1 1 

