# Size = 25 | Time = 557 ms
0 0 0 0 0 0 0 1 1 0 0 1 0 3 3 2 3 2 
0 1 1 1 1 1 1 0 0 1 1 0 0 1 0 1 2 3 
1 0 0 0 1 0 1 0 1 0 1 0 1 0 0 0 1 0 
0 1 1 0 0 1 0 1 0 1 0 1 1 2 1 0 0 1 
0 0 1 1 1 0 0 1 1 0 0 0 0 2 2 3 0 3 
0 1 0 1 1 0 1 0 1 1 0 1 0 3 1 3 2 0 
0 1 0 0 0 1 1 1 0 0 1 1 0 1 2 2 1 0 
0 1 1 0 0 1 1 0 0 1 1 0 0 0 3 3 3 3 
0 0 1 1 1 1 0 1 0 0 0 1 0 0 1 1 1 2 
1 0 0 1 1 0 0 1 0 0 1 0 0 3 0 0 3 1 
0 0 0 1 1 0 0 0 1 1 0 0 1 1 2 0 2 2 
0 0 0 0 0 1 1 0 1 0 1 0 0 2 3 1 2 1 
0 1 1 1 1 1 1 0 1 1 1 0 0 3 0 2 0 2 
1 0 0 0 0 1 0 1 0 1 0 1 1 3 0 0 0 3 
0 1 1 1 1 1 0 0 1 0 0 0 1 2 3 0 3 0 
0 1 1 1 1 0 1 0 1 1 0 1 0 3 2 1 1 1 
0 1 0 0 0 1 0 0 0 0 1 0 0 2 1 2 1 3 
0 1 1 0 1 0 0 1 0 0 0 1 0 0 2 2 2 1 
0 1 0 1 1 0 0 0 1 1 0 1 0 0 3 1 0 0 
0 1 1 0 1 1 0 0 1 0 0 0 0 1 1 3 3 1 
0 1 1 1 1 1 0 0 0 0 1 1 0 2 0 3 1 2 
1 0 0 0 1 1 0 1 0 0 1 0 1 2 0 0 2 2 
0 0 0 1 1 0 1 0 1 1 0 1 0 1 3 3 1 2 
0 1 1 1 1 0 1 1 1 0 0 1 0 2 2 1 3 0 
0 1 0 0 0 1 1 1 1 0 0 1 0 1 1 1 0 2 

# Size = 27 | Time = 579 ms
0 1 1 1 1 0 0 0 1 0 1 0 0 2 2 2 0 2 
0 0 0 0 0 1 1 1 0 1 0 1 0 3 3 3 1 3 
1 0 0 0 0 0 0 1 1 0 1 0 1 0 0 0 1 0 
0 1 1 1 1 1 0 1 1 1 0 1 0 1 1 1 2 1 
0 1 0 1 1 1 1 0 0 1 0 1 1 0 2 0 3 3 
0 0 1 0 0 1 1 0 0 0 1 0 0 2 0 3 2 1 
0 0 1 1 1 0 0 0 1 0 1 1 0 3 3 1 3 0 
0 0 0 0 0 0 1 0 0 1 1 0 1 1 1 0 1 2 
1 0 0 1 1 1 1 1 0 1 0 1 0 3 0 0 0 0 
0 1 0 0 0 1 1 1 1 1 0 0 0 3 3 2 3 2 
0 0 1 0 0 0 1 1 0 0 0 0 0 0 2 1 0 3 
1 0 0 0 0 0 0 0 1 1 1 1 1 2 0 0 2 3 
0 1 1 1 1 0 0 0 1 0 1 1 0 1 0 3 3 2 
0 0 1 0 1 0 0 1 0 0 0 1 0 2 1 2 3 0 
0 0 1 1 1 0 1 1 0 1 1 0 1 1 3 0 0 1 
0 1 1 1 1 1 1 0 1 1 1 1 0 3 2 2 1 1 
0 1 0 1 1 1 0 0 0 0 0 1 0 1 1 2 0 3 
0 1 0 0 1 0 1 0 1 1 1 1 1 3 2 0 2 0 
0 1 0 0 0 0 1 0 1 0 0 1 0 0 3 2 2 2 
0 0 0 0 0 1 0 0 0 1 1 1 0 2 0 1 1 2 
0 1 0 1 1 0 0 0 1 0 0 0 0 0 1 3 0 1 
0 0 1 1 1 0 0 0 1 0 0 0 0 1 2 3 0 0 
1 0 0 1 1 1 0 0 0 0 0 1 1 3 0 0 3 1 
0 0 1 0 0 1 1 1 0 1 0 1 0 2 3 3 0 2 
0 0 0 0 0 0 1 1 0 1 1 1 0 1 0 2 1 3 
1 0 0 0 1 1 1 0 1 0 1 1 1 3 0 0 3 2 
0 0 0 1 1 1 0 0 1 1 0 1 0 3 1 3 2 1 

# Size = 25 | Time = 664 ms
0 1 0 0 0 1 1 0 0 1 1 0 0 3 1 3 0 2 
0 0 1 1 1 0 0 1 1 0 0 1 0 2 3 2 1 3 
0 1 1 1 1 1 1 0 1 0 1 1 1 1 2 0 3 0 
1 0 0 0 0 1 0 1 0 0 1 0 1 0 0 0 2 1 
0 1 1 0 0 0 1 0 0 1 0 0 0 2 3 1 2 0 
1 0 0 0 1 0 1 0 1 1 0 0 1 0 0 0 1 2 
0 0 0 1 1 1 0 1 0 1 0 1 0 1 1 1 3 3 
0 0 1 1 1 0 0 1 1 1 0 0 0 3 2 3 3 1 
0 1 1 0 0 0 1 0 1 1 1 0 0 0 0 2 3 3 
0 1 1 0 0 0 0 0 1 0 0 1 0 1 1 2 0 1 
0 1 0 1 1 1 1 1 0 0 1 1 0 2 2 2 2 2 
1 0 0 1 1 1 0 1 0 1 1 1 1 2 0 0 0 3 
0 0 0 0 0 1 0 1 1 0 1 1 0 3 0 1 1 0 
0 1 0 1 1 1 1 0 1 0 1 1 0 0 3 3 0 0 
0 0 1 1 1 0 0 1 0 1 0 0 1 3 3 0 3 2 
0 0 0 0 0 1 0 0 1 0 1 1 0 0 2 1 0 3 
0 1 1 0 0 0 1 0 1 0 1 0 0 1 0 3 2 3 
0 1 0 0 1 1 1 1 0 1 0 0 0 2 1 3 1 1 
0 1 0 0 0 1 0 1 1 0 0 1 1 3 1 0 2 3 
1 0 0 0 1 1 1 1 0 1 1 0 0 3 0 0 3 0 
0 0 0 0 0 0 1 1 1 1 1 1 0 1 3 1 1 2 
0 0 0 0 0 0 1 1 0 0 0 1 0 2 3 1 3 1 
0 1 1 0 0 1 1 0 0 0 1 0 0 3 1 2 1 0 
0 0 0 1 1 0 1 1 0 0 0 0 1 0 1 0 2 2 
0 1 0 0 0 0 0 1 0 1 0 0 0 2 2 1 1 2 

# Size = 27 | Time = 582 ms
0 1 0 0 0 0 0 1 0 1 0 0 0 3 1 1 2 0 
0 0 1 1 1 1 1 0 1 0 1 1 0 1 2 2 1 1 
0 1 1 0 0 1 0 0 0 0 1 1 0 0 3 3 0 3 
1 0 0 0 0 1 1 1 1 1 1 0 1 2 0 0 3 2 
0 0 1 1 1 0 0 1 0 0 0 1 1 3 3 0 3 1 
0 1 1 1 1 0 1 0 1 0 0 0 0 0 0 1 2 2 
0 1 0 1 1 0 0 1 0 1 0 0 0 2 2 3 1 3 
0 0 1 1 1 0 1 0 1 1 1 0 0 1 1 3 0 0 
0 1 0 0 0 0 1 1 0 1 0 0 0 1 3 2 1 2 
0 1 0 0 0 1 0 0 1 0 1 1 1 3 2 0 0 2 
1 0 0 0 1 1 1 0 1 0 0 1 1 3 0 0 2 3 
1 0 0 1 1 0 0 0 0 1 1 1 0 0 0 0 3 0 
0 0 1 0 0 1 0 0 1 1 1 1 0 2 3 1 2 1 
0 1 1 0 0 1 0 1 1 0 0 1 0 2 1 2 0 0 
0 1 0 0 1 0 0 1 1 1 1 1 1 1 1 0 3 3 
0 1 0 0 1 1 1 1 0 1 1 0 0 0 0 2 0 1 
0 0 0 0 1 0 0 1 1 0 1 1 1 0 1 0 1 0 
0 1 1 0 1 0 0 1 0 1 1 1 0 0 2 1 3 0 
0 0 1 0 0 0 1 0 1 1 1 0 0 1 0 3 2 2 
0 0 0 1 1 0 0 1 0 1 1 0 0 3 2 2 2 3 
0 0 1 1 1 0 0 1 0 1 1 0 0 1 0 1 1 3 
0 0 1 0 1 1 0 1 1 1 0 1 0 3 1 3 1 1 
0 0 1 0 1 0 0 0 1 0 0 1 0 1 3 1 0 0 
0 0 1 0 0 0 0 1 0 0 1 0 0 2 1 2 3 2 
1 0 0 1 1 0 0 0 1 0 1 0 0 2 0 0 1 1 
0 1 0 0 1 0 0 1 0 0 0 1 0 1 1 3 3 3 
1 0 0 1 1 1 1 1 0 1 0 1 0 2 0 0 0 2 

# Size = 24 | Time = 556 ms
0 1 1 0 0 0 1 0 1 1 0 0 0 3 0 3 2 1 
0 0 0 1 1 1 0 1 0 0 1 1 0 2 1 1 1 3 
1 0 0 0 0 0 1 1 0 0 0 0 1 0 0 0 3 0 
0 1 1 1 1 1 1 0 1 1 1 1 1 1 2 0 0 2 
0 1 1 0 0 0 0 0 1 0 1 1 0 0 3 2 1 2 
0 0 0 1 1 1 0 1 0 1 0 0 0 3 3 2 2 0 
0 1 0 0 0 0 0 0 1 1 0 0 0 1 1 3 3 3 
0 1 1 0 0 0 1 1 1 1 0 0 0 2 2 1 3 0 
1 0 0 1 1 1 0 0 0 1 1 1 1 3 0 0 1 1 
0 0 1 1 1 0 0 1 0 0 1 0 0 0 2 3 0 3 
0 0 0 0 0 1 1 1 0 0 0 1 0 1 3 1 0 1 
1 0 0 0 1 1 0 0 0 0 1 0 0 2 0 0 2 2 
0 1 0 1 1 1 1 0 0 0 1 1 0 3 2 2 3 1 
0 0 1 1 1 0 1 0 1 0 1 1 1 3 1 0 0 0 
0 1 0 1 1 0 1 1 0 1 1 1 1 2 3 0 2 3 
0 0 1 0 1 1 1 1 1 1 0 1 0 0 1 1 2 2 
0 0 0 0 0 1 1 1 0 0 0 0 0 1 0 3 1 0 
0 0 1 0 1 1 0 1 1 0 0 0 0 2 0 2 0 3 
1 0 0 1 1 0 0 1 1 0 0 0 0 3 0 0 0 3 
0 0 0 0 0 0 1 0 1 1 0 1 0 2 3 3 3 2 
0 1 1 1 1 0 0 0 0 0 0 1 0 3 0 1 3 2 
0 0 1 1 1 1 1 1 1 1 1 1 0 0 1 2 3 1 
0 0 0 0 0 1 0 0 0 0 1 0 0 1 2 2 2 3 
0 1 1 0 0 1 1 1 1 1 1 1 0 2 2 3 1 1 

# Size = 25 | Time = 563 ms
0 0 0 0 0 1 1 1 1 0 1 1 0 2 3 1 1 2 
0 1 1 1 1 0 0 0 0 1 0 0 0 3 0 2 2 1 
0 1 0 0 1 0 0 0 1 1 1 1 1 1 2 0 0 0 
1 0 0 1 1 1 1 1 0 0 0 1 1 0 0 0 3 3 
0 0 1 0 0 1 0 1 0 0 1 0 0 1 1 3 3 1 
0 1 1 0 0 0 1 0 1 1 0 0 0 0 1 3 1 0 
1 0 0 1 1 0 0 0 1 1 1 0 1 2 0 0 3 2 
0 1 0 0 0 1 1 1 1 0 1 1 0 3 2 2 2 0 
0 1 1 1 1 1 0 0 0 1 0 0 0 3 3 1 3 0 
0 0 1 0 0 0 1 1 0 0 0 0 0 1 3 2 0 3 
0 1 1 1 1 1 1 0 0 0 0 1 0 2 1 3 0 2 
0 0 1 1 1 0 0 0 0 1 1 1 1 3 1 0 1 3 
1 0 0 0 0 1 0 1 1 1 1 1 0 0 0 0 0 1 
0 0 1 1 1 0 1 1 1 1 0 0 0 0 2 1 2 3 
0 1 0 1 1 0 0 0 0 1 0 1 0 2 2 3 2 3 
0 1 1 1 1 1 1 1 0 0 1 0 0 1 0 1 1 1 
0 0 0 0 0 1 1 0 1 1 0 1 1 0 3 0 2 1 
0 1 0 0 1 1 0 1 1 0 1 1 0 1 1 2 2 2 
0 0 1 0 1 0 1 1 1 1 0 0 0 0 2 2 1 2 
0 0 1 1 1 1 0 1 1 1 1 1 0 3 0 3 0 0 
0 0 1 1 1 0 0 1 1 1 0 1 0 2 2 2 3 1 
1 0 0 0 0 1 0 0 0 0 0 0 0 3 0 0 2 0 
0 0 0 0 1 0 0 1 1 0 1 0 0 2 1 1 0 0 
1 0 0 0 0 0 1 0 1 1 1 1 0 3 0 0 1 2 
0 0 0 0 0 0 1 1 1 1 1 1 0 2 3 3 2 3 

# Size = 27 | Time = 600 ms
0 0 1 0 0 1 1 0 0 1 1 1 0 0 2 3 0 3 
0 1 0 1 1 0 0 1 1 0 0 0 0 2 3 2 3 1 
0 1 1 1 1 0 1 1 1 1 1 1 1 1 0 0 1 0 
1 0 0 0 0 1 0 0 0 0 0 0 1 2 0 0 2 2 
0 0 0 0 1 1 1 1 1 1 1 0 0 3 1 1 3 2 
0 1 1 1 1 0 0 0 0 0 1 1 0 1 2 1 2 1 
0 1 0 0 0 0 0 1 0 1 0 1 0 0 1 2 2 0 
0 0 1 1 1 0 0 0 0 0 0 0 0 3 3 3 1 3 
0 1 0 0 0 1 1 1 1 0 0 0 0 3 2 0 0 1 
0 1 0 0 0 1 1 0 0 1 0 1 1 1 3 0 3 3 
1 0 0 1 1 0 1 1 1 1 1 0 0 0 0 0 3 3 
0 1 1 1 1 0 1 0 1 0 1 1 1 2 1 0 0 2 
0 0 0 1 1 1 1 0 1 0 0 0 0 0 3 1 1 0 
0 0 1 0 0 1 1 0 0 1 1 1 0 2 2 2 1 2 
1 0 0 0 1 0 0 1 1 1 1 1 1 3 0 0 0 1 
0 0 0 0 1 0 1 1 1 1 1 0 0 1 3 3 2 2 
0 1 1 1 1 1 0 0 0 0 0 0 0 2 2 3 3 0 
0 1 1 1 1 1 1 0 1 0 0 0 0 0 1 3 1 1 
0 0 0 0 0 0 1 0 0 1 0 1 0 2 1 1 0 3 
0 1 0 1 1 1 0 0 0 0 1 0 0 1 0 2 0 3 
1 0 0 0 1 0 1 0 1 0 1 1 0 3 0 0 1 0 
0 1 0 1 1 0 0 1 0 1 0 0 1 0 2 0 3 2 
0 0 0 0 1 0 0 1 0 1 1 1 0 3 3 2 2 3 
0 1 0 0 1 0 1 1 0 1 0 0 0 3 3 0 0 0 
0 0 0 0 1 1 0 0 1 1 1 0 0 0 0 1 0 2 
0 0 1 0 0 0 1 1 1 0 1 1 0 1 1 3 3 2 
0 0 0 0 1 1 1 0 1 1 0 0 0 0 0 3 1 2 

# Size = 26 | Time = 568 ms
0 0 1 0 1 0 0 1 1 0 1 0 1 2 2 0 3 2 
0 1 0 0 0 1 1 0 0 1 0 1 0 0 3 3 0 0 
0 1 0 1 1 0 0 1 0 0 0 0 0 3 0 1 2 1 
1 0 0 1 1 1 1 0 1 1 1 1 1 3 0 0 1 3 
0 0 1 0 0 1 0 1 0 0 0 0 0 1 1 2 1 3 
0 1 1 0 0 0 1 0 1 1 1 1 0 2 1 1 2 0 
0 1 0 1 1 0 1 1 1 1 1 1 0 1 3 2 2 2 
0 0 1 0 0 0 0 0 1 1 0 0 1 0 1 0 0 1 
0 1 0 1 1 1 1 0 0 0 0 1 0 2 1 3 3 1 
1 0 0 1 1 0 0 1 0 0 0 0 1 0 0 0 3 0 
0 1 0 0 0 0 0 0 0 1 1 1 0 0 2 3 1 2 
0 1 1 1 1 1 1 0 0 0 0 0 0 1 2 1 0 3 
0 0 1 0 0 1 0 1 1 0 1 0 0 3 3 3 0 2 
0 0 1 0 0 0 0 1 0 1 1 0 0 2 3 1 3 3 
1 0 0 0 0 0 0 0 0 0 0 1 0 2 0 0 0 2 
0 1 0 1 1 1 0 0 0 0 1 1 1 1 3 0 2 1 
0 0 0 0 0 1 1 0 1 1 0 0 0 0 2 2 2 3 
0 1 1 0 0 0 0 1 0 1 1 0 0 3 2 2 3 0 
0 1 1 1 1 0 0 1 1 0 0 1 0 1 0 2 0 0 
0 0 1 0 1 1 1 0 1 0 1 1 0 1 0 3 2 3 
0 1 1 0 0 0 1 1 1 0 1 1 0 2 3 1 1 0 
0 0 1 1 1 0 1 1 1 0 1 1 0 2 2 2 1 1 
0 1 1 1 1 1 0 1 0 0 1 1 0 3 1 1 1 2 
1 0 0 0 1 0 1 1 0 0 0 0 1 0 0 0 2 1 
0 0 0 1 1 1 1 0 1 1 0 1 0 1 3 3 3 2 
0 0 0 0 0 0 1 1 0 1 1 0 0 0 3 1 1 1 

# Size = 26 | Time = 561 ms
0 0 0 0 0 1 0 1 0 1 1 1 1 2 1 0 1 2 
0 1 1 1 1 0 1 0 1 0 0 0 0 0 2 2 0 3 
1 0 0 1 1 1 1 1 1 1 0 1 0 3 0 0 2 1 
0 1 1 0 0 1 0 0 0 0 1 0 0 1 0 1 3 0 
0 1 1 0 0 0 0 0 1 1 1 0 0 3 3 3 1 1 
0 0 0 1 1 0 1 1 0 0 0 1 1 0 3 0 3 0 
0 0 1 1 1 0 0 0 0 0 0 1 0 2 1 3 2 3 
0 1 0 1 1 0 1 1 1 1 1 1 0 1 2 1 1 2 
1 0 0 0 0 0 0 0 1 1 1 0 1 2 0 0 0 0 
0 0 0 0 0 1 0 1 0 0 1 1 0 3 2 2 1 0 
0 1 0 0 0 1 1 1 1 1 0 0 0 0 1 1 2 3 
0 0 1 0 1 1 0 1 0 0 0 1 1 1 1 0 0 1 
0 0 0 0 1 1 0 1 0 0 1 0 0 0 0 3 0 2 
0 1 1 1 1 1 1 0 1 1 1 0 1 3 2 0 3 3 
0 1 1 0 0 1 1 0 0 1 0 1 0 2 3 2 3 2 
1 0 0 0 1 1 1 0 0 0 0 1 0 0 0 0 1 3 
0 0 0 1 1 0 0 1 0 1 1 0 0 3 1 1 0 1 
0 1 1 0 0 0 1 1 0 0 1 0 0 1 1 2 2 0 
0 1 0 1 1 0 1 1 1 1 1 0 0 1 3 3 0 3 
0 0 1 0 1 0 0 0 0 1 0 1 0 2 2 3 3 1 
1 0 0 0 1 0 0 0 0 0 0 0 1 3 0 0 2 2 
0 0 0 0 1 0 1 0 1 1 1 1 0 0 0 2 1 1 
0 0 0 0 0 1 1 1 0 1 1 1 0 2 3 1 2 1 
0 1 1 0 1 0 1 1 0 1 0 0 0 1 1 3 3 0 
1 0 0 0 0 0 0 1 0 1 1 0 0 2 0 0 3 1 
0 1 0 1 1 1 0 1 0 1 1 1 0 2 2 3 2 3 

# Size = 25 | Time = 548 ms
0 1 1 1 1 0 1 1 1 1 0 0 0 1 2 0 2 2 
0 0 0 0 0 1 0 0 0 0 1 1 0 2 0 3 3 3 
1 0 0 1 1 1 1 1 0 0 0 1 1 3 0 0 0 0 
0 1 1 0 0 0 0 0 1 1 1 0 1 0 1 0 1 1 
0 0 0 0 1 0 1 0 1 0 0 1 0 0 3 2 1 2 
0 1 1 1 1 1 0 1 0 1 1 0 0 3 3 1 3 1 
0 0 1 1 1 0 0 0 1 1 1 0 0 2 2 3 0 0 
0 1 0 0 0 1 0 1 0 0 0 0 0 1 1 2 0 3 
0 0 0 0 0 1 1 0 0 0 1 1 0 0 2 1 2 1 
1 0 0 1 1 0 0 1 1 1 1 0 1 0 0 0 1 3 
0 1 1 1 1 0 1 1 0 0 0 1 0 2 1 3 3 2 
0 0 1 0 0 1 0 0 1 1 1 1 1 1 3 0 3 2 
0 1 1 0 0 0 0 0 1 1 1 1 0 3 0 2 2 0 
0 0 0 1 1 0 1 0 1 0 0 0 0 1 0 1 0 2 
0 0 1 1 1 1 1 0 0 1 1 0 0 3 2 2 1 3 
1 0 0 0 0 1 1 0 1 1 0 0 1 2 0 0 2 1 
0 0 1 0 1 0 1 0 0 1 1 1 0 1 3 3 1 0 
0 0 0 1 1 0 0 1 0 1 1 1 0 2 1 1 1 0 
0 0 0 0 0 0 1 1 0 0 1 1 0 3 1 3 2 2 
0 1 0 0 0 0 1 1 0 1 0 1 0 0 3 3 0 1 
0 0 1 0 1 0 0 0 0 0 0 0 0 2 3 2 2 3 
0 0 1 1 1 0 1 1 1 0 1 1 1 0 2 0 3 0 
0 0 0 0 1 1 0 0 1 0 0 1 0 1 1 2 3 1 
1 0 0 0 0 1 0 0 0 0 0 0 0 3 0 0 3 2 
0 1 1 1 1 1 1 0 0 0 0 0 0 0 2 1 1 3 

# Size = 26 | Time = 564 ms
0 1 0 1 1 0 1 0 1 0 0 1 0 3 3 2 1 1 
0 0 1 0 0 1 0 1 0 1 1 0 0 0 2 1 3 2 
1 0 0 1 1 1 0 0 1 1 1 1 1 2 0 0 0 0 
0 1 1 0 1 1 1 1 1 0 0 1 0 1 1 3 2 3 
1 0 0 0 0 0 1 1 0 1 0 0 1 2 0 0 1 3 
0 1 1 0 0 0 0 1 0 0 1 0 0 3 2 2 0 0 
0 0 0 0 0 0 0 0 0 1 1 0 0 1 3 3 2 1 
0 1 0 1 1 0 1 0 0 0 0 1 0 0 2 1 2 3 
0 1 0 1 1 0 1 0 1 0 1 0 0 2 1 3 3 2 
0 0 1 0 0 1 0 0 0 0 0 1 1 3 1 0 3 1 
0 1 1 1 1 1 0 1 1 1 0 1 0 1 0 2 3 2 
0 1 1 0 0 1 1 1 1 0 0 1 1 0 3 0 0 2 
0 0 1 0 0 1 1 1 1 0 0 1 1 1 2 0 1 0 
1 0 0 1 1 0 1 0 0 0 0 1 0 3 0 0 2 2 
0 1 0 0 0 1 0 0 1 1 1 0 0 3 1 1 1 0 
0 0 1 0 1 1 0 0 0 0 1 1 0 0 1 2 0 3 
0 1 0 1 1 1 1 1 0 0 1 1 0 1 0 1 0 1 
0 0 1 0 0 1 1 1 1 1 1 0 0 2 3 2 2 0 
0 1 0 0 1 1 1 1 1 0 1 1 0 0 0 3 1 0 
0 1 1 0 1 1 0 0 0 0 0 0 0 2 3 1 3 3 
0 0 1 0 1 0 0 0 0 0 1 0 0 2 2 3 0 1 
1 0 0 1 1 1 1 0 0 1 0 0 1 0 0 0 3 1 
0 1 0 0 1 1 1 1 1 1 0 1 0 3 2 3 3 3 
0 0 1 0 1 1 1 1 1 1 1 0 0 2 0 3 1 2 
0 0 1 0 0 1 1 1 0 1 1 0 0 0 1 2 3 0 
0 0 0 1 1 0 1 1 1 0 0 1 1 1 1 0 2 2 

# Size = 27 | Time = 582 ms
0 1 1 0 0 0 1 1 1 0 0 1 1 0 1 0 3 1 
0 0 0 1 1 1 0 1 0 1 1 0 0 3 3 3 1 0 
0 0 1 0 1 0 1 0 0 1 1 1 0 2 0 1 2 2 
1 0 0 0 0 1 0 0 1 0 0 1 1 3 0 0 0 3 
0 1 1 1 1 0 1 0 1 0 1 0 0 1 2 2 1 3 
0 1 0 0 0 1 0 1 0 1 0 0 0 1 3 2 3 2 
0 0 0 0 0 1 0 1 0 1 1 0 0 0 2 1 0 1 
0 1 1 1 1 1 0 1 1 1 0 0 1 2 3 0 2 3 
0 1 1 1 1 0 1 0 1 0 0 1 0 0 3 3 0 0 
1 0 0 1 1 0 1 0 0 0 1 0 1 2 0 0 3 1 
0 1 1 1 1 1 1 0 1 0 0 1 0 3 1 1 1 2 
0 0 0 0 0 0 0 1 0 0 1 0 0 2 1 2 2 0 
0 0 1 0 0 0 0 0 1 0 0 1 1 1 2 0 1 0 
0 1 0 0 0 1 0 1 0 1 0 1 0 1 1 3 0 3 
1 0 0 1 1 1 0 1 1 1 1 0 0 0 0 0 2 2 
0 0 0 0 0 0 1 0 1 1 0 1 0 3 2 3 2 1 
0 1 0 1 1 1 0 1 0 1 0 1 0 1 0 2 1 1 
0 1 0 0 0 1 1 1 1 1 1 1 0 2 0 3 0 2 
0 1 1 1 1 1 0 1 1 1 1 0 0 1 3 1 3 3 
1 0 0 0 1 0 0 1 0 0 1 0 1 2 0 0 1 0 
0 0 0 1 1 1 1 1 0 1 0 1 0 2 2 3 3 2 
0 1 0 1 1 1 0 1 1 0 1 0 0 3 2 2 3 0 
0 0 1 0 0 0 0 1 1 1 0 1 0 0 1 2 1 3 
0 0 1 0 1 1 0 1 0 1 1 1 1 1 2 0 2 2 
0 0 1 0 1 1 0 1 0 0 1 1 0 3 3 1 1 1 
0 0 0 1 1 1 0 0 1 0 1 0 0 0 2 2 0 1 
0 0 1 1 1 1 1 0 0 0 1 1 0 1 1 1 0 0 

# Size = 27 | Time = 584 ms
1 0 0 0 1 0 0 0 1 0 0 0 0 3 0 0 3 2 
0 1 1 0 0 1 1 1 0 1 1 1 0 1 1 1 1 3 
0 0 1 1 1 0 0 1 0 1 0 0 0 0 2 2 0 0 
0 1 0 1 1 1 1 0 0 0 1 1 1 2 3 0 2 1 
0 0 1 0 0 0 1 0 1 1 0 0 0 2 3 3 1 3 
0 1 0 0 0 1 0 1 1 0 1 0 0 3 1 3 2 0 
0 1 1 0 0 0 0 1 1 1 0 1 1 0 1 0 3 1 
0 1 0 0 0 1 1 0 1 0 1 1 0 1 2 3 0 2 
0 0 0 1 1 1 1 0 1 0 1 1 0 0 0 2 1 3 
0 0 1 1 1 0 0 0 0 1 0 0 0 3 2 1 2 1 
0 0 1 1 1 1 1 0 0 1 0 0 1 1 0 0 3 0 
1 0 0 0 0 1 0 1 0 1 1 1 1 2 0 0 0 2 
0 1 0 0 0 0 0 1 0 0 1 1 0 1 3 2 3 1 
0 0 1 1 1 1 0 0 0 0 1 0 0 0 1 3 2 2 
0 0 1 1 1 0 0 1 0 0 1 1 1 3 2 0 1 3 
0 0 0 0 0 0 1 0 1 0 0 1 0 3 3 1 0 3 
1 0 0 1 1 1 1 1 0 1 0 1 0 0 0 0 1 1 
0 1 1 0 0 0 0 1 1 1 1 1 0 2 2 1 3 0 
0 0 1 0 0 1 0 0 1 1 1 0 0 2 1 2 2 3 
0 0 1 1 1 0 1 1 0 0 1 0 0 0 3 1 1 2 
0 1 1 0 0 1 1 1 0 0 1 0 0 1 0 3 2 1 
0 1 1 1 1 1 1 1 0 0 1 0 0 3 1 2 0 2 
1 0 0 1 1 1 1 1 0 1 0 0 1 3 0 0 1 0 
1 0 0 0 1 0 1 1 1 0 0 1 1 3 0 0 2 3 
0 1 0 1 1 0 1 1 1 1 1 1 0 0 0 1 0 1 
0 0 0 0 0 1 0 1 1 0 1 1 0 1 1 3 3 3 
0 0 0 1 1 0 0 1 1 1 0 1 0 0 3 1 3 0 

# Size = 25 | Time = 563 ms
0 1 0 0 0 1 1 0 1 1 1 1 0 2 3 1 1 0 
0 0 1 1 1 0 0 1 0 0 0 0 1 3 2 0 3 1 
0 0 1 1 1 1 0 0 1 0 1 1 0 0 0 2 2 2 
0 1 1 0 0 1 1 1 0 1 0 0 0 1 1 3 0 3 
1 0 0 1 1 0 1 1 1 0 1 1 1 2 0 0 0 3 
0 1 0 0 0 0 0 1 0 1 0 0 1 0 3 0 2 2 
0 1 0 0 0 0 1 0 1 1 1 1 0 1 2 2 3 1 
0 0 0 1 1 0 0 0 0 1 1 0 0 3 1 2 1 0 
0 0 1 0 0 0 0 1 0 0 0 1 0 1 0 1 2 0 
1 0 0 0 0 1 1 1 1 1 0 0 0 0 0 0 1 1 
0 0 0 0 1 1 1 0 1 0 1 1 0 3 2 3 2 2 
0 1 1 1 1 0 0 0 1 0 0 0 0 3 3 1 0 1 
0 0 1 1 1 0 0 1 0 0 0 0 0 2 1 3 2 1 
0 1 1 1 1 1 1 0 1 1 0 1 1 1 1 0 3 2 
0 0 0 0 1 0 0 0 0 0 1 0 0 0 3 3 3 3 
1 0 0 0 0 0 0 0 0 0 0 0 1 3 0 0 3 0 
0 1 1 1 1 0 0 1 1 0 0 0 0 0 2 1 1 3 
0 1 1 1 1 1 0 1 0 1 0 1 0 2 2 2 0 2 
0 0 0 1 1 1 1 1 1 1 0 1 0 0 1 1 3 2 
0 1 0 1 1 0 1 0 1 0 1 1 0 0 0 3 0 0 
0 1 0 0 1 0 0 0 1 1 1 1 0 1 3 2 2 3 
0 1 1 0 0 1 1 0 1 1 1 1 1 1 0 0 1 2 
0 1 1 0 0 0 1 1 1 0 0 1 1 2 2 0 3 0 
1 0 0 0 1 1 0 1 1 0 1 1 1 0 0 0 2 2 
0 0 0 1 1 1 1 1 0 1 1 0 0 3 2 3 1 3 

# Size = 27 | Time = 604 ms
0 1 1 1 1 0 1 0 0 0 1 1 0 2 0 3 1 3 
0 0 0 0 0 1 0 1 1 1 0 0 1 0 3 0 3 0 
0 0 0 0 0 0 0 0 0 0 1 0 0 1 1 2 0 1 
0 1 1 1 1 1 0 0 1 1 0 0 0 3 2 1 2 2 
1 0 0 0 1 1 1 1 0 0 1 1 1 2 0 0 3 2 
0 1 1 0 0 0 1 1 1 1 0 1 1 1 2 0 1 3 
0 1 0 1 1 0 1 1 0 0 0 1 0 0 2 2 2 0 
0 1 1 1 1 0 1 1 0 1 1 1 0 1 3 1 3 1 
0 0 1 0 1 1 1 1 1 1 1 1 0 3 1 3 0 0 
1 0 0 1 1 1 0 0 1 0 0 0 1 0 0 0 0 3 
1 0 0 0 0 0 0 1 1 1 0 0 0 2 0 0 2 1 
0 0 0 0 0 1 0 0 0 0 0 0 0 3 3 1 1 3 
0 1 0 0 0 0 0 0 0 0 0 1 0 0 1 3 3 2 
0 1 1 1 1 1 1 1 1 1 0 0 0 2 3 2 0 2 
0 1 1 1 1 1 1 0 1 1 1 0 1 0 1 0 1 1 
0 0 1 0 0 1 0 1 0 0 1 0 0 1 2 3 0 1 
1 0 0 1 1 0 0 0 0 1 1 1 1 3 0 0 2 0 
0 1 0 0 0 0 0 0 1 1 1 0 0 3 2 2 3 3 
0 1 1 1 1 1 1 1 1 1 0 1 0 2 1 1 1 0 
0 0 0 0 0 0 0 1 0 1 1 1 0 1 0 2 1 2 
0 0 0 0 1 1 1 0 1 0 1 1 0 1 3 3 2 3 
0 1 1 1 1 0 1 0 0 1 1 1 0 0 0 1 0 2 
0 1 0 1 1 0 1 1 0 1 0 0 0 1 1 3 2 3 
0 0 0 0 1 0 0 1 1 0 1 1 0 1 1 2 0 0 
1 0 0 0 1 1 1 0 1 1 0 1 1 0 0 0 1 3 
0 0 0 0 0 1 1 1 0 0 1 0 1 3 2 0 0 1 
0 1 1 1 1 1 1 1 1 1 0 0 1 2 2 0 2 0 

# Size = 26 | Time = 609 ms
0 0 1 1 1 1 0 0 1 0 1 0 1 0 1 0 1 2 
0 0 0 0 0 0 1 1 0 1 0 1 0 1 2 1 0 3 
0 1 0 1 1 0 1 0 1 1 1 0 0 2 0 3 2 1 
1 0 0 0 1 1 0 1 0 0 0 1 1 3 0 0 3 0 
0 1 1 0 0 0 1 1 0 0 1 0 0 0 3 2 2 0 
0 1 1 0 0 1 0 0 1 1 0 0 0 3 3 1 3 3 
0 1 1 1 1 1 0 0 1 1 1 1 0 1 1 2 0 0 
0 1 0 0 0 0 1 1 0 1 0 1 1 1 3 0 1 1 
0 0 1 1 1 1 1 1 0 0 0 1 0 3 2 3 2 2 
1 0 0 1 1 0 0 1 1 0 1 0 0 2 0 0 1 3 
0 1 0 0 0 0 1 1 0 1 0 1 0 0 1 3 3 2 
0 0 0 1 1 0 0 0 1 0 1 0 0 3 2 2 3 1 
0 0 1 1 1 1 0 0 0 0 1 0 0 2 3 1 0 2 
1 0 0 0 0 1 1 0 0 1 0 1 1 0 0 0 0 1 
0 1 1 0 0 0 0 1 0 1 0 1 1 2 2 0 2 0 
0 0 1 0 0 0 0 1 1 0 1 0 0 1 0 3 3 0 
0 1 1 0 0 0 0 1 0 1 1 1 0 2 1 1 2 1 
0 0 1 1 1 0 1 0 0 0 0 0 0 2 0 2 1 2 
0 0 1 0 0 1 1 1 0 1 0 1 0 3 1 3 1 3 
0 1 1 0 1 1 1 0 0 1 0 1 0 0 2 1 1 0 
0 0 0 1 1 1 1 1 0 1 1 0 0 0 0 2 2 3 
0 0 0 1 1 1 1 0 1 1 1 1 0 3 3 3 0 0 
0 1 0 1 1 1 1 0 0 1 0 0 0 1 3 2 2 2 
1 0 0 1 1 0 1 1 0 1 1 1 1 2 0 0 3 3 
1 0 0 1 1 0 1 0 1 1 1 0 1 0 0 0 2 2 
0 1 0 0 0 1 1 0 1 0 0 1 0 2 0 1 1 2 

# Size = 25 | Time = 578 ms
1 0 0 0 0 0 1 0 0 0 0 1 0 0 0 0 1 2 
0 1 1 1 1 1 0 0 1 1 1 0 0 3 1 2 0 1 
0 1 1 1 1 0 1 1 0 1 0 1 0 2 2 3 3 3 
0 1 1 0 0 1 0 1 1 0 1 0 1 1 3 0 2 0 
0 0 0 0 1 1 1 1 1 1 1 0 0 2 0 1 0 0 
1 0 0 1 1 0 0 1 0 1 1 1 1 0 0 0 2 1 
0 0 0 0 0 1 0 0 1 0 0 0 0 0 1 1 3 3 
0 0 0 1 1 0 1 0 0 1 0 1 0 1 3 2 0 0 
0 1 1 1 1 0 0 1 1 0 1 0 0 2 1 2 1 2 
0 0 0 0 0 1 0 0 1 1 1 1 0 3 2 3 1 0 
0 1 1 1 1 0 1 0 0 0 0 0 0 3 2 1 2 2 
1 0 0 0 0 1 1 0 1 0 0 0 1 3 0 0 0 3 
0 1 1 0 0 0 1 0 1 0 0 0 0 1 0 3 3 1 
0 1 0 0 0 1 1 0 0 1 1 1 1 2 1 0 3 2 
0 0 1 0 0 0 1 0 0 1 1 1 0 2 3 2 2 3 
0 1 1 0 1 0 1 0 1 1 1 1 0 0 3 3 0 2 
0 1 0 1 1 0 1 1 0 1 1 1 0 3 3 1 3 1 
0 1 1 1 1 1 0 0 1 1 0 0 0 1 1 1 1 3 
0 1 1 0 0 1 1 0 0 0 0 0 1 1 2 0 1 1 
0 1 0 0 0 1 1 1 0 1 1 1 0 0 2 2 0 0 
1 0 0 0 0 0 1 1 0 1 0 0 1 2 0 0 3 0 
0 1 0 0 0 0 1 1 1 1 1 1 0 3 1 3 2 0 
0 1 1 0 0 1 0 0 0 1 0 0 0 1 0 2 3 2 
0 1 0 0 0 1 1 0 1 0 1 1 0 2 3 2 1 0 
1 0 0 0 1 1 0 1 1 1 0 0 1 2 0 0 2 1 

# Size = 27 | Time = 587 ms
0 1 1 0 0 1 1 1 0 1 1 1 0 3 1 2 2 3 
0 0 0 1 1 0 0 0 1 0 0 0 0 2 3 0 1 0 
0 1 0 0 0 1 1 0 1 0 0 0 1 1 0 0 0 1 
0 0 1 1 1 0 0 1 0 1 1 1 0 0 2 3 0 2 
1 0 0 0 1 1 1 1 0 0 1 1 1 2 0 0 3 2 
0 1 1 0 0 0 0 0 0 1 0 0 0 0 3 1 2 1 
0 1 1 1 1 0 0 0 1 0 0 0 1 3 2 0 3 3 
0 0 0 0 0 1 1 1 1 1 1 1 1 0 1 0 1 0 
0 0 1 1 1 0 0 0 0 1 1 1 0 1 0 2 3 0 
0 1 0 1 1 1 1 1 1 0 0 1 0 1 3 1 1 2 
0 1 0 0 0 1 1 1 1 0 0 0 0 2 2 3 2 0 
0 0 0 1 1 0 0 0 1 0 0 0 0 3 1 3 3 1 
1 0 0 1 1 0 1 0 1 1 0 0 0 0 0 0 2 3 
0 0 0 0 0 1 0 0 0 0 0 0 0 3 0 2 1 2 
0 0 1 0 0 1 0 1 1 1 1 0 0 2 1 1 0 3 
1 0 0 0 0 0 0 1 1 0 1 1 1 2 0 0 1 1 
0 0 1 0 1 0 1 0 0 0 1 1 0 1 3 3 1 3 
0 0 0 0 1 0 1 0 1 0 1 1 0 1 2 2 0 1 
0 1 1 1 1 1 0 0 1 0 1 0 0 3 3 1 0 0 
0 0 1 1 1 1 1 0 0 1 1 1 1 1 3 0 2 2 
0 0 0 0 0 1 1 1 1 0 1 1 0 0 3 2 3 2 
0 1 1 1 1 1 0 1 0 0 0 1 0 2 2 1 1 1 
0 1 1 0 0 0 1 0 0 1 1 0 0 3 0 1 3 2 
1 0 0 1 1 1 0 1 0 1 1 0 0 3 0 0 0 0 
0 0 0 0 0 0 1 1 1 0 1 0 1 1 1 0 1 2 
0 1 1 0 0 0 1 1 0 0 1 0 0 2 3 2 0 3 
0 1 0 1 1 0 1 0 0 0 0 1 0 2 0 3 0 3 

# Size = 25 | Time = 543 ms
0 1 1 0 0 1 1 0 0 0 0 0 1 1 1 0 3 1 
0 0 0 0 1 0 0 1 1 1 1 1 0 2 0 3 2 3 
0 0 0 1 1 1 0 1 0 0 0 0 0 0 3 1 0 0 
1 0 0 1 1 0 1 0 1 1 1 0 1 3 0 0 1 2 
0 1 1 0 0 1 0 0 1 1 0 1 0 2 2 2 1 0 
0 1 1 0 0 0 1 1 0 0 1 1 0 3 3 1 2 2 
0 1 0 1 1 0 1 1 0 1 1 0 0 0 2 2 2 1 
0 0 1 1 1 1 0 1 1 1 1 1 0 1 1 3 1 2 
1 0 0 0 0 1 0 1 0 0 0 1 1 2 0 0 0 1 
0 1 1 0 0 1 1 0 1 0 0 0 0 0 3 3 3 3 
1 0 0 1 1 0 0 1 1 1 1 1 1 0 0 0 3 0 
0 1 1 1 1 0 1 0 1 1 0 1 0 1 0 1 0 3 
0 0 0 0 0 1 0 0 0 0 0 0 0 3 1 2 0 3 
0 0 0 0 0 1 1 0 1 0 0 0 1 1 2 0 2 0 
0 1 0 1 1 0 1 1 0 0 0 0 0 2 1 1 3 2 
0 0 1 0 1 0 0 0 0 1 1 1 0 3 2 3 0 2 
0 1 0 0 1 0 1 1 0 1 0 0 1 2 3 0 1 3 
0 0 1 0 1 1 1 0 1 0 0 1 0 0 1 1 1 1 
0 1 1 1 1 1 0 1 0 1 0 0 0 0 0 2 3 2 
0 1 1 1 1 1 1 1 0 1 0 1 0 3 1 0 2 0 
0 1 1 0 1 1 0 1 1 0 0 1 0 1 3 2 1 1 
0 1 1 0 1 1 1 1 0 1 0 0 0 3 2 1 3 3 
1 0 0 0 0 0 0 1 1 0 1 1 0 0 0 0 2 3 
0 1 1 0 0 1 1 0 0 1 1 0 0 3 1 3 1 1 
0 0 1 1 1 0 1 0 1 1 0 0 0 2 1 3 3 0 

# Size = 27 | Time = 878 ms
0 1 0 0 0 1 1 1 0 1 0 1 0 1 1 1 1 1 
0 0 1 1 1 0 0 0 1 0 1 0 0 0 0 2 2 3 
0 1 0 0 1 0 0 0 1 1 0 0 1 3 3 0 3 2 
1 0 0 1 1 1 1 1 0 0 0 1 1 2 0 0 0 0 
0 1 1 0 0 0 0 1 0 1 1 0 0 2 2 3 1 0 
0 0 1 0 0 1 1 0 1 0 1 1 0 0 3 3 0 1 
0 0 1 1 1 1 1 0 1 0 1 0 0 1 2 1 3 2 
1 0 0 0 0 1 0 0 0 1 1 0 1 3 0 0 2 1 
0 1 0 1 1 0 1 1 0 1 0 1 0 3 2 2 0 3 
0 0 1 1 1 0 0 1 1 0 0 1 0 2 1 3 2 2 
1 0 0 0 0 0 1 1 0 1 0 1 1 0 0 0 3 3 
0 1 0 0 0 1 0 0 1 0 1 0 0 1 1 2 0 0 
0 0 1 1 1 0 0 0 1 0 1 1 1 1 1 0 1 3 
0 1 1 1 1 0 0 1 0 1 1 0 0 0 3 1 2 0 
0 0 0 1 1 0 0 0 1 0 0 0 0 2 2 2 3 1 
0 1 0 0 1 1 0 0 1 0 0 1 0 3 1 3 3 0 
1 0 0 0 0 0 0 0 0 0 1 0 0 0 0 0 1 2 
0 1 1 0 0 1 1 1 1 1 0 0 0 3 3 1 1 3 
0 1 1 0 0 1 1 1 1 1 1 0 1 1 2 0 2 2 
0 1 0 0 1 0 0 1 1 0 0 1 0 1 0 1 0 2 
0 0 0 0 1 0 0 0 0 0 1 1 0 1 3 2 1 2 
0 0 1 0 1 1 1 1 1 1 1 1 0 2 3 3 0 3 
0 0 1 1 1 1 0 1 0 1 0 1 0 1 0 3 1 1 
0 1 1 1 1 0 1 1 1 0 0 0 1 0 1 0 1 0 
0 1 0 0 0 0 0 1 1 0 0 0 0 0 2 3 1 2 
1 0 0 0 1 0 1 1 1 0 1 0 1 0 0 0 3 0 
0 1 1 1 1 0 1 0 1 1 0 0 0 2 1 1 1 2 

# Size = 24 | Time = 539 ms
0 0 1 0 1 0 0 0 1 1 1 1 0 3 2 0 0 0 
0 1 0 0 0 1 1 1 0 0 0 0 0 2 0 3 1 1 
0 1 0 1 1 0 0 1 1 0 0 1 1 0 1 0 3 2 
0 1 1 1 1 1 1 0 1 0 1 0 0 1 3 1 2 3 
1 0 0 0 0 0 0 0 0 1 1 1 1 2 0 0 2 3 
0 0 1 1 1 1 0 1 0 1 0 0 0 1 2 2 3 1 
0 0 1 0 0 1 1 0 0 1 1 1 0 0 1 1 0 1 
0 0 0 0 0 0 1 0 0 1 1 0 0 3 3 2 1 2 
1 0 0 1 1 1 1 1 1 0 0 0 1 0 0 0 0 0 
0 1 1 1 1 0 0 0 1 1 0 1 0 2 3 3 3 0 
0 1 0 0 0 0 0 1 1 0 0 1 0 2 2 1 1 2 
0 1 0 0 0 0 1 1 1 0 1 1 1 1 3 0 0 1 
1 0 0 0 0 1 1 1 0 0 1 1 0 3 0 0 3 2 
0 1 1 0 0 1 0 1 1 0 0 0 0 2 1 2 0 3 
0 1 1 1 1 0 1 1 0 0 0 1 0 3 1 2 2 0 
0 0 1 1 1 1 1 0 0 1 1 0 0 1 1 3 1 2 
0 1 1 0 0 0 1 1 0 1 0 1 0 0 2 3 1 3 
0 1 1 0 0 1 1 1 0 1 1 1 0 1 0 1 1 0 
1 0 0 0 1 0 1 0 0 0 1 1 1 3 0 0 1 1 
0 1 0 1 1 1 1 0 1 1 1 1 0 3 2 3 2 1 
0 1 1 1 1 0 0 0 1 0 1 0 0 0 0 2 2 2 
0 1 0 1 1 1 0 0 1 0 1 1 0 3 0 1 3 3 
0 1 1 1 1 1 1 0 0 0 0 0 0 0 3 3 0 2 
0 0 1 1 1 0 0 0 1 0 0 0 1 3 2 0 3 0 

# Size = 26 | Time = 566 ms
0 0 1 0 0 0 0 0 0 1 1 0 1 1 3 0 3 0 
0 1 0 1 1 1 1 1 1 0 0 1 0 0 2 1 1 2 
0 1 1 0 0 0 1 1 0 0 0 0 0 2 0 2 0 1 
1 0 0 1 1 1 0 0 0 1 0 1 1 3 0 0 2 3 
0 0 1 1 1 1 1 1 1 1 1 0 0 1 1 3 2 1 
0 1 0 0 0 0 0 0 1 0 1 1 0 0 1 3 3 3 
0 0 0 1 1 0 0 0 1 1 1 0 1 2 2 0 0 2 
0 0 1 0 0 1 1 1 1 0 1 0 0 3 3 2 1 3 
0 1 0 0 1 0 1 0 1 1 0 1 0 3 3 1 2 0 
1 0 0 1 1 0 0 1 1 0 1 0 0 2 0 0 1 0 
1 0 0 0 0 1 1 1 0 1 0 0 1 0 0 0 3 2 
0 1 1 0 0 1 0 1 0 0 0 1 0 1 2 1 0 3 
0 1 0 0 0 1 0 0 0 1 0 1 1 3 1 0 1 1 
0 1 1 1 1 1 0 0 1 1 1 1 0 0 1 2 0 0 
0 0 1 1 1 1 1 0 0 0 1 0 0 3 2 1 3 1 
0 1 1 1 1 1 1 0 0 1 0 1 0 2 3 3 0 2 
0 0 0 0 0 0 1 0 1 0 1 0 0 0 3 2 2 1 
0 0 0 1 1 0 0 1 1 0 0 1 0 1 2 2 2 2 
0 0 0 1 1 0 0 1 1 1 1 0 0 2 1 1 3 2 
0 0 0 0 1 1 0 0 0 1 0 1 0 3 2 3 0 0 
0 0 1 0 0 1 1 1 1 0 1 0 1 2 1 0 2 3 
0 1 0 0 1 0 1 1 1 0 0 0 0 1 0 3 1 2 
0 0 0 1 1 0 1 0 0 0 1 1 0 3 0 3 3 2 
1 0 0 1 1 1 0 1 0 1 0 0 0 2 0 0 0 1 
0 1 1 0 0 0 0 1 0 1 0 1 0 2 3 2 3 1 
0 0 0 1 1 0 1 1 0 0 0 0 0 1 0 1 2 1 

# Size = 25 | Time = 1198 ms
1 0 0 1 1 0 0 0 1 1 1 1 0 2 0 0 0 0 
0 1 1 0 0 1 1 1 0 0 0 0 1 0 2 0 1 3 
0 0 0 0 0 1 0 0 0 1 0 0 0 1 3 2 3 1 
0 1 1 1 1 0 1 1 1 0 1 1 0 3 1 3 2 2 
0 1 1 0 1 0 0 0 0 1 0 0 0 3 2 1 2 0 
0 1 0 1 1 1 1 1 1 0 1 1 0 0 3 1 0 1 
1 0 0 0 0 1 1 1 1 0 0 0 1 2 0 0 3 2 
0 0 0 1 1 0 0 0 1 1 1 1 1 3 3 0 1 3 
0 0 0 0 0 1 0 0 0 0 0 1 0 1 1 3 0 0 
0 1 1 1 1 0 1 0 1 1 1 1 0 1 2 2 0 2 
0 1 1 1 1 0 0 1 0 1 1 1 0 2 2 3 3 1 
0 1 1 0 0 0 1 1 0 0 1 0 0 1 0 1 1 3 
0 0 1 0 0 0 1 1 1 1 0 0 0 0 1 2 1 0 
1 0 0 1 1 1 1 0 0 0 0 0 1 3 0 0 2 1 
0 0 0 0 1 1 0 0 0 1 0 0 0 0 0 3 1 2 
0 1 0 0 0 0 1 0 1 0 0 0 0 2 1 2 2 3 
0 0 1 1 1 1 0 0 1 0 1 0 1 1 1 0 0 3 
0 0 1 1 1 1 0 0 0 1 1 0 0 2 1 1 3 1 
0 0 1 0 1 1 0 1 0 0 0 1 0 2 3 3 2 0 
1 0 0 1 1 1 1 0 0 0 1 0 0 0 0 0 3 3 
0 0 0 0 0 1 0 0 1 0 1 0 1 3 2 0 3 0 
0 1 1 0 0 1 0 0 0 0 0 0 0 3 0 2 0 1 
1 0 0 0 0 1 0 1 1 1 0 0 1 2 0 0 1 1 
0 1 1 0 1 1 0 1 1 0 1 1 0 1 3 1 2 2 
0 0 0 0 1 0 1 0 1 0 1 0 0 0 3 3 2 3 

# Size = 25 | Time = 554 ms
0 1 0 0 0 0 1 0 1 1 1 1 0 3 0 1 2 2 
0 0 1 1 1 1 0 1 0 0 0 0 0 2 3 2 3 1 
1 0 0 0 0 1 0 1 0 1 1 1 1 0 0 0 1 3 
0 1 1 1 1 0 1 0 1 0 0 0 1 1 2 0 0 0 
0 1 0 1 1 0 0 0 1 0 1 1 0 0 1 3 1 1 
0 0 1 0 0 0 1 1 1 1 0 0 0 2 1 2 2 3 
0 1 0 0 0 1 1 1 0 1 1 1 0 3 3 2 0 0 
0 0 0 0 1 1 0 1 0 1 0 1 0 1 2 3 3 2 
0 0 1 1 1 1 0 0 0 0 0 0 0 0 0 1 2 0 
1 0 0 0 0 0 1 0 1 0 0 0 1 3 0 0 3 1 
0 1 1 1 1 0 0 0 0 0 1 0 0 3 2 1 1 3 
1 0 0 1 1 1 0 0 1 0 1 0 1 2 0 0 0 2 
0 1 1 0 0 0 1 0 1 1 0 1 0 1 3 1 1 1 
0 1 1 0 0 1 0 1 0 1 1 1 0 2 1 1 3 0 
0 0 1 0 0 0 1 0 1 0 1 0 0 0 3 3 2 2 
0 0 1 0 0 0 1 0 0 0 0 1 0 0 2 2 2 1 
0 1 1 1 1 0 0 0 1 1 1 0 1 1 1 0 2 3 
0 0 1 0 1 1 0 0 0 0 1 0 0 1 0 2 1 2 
0 0 0 0 0 1 0 0 1 1 1 1 1 0 3 0 3 3 
0 0 1 1 1 1 0 0 1 1 0 1 0 3 1 3 0 3 
0 1 1 0 1 0 1 0 1 0 1 1 0 2 2 3 1 0 
1 0 0 0 1 1 1 0 0 0 0 1 0 2 0 0 2 0 
0 0 0 0 0 1 1 1 1 0 1 0 0 0 3 1 0 1 
0 0 1 0 0 1 0 0 1 1 0 0 0 2 0 3 1 1 
0 1 1 0 1 1 1 1 1 1 0 1 0 0 1 1 3 2 

# Size = 26 | Time = 587 ms
0 1 1 0 0 1 1 1 1 1 0 1 1 0 1 0 1 1 
0 0 1 1 1 0 0 0 0 0 1 0 0 3 3 2 2 3 
0 0 0 0 0 0 0 1 1 0 1 1 0 2 2 3 0 2 
0 1 0 1 1 1 1 0 0 1 0 0 0 1 0 1 3 0 
1 0 0 1 1 0 0 0 0 1 1 1 1 0 0 0 3 2 
0 1 0 0 0 0 0 0 0 0 0 0 0 1 1 3 2 1 
1 0 0 1 1 1 1 1 1 0 0 0 1 2 0 0 2 3 
0 1 0 0 0 1 1 1 1 1 1 1 1 3 3 0 0 0 
0 1 1 0 0 0 1 1 1 0 1 1 0 0 2 1 3 3 
0 0 0 1 1 1 0 0 0 1 0 0 0 2 2 2 1 0 
0 1 1 0 0 1 1 1 1 0 0 0 0 1 0 2 0 2 
0 0 1 1 1 1 1 1 0 1 1 1 0 3 1 3 0 1 
0 0 1 1 1 0 0 1 1 0 1 1 0 1 3 1 1 2 
1 0 0 0 0 0 1 0 1 0 1 0 0 0 0 0 0 0 
0 1 1 1 1 1 0 1 0 1 1 1 0 2 1 2 3 1 
0 0 0 0 0 1 1 1 1 1 0 1 0 3 0 3 1 3 
0 1 1 0 1 0 1 0 0 1 0 1 0 3 2 1 2 0 
0 0 0 0 1 0 1 0 1 0 0 0 1 1 2 0 0 3 
0 0 1 0 0 0 0 0 0 1 0 0 0 0 3 2 2 1 
0 1 1 1 1 1 1 0 0 1 0 0 0 2 3 3 3 0 
0 1 1 0 1 1 1 1 0 0 0 1 0 2 1 1 2 2 
1 0 0 0 1 1 0 1 1 0 0 0 1 3 0 0 1 1 
0 0 1 1 1 1 0 0 0 0 1 1 0 1 2 1 0 1 
0 0 0 0 0 1 1 1 1 0 1 0 0 3 0 3 3 2 
0 0 1 1 1 0 1 1 0 1 0 0 0 0 1 3 2 3 
0 0 0 0 1 0 0 0 1 0 0 0 0 3 1 3 2 0 

# Size = 25 | Time = 553 ms
0 0 1 0 0 1 0 1 1 1 1 0 1 1 0 0 1 1 
0 1 0 1 1 0 1 1 0 0 0 1 0 3 3 1 2 0 
0 0 1 0 1 1 1 0 0 1 1 1 0 2 1 2 0 3 
1 0 0 1 1 0 1 0 1 0 0 0 1 0 0 0 3 2 
0 1 0 0 0 0 0 0 0 0 1 1 0 1 2 3 0 2 
0 1 1 0 1 1 0 1 1 1 0 0 0 0 2 3 1 0 
0 0 1 0 0 1 0 0 1 1 1 0 0 3 3 1 3 2 
0 1 0 1 1 0 0 1 0 0 0 0 1 2 3 0 1 3 
1 0 0 0 0 1 0 0 1 1 1 1 0 2 0 0 2 0 
0 1 0 1 1 1 1 1 0 0 0 1 0 3 2 2 3 1 
0 1 1 0 0 0 0 1 1 1 0 0 0 0 1 2 2 3 
1 0 0 1 1 0 0 1 1 1 1 1 1 3 0 0 0 1 
0 0 1 1 1 1 1 0 0 0 0 1 0 1 1 1 1 1 
0 0 0 1 1 1 1 1 1 0 0 1 0 3 1 3 3 3 
0 1 1 1 1 0 1 0 0 0 1 1 0 0 0 1 0 3 
0 0 0 0 0 0 1 1 0 1 0 1 1 2 2 0 2 2 
0 1 1 0 1 0 0 0 0 1 0 0 1 1 1 0 0 0 
0 1 0 1 1 0 1 0 0 0 0 1 0 2 3 3 2 1 
0 0 0 0 1 0 1 0 0 1 0 0 0 1 3 2 2 3 
0 0 0 1 1 1 1 0 1 1 0 1 0 3 1 2 1 2 
0 1 1 0 1 1 1 1 0 0 0 0 0 1 0 2 3 0 
0 1 1 0 0 1 0 0 1 0 1 0 0 2 2 1 3 3 
1 0 0 1 1 0 0 0 0 1 0 0 0 3 0 0 1 3 
0 1 1 0 0 0 0 1 0 1 1 1 0 0 3 1 0 1 
0 0 0 1 1 1 0 0 0 1 0 1 0 2 0 3 0 1 

# Size = 26 | Time = 601 ms
0 0 1 1 1 1 0 1 0 0 0 0 0 3 1 3 1 0 
1 0 0 0 0 0 1 0 1 1 1 1 1 0 0 0 0 2 
0 1 1 0 1 0 1 0 1 1 0 0 0 1 2 2 2 3 
0 1 0 1 1 1 0 1 0 1 1 1 1 2 3 0 3 1 
0 1 0 0 0 1 0 1 0 0 0 1 0 1 0 1 2 2 
0 0 1 0 0 1 1 0 1 0 0 0 0 0 3 2 3 1 
0 0 1 0 0 0 1 1 1 0 1 0 0 2 1 1 0 3 
0 1 0 1 1 0 0 0 1 1 1 1 0 0 2 1 1 0 
0 1 0 1 1 0 1 0 0 1 1 1 0 3 0 3 3 3 
1 0 0 0 0 1 0 1 1 0 0 0 1 3 0 0 1 3 
0 1 1 1 1 1 0 1 0 0 0 1 0 3 2 3 0 2 
0 0 0 1 1 1 0 1 0 1 1 1 0 1 1 2 3 2 
1 0 0 1 1 0 1 1 0 1 1 1 1 0 0 0 2 0 
0 0 1 0 0 0 1 0 1 0 0 0 0 2 3 3 2 0 
0 1 0 0 1 0 1 0 0 1 1 0 0 1 1 3 1 1 
0 0 1 0 0 0 1 1 1 1 1 0 1 1 2 0 3 0 
0 0 1 1 1 0 0 0 0 0 0 0 0 2 3 2 1 2 
0 0 1 0 1 1 1 1 0 0 1 0 0 3 0 2 0 1 
1 0 0 1 1 0 0 0 0 1 1 0 0 2 0 0 3 1 
0 0 0 0 1 1 0 1 1 1 1 0 0 1 3 1 0 0 
0 0 1 1 1 0 1 1 1 1 1 0 0 3 1 1 2 1 
0 1 1 0 0 0 0 1 0 1 1 1 1 0 1 0 3 3 
0 0 1 0 0 1 1 0 0 1 0 0 0 3 3 2 2 0 
0 0 1 0 1 0 1 0 0 0 1 1 0 2 2 1 3 1 
0 1 1 0 1 1 1 1 1 0 0 1 0 0 1 3 1 0 
0 1 0 1 1 1 0 1 0 1 1 0 0 1 3 2 1 3 

# Size = 26 | Time = 579 ms
0 1 1 1 1 1 0 0 0 0 1 1 0 1 1 2 1 2 
0 0 0 0 0 0 1 1 1 1 0 0 0 3 3 1 2 0 
0 1 1 0 0 1 1 0 1 0 1 0 1 2 2 0 3 3 
1 0 0 1 1 0 0 1 0 0 0 1 1 0 0 0 0 1 
0 0 1 1 1 0 0 0 0 1 1 1 0 3 2 3 3 1 
0 1 0 0 0 1 1 1 1 1 0 0 0 0 1 3 0 2 
0 1 1 0 1 0 1 1 0 1 0 1 0 2 0 2 2 3 
1 0 0 0 0 1 0 0 1 1 1 1 1 2 0 0 1 0 
0 0 0 1 1 1 0 0 1 0 1 0 0 1 3 2 2 1 
0 1 1 1 1 0 0 1 0 1 1 1 0 1 2 1 0 3 
0 1 1 0 0 0 1 0 0 0 0 0 0 1 3 3 1 1 
0 0 1 0 1 1 0 0 1 0 0 1 0 0 3 1 3 2 
1 0 0 1 1 0 1 0 0 0 0 0 1 3 0 0 2 2 
0 1 0 1 1 0 0 1 0 0 1 0 1 1 1 0 3 0 
0 0 0 1 1 1 1 0 1 0 1 0 0 3 1 3 2 3 
0 0 1 0 0 0 0 0 0 1 1 0 0 0 2 2 0 0 
0 0 0 0 0 1 1 0 1 0 1 1 0 2 1 1 0 1 
1 0 0 1 1 0 1 1 0 0 1 1 0 0 0 0 1 3 
0 0 1 1 1 0 0 1 0 0 1 0 1 2 3 0 0 3 
0 0 0 0 1 0 0 0 1 0 0 0 0 2 2 3 1 2 
0 1 1 1 1 1 1 1 0 1 0 0 0 1 0 3 3 0 
0 1 1 1 1 1 1 0 0 1 1 1 0 3 0 1 1 3 
0 1 0 1 1 1 0 1 0 0 0 1 0 3 3 2 3 3 
0 1 1 1 1 1 0 0 1 1 1 1 0 0 2 0 2 3 
1 0 0 1 1 1 0 1 1 1 1 0 0 3 0 0 3 1 
0 0 1 0 1 1 0 0 1 0 0 0 0 3 0 3 0 0 

# Size = 26 | Time = 617 ms
0 0 1 0 0 1 0 0 1 0 1 1 1 3 2 0 1 2 
0 1 0 1 1 0 1 1 0 1 0 0 0 0 3 2 2 0 
0 0 1 1 1 0 1 0 0 0 1 1 0 1 1 1 0 1 
1 0 0 1 1 1 1 1 1 1 0 0 1 2 0 0 3 3 
0 1 1 0 0 0 0 1 0 1 1 0 0 2 1 3 2 2 
0 1 0 0 0 1 0 0 1 0 0 1 0 0 0 3 0 0 
0 1 0 1 1 1 0 1 0 1 0 0 0 1 2 1 1 3 
0 1 0 0 0 1 0 1 1 1 1 1 0 3 3 3 3 1 
0 0 1 0 0 1 1 0 1 0 1 0 0 0 1 2 3 3 
1 0 0 0 0 0 0 0 0 1 1 1 1 3 0 0 1 0 
0 0 1 1 1 0 1 0 1 0 0 1 0 3 2 2 2 3 
0 0 1 1 1 0 1 0 1 0 0 1 0 1 3 3 3 2 
1 0 0 0 0 1 1 1 1 0 0 0 1 0 0 0 2 1 
0 1 1 1 1 0 0 1 0 1 0 0 1 3 3 0 0 3 
0 0 1 0 1 1 0 0 1 0 1 1 0 2 2 2 1 1 
0 1 0 0 0 0 0 0 1 0 0 0 0 1 0 2 0 2 
0 0 1 0 0 1 1 0 1 0 1 1 0 2 3 1 3 0 
0 1 1 0 0 1 1 1 0 0 1 1 1 1 2 0 3 0 
0 0 0 0 1 1 1 0 0 0 0 1 0 3 1 0 1 0 
0 1 1 0 0 0 0 1 0 0 0 1 0 0 0 1 1 2 
1 0 0 0 1 0 1 0 1 1 1 0 0 2 0 0 0 2 
0 1 1 0 0 1 0 0 1 0 0 0 0 0 2 3 0 3 
0 1 1 0 0 1 1 1 1 0 1 1 0 1 3 3 1 2 
0 0 1 0 0 0 0 0 0 1 1 0 0 1 3 1 2 1 
0 0 1 0 0 1 0 1 0 1 0 1 0 3 2 1 2 2 
0 0 1 1 1 1 1 1 0 0 1 1 1 1 1 0 2 3 

# Size = 26 | Time = 635 ms
0 0 0 0 1 0 1 1 0 1 1 0 0 0 0 1 2 2 
0 1 1 0 0 1 0 0 1 0 0 1 1 1 3 0 3 0 
0 1 1 1 1 1 1 1 0 1 0 1 0 3 1 2 0 1 
1 0 0 1 1 0 0 0 1 0 1 0 1 2 0 0 1 1 
0 1 1 0 0 0 0 0 1 0 0 0 0 0 1 3 2 3 
0 0 0 0 0 1 1 1 1 1 0 1 0 2 2 3 1 0 
0 1 0 0 0 0 0 0 0 0 1 0 0 3 2 2 0 2 
0 0 0 1 1 1 1 1 0 1 1 0 1 3 2 0 3 3 
0 0 1 1 1 0 0 1 0 1 1 1 0 1 3 3 1 2 
1 0 0 1 1 1 1 0 0 1 0 1 0 0 0 0 2 0 
0 0 0 0 0 0 1 0 1 0 1 0 0 1 1 1 0 0 
0 1 1 1 1 1 1 1 0 0 0 1 0 2 3 1 0 3 
1 0 0 0 0 1 1 1 1 0 0 1 1 3 0 0 0 2 
0 0 0 0 0 0 1 1 1 0 1 0 0 0 3 2 3 1 
0 1 1 0 0 1 0 0 1 1 1 1 0 1 2 2 2 1 
0 1 1 1 1 1 1 0 1 1 0 0 0 1 0 2 1 3 
0 1 1 0 1 0 0 0 1 1 0 1 1 2 1 0 3 2 
0 1 0 0 0 0 0 0 1 0 1 1 0 3 1 1 1 0 
0 1 1 1 1 0 0 0 0 1 0 1 0 3 3 3 2 1 
0 1 0 1 1 1 1 0 1 0 0 1 1 0 2 0 2 3 
0 1 0 0 0 0 0 1 1 1 0 1 0 0 2 1 3 1 
0 0 0 0 1 1 0 1 1 0 0 1 0 0 0 3 0 2 
1 0 0 0 0 1 0 1 1 1 0 1 1 3 0 0 3 3 
0 0 0 0 1 1 1 0 1 0 0 1 0 2 0 2 2 0 
1 0 0 0 0 0 0 1 0 1 1 1 0 0 0 0 1 1 
0 0 1 0 0 0 0 0 0 0 0 0 0 1 2 3 3 3 

