# Size = 20 | Time = 1566 ms
0 0 0 0 0 0 0 1 0 1 0 1 0 0 0 0 0 0 1 1 1 0 1 1 1 1 1 1 2 0 1 1 1 0 1 0 1 1 0 1 1 0 1 1 1 0 0 0 0 1 0 1 
1 1 1 1 2 1 1 0 1 0 1 0 1 1 0 1 1 1 0 0 0 1 0 0 0 0 0 0 0 1 0 0 0 1 0 1 0 0 1 0 0 1 0 0 0 1 1 0 1 0 1 0 
1 1 0 1 1 0 0 0 0 1 0 1 1 0 1 0 0 0 1 0 3 1 0 1 1 1 1 0 1 0 1 0 1 1 1 1 0 0 0 0 0 1 1 0 0 1 0 1 0 0 1 0 
0 0 1 0 1 1 1 1 1 0 1 0 0 1 1 1 1 1 0 1 1 0 1 0 0 0 0 1 3 1 0 1 0 0 0 1 1 1 1 1 1 0 0 1 1 0 1 1 0 1 0 1 
0 0 0 1 0 1 1 1 1 1 1 1 1 0 1 1 0 1 0 1 2 0 0 0 0 0 1 1 1 1 1 0 0 1 1 0 1 0 0 1 0 1 1 1 0 0 1 0 1 0 1 1 
1 1 1 0 2 0 0 0 1 0 0 1 0 1 0 0 1 0 1 0 2 1 1 1 1 1 0 0 3 0 1 1 0 0 0 0 0 1 1 0 1 0 1 1 1 1 0 0 1 0 0 0 
1 0 0 0 2 1 1 1 0 0 0 0 0 0 0 0 1 0 1 0 3 0 1 0 0 0 1 0 0 0 0 1 1 0 1 0 1 0 0 1 0 1 0 0 0 0 0 1 0 1 0 1 
0 1 1 1 1 1 0 0 0 1 0 0 1 1 1 1 0 1 0 1 0 1 0 0 1 1 1 1 2 1 0 0 1 0 0 0 1 1 1 1 1 0 0 0 0 1 1 1 0 1 1 0 
0 1 1 0 0 0 1 0 0 0 1 0 1 1 1 1 1 0 0 1 3 0 0 1 0 1 0 0 2 1 0 0 0 1 1 1 0 0 1 0 1 1 0 1 1 0 1 0 1 1 0 1 
1 0 0 1 0 0 0 1 1 1 1 1 0 0 0 0 0 1 0 0 0 1 1 1 1 0 0 1 0 0 1 1 1 1 0 1 0 1 0 0 0 0 1 1 1 1 1 1 0 1 0 0 
1 1 0 1 0 0 1 0 0 0 1 1 0 0 1 0 0 1 1 0 1 0 0 0 1 0 1 0 3 1 0 0 1 1 1 0 0 0 1 0 0 1 0 0 0 1 0 0 1 0 1 0 
0 1 1 0 1 1 0 1 0 0 1 0 1 1 0 0 1 0 0 0 2 1 1 1 0 0 0 0 1 0 0 1 1 0 0 1 0 1 1 1 1 1 0 0 0 1 0 1 0 1 1 1 
1 1 0 1 2 0 0 1 1 1 1 0 0 1 1 1 0 1 1 1 1 1 1 1 0 1 0 1 1 0 0 0 0 1 1 0 1 0 0 0 0 0 1 1 1 0 1 0 1 0 0 1 
0 0 1 0 1 1 0 0 1 1 0 0 1 0 0 0 1 0 1 1 0 0 1 1 0 0 1 0 3 1 1 0 1 0 1 0 0 1 0 1 1 1 0 1 0 0 0 0 0 1 1 1 
0 0 1 0 1 0 1 0 0 0 1 0 1 0 1 1 0 1 0 1 1 0 0 1 1 1 0 0 0 1 0 1 0 1 0 1 0 0 1 1 1 1 0 0 0 1 1 0 1 0 0 0 
0 0 0 1 2 0 1 0 1 1 0 0 1 1 1 0 1 1 0 0 3 0 0 1 1 0 1 1 2 1 1 0 0 0 0 0 1 1 0 0 0 0 0 1 0 0 1 0 0 0 0 1 
1 0 1 1 0 1 1 0 1 0 1 0 0 0 0 0 0 0 0 1 2 1 1 0 1 0 1 1 2 1 1 0 0 1 1 0 0 0 0 1 0 1 0 1 1 1 0 0 0 0 1 0 
0 0 0 0 1 1 1 1 1 0 0 1 1 1 0 1 0 1 0 1 0 0 1 0 0 1 1 0 1 0 1 0 1 0 0 0 1 1 1 1 1 0 1 0 0 1 1 1 0 0 1 1 
0 1 1 1 0 1 1 0 0 0 1 1 1 0 1 1 1 1 1 1 3 1 0 0 0 1 1 1 3 0 0 0 0 1 1 1 1 1 1 0 1 0 1 1 0 1 1 0 1 0 1 0 
1 1 0 1 0 1 1 0 1 1 1 0 0 0 0 1 1 0 1 1 2 0 0 1 0 1 1 1 0 0 1 0 1 1 1 1 0 0 1 1 0 1 1 0 0 1 1 1 0 1 0 1 

# Size = 20 | Time = 1577 ms
0 0 0 0 0 0 0 0 1 0 0 1 1 0 0 1 1 1 0 0 3 1 1 0 1 0 0 0 0 0 0 1 0 1 0 1 0 1 1 1 0 0 0 0 0 1 1 0 1 0 1 1 
1 1 1 1 1 1 1 1 0 1 1 0 0 1 1 0 0 0 1 1 1 0 0 1 0 1 1 1 1 1 1 0 1 0 1 0 1 0 0 0 1 1 1 1 1 1 0 1 0 1 0 0 
0 0 1 1 2 0 0 1 0 1 1 1 0 1 0 1 0 1 0 1 2 1 0 0 0 0 0 1 3 1 1 0 0 0 0 0 0 1 0 1 0 0 1 1 1 0 1 1 0 0 1 1 
1 1 1 0 2 1 1 0 1 0 0 0 1 0 1 0 1 0 1 0 0 0 1 1 1 1 1 0 2 0 0 1 1 1 1 1 1 0 1 0 1 1 0 0 0 0 0 0 1 0 0 1 
0 0 0 0 1 1 0 1 1 0 0 0 1 1 1 0 0 1 0 0 1 0 0 1 0 0 0 1 3 0 0 1 1 1 0 1 0 0 1 0 0 0 0 1 0 1 0 1 0 1 1 0 
1 1 0 1 0 1 0 0 1 0 1 0 1 0 0 1 1 0 1 0 2 1 1 0 1 1 1 0 1 0 1 0 0 0 1 1 1 1 0 1 0 1 0 0 0 1 1 0 1 1 0 0 
0 1 0 1 1 0 1 0 0 1 0 1 0 0 1 1 0 1 0 1 0 1 1 1 1 1 1 0 0 1 0 1 1 0 1 0 1 0 1 1 1 0 1 1 1 1 1 0 1 1 0 0 
1 1 1 0 0 0 1 1 0 1 1 1 0 1 0 0 1 0 1 1 3 0 1 1 0 0 0 1 3 1 0 0 0 1 0 0 1 1 0 0 1 1 1 0 0 1 0 0 1 0 1 0 
1 0 0 0 0 0 0 0 1 0 1 1 0 0 1 0 0 1 1 1 3 1 0 0 1 1 0 1 2 0 1 1 1 0 0 0 0 0 0 1 1 0 0 1 1 0 0 1 0 1 0 1 
1 0 0 1 1 1 1 1 1 1 0 1 1 1 0 0 1 1 0 0 0 0 0 0 0 0 1 0 2 1 1 0 0 1 1 1 0 0 0 1 0 1 1 1 1 1 1 1 0 0 1 0 
0 0 1 0 1 1 1 1 0 0 0 0 1 0 1 0 1 0 1 1 2 0 1 1 0 1 0 1 0 1 0 1 1 1 1 1 0 0 0 0 1 1 0 0 0 0 0 1 0 1 1 1 
1 0 0 0 2 0 0 0 0 0 1 1 1 1 1 1 0 0 0 0 1 1 0 0 1 0 1 0 0 0 1 0 0 1 0 0 1 1 1 0 1 1 1 0 0 1 1 0 1 0 0 0 
0 0 1 0 0 0 1 1 0 0 0 1 1 0 0 1 1 1 0 0 1 0 1 0 1 0 0 0 1 1 0 1 1 1 0 0 0 1 1 1 1 0 0 1 1 0 1 0 0 0 1 1 
1 1 1 0 2 0 1 0 0 0 0 0 0 0 1 0 0 1 1 0 3 1 0 1 0 1 1 0 3 0 0 0 1 1 1 1 0 0 1 0 0 1 1 1 1 1 1 1 0 1 0 0 
0 0 1 1 0 0 0 1 0 1 1 1 1 0 1 1 1 0 1 0 0 1 1 0 1 0 0 1 2 0 1 1 1 1 0 1 1 1 0 0 0 0 0 1 1 1 1 0 1 0 0 1 
1 1 1 1 1 1 0 1 0 1 1 1 1 0 0 0 1 1 1 0 3 0 0 1 0 1 1 0 1 1 0 0 1 0 1 0 1 1 1 1 1 0 1 1 1 1 1 0 1 1 1 0 
0 0 1 1 2 0 0 0 0 1 0 1 0 1 1 1 1 1 0 1 0 0 1 1 1 0 0 1 3 1 1 0 1 0 0 0 1 0 1 0 0 1 0 0 0 1 1 1 0 1 0 0 
0 1 1 0 2 1 0 1 1 0 0 1 0 1 0 0 0 1 1 1 0 0 0 1 1 0 1 0 1 0 1 1 0 0 1 0 0 1 1 1 1 0 1 1 1 1 0 1 0 1 0 0 
1 0 0 0 0 1 0 0 0 1 0 1 0 1 1 1 0 1 0 1 2 0 0 1 1 0 0 1 2 1 0 1 0 0 0 0 0 1 1 1 1 0 1 1 0 1 1 1 0 1 0 0 
1 0 0 1 0 0 1 0 1 1 1 0 1 0 0 0 1 1 0 0 1 0 0 1 0 0 1 1 2 1 1 1 0 1 1 0 0 1 1 1 0 0 1 1 1 1 1 0 1 0 1 0 

# Size = 20 | Time = 1790 ms
0 0 0 1 1 1 1 0 0 0 1 1 0 1 0 1 1 0 1 0 1 0 1 1 0 1 0 1 3 0 1 1 0 1 1 1 1 0 0 1 0 1 0 0 0 0 1 0 0 0 0 1 
1 1 1 0 0 0 0 1 1 1 0 0 1 0 1 0 0 1 0 1 2 1 0 0 1 0 1 0 2 1 0 0 1 0 0 0 0 1 1 0 1 0 1 1 1 1 0 1 0 0 1 0 
1 0 1 0 2 1 1 0 0 1 0 1 1 0 0 0 1 1 0 0 3 0 1 1 1 0 0 1 0 0 0 0 1 1 1 0 1 1 0 0 1 0 0 1 1 0 0 0 1 1 1 1 
0 1 0 1 2 0 0 1 1 0 1 0 0 1 1 1 0 0 1 1 0 1 0 1 0 1 1 0 1 1 1 1 0 0 0 1 0 0 1 1 0 1 1 0 0 1 1 0 1 1 0 0 
1 1 0 0 1 0 1 0 1 0 1 1 1 1 1 1 1 1 1 1 2 0 0 0 0 0 0 0 1 0 0 1 1 1 1 1 0 1 0 0 0 0 1 1 1 0 1 1 0 1 0 1 
0 0 1 1 0 1 0 1 0 1 0 0 0 1 0 0 0 1 0 0 0 0 1 0 1 1 1 1 2 1 1 1 0 0 1 0 1 0 1 1 1 1 0 0 0 0 0 1 0 1 1 1 
0 1 1 0 1 0 1 1 0 0 1 0 1 0 0 1 1 0 1 1 3 1 1 0 1 1 0 1 0 1 0 0 0 0 0 1 0 0 0 0 0 0 0 0 0 1 1 1 0 0 1 0 
1 0 0 1 0 1 0 0 1 1 1 1 0 0 1 0 1 0 0 1 1 1 0 0 0 0 1 0 1 0 1 0 1 0 0 1 1 1 1 1 1 1 0 1 1 1 0 0 1 1 0 0 
0 0 1 0 2 0 0 1 1 1 0 1 1 1 1 1 0 0 0 0 2 1 1 0 1 0 1 1 3 1 1 0 0 1 1 0 0 1 0 0 1 1 1 1 0 1 1 0 1 0 0 0 
1 1 0 0 1 1 1 0 0 1 0 0 0 0 0 0 0 1 1 0 3 1 0 1 0 0 1 0 3 0 0 1 1 1 0 0 1 0 1 1 0 0 1 0 0 0 0 1 0 1 1 1 
0 0 0 1 0 1 1 0 1 0 1 1 0 1 0 0 0 0 1 0 0 0 0 1 1 0 0 1 2 0 0 0 1 1 0 0 0 0 0 0 0 0 0 1 1 1 1 0 1 0 0 0 
1 1 1 0 2 0 0 0 0 0 0 0 1 1 0 0 0 1 1 0 1 0 1 1 1 1 0 0 1 1 0 1 1 0 0 0 1 0 1 0 1 0 1 1 1 1 0 1 0 0 1 1 
1 0 0 1 1 0 0 0 1 0 1 0 1 1 1 0 1 1 0 1 0 1 0 1 0 0 1 0 0 0 0 1 0 0 1 0 1 1 1 1 1 1 1 0 0 0 0 0 1 1 0 1 
1 1 1 1 0 1 1 0 0 1 0 0 0 0 1 0 0 0 0 0 2 1 0 1 0 1 0 0 0 0 1 1 1 1 0 1 1 0 1 1 0 1 0 0 0 0 0 0 1 0 1 1 
0 0 1 1 0 0 0 1 1 0 1 1 0 1 1 1 1 1 1 0 3 1 0 1 0 0 1 1 2 0 1 0 0 0 0 1 1 1 1 0 0 1 0 0 0 1 1 1 0 0 0 1 
1 0 1 0 0 1 1 1 1 1 1 0 0 0 0 0 1 1 1 1 0 1 1 1 0 1 1 1 3 0 1 1 0 0 0 1 0 1 1 1 0 0 1 1 1 0 0 1 0 1 1 1 
0 1 0 1 2 1 0 1 1 0 1 1 0 1 1 0 0 1 1 0 1 1 1 0 1 0 0 1 2 0 1 0 1 0 0 0 0 0 0 0 1 0 1 1 1 1 0 0 1 1 0 1 
1 0 0 1 1 0 1 0 0 0 0 0 1 0 1 0 0 1 1 1 3 1 0 0 1 1 1 1 1 0 1 0 1 1 0 0 1 1 0 1 1 0 0 1 0 1 0 0 0 0 0 1 
0 0 0 1 1 0 0 1 1 0 0 1 1 1 0 1 0 1 0 0 2 0 0 0 0 0 0 0 2 1 1 0 1 1 1 0 0 1 0 0 1 0 1 1 1 0 1 0 0 1 0 1 
0 1 0 0 2 0 1 1 0 1 1 1 0 1 0 1 0 1 0 0 1 1 0 1 0 1 1 1 0 0 1 1 1 0 1 0 0 1 0 1 1 0 0 0 0 1 1 0 0 0 1 0 

# Size = 22 | Time = 1754 ms
1 0 0 1 0 1 0 1 1 0 1 1 0 1 1 0 1 0 1 0 1 0 1 0 1 1 1 0 2 0 0 1 1 1 0 1 0 1 1 0 1 0 0 0 0 1 1 0 1 0 0 1 
0 1 1 0 1 0 1 0 0 1 0 0 1 0 0 0 0 1 0 1 2 1 0 1 0 0 0 1 0 1 1 0 0 0 1 0 1 0 0 1 0 1 1 1 1 1 0 1 0 0 1 0 
1 1 0 1 2 0 1 0 1 1 0 0 1 1 1 1 0 1 1 1 3 0 0 0 0 1 1 0 1 1 1 0 1 1 1 0 1 0 0 0 0 1 0 0 0 0 1 0 1 1 0 1 
0 0 1 0 2 1 0 1 0 0 1 1 0 0 0 1 0 0 0 0 0 1 1 1 1 0 0 1 3 0 0 1 0 0 0 1 0 1 0 1 1 0 1 1 1 0 1 1 0 1 1 1 
1 0 0 0 1 1 1 1 1 1 1 1 1 0 0 0 1 0 1 0 3 1 0 1 0 0 1 0 0 1 1 1 1 1 0 0 1 1 1 1 1 0 1 1 0 1 0 0 0 1 0 0 
0 1 1 1 0 1 0 0 0 0 0 0 0 1 1 0 1 1 0 1 0 0 1 0 1 1 0 1 2 0 0 0 0 0 1 1 1 0 1 0 0 1 0 0 0 1 0 1 0 1 1 0 
0 1 1 0 1 0 0 0 1 1 1 1 0 1 1 0 1 1 1 0 2 1 1 0 0 0 0 1 1 0 0 1 0 1 0 0 0 1 1 1 0 0 0 0 0 0 0 0 1 0 0 1 
1 0 0 1 0 0 1 1 0 0 1 0 1 1 0 1 1 0 0 1 1 0 0 1 1 1 1 1 3 1 1 0 1 1 1 0 0 0 1 1 1 1 0 1 1 1 1 0 1 0 1 0 
1 0 1 1 0 1 0 1 1 0 0 0 1 0 1 1 0 1 0 0 2 1 1 0 0 1 1 0 1 1 1 0 1 0 0 1 0 1 1 0 1 1 1 1 1 1 1 1 0 1 0 0 
0 0 0 0 1 0 1 0 1 1 0 1 1 0 0 1 0 0 1 1 1 0 0 1 0 0 0 0 2 0 0 0 0 0 1 1 1 0 0 0 0 0 1 1 1 1 1 1 0 0 1 0 
1 1 0 1 0 0 1 1 1 1 0 1 0 1 1 1 1 1 1 1 0 0 1 0 0 0 1 0 0 0 1 1 0 0 1 1 0 1 0 0 0 1 1 0 0 0 1 0 1 0 0 1 
0 1 1 0 2 0 0 0 0 0 0 0 0 0 1 0 1 0 1 1 3 0 0 1 0 1 0 0 3 0 0 1 0 0 0 1 0 0 1 0 0 0 1 1 1 1 0 0 1 0 1 0 
1 1 1 1 1 0 0 0 0 1 0 1 0 0 1 0 1 1 0 1 0 0 0 0 1 1 0 1 3 1 0 0 1 1 0 0 1 1 1 0 1 1 0 0 0 1 0 1 0 0 0 1 
0 1 1 1 2 0 0 0 0 0 0 1 0 0 0 0 1 1 0 0 1 1 0 0 0 0 1 0 2 1 1 0 0 1 1 0 0 0 0 1 0 0 0 1 1 0 0 1 0 1 0 1 
0 0 1 0 0 0 1 0 0 0 1 1 0 1 0 0 1 0 0 1 3 0 1 1 1 0 1 1 1 0 0 1 1 1 0 0 0 1 0 1 0 0 1 0 0 0 1 1 0 0 1 1 
0 0 0 1 2 1 0 0 0 0 0 0 0 1 1 0 1 0 1 0 2 0 1 1 1 1 0 0 0 1 0 1 0 0 0 1 0 1 1 1 0 1 0 1 1 1 0 0 0 1 1 0 
1 0 0 1 1 0 1 0 1 0 0 0 0 0 1 0 1 0 0 0 2 0 1 0 0 0 0 0 3 0 0 0 1 1 0 0 0 1 1 1 0 0 0 0 0 1 1 0 0 1 0 1 
0 1 1 0 1 1 1 0 0 0 0 1 1 0 0 1 0 1 0 1 0 1 1 1 0 0 1 0 1 1 0 0 0 0 1 0 1 0 1 0 0 0 0 1 1 1 1 1 0 1 0 0 
1 1 0 1 1 1 0 0 0 0 1 1 1 0 1 1 0 1 1 0 1 1 1 0 1 1 1 0 1 1 0 0 1 1 0 0 1 0 1 0 1 0 1 1 0 1 1 0 0 1 1 1 
0 0 1 1 2 1 1 0 0 1 1 0 0 0 0 1 0 0 0 0 2 1 1 0 1 0 0 0 2 1 0 1 1 0 1 0 0 1 1 0 0 1 0 0 0 0 1 0 0 1 0 1 
0 1 1 0 1 1 1 0 0 1 0 1 0 0 1 0 0 0 1 0 3 0 0 0 1 1 1 0 2 1 1 1 1 1 0 0 0 1 1 1 0 1 1 0 0 1 1 1 0 1 0 0 
1 0 1 1 0 0 1 0 1 1 1 1 1 0 1 0 0 0 0 1 1 1 0 1 0 0 0 1 0 0 1 1 0 1 0 0 0 1 1 0 1 1 0 1 1 1 0 0 0 1 0 1 

# Size = 20 | Time = 1583 ms
1 1 1 0 2 0 1 1 0 1 0 0 1 1 1 0 1 0 0 1 2 1 0 1 0 0 0 1 0 1 1 0 1 1 0 0 0 1 0 0 1 1 1 1 1 1 0 1 0 0 1 0 
0 0 0 1 0 1 0 0 1 0 0 1 0 0 0 1 0 1 1 0 0 0 1 0 1 1 1 0 3 0 0 1 0 0 1 1 1 0 1 1 0 0 0 0 0 0 1 0 1 1 0 1 
0 1 1 1 1 0 1 1 1 0 1 1 1 0 0 0 1 0 0 0 1 0 1 1 1 1 1 1 2 0 1 0 0 0 0 0 0 1 1 0 1 0 1 0 0 1 1 1 0 1 0 1 
1 0 0 0 1 1 0 0 0 1 1 0 0 1 1 1 0 1 1 1 3 1 0 0 0 0 0 1 1 1 0 1 1 1 0 1 1 0 0 1 0 1 0 1 1 1 1 0 1 0 1 0 
1 1 0 0 2 0 0 1 0 1 1 1 1 1 1 0 0 1 1 1 0 1 0 0 1 1 1 0 2 1 0 0 1 1 1 0 0 0 1 0 0 0 0 0 0 0 0 1 0 0 0 1 
0 0 1 0 0 1 1 0 1 0 1 0 0 0 0 0 1 1 0 0 3 0 1 1 0 0 0 0 0 0 1 1 0 0 1 1 1 1 1 0 1 1 1 1 1 1 0 0 1 0 1 0 
0 0 1 1 0 1 0 1 0 1 0 1 1 1 1 1 1 0 1 1 1 0 0 1 0 0 0 0 1 0 0 0 0 0 1 0 1 1 0 1 1 1 0 1 1 0 1 0 1 1 0 1 
1 1 0 1 2 0 1 0 1 0 1 0 0 0 0 1 0 0 0 0 2 1 1 1 1 1 1 0 3 1 1 1 1 1 0 1 0 0 0 0 0 1 0 1 1 0 1 1 0 1 0 1 
1 1 0 1 0 1 1 1 1 1 1 0 1 0 1 0 1 0 0 0 0 0 0 0 0 0 1 1 1 1 1 1 0 1 0 1 0 1 0 1 1 1 1 0 0 1 0 1 0 1 1 0 
0 1 1 0 2 0 1 0 0 0 0 1 1 1 1 0 1 0 1 1 3 1 1 1 1 0 0 1 3 1 0 0 0 0 0 0 0 0 0 1 0 0 1 0 0 0 0 0 1 0 1 1 
1 0 1 1 0 0 0 0 1 1 0 1 0 1 0 0 0 1 1 1 2 0 1 0 0 0 0 1 2 0 0 1 1 0 1 0 1 1 0 1 1 0 1 1 1 1 0 0 1 0 1 0 
1 0 0 1 1 1 0 1 0 0 0 0 0 0 0 1 0 1 0 1 1 1 0 0 1 1 1 0 0 0 0 1 1 1 1 1 1 0 1 1 0 0 0 0 0 1 1 0 0 0 0 0 
0 1 0 0 2 0 0 0 0 1 0 1 0 1 1 1 0 1 1 0 1 1 0 0 0 1 1 0 3 1 1 0 1 1 1 1 1 1 0 0 1 1 1 1 1 1 1 0 1 0 1 0 
0 0 0 1 1 0 0 1 0 0 0 1 0 1 0 0 0 0 1 0 3 0 1 1 1 1 1 0 1 0 1 1 1 1 1 1 0 1 1 0 0 0 1 1 1 0 0 1 0 1 0 1 
1 1 1 0 1 0 1 1 0 1 1 1 1 0 1 0 0 0 1 1 0 1 0 1 0 1 0 1 0 0 0 1 0 0 0 0 1 0 1 0 1 1 0 1 1 0 0 1 0 1 0 1 
0 0 1 1 2 1 1 1 1 1 0 0 0 1 0 0 0 0 1 0 2 0 0 1 0 1 0 0 2 0 0 0 0 1 0 1 1 0 1 0 0 1 0 1 1 1 0 1 0 0 1 1 
0 0 1 0 1 1 1 1 0 0 1 1 1 1 0 0 0 1 1 1 1 0 1 0 0 1 1 0 3 1 1 0 0 1 0 0 1 1 1 1 0 1 1 1 0 1 0 0 0 0 1 1 
0 0 0 0 1 1 1 0 1 1 1 1 1 0 1 0 0 0 1 0 2 1 0 1 0 0 1 1 1 0 0 1 1 0 0 0 0 0 0 1 1 1 0 0 0 1 0 0 0 0 1 0 
0 1 0 0 0 1 0 0 0 0 0 1 0 0 1 1 1 0 1 0 3 1 0 1 1 0 1 0 2 1 0 0 0 1 0 0 0 0 0 0 1 0 0 0 0 0 1 0 0 0 0 1 
0 0 1 1 2 1 1 1 0 0 0 0 1 0 0 1 0 0 0 0 2 0 0 1 0 0 1 0 1 1 0 0 0 0 0 0 1 0 1 0 1 1 1 0 0 0 1 0 1 0 0 1 

# Size = 18 | Time = 1388 ms
1 1 0 1 1 0 1 0 1 1 1 1 1 1 0 1 1 1 1 1 3 0 1 1 0 1 0 1 2 0 0 0 0 0 0 1 1 1 1 1 0 0 0 0 0 0 1 1 0 1 0 1 
0 0 1 0 2 1 0 1 0 0 0 0 0 0 1 0 0 0 0 0 1 1 0 0 1 0 1 0 1 1 1 1 1 1 1 0 0 0 0 0 1 1 1 1 1 1 0 0 1 0 1 0 
0 1 1 0 0 1 1 1 1 1 0 0 1 0 1 0 1 1 0 1 0 1 0 0 0 1 1 1 3 0 1 1 0 1 0 1 1 0 1 0 1 0 1 0 0 1 1 0 0 1 1 1 
1 1 0 1 0 0 0 0 0 0 1 1 0 1 0 0 0 0 0 0 2 0 1 1 0 0 0 1 0 1 1 0 1 0 1 0 0 1 0 1 0 1 0 1 0 1 0 0 1 0 0 0 
1 0 1 0 1 0 1 0 0 1 0 0 1 1 0 1 0 0 1 0 2 0 0 0 1 1 1 0 3 1 0 0 1 0 0 0 0 1 0 0 1 0 0 1 1 0 1 1 0 0 1 1 
0 0 0 1 1 1 0 1 1 0 1 1 0 0 1 1 1 1 1 1 3 1 0 1 1 0 0 0 0 0 0 1 0 1 1 1 1 0 1 1 1 1 1 1 1 0 1 1 0 1 0 1 
0 1 1 1 2 0 0 1 1 0 0 1 1 1 1 0 0 1 1 0 0 0 1 0 1 1 0 0 2 0 0 0 0 1 0 0 1 0 0 1 0 1 0 0 0 1 0 0 1 0 1 0 
0 0 0 0 2 1 1 0 0 1 0 1 0 0 0 1 1 1 1 1 1 1 1 1 0 0 1 1 1 1 1 0 1 0 1 0 0 0 1 0 0 0 0 0 0 0 1 1 0 1 0 1 
1 0 1 1 0 0 0 0 0 1 1 0 0 0 1 0 1 0 0 0 3 1 0 0 0 0 1 0 2 0 1 1 1 0 0 1 0 1 0 0 0 0 1 1 1 0 0 1 0 1 0 1 
1 1 0 0 1 1 1 1 1 0 1 0 1 1 0 0 0 0 0 1 1 1 1 1 1 0 0 1 3 1 1 1 0 0 1 1 1 1 1 1 0 0 1 1 1 1 0 0 1 1 1 0 
1 1 1 1 0 0 1 0 0 1 1 0 0 1 0 1 1 0 0 1 0 0 1 1 1 1 1 0 1 1 0 0 0 1 1 1 1 0 1 1 1 1 1 1 1 1 1 1 0 0 0 0 
0 0 0 0 2 1 1 1 1 1 1 1 1 0 1 1 1 0 1 1 2 0 0 1 1 0 0 1 1 0 0 1 0 1 0 1 1 1 1 0 1 1 1 0 0 0 1 0 1 1 0 1 
0 0 0 0 1 1 1 1 1 1 0 0 1 0 0 0 1 1 0 1 0 1 0 0 1 0 1 1 0 1 0 1 1 0 0 1 0 1 0 0 0 0 0 0 0 0 1 1 0 0 1 1 
1 1 0 1 2 1 0 1 1 1 0 1 0 0 0 0 0 0 1 0 3 0 0 0 1 1 0 1 3 1 1 1 0 1 0 0 0 0 1 1 1 1 0 1 0 1 0 0 1 0 0 0 
1 1 0 0 0 0 1 1 1 1 1 0 0 1 0 1 1 0 1 0 1 0 1 0 1 1 1 1 2 1 0 0 1 0 1 1 1 0 1 0 1 1 0 1 0 0 1 0 0 0 1 1 
0 0 1 1 2 0 0 0 1 1 1 0 1 1 0 0 1 1 0 0 1 1 1 0 1 1 0 1 0 0 1 0 1 0 0 0 1 0 0 1 1 0 0 1 0 1 1 0 0 0 1 1 
0 0 1 0 2 1 0 1 0 0 1 1 1 1 0 0 1 1 1 1 2 1 0 0 0 1 1 1 2 0 0 1 1 1 0 1 1 0 1 0 0 0 1 1 0 1 1 0 0 0 0 0 
1 0 1 0 1 0 0 0 0 0 1 0 0 0 0 0 0 0 0 0 3 0 0 1 1 0 0 0 1 1 0 1 0 0 0 0 1 0 0 1 1 1 0 0 0 0 0 1 0 0 1 1 

# Size = 20 | Time = 1549 ms
0 0 0 0 1 0 1 0 0 0 0 0 1 0 1 0 0 0 0 1 0 0 0 1 1 0 0 0 3 1 0 1 0 1 1 0 0 0 1 0 1 0 0 0 0 1 0 1 0 0 0 0 
1 1 1 1 2 1 0 1 1 1 1 1 0 1 0 1 1 1 1 0 1 1 1 0 0 1 1 1 2 0 1 0 1 0 0 1 1 1 0 1 0 1 1 1 1 0 1 0 1 1 0 1 
0 0 0 1 0 1 0 0 0 1 1 1 1 0 0 0 0 1 1 0 3 0 1 1 1 1 0 1 1 1 0 1 1 1 0 1 1 0 0 1 0 0 0 1 0 1 1 0 1 0 1 0 
1 1 1 0 0 1 1 1 1 0 0 0 0 1 1 0 1 0 0 1 2 1 0 0 0 0 1 0 0 0 1 0 0 0 1 0 0 1 1 0 1 1 1 1 1 0 0 1 0 1 1 1 
0 1 1 0 1 0 0 0 0 0 0 1 0 0 1 1 1 0 0 0 3 0 0 0 0 0 1 1 3 0 0 0 1 0 0 1 0 0 1 1 0 1 0 0 0 0 1 0 1 0 1 1 
1 0 0 1 2 0 1 1 1 1 1 0 1 1 0 1 0 1 1 1 1 0 1 1 1 1 0 0 0 1 1 1 0 1 1 0 1 1 0 0 1 1 1 0 0 1 1 0 0 1 0 1 
0 1 1 1 1 0 1 0 1 0 0 0 0 1 0 1 0 1 1 0 0 1 1 1 0 1 0 0 1 0 1 1 0 1 0 1 0 1 1 1 0 0 1 1 1 0 1 1 0 0 1 1 
1 0 0 1 1 0 1 1 1 1 1 1 1 0 0 0 1 0 0 1 2 1 1 0 1 0 1 1 2 1 0 0 1 0 0 0 1 0 0 1 1 0 0 1 1 1 0 1 0 0 1 0 
0 0 1 0 2 1 0 0 0 1 0 0 0 1 1 0 1 0 1 1 1 1 0 1 0 1 0 0 2 1 0 0 1 1 1 1 0 0 1 0 0 0 1 0 0 1 0 0 1 1 1 0 
0 1 1 0 2 1 0 1 0 0 1 1 1 0 1 1 0 1 0 0 2 0 0 0 1 1 1 1 1 0 1 1 0 1 1 0 1 1 0 0 1 1 1 0 0 1 1 0 1 1 0 0 
1 1 0 1 2 1 0 1 1 1 1 0 1 1 0 0 0 1 1 0 3 1 0 0 0 0 0 0 3 1 1 1 0 0 1 0 1 1 1 0 1 0 0 1 1 0 0 1 0 1 0 1 
1 1 0 0 1 1 0 0 0 1 0 1 0 0 1 1 1 1 0 0 0 0 1 0 1 1 1 1 0 1 1 0 1 0 0 0 1 0 0 1 0 0 0 1 1 1 1 0 1 1 0 0 
1 0 0 0 0 0 0 1 0 0 1 0 1 0 0 0 1 0 0 1 1 0 0 1 1 0 1 1 1 0 1 1 0 0 0 0 1 0 0 0 0 0 0 0 0 1 0 1 0 0 0 1 
1 1 0 1 0 1 0 0 0 1 1 1 0 1 1 1 0 0 1 0 2 0 1 1 0 1 0 0 3 1 0 0 1 0 1 1 0 1 0 1 0 1 1 0 0 1 1 0 0 0 1 1 
0 0 1 0 2 1 1 0 0 0 0 0 0 0 0 0 1 0 1 1 3 0 0 1 1 1 1 1 0 0 0 0 0 1 0 1 1 0 0 1 1 0 1 1 0 0 0 0 1 0 0 1 
1 1 0 0 0 1 1 1 1 0 1 0 0 0 0 1 0 1 0 0 0 0 0 1 1 0 1 0 2 1 1 1 0 0 0 1 1 1 1 1 0 1 0 1 1 1 1 1 0 0 1 0 
0 0 1 1 1 0 0 0 1 1 0 0 1 0 0 0 1 0 1 1 1 1 1 0 0 0 0 0 3 1 0 1 1 1 0 0 0 0 0 1 0 0 1 1 1 1 0 0 1 0 1 0 
0 1 0 0 1 1 0 1 0 0 0 1 1 1 1 1 0 0 1 0 1 0 0 0 1 0 0 1 1 0 0 0 1 1 1 1 1 1 0 0 0 1 1 0 0 0 1 1 0 1 0 1 
0 0 0 1 2 0 0 1 1 0 0 1 1 1 1 0 0 1 0 1 0 0 0 0 1 0 0 1 3 1 1 0 1 0 0 1 0 0 0 1 1 1 0 1 1 1 0 1 0 1 0 0 
1 0 1 1 0 1 0 1 1 1 0 1 0 0 0 0 0 1 0 0 3 0 0 1 1 0 0 0 2 1 1 0 1 0 1 1 1 1 0 1 0 1 0 1 0 0 0 1 0 1 0 1 

# Size = 20 | Time = 1693 ms
1 1 0 0 0 0 1 1 0 1 1 0 0 1 0 0 0 0 1 1 1 1 0 0 0 1 1 0 2 0 1 0 1 1 1 1 0 0 0 1 0 1 0 0 0 1 1 1 0 1 0 0 
0 0 1 1 2 1 0 0 1 0 0 1 1 0 1 1 1 1 0 0 3 0 1 1 1 0 0 1 3 1 0 1 1 0 0 0 1 1 1 0 1 0 1 1 1 0 1 0 1 0 1 1 
0 0 0 0 1 0 0 0 0 0 0 0 1 1 0 0 1 1 0 0 2 0 0 1 1 0 1 0 1 1 1 1 0 0 1 1 0 0 0 0 1 1 1 0 0 1 0 0 0 0 0 1 
1 1 1 1 2 1 1 1 1 1 1 1 0 0 1 0 0 0 1 1 2 1 1 0 0 1 0 1 0 0 0 0 0 1 0 0 1 1 1 1 0 0 1 1 0 0 0 0 1 1 1 1 
0 1 1 1 1 0 1 0 1 0 1 0 1 0 0 1 1 0 0 0 0 1 1 0 0 1 0 1 2 1 1 0 0 0 1 1 1 1 1 0 0 0 0 1 1 1 1 1 0 0 0 0 
1 0 0 1 0 1 0 1 0 1 0 1 1 0 1 0 0 1 1 1 1 0 1 1 1 0 1 0 3 0 0 1 0 1 0 0 0 0 0 1 1 1 1 1 1 1 0 1 0 1 1 0 
1 1 1 0 2 1 0 0 1 1 0 1 0 1 1 1 0 1 0 0 0 1 0 1 0 1 1 1 1 0 1 1 1 0 0 0 1 0 1 1 1 1 0 0 0 0 1 1 0 1 1 1 
0 0 0 0 0 0 0 1 1 0 0 1 0 1 0 1 1 0 1 1 3 0 0 0 1 0 0 0 0 1 0 0 0 1 1 1 0 1 0 0 0 1 0 0 0 0 1 0 1 0 0 1 
0 0 1 0 1 1 1 0 0 1 1 0 0 1 1 0 1 1 1 1 0 0 0 0 1 1 1 0 3 1 0 0 1 1 1 0 1 1 0 1 1 0 0 1 1 0 0 0 1 1 0 1 
0 0 1 1 0 1 1 0 1 0 1 0 1 0 0 1 0 1 0 0 1 1 0 1 0 0 0 1 0 0 1 1 1 0 0 1 0 0 1 0 0 0 1 1 1 1 1 0 1 1 1 0 
1 1 0 1 1 0 0 1 0 1 1 1 1 1 1 0 0 1 0 0 3 1 1 0 1 0 1 0 2 0 0 1 0 1 0 0 1 0 1 1 1 0 1 0 0 1 0 1 0 0 1 0 
1 0 0 0 2 0 1 1 1 0 1 0 1 0 0 0 1 0 1 1 1 1 1 1 1 1 0 1 1 1 0 0 0 0 0 1 1 1 1 0 1 0 1 0 0 1 0 0 1 0 0 0 
1 1 1 1 0 1 1 1 0 0 0 0 0 1 1 1 0 0 1 0 2 0 1 0 0 0 0 1 1 1 1 1 1 1 1 1 1 0 0 1 0 0 0 1 1 1 1 1 0 1 1 0 
0 0 1 0 2 1 0 1 0 0 0 1 0 0 1 1 1 0 0 1 3 0 1 1 0 1 0 0 2 0 1 0 1 0 1 0 0 1 0 0 0 0 1 0 0 0 1 0 1 1 1 1 
0 1 0 1 0 0 1 1 0 1 0 1 0 0 1 1 0 0 0 0 0 0 0 1 0 0 1 0 0 1 0 1 0 0 0 1 0 1 1 0 1 0 1 1 1 1 1 1 0 1 0 1 
0 1 0 0 0 0 1 0 1 1 1 0 0 1 0 1 1 0 1 0 2 1 0 1 0 1 1 0 3 1 1 1 0 1 0 0 1 0 0 0 0 0 1 0 0 1 1 1 0 1 0 0 
1 1 1 1 1 1 1 0 0 0 0 0 0 1 0 1 1 0 1 0 1 1 1 1 0 1 1 1 0 1 1 0 0 0 1 0 1 0 1 1 0 1 0 0 0 0 1 1 0 0 1 1 
0 1 1 1 0 1 1 1 0 0 1 0 0 0 1 0 1 0 1 0 3 0 0 0 1 1 0 0 1 1 1 1 0 0 1 1 0 0 0 1 0 0 0 0 0 1 1 0 1 1 1 1 
1 1 0 0 1 0 1 1 1 1 0 1 1 1 1 1 1 1 0 0 2 1 1 1 1 0 1 1 3 0 1 1 1 0 1 1 1 1 0 0 0 0 1 0 0 1 1 0 0 0 0 0 
0 0 1 0 0 0 0 1 0 0 0 0 0 0 1 0 1 0 1 0 2 1 0 0 1 1 0 0 2 0 1 0 1 0 1 0 0 1 1 1 0 1 1 1 1 0 0 0 0 0 1 1 

# Size = 20 | Time = 1577 ms
0 1 1 1 1 0 0 1 0 0 0 1 1 1 1 0 1 1 0 1 3 0 1 1 1 0 0 1 0 1 1 1 1 0 1 0 1 1 0 0 1 0 1 1 1 1 1 0 1 0 1 0 
1 0 0 0 2 1 1 0 1 1 1 0 0 0 0 1 0 0 1 0 0 1 0 0 0 1 1 0 3 0 0 0 0 1 0 1 0 0 1 1 0 1 0 0 0 0 1 1 0 1 0 1 
1 1 0 1 0 1 1 0 1 0 1 1 0 1 1 0 0 1 0 1 2 1 0 0 0 0 0 1 1 1 0 1 1 0 1 0 0 0 0 1 0 0 0 1 0 0 0 1 0 0 1 1 
0 0 1 0 0 0 0 1 1 1 0 0 1 0 0 1 1 0 1 0 1 0 1 1 1 1 1 0 2 0 1 0 0 1 1 1 1 1 1 0 1 1 1 0 0 1 1 0 1 1 0 0 
0 0 1 0 1 1 0 0 0 0 0 1 0 0 0 0 0 0 0 1 3 1 0 1 1 0 0 0 1 0 1 0 0 1 0 1 0 1 1 1 1 1 0 1 1 0 0 0 1 1 1 1 
0 1 1 1 2 0 1 0 0 1 0 0 0 1 1 0 1 1 1 0 0 1 1 1 0 1 1 1 2 1 0 1 1 0 0 0 1 1 0 0 1 1 1 1 1 1 0 1 0 1 0 0 
1 1 0 0 1 1 0 1 0 1 1 0 1 1 0 1 1 1 0 0 1 0 1 0 0 1 0 0 0 1 0 0 0 0 0 1 0 0 1 0 0 0 1 0 0 1 1 0 0 0 1 1 
1 0 0 1 2 0 0 1 1 0 1 1 1 0 1 1 0 0 1 1 1 0 1 0 1 0 1 1 3 0 1 1 0 1 1 0 1 0 1 1 1 0 0 1 1 0 1 0 1 0 0 1 
1 0 0 1 1 0 1 1 1 0 0 0 1 1 0 1 0 0 1 0 2 0 0 0 1 0 0 1 1 0 1 0 1 1 0 1 1 1 0 0 0 0 1 0 0 1 1 1 0 1 0 0 
0 1 1 0 0 0 1 1 0 1 1 0 1 0 0 0 1 0 0 1 3 1 1 1 0 1 1 0 3 1 1 1 1 0 0 0 0 0 0 0 0 1 0 0 0 1 0 1 0 0 0 0 
1 0 0 0 1 1 1 0 0 0 1 1 1 1 1 0 0 1 0 1 0 0 0 1 0 0 1 0 2 1 0 1 0 1 1 1 0 0 0 1 0 0 0 0 0 0 0 0 1 0 1 1 
0 1 1 1 2 0 1 1 1 1 0 1 0 0 1 1 1 1 1 0 2 0 0 0 1 0 1 0 0 0 0 1 0 1 1 0 0 0 1 0 0 1 1 1 1 0 1 1 0 0 1 1 
0 0 0 0 0 1 0 0 0 0 1 1 1 1 1 1 1 1 0 1 2 1 1 1 0 1 0 1 3 1 1 0 1 0 1 1 1 1 1 1 0 1 1 1 1 1 1 0 1 1 1 0 
1 0 1 1 0 1 0 0 0 0 1 0 0 0 0 0 0 0 1 1 1 1 0 0 0 0 0 0 0 0 0 1 1 0 0 1 1 0 0 1 1 1 0 0 0 1 0 1 0 1 0 0 
0 1 0 0 2 1 0 1 0 1 0 1 1 1 0 0 1 0 0 0 0 1 1 0 1 1 0 1 1 0 1 0 1 1 0 0 1 0 1 1 1 0 0 1 0 1 0 0 1 0 0 1 
1 0 0 0 2 0 1 1 1 0 0 0 0 0 0 1 1 0 1 0 3 0 0 0 0 0 0 0 2 0 0 0 1 0 1 1 0 1 0 1 0 0 1 0 0 0 1 1 0 1 0 1 
0 1 0 0 1 0 1 0 0 0 0 0 1 1 1 0 0 1 1 1 2 1 0 0 0 0 1 0 3 1 0 1 0 1 0 0 1 1 1 0 1 1 0 0 0 1 0 1 0 0 0 0 
0 1 0 1 0 1 1 0 0 1 1 1 0 0 0 0 1 0 1 0 1 0 0 0 0 1 1 0 1 1 1 0 0 0 0 1 0 1 0 0 1 1 0 1 1 1 0 0 1 0 0 0 
1 1 0 0 0 0 1 0 0 1 0 0 0 0 0 1 1 1 1 0 0 1 0 0 1 1 0 0 0 0 0 0 0 0 0 1 0 1 0 0 1 1 1 0 0 0 1 1 0 0 1 1 
1 1 1 1 0 1 0 0 1 0 0 0 1 1 1 0 0 1 0 1 2 0 0 1 1 1 0 1 2 1 1 1 1 1 1 1 0 0 0 0 0 1 1 1 1 1 0 0 1 0 1 1 

# Size = 22 | Time = 1728 ms
1 1 1 1 1 0 0 0 1 1 0 1 0 0 1 1 0 0 0 1 2 0 0 0 0 0 1 0 0 1 0 1 0 0 1 1 0 1 0 0 0 1 1 1 0 0 1 0 1 1 0 1 
0 0 0 0 2 1 1 1 0 0 1 0 1 1 0 0 1 1 1 0 1 0 1 1 1 1 0 1 3 0 1 0 1 1 0 0 1 0 1 1 1 0 0 0 0 1 0 1 0 0 1 0 
0 1 1 1 0 0 0 0 0 1 1 0 0 0 1 0 0 1 1 0 0 1 1 1 0 0 0 0 1 0 0 1 1 1 0 0 1 0 1 0 1 1 0 1 1 1 0 0 1 0 0 1 
1 0 0 0 2 1 1 1 1 0 0 1 1 1 0 1 1 0 0 1 3 1 0 0 1 1 1 0 2 1 1 0 0 0 0 1 0 1 0 1 0 0 1 0 0 0 1 1 0 1 1 1 
0 0 1 1 0 1 1 1 1 0 1 1 1 1 1 1 0 0 0 1 0 1 0 1 1 0 0 1 3 1 0 1 1 0 1 1 0 0 1 1 0 1 0 1 1 1 1 0 0 1 1 0 
1 1 0 0 1 1 0 0 0 1 0 0 0 0 0 0 1 1 1 0 1 0 1 0 0 0 1 1 2 0 1 0 0 1 1 1 1 1 0 0 0 0 1 1 1 1 1 0 1 0 0 0 
0 1 1 0 1 0 0 1 1 1 0 0 0 1 1 0 1 1 0 1 2 1 0 1 1 1 0 1 1 0 1 1 0 0 1 0 0 1 0 0 1 0 0 0 0 1 0 1 0 0 1 0 
0 0 0 1 1 0 0 0 0 0 1 1 1 1 0 0 0 1 1 0 3 0 1 0 0 1 1 1 3 1 0 0 1 1 0 0 1 0 1 1 1 1 1 0 0 0 0 0 1 1 0 1 
1 1 0 0 2 0 1 1 0 0 0 0 1 0 0 1 1 0 0 1 2 1 0 1 0 1 0 1 0 0 0 0 1 1 0 0 1 0 1 1 1 1 0 1 1 1 1 1 0 0 0 0 
1 0 0 0 0 1 1 1 0 0 0 0 0 0 0 0 0 0 1 1 0 0 1 0 1 1 1 0 1 1 1 0 1 0 0 0 0 1 0 0 0 0 0 0 0 0 0 0 1 0 1 1 
0 0 1 1 2 0 1 0 1 1 1 0 0 1 0 0 0 0 0 0 1 1 0 1 1 0 1 0 2 0 1 1 0 0 1 1 0 1 1 1 1 1 0 0 0 1 0 1 0 1 0 0 
1 1 0 0 0 1 1 0 0 1 1 1 0 0 1 1 1 1 1 1 3 1 0 1 0 0 0 0 3 0 1 1 0 1 1 1 0 0 0 0 1 0 1 1 1 1 1 1 0 0 1 0 
0 0 1 1 0 1 1 0 1 1 1 1 1 1 1 1 1 1 1 0 1 1 1 1 1 1 0 1 0 1 0 0 1 1 1 1 1 1 1 0 0 0 0 0 0 0 1 1 0 1 1 1 
1 0 1 0 2 1 0 0 0 1 1 1 0 0 1 0 1 0 1 0 2 1 1 0 0 0 0 1 2 1 1 0 0 0 0 0 1 0 0 0 1 1 1 1 0 0 1 0 1 0 1 1 
1 1 0 1 1 1 1 1 1 1 1 1 1 1 1 1 1 1 1 0 0 1 0 0 1 0 0 0 1 0 0 0 0 1 0 1 0 1 0 1 0 0 1 1 1 1 1 1 0 1 1 0 
1 0 1 1 2 0 1 0 0 1 0 0 0 0 1 0 1 0 0 1 3 1 0 1 1 1 1 0 0 0 1 1 0 0 1 0 1 1 0 0 1 0 1 1 1 0 0 0 0 1 0 1 
0 0 1 1 0 1 0 1 0 0 1 0 1 1 0 0 1 1 0 1 2 1 1 1 1 0 0 1 2 1 0 1 1 0 0 0 1 0 1 1 0 1 1 0 0 0 0 1 0 1 0 1 
1 1 0 0 2 1 1 0 1 0 0 1 0 0 1 0 1 1 0 0 2 0 1 0 0 1 1 1 3 1 1 0 1 1 0 1 0 1 0 0 0 0 0 0 0 1 0 0 1 1 1 1 
0 1 0 1 2 0 0 1 0 1 0 1 0 0 1 1 0 0 1 1 1 0 1 0 0 0 1 0 1 1 0 1 0 1 1 1 0 0 1 1 0 0 0 1 1 0 1 0 1 1 0 1 
1 1 0 0 1 0 1 0 0 1 1 0 1 0 0 1 1 0 0 0 3 1 0 0 1 0 1 1 1 0 1 0 1 1 0 1 0 1 0 1 1 1 0 0 0 1 1 1 0 0 1 0 
0 1 1 1 2 0 0 1 1 0 1 0 1 0 1 0 0 1 0 1 0 0 0 1 0 1 0 1 0 1 0 1 0 0 1 1 1 0 1 0 0 1 0 0 0 0 0 0 1 1 0 1 
0 1 1 0 0 0 1 1 0 1 1 1 1 0 0 0 0 1 0 0 0 1 1 1 0 0 1 1 2 0 0 0 1 0 1 0 1 0 0 1 0 1 1 0 0 0 0 1 0 1 0 1 

# Size = 19 | Time = 1451 ms
1 1 0 0 2 1 0 1 0 1 0 0 0 0 1 1 1 0 1 1 0 0 1 1 0 1 1 0 2 1 0 1 0 1 0 1 0 0 1 0 0 1 1 0 0 1 1 1 0 0 0 0 
0 0 1 1 0 0 1 0 1 0 1 1 1 1 0 0 0 1 0 0 2 0 0 0 1 0 0 1 1 0 1 0 1 0 1 0 1 1 0 1 1 0 0 1 1 0 0 0 1 1 0 1 
1 1 0 1 1 1 0 0 0 0 1 0 1 0 0 0 1 1 0 1 1 1 1 0 0 0 0 0 0 0 1 0 0 1 1 0 0 1 0 0 0 0 0 0 0 1 0 1 0 1 1 0 
0 0 1 0 1 1 1 1 1 0 1 0 0 0 1 1 1 0 1 0 3 1 0 0 0 0 1 1 3 0 1 0 1 0 1 1 1 1 0 1 1 1 1 1 1 0 1 0 1 1 1 1 
0 1 0 1 0 0 1 0 1 1 0 1 1 1 0 0 0 1 0 1 0 1 0 1 1 1 1 0 0 1 0 1 1 0 0 0 1 0 1 1 1 1 1 1 1 0 0 0 1 0 1 1 
1 0 1 1 2 0 1 1 1 1 0 1 0 1 1 1 0 0 1 0 1 0 1 1 1 0 0 1 3 0 1 1 0 1 0 1 0 0 1 0 1 0 0 0 0 1 1 1 0 0 1 0 
0 0 1 0 2 1 0 1 0 0 0 0 1 1 0 1 0 1 1 0 2 1 1 1 1 1 0 1 1 1 0 0 1 0 1 0 1 0 1 1 0 0 0 1 1 1 1 1 0 1 1 0 
1 0 0 0 0 0 0 0 0 1 1 1 0 1 1 0 1 0 0 1 3 0 0 0 0 1 1 0 3 0 0 1 0 1 0 0 0 1 0 0 0 0 0 0 0 0 1 0 1 0 0 1 
0 1 1 1 2 0 0 0 1 1 1 1 1 0 0 0 0 1 1 0 3 1 1 1 1 0 0 0 2 1 1 0 1 0 1 1 0 1 1 0 1 1 0 0 0 0 0 0 1 0 1 1 
0 1 0 0 1 1 1 1 0 1 0 1 1 0 1 0 1 0 0 1 1 1 0 0 1 0 1 1 1 1 0 1 1 1 0 1 1 0 0 1 1 1 1 1 0 1 0 0 0 0 0 1 
1 0 0 0 0 1 1 1 0 1 0 0 0 0 1 1 1 0 1 0 2 0 1 1 0 0 1 0 0 0 0 1 0 0 0 1 0 1 0 1 0 1 1 1 1 0 1 1 0 1 0 1 
1 0 1 0 1 0 1 1 0 0 1 0 0 1 0 0 0 1 0 0 0 0 0 0 1 1 0 1 2 0 1 0 0 1 0 0 1 0 1 0 1 0 1 1 1 1 0 0 1 1 0 0 
0 1 1 0 2 0 0 0 1 0 0 1 0 0 0 0 1 0 0 1 0 0 0 0 0 0 0 0 1 0 0 1 0 0 1 0 0 1 0 1 0 0 0 0 0 0 0 0 1 1 0 1 
1 1 0 0 1 1 1 0 1 0 0 0 1 0 0 1 0 1 0 1 2 0 1 1 0 1 1 0 3 1 1 0 1 1 0 0 1 1 1 0 0 0 0 0 0 1 1 1 0 0 0 0 
1 0 0 1 0 1 0 1 0 1 0 0 1 1 1 0 1 0 1 0 3 0 0 0 1 0 1 0 1 1 0 0 1 0 1 1 1 0 1 0 1 0 0 0 0 1 1 1 0 1 1 0 
0 0 0 1 0 0 1 1 0 0 1 0 1 0 1 1 1 1 1 0 1 0 1 0 0 1 0 1 2 0 1 0 1 0 1 0 1 1 0 1 1 1 0 1 1 0 1 0 1 0 1 1 
1 0 1 0 2 0 0 1 1 0 1 0 0 0 1 0 0 0 1 1 3 0 1 0 1 0 0 1 0 0 1 1 1 0 1 0 0 0 0 0 1 0 1 0 0 0 1 1 0 1 0 1 
1 1 1 1 0 1 1 1 0 0 1 0 1 1 1 0 0 1 0 1 0 0 1 0 1 1 0 0 3 0 1 0 1 0 0 0 0 1 0 1 0 0 0 0 0 1 0 1 0 1 1 0 
0 1 1 0 2 1 0 0 0 1 1 1 0 0 0 1 0 0 0 1 2 0 1 0 0 1 1 1 2 1 0 1 0 1 0 0 1 0 1 0 0 1 1 1 1 0 1 0 1 0 0 1 

# Size = 21 | Time = 1855 ms
1 0 0 1 0 1 0 0 1 0 0 1 0 0 1 0 0 1 1 0 3 1 0 1 1 1 1 0 3 0 1 0 1 0 1 1 1 0 1 0 0 0 1 1 0 1 0 0 0 1 0 0 
0 1 1 0 1 0 1 1 0 1 1 0 1 1 0 1 1 0 0 1 0 0 1 0 0 0 0 1 1 1 0 1 0 1 0 0 0 1 0 1 1 1 0 0 0 0 1 1 0 0 1 1 
1 0 1 0 2 0 0 0 0 1 0 1 0 1 1 0 0 0 0 0 2 0 0 0 0 1 1 1 0 1 1 1 0 0 0 0 1 1 1 1 0 0 1 1 1 0 0 0 1 0 1 1 
0 1 0 1 2 1 1 1 1 0 1 0 1 0 0 1 1 1 1 1 1 1 1 1 1 0 0 0 2 1 0 0 1 1 1 1 1 0 0 0 1 1 0 1 1 1 1 1 0 1 0 0 
0 1 1 0 1 1 0 0 0 0 0 0 1 1 0 1 0 0 0 0 1 1 0 1 1 0 1 0 1 0 1 0 0 0 1 1 0 0 0 1 0 0 0 0 0 1 1 0 1 1 0 1 
0 0 1 1 0 0 1 1 1 1 1 1 0 0 1 0 1 1 1 1 2 0 1 1 1 1 0 0 3 0 0 1 1 1 0 0 0 1 1 0 1 1 1 0 0 1 0 0 1 0 1 0 
1 1 0 1 1 1 1 0 1 1 0 1 0 0 1 1 1 1 1 0 0 1 1 0 0 1 0 0 0 0 0 0 0 0 0 1 0 0 1 0 1 0 0 1 1 0 1 1 0 0 0 1 
1 0 0 0 1 1 0 1 1 1 0 0 1 1 0 0 0 0 1 1 3 0 0 0 0 0 1 1 2 0 0 1 1 1 1 0 0 1 1 1 0 1 1 0 0 0 0 1 0 1 1 1 
1 0 0 1 0 0 1 1 0 0 1 0 0 0 0 1 1 0 0 0 1 0 0 0 1 1 0 1 3 1 1 1 0 1 0 1 1 0 0 1 0 0 1 1 1 0 1 1 0 0 1 1 
0 1 0 0 0 0 1 0 0 0 1 0 1 1 1 0 0 1 0 1 2 1 0 1 0 0 1 1 0 1 1 0 1 0 1 0 1 1 0 0 1 1 0 0 0 1 0 1 0 1 0 0 
0 1 1 1 2 0 0 1 0 0 1 1 0 1 0 1 1 0 0 1 3 0 1 0 0 1 0 0 2 1 1 0 0 0 0 1 0 1 0 0 1 0 0 0 0 1 1 0 1 0 0 0 
1 0 0 1 2 1 0 0 1 0 1 1 0 0 1 0 1 1 1 0 0 1 0 1 1 0 1 0 1 0 1 0 1 1 1 0 1 0 1 1 0 0 1 1 1 1 0 0 1 1 1 0 
1 1 0 0 2 1 0 0 1 1 0 1 1 1 1 0 1 0 0 1 1 0 1 1 0 1 1 1 3 0 0 0 0 0 0 0 1 1 1 1 0 1 0 1 1 0 0 0 0 1 1 1 
0 1 1 1 1 1 0 0 0 0 0 1 0 0 1 0 1 0 1 0 2 1 0 0 0 0 1 0 2 1 0 1 0 0 1 1 1 0 0 1 0 1 1 0 0 1 1 0 1 0 0 0 
1 0 1 1 0 0 1 0 1 0 1 0 1 1 1 0 0 1 1 1 3 1 1 1 0 1 0 1 1 0 0 0 0 1 0 0 0 0 0 0 1 0 0 1 1 1 1 0 0 0 1 1 
1 0 1 0 0 1 1 1 1 1 0 0 0 0 1 0 0 0 0 1 0 0 0 0 1 1 1 1 2 0 0 1 1 1 0 0 1 1 1 0 0 0 0 1 1 0 0 0 0 1 0 1 
0 1 0 1 0 1 1 1 0 1 0 1 0 1 0 1 1 0 1 1 2 1 0 1 1 1 0 0 0 1 1 0 0 1 1 1 0 1 0 1 0 1 0 1 1 0 1 1 0 1 1 1 
1 1 1 0 1 0 0 0 0 0 1 1 0 1 1 1 1 0 0 1 0 0 0 1 0 0 0 1 3 0 0 1 0 0 0 0 1 0 0 1 0 0 0 1 1 1 1 1 0 0 1 0 
1 1 0 1 1 1 0 1 0 0 0 1 1 0 1 1 0 0 1 1 1 1 0 1 0 1 1 0 0 0 0 1 0 0 1 0 0 1 1 1 0 1 0 1 1 1 1 0 0 1 0 0 
0 1 1 1 1 0 1 0 0 1 0 1 1 0 0 0 1 0 0 1 3 0 1 0 0 0 1 0 0 0 1 1 0 1 0 0 0 1 0 0 0 0 0 1 1 0 0 1 0 1 0 1 
1 1 1 1 0 0 0 0 1 0 1 1 1 0 1 1 0 0 1 0 2 0 1 1 1 1 1 0 1 0 0 1 0 1 1 1 0 0 0 1 1 0 0 0 0 0 1 0 1 0 1 1 

# Size = 20 | Time = 1544 ms
1 1 1 1 0 0 1 1 1 0 1 1 1 1 1 0 1 1 1 1 0 1 0 1 0 1 0 0 1 1 1 0 1 1 0 1 1 0 0 0 1 0 1 1 1 1 0 0 1 0 0 0 
0 0 0 0 1 1 0 0 0 1 0 0 0 0 0 1 0 0 0 0 1 0 1 0 1 0 1 1 0 0 0 1 0 0 1 0 0 1 1 1 0 0 0 0 0 0 1 1 0 1 1 1 
0 0 1 0 2 1 1 0 0 1 1 1 0 1 1 1 0 1 1 1 2 0 1 0 0 0 0 1 2 0 0 0 1 1 0 1 1 0 0 1 0 1 0 1 1 0 1 0 1 1 0 1 
1 1 0 1 2 0 0 1 1 0 0 0 1 0 0 0 1 0 0 0 3 1 0 1 1 1 1 1 3 1 1 1 0 0 1 0 0 1 1 0 1 1 1 1 0 1 0 1 0 0 0 0 
1 1 0 1 1 1 1 0 0 0 1 1 0 0 0 0 1 0 1 1 1 1 0 0 0 1 1 0 2 0 1 1 1 0 0 1 1 0 0 0 0 1 1 0 0 0 0 1 0 1 1 1 
0 0 1 0 0 0 0 0 1 1 0 1 1 1 1 0 0 1 1 0 0 0 1 1 1 0 0 0 3 1 0 0 0 1 1 0 1 1 1 0 1 1 0 0 0 1 0 0 1 0 1 0 
1 1 1 0 1 0 1 1 1 0 1 0 1 1 1 1 0 1 0 0 3 1 0 0 1 1 0 0 0 0 0 0 0 1 0 0 0 0 0 1 1 1 0 1 1 1 1 1 0 0 1 1 
0 0 0 1 0 1 0 1 0 0 0 0 1 0 0 1 0 1 0 0 2 0 1 1 0 0 0 1 1 1 1 1 1 1 1 1 0 1 1 1 0 1 1 1 1 0 1 0 1 1 1 1 
0 0 0 1 1 1 0 1 1 1 0 0 0 1 1 0 1 0 0 1 2 1 0 1 1 1 1 0 3 1 1 0 0 0 0 1 1 0 1 1 1 0 0 1 1 1 0 0 1 1 0 0 
1 1 1 1 0 0 1 0 0 1 1 0 0 0 1 0 1 1 1 1 0 0 1 0 0 0 1 1 0 0 0 1 1 0 1 0 0 1 1 0 0 1 1 1 0 1 1 1 0 1 0 0 
0 0 1 0 0 1 0 0 1 1 1 1 0 1 0 1 1 0 1 1 3 0 1 1 1 1 0 0 1 0 0 1 1 0 1 1 1 0 0 0 0 0 0 0 0 0 1 0 0 0 0 1 
0 1 1 0 0 0 1 1 0 0 0 0 1 1 1 1 0 0 0 0 1 0 0 1 1 0 1 1 2 1 1 0 0 1 1 0 1 1 0 0 1 0 1 1 1 1 1 0 1 0 0 0 
1 0 0 0 2 0 1 0 0 1 1 1 1 0 0 1 0 0 0 1 0 0 0 0 0 0 0 0 3 0 0 0 1 0 0 1 0 1 0 1 1 0 1 0 0 0 1 0 1 1 0 1 
0 1 1 0 2 1 1 1 0 0 0 1 0 1 1 1 1 1 1 1 3 1 1 1 0 0 1 0 0 1 1 1 0 1 0 1 1 0 0 0 1 1 1 0 0 1 1 0 1 1 1 0 
1 1 1 0 1 0 1 1 0 0 1 1 1 0 1 0 1 1 0 1 2 1 0 0 1 0 1 0 1 1 0 1 0 0 0 0 0 1 1 0 1 1 1 0 0 1 1 1 0 0 0 0 
1 0 1 0 1 1 0 1 1 0 1 0 0 0 1 0 0 1 0 0 0 0 0 0 1 0 0 0 2 0 1 1 1 1 1 1 0 1 1 0 0 1 0 0 0 1 0 0 0 0 0 0 
0 0 0 1 2 1 0 1 1 1 1 0 1 0 0 1 1 1 0 0 1 1 0 0 0 0 0 1 3 1 0 0 0 0 1 1 1 0 1 0 0 0 0 0 0 0 1 1 0 1 0 1 
0 0 1 0 2 1 0 0 0 0 1 1 0 0 0 0 1 0 1 1 1 0 1 1 1 0 0 0 1 0 0 1 0 0 1 0 1 1 1 1 0 0 0 1 1 0 0 0 1 1 1 1 
0 0 1 0 1 0 1 1 1 1 0 0 1 1 0 0 1 1 0 0 2 0 1 0 1 1 1 1 0 1 1 1 0 1 1 0 1 0 1 0 0 0 1 1 0 1 0 1 0 0 1 1 
1 0 0 1 0 0 1 1 0 1 1 1 1 0 0 1 1 1 0 1 3 1 1 1 0 0 1 1 2 0 0 1 0 1 1 0 1 0 1 1 0 0 0 1 0 1 1 1 0 1 0 1 

# Size = 20 | Time = 1604 ms
1 1 1 1 0 0 0 1 0 1 1 0 0 1 1 1 1 1 0 1 2 1 1 0 0 1 0 1 0 0 1 1 0 0 0 1 1 1 0 0 1 1 0 1 0 1 1 1 0 1 0 1 
0 0 0 0 2 1 1 0 1 0 0 1 1 0 0 0 0 0 1 0 3 0 0 1 1 0 1 0 1 1 0 0 1 1 1 0 0 0 1 1 0 0 1 1 1 1 0 0 1 0 1 0 
1 1 0 0 1 0 0 0 0 1 0 0 0 0 1 0 1 0 1 0 1 1 1 1 0 0 1 1 3 0 0 0 0 0 0 0 0 0 1 1 1 0 1 0 0 0 0 0 1 1 0 1 
0 0 1 1 1 1 1 1 1 0 0 1 1 1 0 1 0 1 0 1 0 0 0 1 0 1 0 0 2 1 1 1 1 1 1 1 1 1 0 0 0 1 0 0 0 1 1 1 0 0 1 0 
1 1 0 1 2 0 1 1 1 1 1 1 1 0 0 0 0 0 0 0 3 1 1 0 1 0 0 0 3 1 0 1 1 1 0 1 0 0 1 0 0 1 0 1 1 0 1 1 0 1 0 1 
0 0 1 0 0 1 1 1 0 0 1 0 0 1 0 0 1 1 1 1 1 0 0 0 1 1 1 1 0 0 0 0 0 1 1 0 1 1 0 1 1 0 0 1 1 0 0 0 1 0 1 1 
0 0 1 0 2 1 0 0 0 1 1 1 0 0 1 1 1 1 0 1 0 0 1 0 1 1 1 1 1 1 1 0 0 0 0 0 0 0 0 0 1 1 1 0 0 0 1 0 0 1 1 1 
1 0 0 1 0 0 0 0 1 0 1 0 0 1 0 0 0 0 1 0 2 1 1 0 1 0 1 1 2 0 1 1 1 0 1 0 0 1 1 1 1 0 1 1 1 1 0 1 0 0 0 0 
0 1 1 1 2 1 1 0 0 1 0 0 1 0 1 1 0 0 1 1 2 0 0 0 0 0 0 0 3 0 0 0 0 0 1 1 1 1 1 1 0 0 1 1 1 1 1 0 1 0 0 0 
1 1 0 0 0 0 0 1 0 0 0 1 1 0 1 0 1 1 0 1 1 1 0 1 0 0 0 0 1 0 1 1 1 1 0 1 1 1 0 0 0 1 0 0 0 1 0 1 0 0 1 0 
0 1 0 1 0 1 0 0 1 0 0 0 0 1 1 0 1 1 0 0 3 1 0 1 0 1 0 0 0 1 1 1 1 0 1 0 1 0 1 1 1 0 1 0 0 1 0 0 1 1 0 0 
0 1 0 0 1 0 1 1 1 0 1 1 1 0 1 1 0 0 1 0 0 1 0 0 1 0 1 1 0 0 0 1 1 0 0 1 0 1 0 1 0 1 1 1 1 1 1 0 1 0 0 0 
1 1 1 0 1 0 0 0 0 1 1 1 0 0 1 1 1 0 1 0 2 0 0 1 0 1 0 1 2 1 0 0 0 1 0 0 1 0 1 0 0 0 0 0 0 0 1 0 1 0 1 1 
1 0 1 1 0 1 0 0 1 0 1 0 0 1 0 0 0 1 0 0 0 1 0 0 1 1 1 1 3 0 1 0 0 0 0 0 0 1 1 0 0 0 0 0 0 1 0 0 1 1 1 0 
1 1 0 1 2 0 1 0 1 0 0 0 1 1 0 1 0 1 0 1 1 1 0 1 0 0 1 0 1 1 1 0 1 0 1 0 1 1 1 0 1 1 0 0 0 0 1 1 0 0 0 1 
0 0 1 0 1 1 1 1 0 1 0 1 0 0 1 1 1 0 1 1 3 0 0 0 0 1 1 1 2 0 0 1 0 1 1 1 1 1 0 1 0 1 1 1 1 1 1 0 1 1 1 1 
1 0 1 1 1 1 0 1 0 0 1 1 0 1 1 1 1 0 0 1 2 0 0 1 0 0 0 1 1 1 0 0 0 0 1 1 1 0 1 1 1 0 1 1 1 1 1 0 1 1 0 0 
0 1 0 0 2 0 0 1 0 0 1 1 0 1 1 1 1 1 0 0 1 0 0 1 1 0 0 1 2 1 0 1 1 0 1 1 1 0 1 0 0 0 0 0 0 1 1 0 1 0 0 1 
0 0 1 0 1 1 0 1 0 1 0 1 0 0 0 1 0 0 0 0 0 1 1 0 1 1 1 1 3 1 1 1 0 0 0 1 1 1 0 0 1 0 0 1 1 0 1 1 0 0 0 1 
1 1 0 1 2 0 0 1 1 0 0 0 1 0 0 0 0 0 0 0 2 1 1 1 1 0 1 1 0 1 0 1 0 1 1 1 1 1 1 0 0 1 1 1 1 0 1 0 0 1 0 1 

# Size = 21 | Time = 1673 ms
0 1 0 0 1 0 1 0 0 1 1 1 1 1 0 1 1 1 0 1 3 0 0 1 1 1 1 1 0 0 0 0 0 0 1 1 0 1 1 0 0 0 1 1 1 1 1 1 0 1 0 1 
1 0 1 1 0 1 0 1 1 0 0 0 0 0 1 0 0 0 1 0 1 1 1 0 0 0 0 0 2 1 1 1 1 1 0 0 1 0 0 1 1 1 0 0 0 0 0 0 1 0 1 1 
1 1 1 1 2 1 0 1 0 1 0 1 1 0 0 1 0 0 0 1 2 0 0 0 0 0 0 1 1 0 0 1 0 0 1 0 1 0 0 1 1 0 1 1 1 1 1 0 1 1 1 0 
0 0 0 0 2 1 1 0 1 0 1 0 0 1 1 0 0 1 1 0 0 1 1 1 1 1 1 1 3 1 1 0 1 0 0 1 0 1 1 0 0 1 0 0 0 0 0 1 0 0 0 1 
1 0 0 1 0 0 1 0 1 0 1 1 1 1 1 1 1 1 0 0 2 1 0 0 0 0 0 0 3 1 1 1 1 1 1 1 1 0 1 0 1 1 1 1 1 1 1 1 0 0 0 0 
0 1 1 0 1 0 0 1 1 1 0 1 0 0 0 0 1 0 1 1 0 0 1 1 1 1 1 0 1 1 0 0 0 1 0 0 0 1 0 1 0 0 0 1 0 0 0 0 1 1 0 1 
0 0 1 1 1 1 1 0 0 1 0 0 1 0 1 1 1 1 1 0 1 0 1 0 0 0 1 0 0 0 1 0 0 1 0 1 0 1 0 0 1 1 1 0 0 1 1 0 1 1 1 0 
0 1 0 0 0 0 0 1 0 0 1 0 0 1 0 0 1 1 0 1 2 1 0 1 1 1 1 1 2 0 0 0 1 0 1 0 0 0 1 0 0 0 1 1 1 1 0 1 0 0 1 0 
1 0 1 0 1 1 1 1 1 0 1 0 0 1 0 1 0 0 0 1 3 0 1 1 0 1 0 0 3 0 1 1 1 1 1 0 1 1 0 1 0 1 0 0 0 1 1 0 1 1 1 0 
1 0 0 1 0 0 0 0 0 0 0 0 1 0 1 0 0 0 1 0 3 1 0 0 1 0 1 1 1 1 0 1 0 1 0 1 0 0 1 1 0 0 1 0 0 0 1 1 0 0 1 1 
1 1 1 1 0 1 0 1 0 1 1 0 1 0 1 1 0 1 0 0 0 1 0 0 0 1 0 1 0 0 1 0 1 1 1 0 1 0 1 1 1 0 1 1 1 0 1 1 0 1 1 1 
0 1 0 0 2 0 0 1 0 1 0 1 1 1 0 0 1 1 0 1 1 0 0 1 1 0 0 1 3 0 0 1 0 0 0 1 1 1 1 1 1 0 0 1 1 1 0 0 0 0 0 0 
1 1 0 1 1 1 1 0 0 1 0 1 1 1 1 1 0 0 1 1 2 1 1 1 1 1 1 0 2 0 1 0 0 0 0 1 1 1 1 0 0 1 0 0 0 0 1 0 1 0 0 1 
1 1 0 1 0 0 1 0 1 1 1 0 0 1 0 1 0 1 1 0 1 0 1 1 0 0 0 1 1 1 0 1 1 1 1 0 1 1 0 0 0 1 1 1 1 1 1 1 0 0 1 1 
1 1 0 0 2 0 1 0 1 0 0 0 0 1 1 0 1 0 0 0 3 0 0 0 0 1 0 0 0 1 1 1 1 1 0 0 0 1 0 1 1 1 0 1 1 1 0 1 0 0 1 0 
1 1 0 1 2 1 1 1 0 1 0 0 1 0 1 1 0 0 1 1 0 0 1 0 0 0 1 1 2 1 0 1 0 0 1 1 1 0 0 0 0 1 0 1 0 1 1 0 1 1 0 0 
0 1 1 0 1 1 1 1 1 1 1 1 0 0 1 0 0 0 1 0 2 0 1 0 1 0 0 1 3 1 0 1 0 1 1 1 0 0 0 1 0 0 0 1 0 1 0 1 0 1 0 1 
1 1 1 0 1 1 0 1 0 0 0 0 0 1 0 0 0 0 0 1 2 1 0 0 1 1 0 1 0 0 1 1 1 0 1 1 0 1 0 1 0 0 0 0 0 0 0 1 0 0 1 1 
1 0 1 0 1 1 0 0 0 0 1 0 1 1 1 0 0 1 1 0 2 0 1 1 1 0 1 1 1 0 1 0 0 0 1 0 1 0 0 1 1 0 0 0 0 1 0 0 1 0 1 1 
1 0 1 0 1 1 1 0 0 1 1 1 0 1 1 0 0 0 0 1 3 1 0 1 0 1 0 1 2 1 1 1 1 0 1 0 0 1 1 1 1 0 1 0 0 0 1 1 0 0 0 1 
1 0 0 0 0 1 0 1 0 0 1 1 0 1 1 1 1 0 0 1 1 0 0 1 0 1 1 0 3 0 0 0 1 1 1 0 1 1 0 0 1 0 0 1 1 1 1 0 0 0 1 1 

# Size = 22 | Time = 1884 ms
0 0 0 0 0 0 1 0 0 1 1 1 0 0 0 0 1 1 0 1 0 1 1 1 1 1 1 1 3 0 0 0 0 1 1 1 1 0 1 0 1 0 0 0 0 1 1 0 0 1 0 0 
1 1 1 1 1 1 0 1 1 0 0 0 1 1 1 1 0 0 1 0 2 0 0 0 0 0 0 0 0 1 1 1 1 0 0 0 0 1 0 1 0 1 1 1 1 0 1 1 0 0 1 1 
1 0 0 1 2 1 0 1 0 1 1 1 0 1 1 0 1 1 1 0 1 1 0 0 1 0 0 0 1 0 1 0 0 0 1 0 0 1 0 1 1 1 0 0 0 1 0 0 1 1 1 1 
0 1 1 0 2 1 1 1 1 0 0 0 1 0 0 0 0 0 0 1 3 0 1 1 0 1 0 1 2 1 0 1 1 1 0 1 1 0 1 0 0 0 1 1 1 0 0 0 1 0 0 1 
1 0 1 0 1 0 1 0 1 1 0 1 1 1 1 1 0 1 0 1 2 1 1 1 0 1 1 0 1 1 1 0 0 0 0 1 1 0 0 0 1 1 0 1 1 1 1 1 0 0 1 0 
0 1 0 0 1 0 0 0 0 0 1 0 0 0 0 1 1 0 1 0 1 0 0 0 1 0 1 0 0 0 0 1 1 1 1 0 1 1 0 0 0 0 1 0 0 1 1 1 0 0 1 0 
0 0 0 1 0 0 0 0 0 1 1 1 1 1 1 1 0 0 0 0 3 1 0 0 0 1 1 1 2 0 0 1 0 0 0 0 0 0 0 1 1 1 1 0 0 0 1 1 0 1 0 1 
1 1 0 1 1 1 1 1 1 0 0 0 1 0 0 1 1 1 1 1 0 0 0 0 1 0 1 1 3 1 1 1 1 0 1 1 0 1 1 1 0 0 0 1 1 0 1 0 1 1 1 1 
1 0 1 1 0 0 0 1 1 0 0 1 0 1 0 0 0 1 1 0 2 1 1 1 1 0 0 0 0 1 1 0 1 1 1 0 0 1 1 1 0 1 1 0 0 1 0 0 1 1 0 0 
0 1 1 0 2 0 0 0 0 0 1 1 0 1 1 0 0 0 0 0 0 0 1 0 0 1 0 0 3 0 1 0 0 1 0 0 0 1 0 0 1 1 1 1 1 0 0 1 0 0 0 1 
0 1 0 1 0 1 0 0 0 1 1 0 0 0 1 0 1 0 0 1 2 0 0 1 0 0 1 1 1 1 0 1 0 1 0 1 1 1 1 0 0 0 1 1 1 0 0 1 0 0 1 1 
1 0 1 0 1 1 1 0 1 1 0 0 1 1 1 0 0 1 0 0 1 0 1 1 0 0 1 0 2 1 1 0 1 0 1 1 1 0 1 1 1 0 0 1 1 1 0 0 1 0 0 0 
1 1 1 0 2 0 1 1 0 1 0 0 0 0 0 1 1 0 1 1 3 1 1 0 1 1 1 0 0 1 1 0 0 1 0 0 0 0 1 0 1 1 0 1 0 1 1 0 0 0 1 0 
1 1 1 0 1 1 1 0 1 0 0 0 0 1 0 0 1 1 1 1 3 1 0 1 0 0 1 1 1 0 0 1 1 0 1 1 1 1 0 0 1 1 1 0 0 1 0 0 1 0 0 1 
1 0 1 1 2 1 0 1 1 1 1 1 0 0 1 1 1 1 1 1 2 1 0 1 1 0 1 1 2 0 0 1 0 1 0 0 0 1 1 0 0 0 1 0 0 0 1 1 0 0 1 1 
0 0 0 0 0 1 1 0 1 0 1 1 0 1 0 1 0 0 0 1 1 1 1 0 1 1 1 1 0 1 0 1 0 0 0 1 0 1 0 1 0 0 1 1 0 0 1 0 0 0 1 1 
0 1 0 1 0 1 1 1 1 0 0 0 0 1 0 1 1 0 0 1 2 0 0 1 0 1 0 1 3 1 1 1 1 1 1 1 0 1 1 0 1 1 0 1 0 0 1 0 1 1 1 1 
0 1 1 0 1 0 1 1 1 1 0 1 1 1 1 0 1 0 1 1 0 1 0 0 1 1 0 0 0 1 1 0 1 0 0 0 0 1 1 0 0 0 0 1 1 0 0 0 0 0 1 1 
1 0 1 1 1 0 1 1 0 0 0 0 1 1 1 0 0 1 1 1 3 1 1 0 1 1 0 0 3 0 1 0 1 1 0 0 1 1 0 0 1 0 0 1 1 1 0 0 1 1 0 0 
1 0 1 1 0 0 1 1 0 1 0 0 0 0 1 1 1 1 0 1 1 0 1 0 0 0 0 0 3 1 1 0 0 0 0 1 1 0 0 0 0 0 0 1 1 1 1 0 0 0 1 1 
1 1 0 1 1 0 1 0 0 0 0 1 0 0 1 0 1 1 0 0 0 0 0 1 1 1 0 1 1 1 1 1 0 1 1 0 0 0 0 1 0 0 1 1 0 1 0 1 0 0 0 0 
1 1 0 0 0 1 0 1 0 1 1 0 1 0 0 0 1 1 1 0 0 0 0 1 1 0 0 0 2 1 1 1 1 0 1 1 0 1 1 1 0 1 1 0 0 0 1 0 0 1 1 1 

# Size = 19 | Time = 1518 ms
1 0 0 0 0 0 1 0 0 1 1 1 0 1 0 0 1 1 1 0 0 0 0 0 1 0 0 1 2 0 0 0 1 0 0 0 1 1 0 1 0 0 0 1 1 0 0 0 0 0 1 1 
0 1 1 1 1 1 0 1 1 0 0 0 1 0 1 1 0 0 0 1 1 1 1 1 0 1 1 0 1 1 1 1 0 1 1 1 0 0 1 0 1 1 1 0 0 1 1 0 1 1 0 0 
0 1 0 1 2 1 0 0 1 0 0 1 0 1 1 0 1 0 1 0 3 0 0 1 1 1 0 1 0 0 1 0 0 1 1 0 1 1 1 1 1 1 0 0 0 1 1 1 0 0 1 0 
1 0 1 0 1 1 1 1 0 1 1 0 1 0 0 1 0 1 0 0 2 1 1 0 0 0 1 0 3 1 0 1 1 0 0 0 0 0 0 0 0 0 1 1 1 0 1 1 0 1 0 1 
0 0 1 1 0 0 1 1 0 1 1 1 1 0 1 0 1 0 0 1 3 0 0 1 1 1 0 0 3 0 1 1 1 1 0 1 1 0 1 0 1 0 0 1 0 0 0 0 1 1 0 1 
1 1 0 0 0 0 0 1 1 0 0 0 0 1 0 0 0 1 1 1 2 1 1 0 0 1 1 1 0 1 0 0 0 0 1 1 0 1 0 1 0 1 1 1 1 1 0 1 0 0 0 0 
0 1 1 0 2 1 1 0 0 1 1 1 1 1 1 1 0 0 1 1 0 0 1 0 0 0 1 1 2 1 0 1 0 0 1 1 0 0 1 0 0 0 1 0 0 1 1 0 1 1 1 0 
1 0 0 0 2 0 0 0 1 0 0 0 0 0 0 0 0 1 0 1 1 1 0 1 1 1 0 0 2 0 1 0 1 1 0 0 0 1 0 0 0 1 0 0 0 0 0 1 0 0 1 1 
1 1 1 1 1 0 0 0 0 1 0 0 0 1 0 1 1 1 1 0 3 1 1 0 0 0 1 0 1 1 0 0 1 0 1 0 1 1 0 1 0 0 0 1 1 0 1 0 1 0 1 1 
0 0 0 0 1 1 1 0 0 0 1 1 1 0 0 1 1 1 0 0 1 0 0 0 1 0 0 1 0 1 1 0 1 0 0 1 1 0 0 1 1 0 1 1 1 1 1 0 1 1 0 0 
0 0 0 1 2 1 1 0 1 1 1 1 1 1 1 0 0 1 0 0 2 0 0 1 1 0 1 1 1 0 1 1 0 1 0 1 1 0 1 1 1 1 0 1 1 1 0 0 1 0 1 1 
1 1 0 1 1 0 0 1 0 0 0 0 1 1 0 1 1 0 0 0 0 0 1 1 1 1 0 1 3 0 0 1 0 1 1 0 0 1 1 1 1 1 1 0 0 1 1 0 1 0 1 0 
1 0 1 1 0 0 1 1 1 1 0 1 0 0 1 1 1 0 1 0 0 1 0 1 0 1 1 0 0 1 1 1 1 0 1 0 1 1 0 0 1 0 1 1 0 0 1 1 0 1 0 1 
0 1 1 1 1 1 0 1 0 1 1 0 0 1 0 0 1 0 0 1 2 1 0 0 0 1 0 0 2 0 1 1 1 1 0 0 0 0 0 0 1 1 0 0 0 0 0 0 1 1 0 1 
0 0 0 0 2 0 1 1 1 1 0 0 0 1 0 0 1 0 1 1 1 0 0 0 1 1 1 1 3 0 0 0 0 1 0 0 0 1 0 0 1 0 0 0 0 0 0 0 0 0 0 1 
1 1 0 0 0 1 1 0 0 1 1 1 1 1 0 1 0 0 0 1 3 0 0 0 1 0 0 1 1 0 1 0 0 1 1 1 0 1 0 0 0 0 1 1 1 0 1 1 0 1 1 1 
1 1 0 0 0 1 1 0 0 0 1 0 0 1 0 0 0 1 1 0 1 0 1 0 1 1 1 1 3 0 1 0 1 0 1 1 0 0 0 1 1 0 0 0 0 0 0 0 1 1 1 1 
0 0 1 1 0 0 0 0 1 0 0 1 1 1 1 1 0 0 0 1 3 0 1 0 1 1 0 0 2 0 1 0 1 0 0 1 0 1 0 0 1 0 0 1 1 1 1 0 0 1 0 0 
1 0 1 1 0 1 1 1 1 0 0 0 1 0 1 0 1 1 0 1 0 0 0 0 0 0 0 1 1 1 1 1 0 1 1 1 0 1 0 0 0 0 0 1 0 0 0 1 0 0 0 1 

# Size = 20 | Time = 1573 ms
1 1 1 1 1 1 0 1 1 0 0 1 0 1 1 1 1 0 1 1 0 1 0 1 1 1 0 1 1 1 0 0 0 1 1 1 0 1 1 1 0 1 1 0 0 0 1 0 0 0 1 1 
1 0 0 0 2 0 1 0 0 1 1 0 1 0 0 0 0 1 0 0 3 0 1 0 0 0 1 0 0 0 1 1 1 0 0 0 1 0 0 0 1 0 0 1 1 1 0 0 1 1 0 0 
0 0 1 0 0 1 1 0 1 0 1 0 0 0 1 0 0 1 1 1 2 0 1 1 0 1 0 1 3 1 1 0 1 0 0 1 1 0 0 1 1 0 1 1 0 0 1 1 0 0 1 1 
0 1 0 1 0 0 0 1 0 0 0 1 1 1 0 0 1 0 0 0 1 1 0 0 1 0 1 0 2 0 0 1 0 1 1 0 0 1 1 0 0 1 0 1 1 1 0 0 1 1 0 1 
0 1 0 0 2 1 1 0 0 1 0 1 0 1 0 1 0 0 1 1 0 1 1 1 1 0 1 0 2 1 1 0 1 1 0 0 1 1 0 0 0 0 0 0 0 1 1 1 0 1 1 0 
1 0 1 0 2 0 0 0 0 1 0 1 1 0 1 0 1 1 0 0 2 0 0 0 0 1 1 1 3 0 0 1 0 0 1 1 1 0 1 0 1 1 0 0 0 1 0 1 0 0 0 0 
0 0 1 0 1 0 1 1 1 1 1 0 1 0 0 1 0 1 1 0 1 1 0 0 0 1 0 0 1 0 1 0 1 0 1 0 0 0 0 1 1 0 1 1 1 1 1 1 0 1 0 0 
0 1 0 1 1 1 0 1 1 0 1 0 0 1 1 0 1 0 0 1 3 0 1 0 1 0 0 1 0 1 0 1 1 1 0 1 0 1 0 1 1 1 1 0 0 0 0 0 1 0 1 1 
1 1 0 1 1 0 1 1 1 1 1 0 0 0 1 1 0 1 0 0 2 0 1 1 0 1 0 1 2 1 1 1 0 1 1 0 1 1 1 0 0 0 0 1 1 0 1 0 1 1 0 1 
1 0 0 1 2 1 0 0 0 1 1 0 1 1 0 0 0 1 1 0 0 0 0 1 1 0 1 0 3 0 0 1 0 0 0 1 0 0 0 0 0 0 1 1 1 0 0 0 1 0 1 1 
1 0 1 1 0 1 1 0 1 0 1 1 0 0 1 1 1 0 0 1 1 0 1 1 0 0 1 0 1 1 0 0 1 1 0 0 1 0 1 0 0 1 1 0 0 1 1 0 1 0 0 0 
1 0 1 1 0 0 0 1 1 1 0 0 0 0 0 1 1 1 1 1 3 1 0 1 1 1 1 1 2 0 1 0 0 0 1 1 1 1 1 1 0 0 1 1 1 0 1 1 0 0 1 1 
1 1 1 0 0 0 1 1 0 0 0 1 1 1 0 1 1 0 1 1 2 1 0 1 1 0 0 0 0 1 0 0 0 0 1 0 0 0 1 0 0 0 0 1 1 1 1 1 0 0 0 0 
1 1 0 0 2 1 0 1 0 0 1 1 0 1 0 1 0 0 1 1 1 1 1 1 0 1 0 1 3 0 1 1 0 1 0 1 1 1 0 1 0 1 0 1 0 0 1 0 1 1 1 1 
1 0 1 0 0 0 1 1 0 1 0 0 1 0 1 0 0 0 0 1 0 0 1 0 0 1 1 0 0 0 0 1 1 1 1 1 0 1 0 1 1 0 1 0 0 1 1 0 1 0 0 1 
1 0 0 0 1 1 0 0 0 0 0 1 0 1 1 0 0 0 1 1 3 1 1 1 0 1 1 0 1 1 0 0 0 0 0 0 1 0 0 0 0 0 0 1 1 0 0 0 1 1 1 1 
1 1 0 0 2 1 0 0 1 1 1 0 1 0 0 0 1 0 1 0 2 1 0 0 0 0 0 0 1 1 1 1 1 0 0 0 0 1 0 1 0 1 1 1 0 1 0 1 0 1 1 1 
0 0 1 0 1 0 1 0 1 0 0 1 1 1 0 1 0 1 1 0 3 1 0 1 1 0 1 0 3 1 0 0 1 0 1 0 0 0 0 0 1 0 0 1 0 1 1 1 0 0 1 1 
1 1 1 1 1 0 1 1 0 0 0 0 0 1 0 0 0 1 1 1 2 1 0 0 0 0 1 1 2 1 0 1 1 1 0 0 0 0 1 0 1 1 0 1 1 1 0 1 0 0 0 0 
1 0 1 0 0 1 1 1 1 0 1 0 1 1 1 0 0 0 0 1 1 0 1 1 0 0 1 1 0 1 1 1 1 1 0 1 0 1 1 1 1 0 0 1 0 1 0 0 0 0 1 1 

# Size = 20 | Time = 1601 ms
1 1 0 0 0 1 0 0 1 0 0 1 0 1 0 0 1 1 0 1 1 1 0 1 0 0 0 0 1 0 1 0 0 0 0 1 0 0 0 0 0 1 0 0 0 0 1 1 0 0 0 1 
0 0 1 1 2 0 1 1 0 1 1 0 1 0 1 1 0 0 1 0 2 0 1 0 1 1 1 1 0 1 0 1 1 1 1 1 1 1 1 1 1 0 1 1 1 1 1 0 1 0 1 0 
0 1 1 1 1 0 1 0 1 1 0 0 1 1 0 0 0 0 1 1 3 0 1 0 0 0 0 0 2 0 0 1 1 0 1 0 0 1 0 0 0 0 0 1 0 1 0 1 0 1 0 0 
1 0 0 0 1 1 0 1 0 0 1 1 0 0 1 0 1 1 0 0 0 1 0 1 1 1 1 1 3 1 1 0 0 1 0 0 1 0 1 1 1 1 1 1 1 0 0 0 1 1 1 1 
1 0 0 0 2 1 1 1 0 0 0 1 1 1 0 1 1 1 1 0 2 0 1 1 0 0 1 0 2 0 1 1 0 0 0 0 1 1 0 1 1 0 1 0 0 1 1 0 0 1 1 1 
0 1 1 0 0 1 0 0 0 0 1 1 0 0 1 1 0 1 0 1 1 1 0 0 1 1 0 1 3 1 0 0 1 1 0 1 0 0 1 0 0 0 0 0 0 1 1 0 1 1 0 0 
0 0 0 1 0 0 0 0 1 1 0 0 0 0 1 1 1 0 0 0 3 1 0 0 1 0 1 1 1 0 1 1 0 0 1 0 0 1 1 0 1 1 1 1 1 0 1 0 1 0 1 1 
1 1 1 1 2 0 0 1 1 0 0 0 1 0 0 0 0 0 0 1 0 0 1 1 0 1 1 0 0 1 0 1 1 1 1 1 0 0 0 1 0 1 0 1 1 0 0 1 0 0 0 1 
1 1 0 1 2 1 1 0 1 1 1 1 0 1 1 0 0 0 1 0 2 0 1 0 0 0 0 0 3 0 1 0 1 1 1 1 1 0 1 0 1 1 0 0 0 0 0 1 0 0 0 1 
0 0 1 0 0 0 1 1 0 1 1 0 1 1 0 1 1 1 1 1 0 0 0 1 1 1 0 1 1 0 0 0 1 0 0 0 1 1 0 0 1 0 1 0 0 1 1 1 0 1 0 0 
1 0 0 0 1 0 1 0 0 1 1 1 1 1 0 1 0 1 1 0 1 1 1 1 0 0 0 1 0 1 0 1 0 0 1 0 1 1 0 1 0 1 1 1 1 1 1 0 1 0 1 0 
1 0 0 1 1 1 0 1 0 0 1 0 0 0 1 0 1 1 0 1 3 1 0 1 1 1 0 1 2 1 1 0 1 1 0 1 1 0 0 1 0 1 0 0 0 1 1 0 1 0 1 0 
0 1 1 0 2 1 0 1 0 1 0 1 0 1 0 1 1 0 1 0 3 1 0 0 1 1 1 0 0 0 1 0 0 0 0 0 1 0 1 0 1 1 1 0 0 1 1 1 0 1 1 1 
1 0 1 1 1 0 0 0 1 1 1 1 0 1 0 0 0 0 0 1 2 1 1 1 0 0 0 1 1 1 1 1 1 1 0 0 0 0 0 1 0 0 0 1 1 0 0 0 0 1 0 1 
0 1 0 1 2 0 0 1 0 1 0 0 1 1 0 0 0 0 0 0 1 0 1 0 1 0 1 1 3 1 0 1 0 0 0 1 1 1 0 0 1 0 0 1 1 1 0 1 0 0 0 0 
1 1 0 0 0 1 1 0 1 0 1 0 1 0 1 0 0 0 0 1 0 1 1 0 1 0 0 0 2 0 0 0 0 0 0 1 0 0 1 1 0 1 0 1 1 0 0 0 0 1 0 1 
0 0 1 1 0 0 0 1 1 0 0 0 0 1 1 1 0 0 1 1 2 1 0 0 0 1 1 0 0 1 1 1 1 0 0 1 0 0 0 0 0 1 1 1 1 0 1 0 1 0 0 1 
1 1 0 1 0 1 1 0 0 1 1 1 1 0 1 1 0 1 0 0 3 0 1 0 0 1 1 1 3 0 0 0 0 1 1 0 0 1 1 0 1 1 1 1 0 1 1 0 1 0 1 0 
0 1 1 1 0 0 1 0 1 1 0 1 1 0 1 1 0 0 0 1 1 0 1 1 0 0 1 1 2 0 1 1 0 1 1 0 1 0 0 1 0 0 1 1 1 1 1 0 1 0 1 1 
0 0 1 1 2 0 0 0 1 1 1 1 0 1 1 1 0 0 1 0 3 1 0 1 0 0 0 1 1 0 0 0 1 1 1 0 0 1 1 0 0 1 0 1 1 1 1 0 0 0 0 0 

# Size = 23 | Time = 1972 ms
0 0 1 1 2 1 0 0 1 0 1 1 1 0 1 1 0 1 1 1 2 1 1 1 0 0 1 0 3 1 1 0 1 0 1 0 0 1 0 1 1 1 1 1 0 1 1 1 0 1 0 1 
1 1 0 0 0 0 1 1 0 1 0 0 0 1 0 0 1 0 0 0 0 0 0 0 1 1 0 1 0 0 0 1 0 1 0 1 1 0 1 0 0 0 0 1 1 1 0 0 1 0 1 0 
0 0 0 1 1 0 0 0 0 0 1 1 1 1 0 0 1 1 0 0 3 1 1 0 0 0 0 0 1 1 1 0 0 1 1 1 1 1 1 0 0 1 1 0 0 0 0 0 1 0 1 1 
0 1 1 0 1 1 1 1 1 1 0 0 1 0 1 1 0 0 1 1 1 0 0 1 1 1 1 1 2 0 0 1 1 0 0 0 0 0 0 0 1 1 0 1 1 0 1 1 0 1 0 1 
1 1 0 1 0 0 0 1 1 1 0 0 0 1 1 0 0 1 1 1 0 0 1 1 1 0 1 0 2 0 1 0 1 0 0 0 1 1 1 1 0 0 1 0 0 1 0 1 0 1 0 0 
1 0 1 1 2 1 1 1 0 0 1 1 0 0 0 1 1 0 0 0 3 1 0 0 0 1 0 1 0 1 0 1 0 0 1 0 0 0 0 1 1 0 0 0 0 1 1 1 0 0 1 0 
1 1 1 0 2 1 0 0 1 1 1 1 0 1 0 0 1 1 0 1 2 0 0 0 1 1 1 0 1 0 0 0 1 0 1 1 1 0 0 0 1 0 0 1 1 0 1 0 1 1 0 1 
1 1 0 0 1 1 1 0 0 0 0 0 1 0 1 0 0 0 0 0 1 1 0 1 0 0 0 1 3 0 1 1 1 1 0 1 1 1 0 1 0 0 1 1 1 1 0 0 1 0 1 0 
0 0 1 0 0 0 1 0 0 1 1 1 0 0 1 1 1 0 1 1 0 1 1 0 0 1 0 1 2 1 1 0 0 1 0 0 0 0 1 0 1 1 0 0 0 0 1 0 1 0 0 1 
0 0 0 0 0 1 1 0 1 0 0 0 1 1 1 1 0 1 1 1 3 0 1 1 1 0 1 0 0 1 1 0 0 1 1 1 0 0 0 1 0 0 1 1 1 0 1 1 0 1 1 1 
0 1 0 1 2 1 0 1 1 1 0 1 0 1 0 1 1 1 1 0 1 0 1 1 0 1 1 0 3 1 0 1 0 1 1 1 1 1 1 0 0 0 1 1 1 1 1 0 1 0 0 0 
1 0 0 1 2 0 1 1 0 1 0 0 0 0 1 0 0 0 1 0 2 1 0 1 1 0 0 1 1 0 0 1 0 1 0 0 0 0 0 0 1 1 0 0 0 1 0 1 0 0 1 0 
1 0 0 1 0 0 0 1 0 0 1 0 1 1 0 1 0 0 0 0 1 0 0 0 1 0 1 0 3 0 0 0 0 1 0 0 0 1 1 0 0 1 0 0 0 0 1 1 0 1 0 1 
1 0 0 1 2 1 1 1 1 0 0 1 1 1 0 0 1 1 0 0 2 0 1 0 0 0 0 1 2 1 0 1 0 1 1 1 0 0 1 1 0 0 0 1 0 1 0 0 0 1 1 0 
0 1 0 1 1 1 0 0 0 1 1 1 0 0 1 1 1 0 0 1 3 1 1 0 1 0 0 0 0 0 1 1 1 0 0 1 1 1 1 1 1 1 0 1 1 1 1 1 0 1 0 0 
0 1 1 0 2 1 1 0 0 0 0 1 1 0 1 1 1 1 1 1 0 1 1 1 1 1 1 0 1 0 0 1 1 0 1 1 1 0 0 1 0 0 1 1 1 0 1 1 0 0 0 1 
1 0 1 1 1 0 0 0 1 1 1 0 0 1 0 0 1 0 1 0 0 1 0 0 1 1 1 1 3 0 1 0 0 1 1 0 1 0 0 0 1 1 1 1 1 1 0 0 0 0 0 0 
1 0 0 0 1 1 0 1 1 0 0 0 0 1 0 0 1 0 0 0 2 1 1 1 0 1 1 1 0 1 0 0 1 1 0 0 1 1 1 0 1 1 0 0 0 1 0 0 0 0 1 0 
1 0 0 1 0 1 0 1 1 1 0 0 0 1 0 0 0 1 0 1 1 1 1 0 0 0 0 0 1 0 1 1 0 0 0 1 0 1 0 1 0 0 0 1 0 0 0 1 0 0 0 1 
0 0 1 0 1 0 0 0 0 0 0 1 1 1 1 0 0 1 1 1 1 0 1 0 1 0 0 1 0 0 1 0 0 1 0 1 0 0 0 0 1 1 0 0 0 0 0 1 0 0 1 1 
0 0 0 1 0 1 0 1 1 1 0 1 0 1 1 1 0 1 0 1 2 1 0 0 1 1 1 1 0 0 1 0 1 0 1 1 0 0 0 0 0 1 0 0 0 1 1 0 0 1 0 0 
0 1 0 1 0 1 1 0 1 1 0 1 1 1 1 0 0 0 0 0 3 1 1 1 0 0 1 0 2 0 1 1 1 1 0 0 0 1 0 0 0 0 1 1 0 1 1 1 0 0 0 1 
0 0 0 1 0 0 1 1 1 1 1 0 0 0 0 0 1 1 0 1 3 0 0 0 0 1 0 1 3 0 0 1 0 1 0 0 0 1 1 1 1 0 1 1 1 1 1 1 0 0 0 0 

# Size = 23 | Time = 1845 ms
0 0 1 0 0 1 1 1 1 0 0 0 1 0 0 0 1 0 0 1 1 0 1 0 0 0 0 0 0 0 0 0 0 0 1 1 1 0 0 0 0 1 0 1 0 1 1 1 0 1 1 1 
1 1 0 1 2 0 0 0 0 1 1 1 0 1 1 0 0 1 1 0 0 1 0 1 1 1 1 1 2 1 1 1 1 1 0 0 0 1 1 1 1 0 1 1 1 0 0 0 1 0 0 1 
0 1 0 0 1 0 0 0 1 0 1 0 0 0 1 1 0 0 0 1 3 0 1 1 1 1 1 0 1 1 1 0 0 0 0 1 1 1 1 1 0 0 1 0 0 1 1 0 0 0 1 0 
1 1 1 1 0 0 1 1 0 1 1 1 1 1 0 1 1 0 1 0 2 1 0 0 0 0 0 1 3 0 0 1 1 1 1 0 0 0 0 0 1 1 0 0 0 1 1 0 1 1 0 0 
0 0 1 0 1 1 1 0 0 1 0 0 1 1 0 0 0 1 1 1 2 0 0 1 1 1 0 1 1 0 0 0 1 0 1 0 0 1 1 0 0 1 1 1 1 0 0 1 0 0 0 1 
1 0 1 1 2 1 0 1 1 0 0 1 0 0 1 0 1 1 0 0 3 1 1 0 0 0 0 0 2 1 0 1 0 1 0 1 1 0 0 0 1 0 0 1 1 0 0 1 0 1 1 1 
1 0 0 0 1 1 1 1 0 1 0 0 0 1 0 1 1 1 0 0 1 1 1 1 0 1 1 0 0 1 1 1 1 0 1 1 0 0 0 1 1 1 0 1 1 1 1 0 1 0 0 0 
0 0 0 1 2 1 1 1 0 0 1 1 1 0 1 1 0 0 1 1 0 0 0 0 1 0 1 0 3 0 1 0 0 0 0 0 0 1 1 1 0 0 0 0 0 0 1 0 1 1 0 1 
1 1 0 0 1 1 0 0 1 1 0 0 0 0 1 0 1 0 0 1 0 1 0 1 1 0 0 1 3 0 1 0 1 1 1 1 1 0 0 0 0 1 1 0 0 1 0 1 0 1 1 0 
0 1 1 1 0 0 0 0 1 1 1 1 0 1 1 0 0 1 1 1 1 0 1 0 1 1 1 1 0 1 1 1 0 1 0 0 1 1 1 1 0 0 1 0 0 0 0 1 0 0 1 1 
0 0 1 0 2 0 1 0 1 1 0 0 1 1 0 1 0 0 0 0 3 0 0 0 0 1 1 1 2 0 0 0 1 0 1 0 1 1 0 1 1 1 0 1 1 1 1 0 1 1 0 0 
0 0 0 1 0 1 0 1 0 0 0 0 1 0 1 1 1 0 0 0 2 1 1 0 0 0 1 0 1 1 1 1 1 0 1 1 1 0 1 1 1 0 1 0 0 1 1 0 1 1 1 1 
1 0 1 0 0 1 0 1 1 1 0 1 1 1 0 0 1 1 1 1 0 0 1 1 0 0 0 0 3 1 0 1 1 1 0 1 1 1 1 1 1 1 0 1 1 1 0 0 1 0 0 0 
1 1 0 1 1 1 1 0 1 0 0 1 0 1 0 1 1 1 1 0 1 0 0 0 1 0 0 1 1 1 0 1 0 1 1 1 0 1 0 0 0 0 0 0 0 1 1 0 1 0 1 1 
1 0 0 1 0 1 0 0 0 1 1 1 0 0 1 1 0 0 1 1 3 1 1 1 1 0 1 1 2 0 0 1 0 1 0 0 0 0 1 0 0 0 0 0 0 1 1 1 0 0 0 1 
0 1 0 0 1 0 0 0 1 1 1 0 0 0 0 1 1 0 0 0 2 0 0 1 0 1 1 1 2 1 0 1 0 1 0 0 1 0 0 1 0 1 0 1 1 1 1 0 0 1 0 1 
1 1 0 1 2 1 0 1 0 1 1 0 0 0 0 1 0 1 1 0 2 0 0 0 1 1 0 0 0 1 0 0 0 1 1 0 0 1 1 0 0 1 0 1 1 0 1 0 0 1 0 1 
1 1 0 0 2 1 0 1 0 1 1 1 0 0 1 0 1 1 1 1 1 0 1 1 1 1 1 1 3 0 1 1 0 1 0 0 1 0 0 1 0 0 1 1 1 0 0 0 0 0 1 1 
0 1 1 1 2 0 0 0 1 1 0 0 0 1 1 0 1 0 0 1 0 0 1 0 0 0 0 0 1 0 0 0 1 1 0 0 1 1 1 0 0 1 1 0 0 1 0 0 1 0 1 0 
1 0 1 0 1 1 0 0 0 0 0 0 1 0 0 0 0 0 0 0 0 1 0 0 0 1 1 0 0 0 0 1 0 1 1 1 1 1 0 0 0 0 0 1 1 0 0 1 0 1 0 1 
1 0 1 0 2 1 0 1 1 0 1 0 1 1 0 0 1 0 0 0 3 1 0 0 0 0 0 0 0 1 0 1 1 0 0 0 0 1 0 1 1 0 1 0 0 1 1 1 0 0 1 0 
1 1 0 1 1 1 0 0 0 0 0 0 0 0 0 1 1 0 0 0 1 1 1 1 0 1 0 0 2 0 0 0 0 1 0 1 1 0 1 0 0 0 1 1 1 1 1 0 1 0 0 1 
0 1 1 0 0 1 1 1 0 1 0 1 0 1 0 0 1 0 0 0 3 1 0 0 0 1 0 1 3 0 0 0 0 1 1 0 1 1 1 1 1 1 1 1 0 0 0 1 0 0 0 1 

# Size = 20 | Time = 1606 ms
0 1 1 0 0 1 0 0 0 1 0 0 0 1 0 0 1 1 0 1 3 0 1 1 1 0 0 0 0 0 0 0 1 1 1 1 0 1 1 1 0 1 1 1 0 1 0 0 0 1 1 0 
1 0 0 1 2 0 1 1 1 0 1 1 1 0 1 1 0 0 1 0 0 1 0 0 0 1 1 1 2 1 1 1 0 0 0 0 1 0 0 0 1 0 0 0 0 0 1 0 1 0 0 1 
0 0 1 1 1 0 0 0 1 0 0 1 1 1 0 0 0 1 1 1 1 0 0 0 0 1 1 0 3 1 0 0 0 1 1 0 1 0 1 1 0 0 0 1 1 0 0 1 0 1 0 1 
1 1 0 0 1 0 1 1 0 1 1 0 0 0 1 1 1 0 0 0 2 1 1 1 1 0 0 1 1 0 1 1 1 0 0 1 0 1 1 0 1 1 1 1 1 1 1 1 0 0 1 0 
1 0 1 1 2 1 1 0 0 1 0 1 0 1 0 0 1 1 0 0 1 0 1 0 1 1 0 1 2 1 0 1 0 1 0 0 0 1 0 0 1 1 1 0 0 0 0 0 1 0 1 1 
0 1 0 0 0 1 0 1 0 1 1 0 1 0 1 1 0 0 1 1 0 0 0 1 0 1 1 0 3 0 1 0 1 0 1 1 1 1 0 1 0 0 0 0 0 1 1 0 1 1 0 0 
0 0 1 1 2 1 0 0 1 0 0 0 1 0 1 0 0 1 0 1 3 1 1 1 0 0 1 1 1 0 1 0 1 0 0 0 0 0 0 1 1 1 0 1 1 0 1 1 0 0 1 1 
1 1 1 1 2 0 1 1 1 0 1 1 0 0 0 0 1 0 1 0 2 1 0 0 1 0 0 0 0 1 0 1 0 1 1 0 1 0 1 1 0 0 1 1 1 1 0 0 1 1 0 0 
0 0 0 0 0 0 1 1 1 0 0 0 0 1 0 1 0 1 0 1 0 1 0 0 0 1 0 1 0 1 0 1 0 0 0 1 1 0 0 0 0 1 0 1 1 0 1 1 0 0 1 1 
1 0 0 0 0 1 0 0 1 1 1 1 1 1 1 0 1 1 0 0 2 0 1 1 0 1 1 0 2 0 1 0 1 1 1 0 0 0 0 0 1 0 1 1 1 1 0 1 0 1 0 1 
1 0 0 0 1 0 0 0 1 0 1 1 1 1 0 0 1 0 1 0 3 0 0 0 1 1 0 0 1 1 0 1 0 1 0 1 1 1 0 0 0 0 0 0 0 1 0 0 1 1 0 0 
0 1 1 0 1 1 1 0 0 0 1 0 0 0 1 1 0 0 0 0 1 1 1 0 1 0 1 1 0 0 1 0 1 1 1 1 1 0 1 1 1 1 1 0 0 0 1 1 0 0 0 1 
1 1 1 1 1 0 1 0 0 1 0 1 0 0 1 0 1 0 1 0 0 1 1 0 1 0 0 1 3 0 0 1 0 1 0 1 0 1 1 0 1 1 1 1 0 1 0 1 0 0 1 0 
0 1 1 0 1 1 1 1 1 1 0 0 1 1 0 0 0 1 1 1 2 1 0 1 0 0 1 0 2 1 1 1 1 0 0 1 0 1 1 1 0 0 0 0 0 1 0 0 0 0 0 0 
0 0 0 1 0 1 0 1 0 1 1 0 0 0 0 0 1 0 1 0 1 0 1 1 0 0 1 1 1 1 0 1 0 0 1 0 0 1 1 0 1 1 1 0 0 1 0 1 0 1 0 0 
0 0 1 0 2 1 1 1 1 0 0 1 0 1 1 1 0 1 0 0 3 1 0 0 0 0 0 1 3 0 1 0 0 0 0 1 1 1 1 0 1 1 1 0 0 1 1 0 0 1 1 1 
1 0 0 1 1 1 1 0 0 0 0 1 1 0 1 0 1 1 1 1 2 0 1 1 1 0 1 0 3 0 0 0 0 1 0 1 0 0 0 1 0 0 0 1 1 0 0 0 0 1 1 1 
1 1 0 1 0 1 1 1 0 0 1 1 1 1 0 0 1 0 1 1 0 1 1 1 0 0 1 1 0 0 1 1 1 0 1 1 0 0 1 1 0 0 1 0 0 1 1 0 1 1 0 0 
1 1 1 0 1 0 1 0 1 1 1 0 0 0 1 0 1 1 0 1 0 1 1 0 1 1 0 0 1 0 0 0 0 0 0 0 0 1 1 1 1 1 1 0 0 1 1 0 1 1 0 0 
1 1 1 1 0 1 1 1 1 1 0 1 1 1 1 1 0 1 0 1 3 1 0 0 0 1 1 0 2 1 1 0 1 1 1 1 0 0 0 1 1 0 1 0 0 0 1 0 1 0 1 1 

# Size = 20 | Time = 1584 ms
0 1 1 1 0 0 1 1 1 1 0 1 1 0 1 0 0 1 0 0 2 0 1 0 0 1 1 0 2 0 1 1 1 0 1 0 0 1 0 0 1 1 0 1 1 1 0 1 0 0 1 0 
1 0 0 0 2 1 0 0 0 0 1 0 0 1 0 1 1 0 1 1 1 1 0 1 1 0 0 1 0 1 0 0 0 0 0 1 1 0 1 1 0 0 1 0 0 0 1 0 1 1 0 1 
0 1 0 0 1 1 1 0 0 1 0 1 1 1 1 1 1 1 0 1 0 0 1 0 0 0 1 0 3 1 0 1 1 1 0 1 1 1 0 0 0 0 1 1 0 0 1 1 0 1 0 1 
0 0 1 1 1 0 1 1 1 0 1 0 0 0 0 0 0 0 1 0 3 1 0 0 0 1 0 1 1 0 1 0 0 1 1 0 0 0 1 1 1 1 0 0 0 1 0 0 1 0 1 0 
1 1 1 1 2 0 0 0 0 1 0 1 0 1 1 1 0 0 0 1 1 0 0 1 1 1 1 0 2 1 0 1 0 1 1 1 0 1 1 1 1 1 0 1 1 0 1 0 1 0 1 1 
1 0 0 1 2 1 0 1 1 0 1 0 1 0 0 0 1 1 1 1 2 1 1 1 1 0 0 1 3 0 1 0 1 1 1 0 1 0 0 0 0 0 1 1 1 1 0 1 0 1 0 0 
1 0 0 0 0 1 0 0 0 0 0 0 0 0 0 1 1 0 0 0 0 0 1 1 1 1 0 0 1 0 0 1 0 0 0 0 1 1 1 0 1 1 0 0 0 1 1 1 0 1 1 0 
1 1 1 0 0 0 1 1 1 1 1 1 1 1 1 0 1 1 1 0 3 0 0 1 0 1 0 1 0 1 1 1 1 1 0 0 0 1 0 0 1 0 1 0 0 0 1 0 1 0 0 1 
0 0 0 1 0 1 0 0 0 1 0 1 0 1 1 0 0 0 0 0 3 0 1 0 1 0 1 0 0 1 0 0 1 0 0 1 0 0 0 1 0 1 0 1 1 1 0 1 0 0 0 0 
0 1 1 0 2 0 1 1 1 0 1 1 1 0 0 0 0 1 0 0 1 1 0 0 0 0 1 1 1 0 1 0 0 0 1 1 1 1 0 1 0 0 1 0 0 0 0 1 0 0 1 1 
1 1 0 0 1 0 1 0 1 1 0 0 1 1 1 1 0 0 1 0 2 1 1 1 1 1 1 1 3 0 0 1 0 0 0 1 0 0 1 1 0 1 0 0 0 1 1 0 1 1 0 1 
0 0 1 0 1 1 0 1 0 0 1 0 0 0 1 0 1 1 1 0 0 1 0 1 0 0 0 0 2 1 1 0 0 0 0 1 0 0 0 1 0 0 1 1 1 1 0 0 1 0 0 0 
1 0 1 0 0 1 0 0 0 1 1 0 0 1 0 1 1 0 0 1 2 1 0 0 0 0 1 0 1 1 1 0 1 1 1 0 1 1 1 0 1 1 1 1 1 1 1 0 0 1 0 0 
0 0 1 1 0 1 0 1 1 0 1 0 0 0 0 0 0 1 0 1 1 1 1 0 0 1 1 1 3 1 0 1 1 0 1 0 0 1 1 0 1 0 0 0 0 1 1 0 1 0 1 0 
0 0 0 0 2 1 1 1 1 0 1 1 1 0 0 1 0 1 0 1 3 0 1 0 1 0 1 1 2 1 1 1 1 1 1 0 1 0 0 1 1 1 0 0 0 0 1 0 1 1 0 1 
1 0 1 1 1 0 1 0 1 1 0 0 0 0 0 1 0 0 0 0 0 1 1 1 1 0 0 1 0 0 1 0 0 0 1 1 1 1 1 0 1 1 0 0 0 0 1 0 0 0 1 1 
0 0 1 0 1 1 0 0 0 0 0 1 0 0 0 0 1 0 0 1 2 1 0 0 1 1 1 0 0 0 0 0 0 0 0 1 0 0 0 1 0 0 1 1 1 0 0 1 0 1 1 1 
0 0 1 0 1 1 0 1 1 1 0 1 0 1 1 0 1 1 0 1 1 1 0 0 1 0 1 0 1 1 0 1 1 0 1 1 1 0 1 1 1 1 1 1 1 0 0 1 0 1 1 1 
1 0 0 1 2 0 1 0 0 0 1 0 1 0 1 0 1 0 0 1 3 0 0 0 1 1 1 1 3 1 0 1 1 1 1 1 1 1 1 1 0 0 1 1 1 1 0 0 1 1 0 0 
0 0 0 0 2 1 1 0 0 0 1 0 1 0 0 1 1 0 1 0 0 1 1 1 1 1 0 1 0 0 1 0 0 1 0 1 1 1 1 0 1 1 0 1 1 0 1 0 1 1 1 1 

# Size = 20 | Time = 1543 ms
1 1 1 0 1 1 1 1 1 1 1 1 0 1 0 1 1 0 1 1 2 0 1 0 1 1 0 0 3 1 0 1 1 0 1 1 0 1 1 1 1 0 0 1 1 0 1 0 1 1 0 1 
0 0 0 1 0 0 0 0 0 0 0 0 1 0 1 0 0 1 0 0 3 1 0 1 0 0 1 1 0 0 1 0 0 1 0 0 1 0 0 0 1 1 1 0 0 1 0 1 0 0 1 0 
0 0 0 0 2 0 0 0 0 1 1 0 0 0 0 0 1 1 0 0 0 1 1 1 1 0 0 0 1 1 0 0 1 0 0 0 0 1 0 1 0 0 0 1 0 1 1 0 0 0 0 1 
1 1 1 1 2 1 1 0 1 0 0 1 1 1 1 0 0 0 1 0 1 0 0 0 0 1 1 1 2 0 1 1 0 1 1 1 1 0 1 0 0 1 1 1 1 0 1 1 0 1 1 1 
0 1 0 1 1 1 1 1 1 0 1 0 1 0 0 1 0 0 0 1 1 0 0 1 1 0 1 1 2 1 0 1 1 1 0 0 0 0 0 0 0 1 0 0 0 1 1 0 1 0 0 0 
1 0 1 0 0 0 0 1 1 1 1 1 0 1 1 0 1 1 1 1 3 1 1 0 0 1 0 0 2 1 1 1 0 0 1 1 0 1 1 1 0 0 1 0 0 1 0 1 0 0 1 0 
0 1 1 0 0 1 1 1 0 1 0 0 1 1 0 0 1 0 0 1 0 1 1 0 1 1 1 0 0 0 0 0 0 1 0 0 1 1 1 0 1 0 1 1 1 0 0 0 1 1 0 1 
1 0 0 1 1 1 0 0 0 1 0 1 0 1 1 1 0 1 1 0 2 0 0 1 0 0 0 1 1 0 1 0 0 1 1 1 1 0 0 1 0 1 0 0 0 1 1 0 1 1 1 0 
0 1 0 1 1 0 0 0 0 0 0 1 1 0 1 0 1 1 0 0 0 0 0 1 1 0 1 0 3 1 1 1 1 0 1 1 1 0 1 1 0 1 1 1 1 1 0 1 0 0 1 0 
1 0 1 0 2 0 0 0 1 0 1 0 0 0 0 0 1 0 1 1 1 1 0 0 0 0 0 1 3 0 1 0 0 0 1 0 1 1 0 0 1 0 0 0 0 0 0 0 1 1 0 1 
1 0 0 0 0 0 1 1 1 0 0 0 1 0 0 1 0 1 1 1 1 0 1 0 0 1 1 0 1 0 0 1 1 0 0 1 0 0 0 1 1 1 0 1 1 0 1 1 0 0 1 1 
1 1 1 1 2 1 1 1 1 1 1 1 0 0 0 1 1 0 1 0 3 0 0 1 1 0 1 1 0 1 0 1 1 0 0 0 0 0 0 1 0 0 0 1 1 1 1 1 0 1 0 0 
0 1 1 1 2 0 0 0 1 0 1 0 1 0 1 0 0 0 0 0 2 1 1 1 0 1 1 1 1 1 1 1 0 0 0 0 1 1 1 0 1 1 1 1 0 1 0 1 0 0 0 0 
1 0 1 1 0 0 1 1 1 0 0 1 1 1 1 1 0 1 1 1 0 1 1 1 0 1 0 1 3 1 1 1 1 1 0 1 1 0 1 1 1 0 1 0 0 0 1 0 1 1 0 1 
0 1 0 1 1 0 1 0 0 1 1 0 0 1 1 0 0 0 1 0 1 1 0 1 1 0 0 0 0 1 0 1 1 0 1 1 0 1 1 0 1 1 1 1 1 1 0 1 0 1 0 0 
1 0 0 1 1 0 1 0 0 0 0 1 0 0 0 1 0 0 0 0 3 0 0 1 0 1 1 0 3 0 0 0 1 1 1 1 1 0 1 0 0 1 1 1 1 0 1 0 1 0 1 1 
1 0 0 0 0 1 1 1 0 1 0 0 1 1 0 1 0 0 0 1 2 0 1 1 1 0 1 1 2 0 1 0 0 1 1 1 1 0 1 0 1 1 0 1 1 1 1 1 0 0 1 1 
0 0 1 1 1 0 0 0 1 1 1 0 1 0 0 1 1 1 0 0 2 1 0 0 0 0 0 0 0 1 0 0 0 0 1 1 1 1 1 1 0 0 1 0 0 1 1 0 0 0 1 0 
0 0 0 1 2 1 1 1 1 1 1 0 1 1 1 0 1 1 0 0 0 1 1 0 0 1 0 0 2 1 0 1 0 0 0 1 0 1 1 0 0 1 1 0 0 1 1 0 1 1 1 0 
1 0 0 0 2 1 0 0 0 0 1 1 0 0 0 0 1 1 1 0 3 1 0 1 1 1 1 0 1 0 0 0 1 1 0 1 0 1 1 0 0 0 1 1 0 1 0 1 0 1 1 0 

# Size = 20 | Time = 1731 ms
1 0 1 0 2 0 0 0 1 1 0 1 1 1 0 0 1 0 1 0 0 1 0 0 0 1 1 1 0 1 1 0 0 0 1 0 1 0 1 1 0 0 0 1 0 1 1 0 1 0 1 1 
0 1 0 1 0 1 1 1 0 0 1 0 0 0 1 0 0 1 0 1 3 0 1 1 1 0 0 0 2 0 0 1 1 1 0 1 0 1 0 0 1 1 1 1 1 0 0 1 0 1 0 1 
0 1 0 1 1 1 0 1 0 1 1 0 1 1 1 1 0 1 1 1 2 1 1 0 0 0 1 1 3 0 1 1 1 0 1 0 0 0 0 0 1 0 0 0 0 1 1 0 1 1 1 0 
1 0 1 0 0 0 1 1 1 0 0 1 0 0 0 1 1 0 0 0 1 0 0 1 1 1 0 0 1 1 0 0 0 1 0 1 1 1 1 1 0 1 1 1 1 1 1 0 0 0 0 0 
0 1 1 0 1 1 1 0 1 1 0 1 0 0 0 0 1 1 0 1 3 1 0 1 0 1 1 1 1 0 1 0 0 0 1 1 1 1 1 0 1 0 1 0 0 0 0 1 0 1 1 1 
1 0 0 1 2 0 0 0 0 0 1 0 1 0 1 0 0 0 0 0 2 0 1 0 1 0 0 0 0 1 0 0 0 1 0 0 0 0 0 1 0 1 0 0 0 0 0 0 1 0 0 1 
1 0 1 1 0 1 1 0 0 0 0 0 1 1 0 0 1 1 1 0 0 1 1 0 1 1 1 1 3 1 0 1 1 0 1 1 1 1 0 1 0 1 0 1 1 1 0 1 0 1 1 0 
0 1 0 0 2 0 0 0 1 1 1 1 0 1 1 1 0 1 1 0 1 0 0 1 0 0 0 0 0 0 1 1 1 0 0 0 0 0 1 0 1 0 1 1 1 1 1 1 0 0 0 0 
1 1 0 0 1 0 0 0 0 0 1 1 0 1 0 1 0 0 0 1 0 1 0 0 0 1 1 0 2 1 1 0 1 1 0 0 1 1 0 0 0 1 1 0 0 0 1 0 1 0 1 1 
0 0 1 1 2 1 1 1 1 1 0 0 1 0 1 0 0 0 1 1 1 1 1 1 1 0 0 1 2 0 0 1 0 1 1 1 0 1 0 1 1 0 0 0 0 1 0 0 1 1 0 0 
1 1 0 1 2 1 0 0 0 0 0 0 1 1 1 1 1 0 1 0 3 0 0 0 0 1 0 0 1 0 0 1 1 1 1 1 0 0 0 1 0 0 0 1 1 0 1 0 1 0 1 1 
0 0 1 0 1 0 1 1 1 1 0 0 0 0 0 1 1 0 0 0 2 0 0 1 1 0 0 0 3 1 0 0 0 1 0 1 1 0 1 1 0 1 1 1 1 0 1 1 0 0 0 1 
1 0 1 1 0 0 0 1 0 1 1 1 0 0 0 0 1 0 1 1 0 0 1 1 0 0 1 1 1 0 0 0 1 0 0 0 0 0 1 0 1 0 0 0 0 1 1 0 0 1 0 1 
0 0 1 1 0 1 1 1 0 1 0 0 1 1 1 1 1 0 0 1 3 0 0 1 1 0 1 1 0 1 1 1 0 1 0 0 1 1 1 1 1 1 1 1 0 1 1 0 1 1 1 0 
1 1 0 0 1 0 0 0 0 0 0 1 0 1 0 0 0 0 1 1 1 1 1 0 1 0 1 0 3 0 1 1 1 1 0 1 0 1 1 0 1 0 1 1 0 0 1 1 0 0 1 1 
1 1 0 1 0 1 1 1 0 1 0 1 0 1 0 1 1 0 0 0 2 0 1 1 0 1 1 1 2 1 0 0 0 0 1 0 1 0 1 1 1 1 1 1 0 0 1 1 0 0 1 1 
0 1 0 0 1 1 0 0 0 1 1 0 0 1 1 0 0 1 1 1 0 0 0 1 1 1 1 1 0 0 1 1 1 1 1 1 0 1 0 0 1 1 1 1 1 1 0 0 1 0 1 0 
0 0 0 0 0 0 0 0 0 1 0 0 0 1 0 0 0 0 1 0 2 0 0 1 1 1 1 0 1 0 1 1 0 0 0 1 0 1 0 1 0 1 1 0 0 0 0 1 0 1 0 1 
0 1 1 0 2 0 1 0 1 0 0 1 1 0 1 0 1 0 0 0 3 0 0 0 0 1 0 1 3 0 0 1 0 0 0 0 0 1 1 0 1 1 0 1 1 0 0 1 0 1 0 1 
1 1 0 1 1 0 1 0 1 1 0 1 1 1 0 0 0 1 1 0 0 0 1 1 1 1 0 1 2 0 0 1 1 0 0 1 1 1 0 1 0 1 1 0 0 0 0 1 0 0 1 1 

# Size = 20 | Time = 1565 ms
0 1 0 1 1 0 0 0 0 1 0 1 1 1 0 0 0 1 0 0 0 1 1 1 0 0 0 1 3 1 0 0 1 0 0 1 1 0 1 0 1 0 1 1 1 1 0 1 0 0 1 1 
1 0 1 0 0 1 1 1 1 0 1 0 0 0 1 1 1 0 1 1 3 0 0 0 1 1 1 0 0 0 1 1 0 1 1 0 0 1 0 1 0 1 0 0 0 0 1 0 1 1 0 1 
0 0 1 0 2 0 0 1 0 0 0 1 0 1 0 0 0 0 1 1 1 1 1 0 0 1 0 0 1 1 1 0 1 1 0 0 1 0 0 1 0 1 1 1 0 1 0 0 1 1 0 0 
0 1 0 1 2 1 1 0 1 1 1 0 1 0 1 1 1 1 0 0 2 0 0 1 1 0 1 1 2 0 0 1 1 0 1 1 0 1 1 0 1 0 0 0 0 1 1 1 0 1 1 0 
1 0 0 1 0 0 0 1 1 1 1 0 1 1 0 0 1 1 1 1 1 0 1 1 1 0 1 0 0 0 1 1 0 1 0 1 1 0 1 0 1 1 1 1 1 0 1 0 1 0 1 1 
1 1 1 0 1 1 1 0 0 0 0 1 0 0 1 1 0 0 1 0 0 1 0 1 1 1 0 1 1 1 0 0 0 0 1 1 0 1 0 1 0 1 0 1 1 0 1 1 0 0 0 1 
1 1 0 0 1 0 0 1 1 0 0 0 1 0 1 0 1 0 0 0 3 1 0 0 0 0 1 0 2 1 0 0 0 1 1 0 0 0 1 1 1 0 1 1 1 1 0 1 0 0 0 0 
0 0 1 1 0 1 1 0 0 1 1 1 0 1 0 0 0 1 0 0 2 1 1 0 0 1 1 1 1 0 1 1 1 0 0 0 1 1 1 0 0 0 0 0 0 0 0 0 1 0 1 1 
1 0 1 0 2 0 0 0 1 1 0 0 1 0 1 1 1 0 0 1 2 0 1 0 0 1 0 0 3 1 0 1 0 1 1 1 1 0 0 0 0 1 0 0 0 0 1 0 0 0 0 1 
0 0 1 1 1 1 1 1 0 1 1 1 0 1 0 0 1 0 1 1 0 0 0 0 0 0 0 1 0 0 1 0 0 0 1 0 1 0 0 1 1 0 1 0 0 1 0 0 1 1 1 0 
1 1 0 0 0 0 1 0 1 0 0 1 0 0 0 1 0 1 0 1 1 0 1 1 0 1 0 1 2 0 1 0 1 0 0 0 0 1 0 0 0 1 0 0 0 0 1 0 1 0 1 1 
0 0 0 1 0 1 1 1 1 0 1 1 0 1 1 0 0 1 1 0 1 0 0 0 1 1 1 0 3 1 1 1 0 0 0 0 0 1 0 1 1 0 1 0 0 1 0 1 0 1 0 0 
0 0 0 1 2 1 0 0 1 1 1 0 1 1 0 1 0 1 1 1 3 0 1 1 1 0 0 1 1 0 0 0 1 0 0 1 1 1 0 0 1 0 1 1 0 0 1 0 0 0 1 1 
0 1 0 1 2 1 1 0 1 0 0 1 1 0 0 0 0 0 1 0 2 1 1 1 1 0 0 0 0 1 0 0 1 1 1 0 1 0 1 1 0 0 1 1 1 1 0 1 0 1 0 0 
1 0 1 1 2 1 1 1 1 1 0 0 1 1 1 0 1 1 1 1 0 0 1 0 1 0 1 0 2 1 1 1 1 1 0 0 1 0 1 0 1 0 1 1 1 1 1 1 0 0 0 0 
0 1 0 1 1 0 0 0 0 0 1 1 1 0 0 0 0 0 0 0 3 0 0 0 1 1 0 1 3 0 0 1 0 1 1 0 1 1 1 0 0 1 0 1 1 1 0 0 1 1 0 0 
1 0 1 0 0 0 1 1 1 0 1 1 0 0 1 0 1 1 0 0 1 1 1 1 1 0 0 1 1 0 0 0 0 0 1 1 0 0 0 1 0 0 0 1 0 0 1 1 0 1 0 1 
1 0 0 1 1 1 1 1 0 1 1 0 1 1 0 0 0 1 0 0 2 0 1 1 1 0 1 0 3 0 0 1 1 0 0 1 1 1 0 1 0 0 0 0 0 1 0 1 0 1 1 0 
0 1 1 0 0 0 0 1 0 0 0 0 1 0 1 1 0 1 1 0 0 0 0 0 0 1 0 1 2 1 0 0 1 0 0 1 1 0 1 1 1 1 0 0 0 1 1 0 0 0 1 0 
0 1 1 1 1 1 1 0 0 0 0 0 0 1 0 0 1 1 0 1 1 1 1 0 1 0 0 0 0 1 1 1 1 1 1 1 0 1 0 0 0 1 1 0 0 1 0 1 0 1 1 1 

# Size = 21 | Time = 1679 ms
1 1 1 0 2 1 1 1 0 1 1 1 0 0 0 0 0 1 0 0 3 0 0 0 0 1 1 1 1 1 0 0 1 0 1 0 1 0 0 0 0 0 1 1 1 0 0 1 0 0 0 1 
0 0 0 1 1 0 0 0 1 0 0 0 1 1 1 1 1 0 1 1 2 1 1 1 1 0 0 0 0 0 1 1 0 1 0 1 0 1 1 1 0 1 0 0 0 1 1 0 1 1 0 0 
0 1 0 1 0 1 1 1 0 0 1 0 0 1 0 0 1 0 1 0 0 1 0 0 0 0 1 0 2 0 1 1 0 0 1 1 0 1 1 0 1 0 0 1 1 0 1 0 1 0 1 1 
1 0 1 0 0 1 0 0 1 1 0 1 1 0 1 1 0 0 0 0 1 0 1 1 1 0 0 1 3 1 0 0 1 1 1 0 1 0 0 1 1 1 1 0 0 1 1 1 0 1 1 0 
0 0 1 1 1 0 1 0 1 1 0 0 1 0 1 0 0 1 1 1 2 1 0 0 1 1 1 1 2 0 0 1 1 1 0 0 1 0 1 1 1 0 0 1 1 0 0 0 0 0 1 1 
1 0 0 0 1 0 1 1 0 0 1 1 0 1 0 0 1 1 0 1 1 0 1 1 0 1 0 1 3 1 1 0 0 0 0 1 0 1 0 0 0 0 1 1 0 1 0 0 1 1 0 0 
0 0 1 0 2 0 0 1 1 1 0 1 0 1 0 1 1 1 1 1 0 1 1 0 0 1 0 0 1 0 1 1 0 0 0 0 0 0 0 1 1 1 1 0 0 1 1 1 0 0 1 0 
1 1 1 1 2 1 0 0 1 0 1 0 1 0 1 1 0 0 0 1 3 1 0 1 1 0 1 0 0 1 1 0 1 1 0 1 1 1 1 0 1 1 0 0 0 1 1 0 1 1 1 1 
1 1 0 1 0 0 1 0 0 0 0 1 0 1 1 0 1 0 1 0 3 0 1 0 0 1 0 0 0 0 0 0 1 0 1 1 1 0 0 1 1 1 0 0 0 0 0 1 0 1 0 1 
1 1 0 0 2 1 0 1 0 1 1 0 1 0 0 1 1 1 0 0 2 0 1 1 0 0 0 1 2 1 0 1 0 1 1 1 0 1 0 0 0 1 1 1 1 0 1 1 0 1 0 1 
1 1 0 1 1 1 0 0 0 0 1 0 1 1 0 0 0 0 0 1 0 0 0 1 1 0 0 1 1 0 0 0 0 1 1 1 1 0 1 1 0 0 1 0 0 1 0 0 1 1 0 0 
0 1 0 0 2 1 1 1 1 1 0 0 0 0 0 1 0 1 1 0 1 1 0 1 1 0 1 1 0 0 0 1 0 1 0 0 0 1 1 0 1 0 0 1 1 1 1 0 1 0 0 0 
0 1 0 1 1 0 0 1 1 0 1 0 0 0 1 0 1 0 1 0 0 1 0 0 0 0 1 0 3 1 1 1 1 0 0 0 0 0 1 1 1 0 0 0 0 0 0 1 0 0 0 1 
0 0 1 0 0 0 1 0 0 1 0 1 1 1 0 1 1 1 0 0 2 0 1 0 1 0 1 0 2 0 1 0 1 0 0 0 1 0 1 0 0 0 0 1 0 1 1 1 0 0 1 0 
0 0 1 1 1 1 1 1 0 1 1 0 1 1 1 0 1 1 1 0 3 1 0 1 1 0 0 1 3 0 1 1 0 1 0 1 0 0 1 1 1 0 0 1 1 1 0 0 0 1 0 0 
1 1 0 1 0 1 0 1 0 1 1 0 1 0 0 1 1 0 1 1 1 1 0 0 0 0 1 0 2 0 0 1 1 0 1 1 0 0 1 1 0 0 1 0 0 0 1 0 0 0 0 1 
0 1 1 1 0 0 0 1 0 0 1 0 0 0 1 1 1 1 1 1 2 1 0 1 1 0 0 1 1 1 1 0 0 1 0 1 0 1 1 0 1 1 0 1 1 0 1 1 0 1 0 1 
1 1 1 0 1 1 1 1 0 0 1 1 1 0 1 1 1 0 1 0 0 1 0 1 0 1 0 1 0 1 0 0 1 0 1 1 1 1 0 1 1 1 1 0 0 0 1 0 0 1 1 1 
1 0 1 0 2 0 1 0 1 0 1 1 0 0 0 0 1 0 1 1 2 1 1 1 1 0 1 0 3 1 0 0 0 1 1 1 1 1 1 0 0 1 0 0 0 1 0 0 1 1 0 0 
0 0 0 1 2 0 0 1 1 1 1 1 0 1 0 0 0 1 0 1 1 0 1 0 1 0 1 0 1 0 0 0 1 0 0 1 1 1 1 1 0 0 1 1 1 1 1 1 0 0 0 0 
1 0 0 0 0 1 1 1 1 1 0 0 0 1 1 0 1 1 1 1 3 0 1 0 0 1 1 1 2 0 1 0 0 0 1 0 0 1 0 0 0 0 1 1 1 0 1 0 1 0 1 1 

# Size = 21 | Time = 1620 ms
1 1 1 1 1 1 0 0 1 0 1 0 1 0 1 0 1 1 0 1 3 0 0 0 0 1 0 1 1 0 0 0 1 1 0 0 0 0 0 0 0 1 0 1 1 0 0 1 0 0 0 1 
0 0 0 0 0 0 1 1 0 1 0 1 0 1 0 1 0 0 1 0 2 1 1 1 1 0 1 0 0 1 1 1 0 0 1 1 1 1 1 1 1 0 1 0 0 1 1 0 1 0 1 0 
0 1 1 1 2 1 0 0 0 1 0 1 0 0 1 0 1 1 1 0 1 1 1 0 1 1 0 1 3 1 0 0 0 0 1 0 1 1 1 0 1 0 0 1 1 0 1 0 1 1 1 1 
1 0 0 0 2 0 1 1 1 0 1 0 1 1 0 1 0 1 0 1 0 0 0 1 0 0 1 0 2 0 1 1 1 1 0 1 0 0 0 1 0 0 1 0 0 1 1 1 0 1 0 0 
0 0 0 1 1 0 0 1 1 1 1 1 0 1 0 0 1 0 1 1 0 1 0 1 1 1 1 1 1 0 1 0 0 0 1 1 1 1 0 0 0 1 1 1 0 1 0 0 1 1 0 1 
1 1 1 0 0 1 1 1 0 0 0 0 1 1 1 0 0 0 1 0 3 0 1 0 1 0 1 0 0 1 0 1 1 1 0 0 0 1 1 1 1 1 0 1 1 0 0 1 0 1 1 1 
1 1 1 0 0 0 0 0 0 1 1 0 1 0 0 1 0 0 0 1 2 1 1 0 0 1 0 0 3 1 0 0 1 0 0 1 1 0 0 0 0 1 0 0 0 1 1 0 1 0 0 0 
0 0 0 1 1 1 1 0 1 1 0 1 0 0 1 1 1 0 0 0 0 0 0 1 0 0 0 0 2 1 1 1 0 1 1 0 0 0 1 1 1 0 1 0 0 0 1 1 0 0 0 1 
0 0 0 0 1 0 1 1 0 0 1 0 1 1 0 1 0 0 0 1 1 0 0 0 0 0 1 1 3 0 1 0 1 0 1 1 0 0 0 1 1 1 1 1 1 0 1 1 0 0 1 1 
1 1 0 1 0 1 0 0 1 0 0 0 0 0 1 0 1 1 1 1 2 1 1 1 0 0 1 1 2 0 0 1 0 0 0 0 1 1 1 0 0 0 1 1 1 1 0 1 0 1 1 0 
1 0 0 1 2 0 0 1 1 1 1 1 0 1 0 0 0 0 0 0 3 0 0 1 0 1 0 1 0 0 1 0 1 0 1 0 0 1 1 1 0 1 0 0 0 0 0 0 1 0 0 1 
0 0 1 0 1 1 1 0 0 0 0 1 1 1 1 1 1 0 1 0 3 1 1 1 0 1 0 0 1 1 1 1 0 1 0 1 1 0 1 1 1 0 1 0 0 1 1 0 1 1 1 0 
1 1 1 0 0 1 1 1 0 0 1 0 0 0 0 0 1 1 0 0 1 0 0 1 1 1 0 0 2 0 1 0 1 1 0 0 1 0 0 0 0 1 0 0 0 1 0 0 1 1 0 0 
0 0 1 1 1 0 0 0 0 1 0 0 0 0 1 0 1 1 1 1 0 0 1 0 0 1 1 1 0 0 0 1 1 0 0 1 1 0 0 0 1 1 0 1 1 1 1 0 0 0 1 1 
0 1 1 0 2 1 0 0 1 1 1 0 0 1 0 0 0 1 0 1 2 0 0 0 1 0 0 1 1 1 1 0 1 1 1 0 0 1 0 1 0 1 1 1 0 0 1 0 0 0 1 1 
1 1 0 1 0 0 1 1 1 0 0 0 1 0 0 0 0 0 1 0 0 1 1 1 1 1 0 1 3 1 0 1 1 1 0 0 0 1 1 0 0 0 1 0 0 0 0 1 0 0 1 1 
0 1 1 0 0 0 0 1 1 1 1 1 0 0 0 0 0 1 0 1 1 0 0 1 1 1 1 1 1 0 1 1 1 0 1 1 0 1 0 1 1 1 1 1 1 1 0 0 1 0 0 1 
1 0 1 0 1 1 0 0 0 1 0 0 0 0 1 1 0 0 1 0 1 1 1 1 1 1 1 0 0 0 0 0 0 1 0 0 0 0 1 0 0 0 1 1 0 0 1 1 0 0 1 1 
1 1 1 1 0 1 0 0 0 1 1 1 1 0 0 0 0 0 0 0 3 1 1 0 1 1 1 0 2 0 1 0 1 1 1 0 0 0 0 1 0 0 0 0 0 0 1 1 0 1 1 1 
1 0 1 1 1 1 0 1 1 1 1 0 0 1 0 1 0 0 1 1 2 1 1 1 1 0 0 0 0 0 1 0 1 1 0 0 1 0 1 1 1 1 1 0 0 0 1 1 0 1 0 1 
1 0 1 0 2 0 0 0 0 1 0 0 0 0 1 0 1 0 1 0 3 0 0 1 0 0 0 0 3 0 0 1 0 0 1 1 1 0 1 0 1 1 1 1 1 0 0 0 0 0 0 1 

# Size = 19 | Time = 1594 ms
1 1 0 1 0 0 0 1 1 0 1 1 0 1 1 0 0 0 0 1 3 1 0 1 0 0 1 0 2 1 0 1 0 0 1 0 0 1 1 0 1 0 0 0 0 0 0 1 0 1 0 1 
0 0 1 0 1 1 1 0 0 1 0 0 1 0 0 1 1 1 1 0 1 0 1 0 1 1 0 1 0 0 1 0 1 1 0 1 1 0 0 0 0 1 1 1 1 1 1 0 1 0 1 0 
0 0 1 0 2 0 1 0 0 0 1 0 1 1 1 1 1 1 0 1 0 0 0 1 1 0 0 1 1 0 1 1 1 0 1 0 0 0 1 1 1 0 0 1 0 1 1 1 0 1 0 0 
1 1 0 1 2 1 0 1 1 1 0 0 0 1 0 1 0 0 1 0 2 1 1 0 0 1 1 0 3 1 0 0 0 1 0 1 1 1 0 1 1 1 1 1 1 0 1 0 1 1 1 1 
0 1 1 1 0 0 1 0 0 1 0 1 0 0 0 0 0 1 0 0 0 1 0 1 1 0 0 0 3 0 1 1 0 1 0 1 1 0 0 1 0 0 1 0 0 0 0 1 0 0 1 1 
1 0 0 0 1 1 0 1 1 0 1 1 1 0 1 0 1 0 1 1 1 0 1 0 1 1 0 1 1 1 0 0 1 0 1 0 0 1 1 1 0 1 0 0 0 0 0 0 1 0 0 1 
0 0 0 0 0 1 1 1 1 1 1 1 0 0 1 0 1 1 0 0 2 0 0 1 0 1 1 0 2 0 0 0 1 1 1 0 1 0 1 1 0 0 0 1 1 1 0 0 1 0 1 0 
1 1 1 1 1 0 0 0 0 1 0 0 1 0 0 0 1 0 1 1 3 1 1 0 0 1 0 1 2 1 1 1 0 0 0 1 0 0 0 1 1 1 1 1 1 1 1 1 0 0 0 0 
1 0 1 0 1 0 0 0 0 0 0 0 0 1 1 0 0 1 0 1 2 1 0 0 0 0 1 1 0 1 0 0 0 0 1 0 1 1 0 0 0 0 1 0 0 0 0 1 0 1 0 1 
1 1 1 1 0 1 1 1 1 0 1 0 1 0 0 1 0 0 1 0 0 0 1 0 1 0 1 0 0 0 1 0 1 0 0 1 0 1 0 0 1 1 0 1 1 1 1 0 1 1 1 0 
0 1 0 0 0 1 1 0 1 0 0 1 0 1 1 1 1 1 1 1 1 0 0 1 0 0 1 1 3 1 1 1 0 1 1 1 0 1 1 0 1 0 0 0 0 1 1 1 0 1 0 0 
0 1 1 1 2 1 1 0 1 1 0 1 0 1 0 1 0 1 0 0 3 0 1 1 1 0 1 0 1 0 0 0 1 1 0 0 1 1 1 0 0 1 1 1 1 1 1 0 1 0 1 0 
0 0 0 0 1 0 0 1 0 1 1 1 1 1 0 0 1 0 1 0 0 1 0 1 0 1 1 0 3 1 0 1 1 0 1 0 0 1 1 0 0 1 1 1 1 1 1 0 1 1 0 1 
1 0 0 1 2 1 0 1 0 0 1 1 1 0 1 0 0 1 1 1 2 1 1 1 1 0 0 0 0 1 1 1 1 1 0 0 0 0 1 1 1 0 1 0 0 0 1 1 0 0 0 1 
1 1 1 1 2 0 0 0 1 1 1 0 0 1 1 0 0 1 0 1 1 1 1 0 1 0 1 0 2 0 0 1 0 0 0 1 1 0 0 1 1 1 1 0 0 1 0 0 0 0 1 0 
0 0 1 1 0 0 1 0 0 1 1 1 0 1 0 0 0 1 0 1 2 1 1 1 0 0 0 0 1 0 1 0 0 1 1 1 0 0 0 0 0 1 1 1 1 0 0 0 1 1 0 1 
1 0 0 0 0 1 1 0 1 0 1 1 0 1 1 0 0 0 0 0 3 0 1 0 1 1 1 1 3 0 0 0 0 0 0 0 1 1 1 0 1 0 0 0 0 1 0 1 0 1 1 1 
1 0 0 0 0 0 0 0 0 1 1 0 1 1 1 1 1 1 1 1 0 1 1 0 0 1 0 1 2 1 1 0 1 0 1 1 0 1 1 0 0 0 0 1 1 0 1 1 0 0 0 1 
0 1 1 1 1 1 0 1 0 0 1 0 0 1 1 0 1 0 1 0 3 1 1 0 0 1 0 0 0 0 1 0 1 0 1 1 1 0 1 0 0 0 1 1 1 1 0 0 0 0 1 1 

# Size = 20 | Time = 1591 ms
1 1 0 0 1 1 1 0 1 0 0 0 0 1 0 0 1 0 0 1 1 0 0 1 1 1 1 1 3 0 1 1 1 0 1 0 0 1 1 0 0 0 1 1 1 0 1 1 0 0 0 1 
0 0 1 1 0 0 0 1 0 1 1 1 1 0 1 0 0 1 1 0 3 1 1 0 0 0 0 0 2 1 0 0 0 1 0 1 1 0 0 1 1 1 0 0 0 1 0 0 1 0 1 0 
0 1 0 0 2 1 1 0 1 0 0 1 1 0 1 1 1 1 1 1 2 1 1 0 0 0 1 1 1 0 1 0 0 1 1 0 0 0 1 1 0 0 0 0 0 1 1 0 1 1 0 1 
1 0 1 1 0 1 0 1 0 1 1 0 0 1 0 1 0 0 0 0 0 0 0 1 1 1 0 0 0 1 0 1 0 0 0 1 0 0 0 0 1 1 1 1 1 0 1 1 0 1 1 1 
0 1 0 1 1 0 1 0 0 1 1 0 0 1 1 0 1 1 0 1 1 0 0 0 0 1 0 0 1 0 0 1 1 1 0 1 1 1 1 1 1 1 0 1 0 1 0 1 0 0 1 0 
0 0 1 0 1 0 0 1 1 0 0 0 1 0 0 0 0 1 1 0 0 1 1 1 1 0 1 1 0 1 1 0 1 0 1 0 1 1 0 0 0 0 1 0 0 0 0 0 1 1 0 1 
1 0 1 1 2 0 1 1 0 0 1 0 0 0 0 1 0 0 0 1 2 0 1 0 1 0 1 0 2 0 0 0 1 0 1 1 1 1 0 0 0 0 1 1 1 1 1 1 0 0 0 0 
1 0 0 0 2 1 0 0 1 1 0 1 1 1 0 0 0 0 1 1 3 1 0 1 0 1 0 1 3 1 1 1 1 0 1 0 0 1 1 1 1 1 0 1 1 0 0 0 1 1 1 1 
0 1 1 0 0 1 1 1 1 0 1 1 0 0 1 1 1 0 0 0 3 1 0 1 1 1 1 0 3 1 0 0 1 1 0 0 1 0 1 0 1 0 1 0 0 1 1 1 0 1 0 0 
1 1 0 0 0 1 1 0 0 0 0 1 1 1 1 0 1 1 1 0 0 0 0 0 1 1 0 1 2 0 1 1 0 1 0 1 0 1 1 1 0 1 0 1 1 1 0 1 0 0 0 0 
0 1 0 1 2 0 0 1 1 0 1 0 0 0 1 1 1 1 0 1 3 0 0 0 0 0 0 1 0 0 1 1 0 0 0 0 0 1 0 1 0 0 1 1 1 1 1 0 1 0 1 0 
1 0 1 1 1 0 0 0 1 1 0 1 0 1 0 1 0 1 1 0 1 1 1 0 0 0 1 1 2 1 0 0 0 1 1 0 0 0 0 0 0 0 1 0 0 0 1 0 1 1 0 1 
1 0 1 1 0 1 0 1 1 1 0 1 1 1 0 0 0 0 0 0 2 0 0 1 1 1 1 1 1 1 1 1 0 0 1 1 1 1 0 0 1 1 1 1 1 0 0 0 0 1 1 1 
1 1 0 1 0 0 1 1 0 0 0 1 1 1 0 0 0 1 1 1 0 0 1 0 0 0 1 0 3 0 1 1 0 1 0 1 0 0 0 1 0 1 1 0 0 0 1 0 0 1 0 1 
0 0 0 0 1 0 1 0 0 0 1 1 0 0 0 1 1 0 1 0 2 1 1 0 1 1 0 1 0 1 0 1 1 1 0 0 0 0 1 0 0 0 0 1 0 0 1 0 1 1 0 1 
0 0 0 1 2 0 0 1 0 0 0 0 1 0 1 0 1 1 1 0 1 1 1 0 1 0 1 0 0 1 1 1 1 1 0 0 1 0 0 0 1 1 1 0 0 0 0 0 1 0 0 1 
1 0 1 1 2 0 0 0 1 0 0 0 1 0 1 0 1 1 0 1 0 0 1 0 1 1 0 0 1 0 1 0 0 1 1 1 0 1 1 0 0 0 1 0 0 1 0 1 0 0 1 0 
0 0 1 1 1 1 1 0 1 1 0 0 0 1 1 0 1 0 0 1 3 1 0 0 1 0 1 1 1 1 1 0 0 1 0 1 0 1 1 0 0 0 0 1 1 0 0 0 0 0 0 1 
1 0 1 1 0 1 1 0 1 1 1 1 0 1 0 0 1 0 0 0 1 1 1 1 1 0 0 1 2 1 1 0 0 1 1 1 0 1 0 1 0 1 1 1 1 1 0 0 1 1 1 0 
1 0 0 1 2 1 0 0 0 0 1 1 0 0 0 1 1 1 0 1 2 0 1 1 0 1 0 1 3 1 0 1 1 1 0 0 1 1 0 0 0 0 1 1 1 1 1 0 1 1 0 0 

