# Size = 19 | Time = 150 ms
0 0 1 1 1 1 0 0 0 0 0 1 0 1 1 1 0 1 1 0 1 1 1 1 1 0 1 1 0 0 0 0 0 0 0 1 1 0 0 0 0 0 1 1 1 1 1 1 0 1 0 1 
1 1 0 0 2 0 1 1 0 1 1 0 1 0 0 0 1 0 0 1 2 0 0 0 0 1 0 0 1 1 1 1 1 1 1 0 0 1 1 1 1 1 0 0 0 1 0 0 1 0 1 0 
0 0 0 0 0 1 0 1 1 1 1 0 0 0 0 0 0 0 0 1 0 1 1 0 1 0 1 1 2 0 1 1 0 1 0 0 1 0 1 0 1 1 0 1 0 0 0 1 0 1 0 1 
1 1 1 1 0 0 1 1 1 0 0 1 1 1 1 1 0 1 1 0 3 0 0 1 1 1 0 0 3 1 0 0 1 0 1 1 0 1 0 1 0 0 1 1 1 0 1 0 1 0 1 1 
0 0 0 1 2 0 1 0 1 0 1 1 1 1 1 1 1 1 1 1 0 1 0 0 0 0 1 1 1 0 0 1 1 1 0 1 1 0 1 1 1 0 0 0 0 1 1 0 0 0 0 0 
1 1 1 0 1 1 0 0 1 1 0 0 0 1 0 0 1 0 0 0 2 0 1 1 0 1 1 0 3 1 1 0 0 0 0 0 0 1 0 0 0 1 1 0 0 1 0 1 0 1 1 0 
0 0 0 0 1 1 0 1 0 0 0 0 0 0 1 1 1 0 0 1 3 0 1 1 0 1 0 1 0 0 1 1 1 1 1 1 0 0 1 1 1 1 1 1 1 0 1 0 1 0 0 1 
1 1 1 1 2 0 1 0 1 1 1 1 0 0 0 0 1 0 1 1 1 1 0 0 0 0 0 0 2 0 0 0 0 0 1 0 1 1 0 0 0 0 0 1 1 1 0 0 1 0 1 0 
0 0 0 0 2 1 0 0 1 0 0 0 1 0 0 0 0 1 1 0 2 1 0 0 1 0 0 0 0 1 0 0 1 0 1 1 1 1 1 1 1 0 0 0 0 0 0 1 0 1 0 1 
0 1 1 1 1 0 1 0 1 1 1 1 1 0 1 0 0 1 0 0 3 1 1 0 1 0 1 1 1 1 1 1 0 0 0 0 0 0 0 0 1 1 1 1 0 1 1 1 0 1 0 0 
1 0 1 0 0 0 0 1 0 1 0 1 1 1 1 1 1 1 1 0 1 0 0 1 1 1 0 1 2 1 1 1 1 1 0 1 0 1 1 1 0 1 1 0 0 1 1 0 1 1 0 0 
1 0 0 1 2 1 1 0 0 0 1 0 0 0 0 1 0 1 0 0 0 0 1 1 0 0 0 0 3 1 0 1 1 1 1 0 0 0 0 0 0 1 0 1 1 1 1 0 1 1 1 0 
1 1 1 1 0 0 1 0 1 1 1 1 0 1 1 0 1 1 0 1 0 1 1 0 0 1 1 1 0 0 1 0 0 1 1 0 1 1 0 1 0 0 1 1 1 1 0 0 1 0 1 0 
1 1 0 1 0 1 0 1 0 1 0 1 0 0 1 1 1 0 1 0 2 0 1 1 0 1 1 1 1 0 1 0 0 1 1 0 1 0 0 1 0 0 1 1 1 0 1 1 0 1 0 1 
0 1 0 0 1 1 0 0 1 1 1 0 0 1 1 0 1 0 0 1 1 1 0 0 1 0 0 1 3 0 0 0 0 1 0 0 1 1 1 1 1 1 0 0 0 0 1 0 1 0 0 1 
0 0 1 0 2 1 0 1 1 0 1 0 1 1 0 0 1 1 0 1 3 1 1 1 0 1 1 0 2 0 1 1 1 0 0 0 1 1 0 0 1 1 0 0 0 1 0 1 0 0 1 0 
0 1 1 0 1 0 1 0 0 0 0 0 0 1 1 1 0 0 1 0 0 0 1 0 1 0 1 0 2 1 0 0 0 0 0 0 1 1 1 1 0 0 1 1 0 1 1 0 1 0 1 1 
0 1 1 1 2 1 0 0 1 0 1 1 1 0 1 1 0 1 1 1 1 0 0 0 0 1 1 0 1 1 0 1 0 1 0 0 0 0 1 1 1 1 1 1 1 1 1 1 0 1 1 0 
1 0 1 1 2 1 1 1 0 1 1 0 0 1 0 0 0 0 0 1 2 1 0 1 0 0 1 0 2 0 0 0 0 0 0 0 1 0 0 1 0 1 1 1 1 1 1 0 1 1 0 0 

# Size = 21 | Time = 163 ms
0 0 1 1 2 1 0 1 0 0 1 0 1 0 1 1 0 1 0 1 0 1 0 0 0 1 0 0 3 0 1 0 0 0 0 0 0 1 1 0 1 0 0 0 0 1 1 1 0 1 0 1 
1 1 0 1 0 0 1 0 1 1 0 1 0 1 0 0 1 0 1 0 2 0 1 1 1 0 1 1 2 1 0 1 1 1 1 1 1 0 0 1 0 1 1 1 1 0 0 0 1 0 1 1 
0 0 1 0 1 0 1 1 1 0 1 1 0 1 0 0 1 0 1 0 3 0 1 0 1 1 1 0 0 1 1 1 0 0 1 0 0 1 1 1 0 0 0 1 1 1 0 1 0 1 0 0 
1 1 0 0 1 1 0 0 0 1 0 0 1 0 1 1 0 1 0 1 1 1 0 1 0 0 0 1 1 1 1 0 1 1 0 1 0 0 0 0 1 1 1 0 0 1 1 0 1 0 1 0 
1 0 1 0 0 1 0 0 0 0 1 0 1 1 1 0 1 0 0 1 1 1 0 1 1 1 0 0 2 0 0 1 0 1 1 0 1 0 1 0 0 0 1 1 1 0 1 0 0 1 0 1 
0 1 0 0 2 0 1 1 1 1 0 0 1 0 0 1 0 0 1 0 2 0 1 0 0 0 1 1 0 0 0 0 0 0 0 0 1 1 0 1 1 1 0 0 0 0 1 0 1 1 0 1 
0 1 1 1 2 1 0 0 1 0 0 1 0 0 0 0 0 1 0 0 0 1 1 0 1 1 0 0 1 0 0 0 1 0 0 1 1 0 1 1 1 1 0 1 1 1 0 1 0 0 1 0 
1 0 1 0 0 0 1 1 0 1 1 1 0 1 1 1 1 1 1 1 3 0 0 1 0 1 1 1 3 0 0 1 1 1 1 1 0 1 1 0 1 1 0 0 0 0 1 0 1 0 1 1 
1 1 0 1 2 0 1 1 1 1 1 0 0 1 0 0 0 1 0 1 1 1 0 1 0 0 0 1 0 1 1 0 1 0 1 1 1 0 0 0 0 0 1 0 0 1 0 1 0 0 0 0 
0 0 0 1 0 1 0 0 0 0 0 0 0 0 1 0 0 1 0 1 2 0 1 0 0 1 1 0 3 1 1 1 0 1 0 1 0 0 0 1 0 0 1 1 1 1 0 1 0 1 1 0 
1 0 0 0 0 0 1 1 1 1 1 0 0 1 1 1 1 0 1 0 0 1 0 1 1 0 1 0 1 1 1 0 0 0 1 0 1 1 1 1 0 0 1 1 0 0 1 0 1 0 0 1 
1 1 0 1 2 1 1 0 0 0 0 0 1 0 0 1 1 1 1 0 3 0 1 0 0 0 0 1 2 0 1 0 1 0 0 1 0 1 0 0 1 1 0 0 0 1 1 1 0 0 0 0 
0 1 1 1 1 0 0 1 1 0 1 1 1 1 0 0 1 0 1 0 2 1 0 1 1 0 0 1 3 0 0 1 1 1 0 0 1 1 1 0 1 0 1 0 0 0 1 0 1 0 1 1 
1 1 1 0 2 1 0 0 0 1 1 1 1 0 1 0 1 1 0 1 0 0 1 0 0 1 1 1 0 1 0 1 1 1 1 1 1 0 0 1 0 0 1 0 0 0 0 0 1 1 1 1 
0 1 0 1 1 1 1 1 1 0 0 1 1 1 0 0 0 0 1 0 1 0 1 0 1 1 1 0 2 1 1 0 0 0 1 1 1 1 1 1 0 1 0 1 1 0 0 1 0 0 1 1 
1 0 0 1 1 1 0 1 1 0 1 1 0 0 1 1 0 1 0 0 3 0 1 1 1 1 0 1 1 1 1 1 1 1 0 0 1 0 1 1 1 0 1 0 0 0 1 0 1 1 1 1 
0 1 0 0 1 0 0 1 0 1 1 0 1 1 0 1 0 1 0 0 0 1 1 1 1 0 0 1 2 1 0 1 1 1 1 1 0 0 1 1 1 1 0 1 1 0 1 0 1 0 0 1 
1 1 0 1 0 0 1 1 0 1 1 1 1 0 0 0 1 1 1 1 3 1 0 1 1 1 0 1 1 0 1 0 1 0 1 0 1 0 1 0 0 0 0 1 0 0 0 0 1 0 0 1 
0 0 1 1 1 0 0 1 0 0 1 1 1 0 1 0 1 1 0 1 1 0 1 0 1 1 1 1 3 0 0 1 1 0 0 1 1 0 0 0 1 0 0 0 0 0 0 0 0 0 0 1 
0 0 0 1 0 1 1 0 1 0 0 0 0 1 1 1 1 1 1 1 2 0 0 1 0 0 0 0 1 1 0 1 0 0 0 0 1 0 0 0 0 0 0 0 0 1 1 0 1 0 1 0 
1 0 0 0 0 1 0 0 1 0 1 1 0 1 0 0 0 1 1 1 1 0 1 1 0 0 1 1 0 1 1 1 1 1 1 0 1 1 1 0 1 1 1 1 1 1 0 1 0 1 0 1 

# Size = 19 | Time = 152 ms
1 0 0 0 2 0 0 1 0 1 1 1 1 1 1 1 1 1 0 0 3 0 0 1 0 1 1 0 2 0 1 1 0 0 0 0 0 0 0 1 0 1 0 0 0 0 1 0 0 1 0 1 
0 1 1 1 1 1 1 0 1 0 0 0 0 0 0 0 0 0 1 1 2 1 1 0 1 0 0 1 0 1 0 0 1 1 1 1 1 1 1 0 1 0 1 1 1 1 0 0 1 0 1 0 
0 0 1 0 0 0 0 0 1 0 1 1 0 0 1 1 1 0 0 1 1 1 0 0 1 0 1 0 3 1 0 1 1 1 1 1 0 1 1 0 1 1 1 0 0 0 1 1 0 1 0 1 
1 1 0 1 0 1 0 1 0 1 0 0 1 1 1 0 0 1 1 0 0 0 1 1 1 1 0 1 1 0 1 0 0 0 0 0 1 0 0 1 0 0 0 1 1 1 0 1 0 0 1 0 
1 1 0 1 1 1 1 0 1 1 0 1 0 1 0 1 0 0 1 0 0 1 1 1 0 0 1 0 3 0 1 1 1 0 0 1 0 1 0 0 0 0 0 0 0 1 1 0 1 1 0 0 
1 0 1 0 2 1 1 1 0 0 1 0 1 0 0 0 1 1 0 1 1 0 0 0 0 1 0 1 2 1 0 1 1 0 1 0 1 1 1 1 1 1 1 1 1 0 0 1 0 0 1 1 
0 1 0 0 2 1 1 1 1 0 0 1 1 1 0 1 1 0 0 1 3 1 1 0 0 0 0 0 1 1 0 0 0 1 1 1 1 0 0 1 1 0 0 1 0 0 1 0 1 1 1 1 
0 0 1 0 1 0 0 0 0 1 1 0 0 0 1 0 1 0 0 0 3 0 0 1 0 1 1 0 0 0 1 0 0 1 0 0 0 0 1 0 0 1 1 0 0 1 0 0 1 0 0 0 
0 0 0 1 1 0 1 1 0 1 1 1 1 1 1 1 0 1 1 0 2 1 0 1 0 0 1 1 1 0 0 1 1 0 1 0 0 0 1 0 1 0 1 1 1 0 1 1 0 0 0 1 
1 1 0 1 2 0 0 0 1 1 0 1 0 1 1 0 0 1 1 1 1 0 1 0 1 1 0 1 0 1 1 0 0 0 0 1 1 0 0 1 0 1 0 1 1 1 1 1 0 1 0 0 
1 0 1 1 0 1 1 1 0 0 0 0 0 0 0 0 1 1 0 0 2 1 0 0 0 1 0 1 3 0 1 0 0 1 1 0 0 0 0 1 0 1 1 0 0 1 0 0 1 1 1 1 
0 1 1 1 2 0 0 0 1 0 1 1 1 0 0 0 1 0 1 0 0 1 0 1 1 0 1 0 2 1 0 0 0 1 1 1 1 1 1 0 1 0 0 1 1 0 0 0 1 0 1 1 
1 0 0 0 0 1 0 0 1 0 1 0 0 0 1 1 0 0 1 1 3 0 1 1 1 0 1 1 2 1 0 1 1 0 0 0 0 1 0 0 0 0 0 1 1 1 1 1 0 0 0 0 
1 0 0 0 2 0 0 0 0 1 0 0 1 1 1 0 0 1 0 1 2 0 0 1 0 0 1 0 3 0 1 1 0 0 0 1 1 1 0 1 1 0 0 1 1 1 0 0 0 0 1 0 
0 0 1 0 0 1 0 1 1 1 0 0 1 1 0 1 1 1 0 1 0 1 0 0 0 1 1 0 0 0 0 1 0 0 0 0 1 0 1 0 0 1 1 0 0 0 1 0 1 1 1 1 
1 1 1 0 1 1 1 0 1 0 1 1 0 0 0 1 0 0 1 0 1 1 1 1 0 0 0 0 1 0 0 1 1 0 1 0 0 1 0 1 1 1 0 0 0 1 1 0 1 1 1 0 
1 0 1 0 1 1 0 0 0 1 0 0 0 1 0 0 0 1 1 0 2 1 0 0 0 1 0 0 2 0 0 1 1 0 1 0 0 0 0 1 1 0 1 1 1 1 0 0 1 1 1 0 
0 1 0 1 1 0 0 1 0 1 1 0 0 0 0 1 0 1 1 1 3 0 0 0 0 0 0 0 3 1 1 0 0 0 1 1 1 0 0 0 0 1 0 1 1 0 1 0 1 1 0 1 
0 0 1 0 1 0 1 0 1 1 0 1 1 1 0 0 0 0 1 1 1 1 0 1 0 0 1 1 2 0 1 0 1 1 0 1 1 1 0 1 1 0 0 1 1 0 0 0 1 1 0 1 

# Size = 20 | Time = 156 ms
1 1 0 0 0 1 1 1 0 0 1 0 1 0 1 0 1 0 1 0 2 1 1 0 0 0 1 1 3 0 0 1 1 0 0 0 1 1 0 0 1 0 1 1 1 1 0 0 0 1 0 0 
0 0 1 1 1 0 0 0 1 1 0 1 0 1 0 1 0 1 0 1 0 0 0 1 1 1 0 0 2 1 1 0 0 1 1 1 0 0 1 1 0 1 0 0 0 0 1 0 1 0 1 1 
0 1 1 1 2 0 0 1 0 1 1 0 0 0 0 1 0 1 1 0 1 1 0 0 1 0 0 1 1 1 0 0 0 0 1 0 1 0 1 0 1 0 1 0 0 1 1 1 0 1 0 1 
1 1 0 0 2 1 1 1 1 0 1 1 1 0 0 0 0 0 0 0 3 0 0 1 1 0 1 1 0 0 1 1 1 0 0 1 0 1 0 1 1 0 0 1 1 0 0 1 0 0 1 1 
1 0 0 1 1 0 1 0 0 0 0 1 0 1 1 0 1 0 0 1 2 1 1 0 0 1 1 0 1 0 0 0 1 1 0 0 0 0 0 1 0 1 0 1 0 1 0 0 1 0 1 0 
0 0 1 0 0 1 0 0 1 1 1 0 1 1 1 1 1 1 1 1 3 0 1 1 0 1 0 0 0 1 1 1 0 1 1 1 0 1 1 0 0 1 1 1 1 0 1 0 1 1 0 1 
0 1 0 1 1 1 0 0 1 1 0 1 0 1 0 1 1 1 1 0 1 0 0 1 0 1 1 0 3 1 1 1 1 0 0 1 1 1 0 1 0 1 0 1 1 1 1 1 0 1 0 0 
1 1 1 0 0 1 1 1 1 0 0 1 1 1 0 0 0 0 0 1 1 0 1 0 0 0 0 1 2 0 0 0 0 1 1 0 1 1 1 0 1 0 0 0 0 1 0 1 0 0 1 0 
1 0 0 1 2 1 1 1 0 0 0 0 1 0 1 0 1 1 0 0 0 1 1 1 1 0 0 1 2 1 1 1 1 0 0 0 1 0 0 0 0 1 1 0 0 1 1 0 1 1 1 0 
1 0 0 0 1 0 0 0 0 1 1 1 1 0 1 0 0 0 0 1 0 0 0 0 0 0 1 0 3 0 0 0 0 1 1 1 1 1 1 0 1 0 1 1 1 0 0 0 1 0 0 1 
1 0 1 1 0 0 1 1 0 1 0 0 0 0 1 1 1 0 1 1 3 1 0 0 1 1 1 1 0 0 0 0 1 0 1 0 1 0 0 1 1 1 1 0 0 1 1 1 0 0 1 0 
0 0 1 0 2 0 0 1 1 1 1 0 0 1 0 0 0 1 1 1 2 1 0 1 0 1 0 0 3 1 1 1 0 1 1 1 0 0 1 1 0 0 0 0 0 0 0 1 0 0 1 1 
0 1 0 0 0 1 0 1 1 0 0 0 1 0 0 1 1 0 1 1 0 0 0 1 0 1 0 0 1 1 1 1 0 1 1 0 0 1 0 0 1 1 1 1 1 0 1 1 0 1 1 1 
0 1 1 0 1 0 1 1 0 1 1 0 1 0 0 1 1 0 1 1 2 0 0 1 0 1 1 1 2 0 0 1 0 0 0 1 0 0 0 0 1 0 0 1 1 0 1 0 1 0 0 1 
1 0 1 1 1 0 0 0 1 1 1 1 1 1 1 0 0 0 0 0 1 0 0 0 1 0 0 1 0 1 1 0 1 1 0 0 0 1 1 0 0 0 1 0 0 0 1 0 1 1 0 1 
1 1 0 0 1 1 1 1 1 0 0 1 0 1 1 0 1 1 1 1 3 0 0 0 1 1 1 0 2 0 1 0 1 0 1 1 0 0 0 1 1 0 0 1 0 1 0 0 0 1 1 1 
0 1 1 1 2 0 1 0 1 0 1 0 1 1 0 0 1 1 1 1 3 0 0 0 1 1 0 0 3 0 0 0 0 0 0 1 1 1 1 1 1 0 0 1 1 1 1 1 0 1 0 0 
1 1 0 1 0 0 0 1 1 1 0 0 0 0 1 0 0 0 1 0 3 0 1 1 1 0 1 0 1 1 1 1 1 1 1 1 0 0 1 0 1 0 0 1 1 1 1 0 1 0 0 0 
1 0 1 0 0 0 0 0 1 0 1 0 1 1 0 0 0 1 0 0 2 1 1 1 1 1 1 0 0 0 0 0 1 0 0 1 1 0 1 0 0 0 1 0 0 1 0 1 0 0 0 1 
1 0 1 0 1 1 1 0 1 1 1 1 0 1 1 1 1 0 0 1 0 1 0 0 1 1 1 0 0 1 0 0 0 0 0 0 0 0 1 0 1 0 0 0 0 0 1 0 0 0 1 1 

# Size = 20 | Time = 159 ms
0 0 0 1 0 1 0 0 0 0 1 0 0 1 0 0 0 0 0 1 1 1 1 0 1 1 0 0 1 0 1 0 1 0 0 0 1 1 1 0 1 1 0 1 1 1 1 0 1 1 0 1 
1 1 1 0 1 0 1 1 1 1 0 1 1 0 1 0 1 1 1 0 2 0 0 1 0 0 1 1 2 1 0 1 0 1 1 1 0 0 0 1 0 0 1 0 0 0 0 1 0 0 1 1 
0 0 0 0 2 0 0 0 0 1 1 0 0 1 1 1 1 1 0 0 0 1 0 0 1 0 1 1 3 1 0 1 1 0 0 1 0 0 1 1 1 0 0 0 0 1 1 0 1 0 1 0 
1 1 1 1 2 1 1 1 1 0 0 1 1 0 0 1 0 0 1 1 3 0 0 1 0 0 0 0 0 0 1 0 0 1 1 0 1 1 0 0 0 1 1 1 1 1 1 0 0 1 0 0 
0 0 1 0 0 1 0 1 0 1 0 0 1 0 0 0 1 1 1 1 3 1 1 0 1 1 0 1 1 1 0 0 0 1 1 1 1 0 1 0 0 0 0 1 0 0 0 1 0 1 0 1 
1 1 0 1 1 0 0 0 0 0 1 1 0 1 1 0 0 1 0 0 2 0 1 1 0 1 1 0 0 0 0 1 0 0 0 0 0 1 0 1 1 1 1 1 1 0 0 0 1 0 1 1 
0 1 0 0 1 1 1 0 1 1 0 0 0 0 1 1 1 0 1 0 1 0 1 0 0 1 0 1 3 0 1 0 1 1 0 0 0 1 0 0 1 1 0 0 0 0 1 1 0 0 0 1 
1 0 0 1 0 1 1 1 1 0 1 1 1 1 0 1 1 0 1 1 0 0 1 0 1 1 0 0 2 1 1 1 1 0 1 1 1 1 1 1 0 1 1 1 1 1 1 1 0 1 1 0 
0 1 1 0 1 0 1 0 1 0 0 1 0 1 0 0 0 0 0 1 0 1 0 1 1 1 1 0 1 0 1 1 1 1 1 0 0 0 0 0 0 0 1 0 0 1 0 1 0 0 0 0 
1 0 1 1 2 0 0 1 1 1 1 1 1 0 1 0 0 0 0 1 1 1 1 1 0 0 1 0 3 1 0 0 0 0 1 1 1 0 1 0 1 0 0 1 1 0 0 1 0 0 1 1 
0 1 1 1 2 0 0 0 0 0 1 0 1 0 0 1 0 0 0 0 2 1 0 0 1 1 0 1 2 0 1 0 1 1 0 0 1 1 1 1 0 0 0 0 0 1 1 0 1 1 0 0 
0 0 0 0 0 0 1 0 1 1 1 0 0 1 1 1 1 0 1 0 3 1 0 0 0 0 1 1 0 1 0 1 1 0 0 0 0 0 0 1 1 1 0 0 0 1 1 0 1 0 1 0 
1 0 0 0 1 1 1 1 0 1 0 0 0 0 1 1 1 1 1 0 0 0 0 0 0 0 1 1 1 0 1 0 0 0 0 1 0 1 1 1 1 1 0 1 1 0 1 0 1 1 1 1 
0 0 1 0 0 1 0 0 1 0 0 0 0 0 0 0 1 0 1 1 2 0 0 1 1 1 1 1 3 0 1 0 1 1 1 1 0 1 0 0 0 1 1 1 1 0 1 0 0 1 0 1 
1 1 1 0 1 1 1 1 0 0 0 1 0 0 0 0 0 1 0 0 3 0 1 1 0 0 1 1 2 1 0 1 0 0 1 0 1 1 1 0 1 0 0 1 1 1 1 0 1 0 1 1 
0 1 1 1 0 1 0 1 1 0 1 1 1 0 0 0 1 1 0 0 1 0 0 0 1 0 1 0 0 0 1 1 1 0 1 1 1 0 1 1 0 0 1 0 0 1 0 1 0 1 1 0 
1 0 1 1 2 1 0 1 1 1 1 0 1 0 1 1 1 0 0 1 2 0 1 1 1 1 1 1 1 1 0 0 1 0 1 1 1 0 1 0 1 0 1 1 1 1 1 1 0 0 1 0 
1 1 1 1 1 1 0 1 1 0 0 0 0 1 1 1 0 0 1 1 1 1 0 1 1 0 0 1 2 0 1 1 1 0 0 1 0 1 0 0 1 0 0 0 0 1 1 1 0 1 1 1 
1 0 0 1 2 1 0 0 1 0 1 1 0 1 1 1 1 1 0 1 0 0 1 0 1 1 1 0 0 0 0 0 0 0 0 1 1 1 0 0 0 0 0 0 0 1 1 0 0 1 1 1 
1 1 0 1 1 1 1 1 1 1 0 0 0 1 0 0 0 1 1 1 3 0 0 0 1 1 1 1 3 1 1 0 0 1 0 1 0 1 1 0 1 1 1 1 1 0 1 1 0 1 1 1 

# Size = 21 | Time = 166 ms
1 0 1 0 2 0 0 0 1 1 0 1 1 0 0 1 1 1 1 1 2 1 1 1 0 0 1 0 0 0 1 0 0 1 1 0 1 0 0 1 1 0 1 0 0 0 1 0 1 1 0 1 
0 1 0 1 1 0 1 1 0 0 1 0 0 1 1 0 0 0 0 0 1 0 0 0 1 1 0 1 2 1 0 1 1 0 0 1 0 1 1 0 0 1 0 1 1 1 0 1 0 0 1 0 
0 0 0 1 0 1 0 0 0 0 0 1 0 0 0 0 1 0 1 0 3 0 1 0 1 0 0 0 3 0 0 0 0 0 1 1 1 0 0 0 1 1 1 1 0 1 1 1 0 0 0 0 
1 1 1 0 0 1 1 1 1 1 1 0 1 1 1 1 0 1 0 1 0 1 1 0 0 1 1 1 1 1 1 1 1 1 0 0 0 1 1 1 0 0 0 1 1 0 1 0 1 1 0 1 
0 0 1 0 1 1 0 1 1 1 0 0 0 1 0 0 0 0 0 1 1 0 0 1 0 1 0 1 3 0 0 1 0 1 1 0 1 1 0 1 1 1 1 0 0 0 0 1 0 1 1 1 
1 1 0 1 2 1 1 1 0 0 1 1 0 0 1 0 1 1 1 0 0 1 0 1 1 0 0 0 0 1 1 0 1 0 0 1 0 0 1 0 0 1 0 0 0 1 0 0 1 1 1 0 
0 1 0 0 1 1 0 0 1 0 1 0 1 0 1 1 0 0 1 0 2 1 0 1 1 0 1 1 1 0 0 0 0 0 0 1 1 1 1 0 1 0 1 1 1 1 1 1 0 0 1 0 
1 0 1 1 2 0 1 0 0 1 0 1 1 1 0 1 1 0 0 1 3 0 1 1 1 1 1 1 2 1 1 1 1 0 1 0 1 0 0 1 0 0 0 0 0 1 1 0 1 0 1 1 
0 0 0 1 2 0 1 1 0 0 1 0 0 1 0 0 1 1 0 0 2 0 0 0 0 1 1 0 3 1 1 0 0 1 0 0 0 1 1 1 0 0 1 1 1 0 0 0 0 0 0 1 
1 1 1 0 1 1 0 0 1 1 0 1 1 0 1 0 0 1 0 0 3 1 0 1 1 0 1 0 2 0 1 0 1 1 0 1 0 1 1 0 1 1 0 1 1 0 0 1 0 1 0 1 
1 1 1 0 0 0 1 0 0 0 1 1 1 0 0 1 0 1 1 1 1 1 0 1 0 0 0 0 3 1 0 1 1 1 1 1 0 0 0 1 1 0 0 1 1 1 1 0 1 0 0 0 
0 0 0 1 1 0 0 0 1 1 0 0 0 0 0 0 1 0 1 1 0 0 1 1 0 1 0 0 1 0 0 1 0 0 0 0 1 0 0 0 0 1 1 0 0 1 0 0 1 0 1 0 
0 0 0 1 0 0 1 1 0 1 0 0 0 1 1 1 0 0 0 0 2 0 1 0 0 1 0 1 0 0 0 1 1 0 0 0 1 1 0 1 0 1 0 0 0 0 1 1 0 0 1 1 
1 1 0 1 2 1 0 1 0 0 1 1 1 1 1 0 0 0 1 1 3 0 0 1 0 0 0 1 1 1 0 1 0 1 1 1 0 0 1 1 1 0 0 0 0 1 1 1 0 1 1 0 
1 0 0 1 0 0 0 0 0 0 1 1 1 0 1 0 1 1 1 0 1 0 0 0 0 1 1 1 2 0 1 0 0 0 0 0 1 0 1 1 1 0 1 0 0 0 0 0 1 0 0 1 
0 1 1 1 1 1 0 1 1 1 0 0 1 1 1 0 1 0 0 0 3 0 1 1 0 1 1 0 0 1 1 1 1 1 0 0 1 0 0 0 0 1 1 1 1 1 0 0 1 1 0 1 
1 0 0 0 0 0 0 1 1 0 1 0 1 1 1 0 1 0 0 1 0 1 0 1 1 0 1 1 3 0 1 0 0 0 1 1 0 1 0 0 1 1 0 1 1 1 0 1 0 0 0 0 
0 1 0 1 2 0 1 0 1 0 1 0 1 1 1 1 1 1 1 1 1 1 1 0 1 0 1 0 1 1 0 0 0 0 0 0 1 1 0 0 0 1 0 0 0 0 1 0 1 0 0 1 
0 0 1 1 1 1 1 1 1 1 0 1 1 1 1 1 1 1 0 1 2 0 1 0 0 0 1 0 2 0 0 1 0 0 0 1 1 1 1 1 0 1 0 1 0 1 1 1 0 0 1 1 
1 1 0 0 2 1 1 1 1 1 1 0 0 0 1 1 0 1 1 0 0 1 0 1 1 1 0 0 2 1 1 1 1 0 1 1 1 0 1 0 1 0 1 1 0 1 1 1 0 0 1 0 
1 1 1 1 2 1 1 1 1 1 1 1 1 0 0 0 0 1 0 0 1 0 1 0 0 1 0 0 0 1 0 0 0 0 0 0 0 0 0 0 0 0 0 1 1 0 1 0 0 1 0 1 

# Size = 21 | Time = 168 ms
1 0 0 1 1 1 1 0 1 0 0 0 1 0 0 0 1 0 0 1 2 1 0 0 0 1 1 1 1 0 0 1 0 0 0 0 0 1 1 0 0 1 1 1 0 1 0 0 1 0 0 1 
0 1 1 0 2 0 0 1 0 1 1 1 0 1 1 1 0 1 1 0 0 0 1 1 1 0 0 0 3 1 1 0 1 1 1 1 1 0 0 1 1 0 0 1 1 1 1 1 0 0 1 0 
0 1 1 0 0 0 1 0 0 1 1 0 1 1 1 1 1 0 0 1 3 1 1 1 0 1 1 1 2 0 1 0 1 0 1 1 1 1 1 1 0 1 1 0 0 0 1 1 0 1 0 1 
1 0 0 1 0 1 0 1 1 0 0 1 0 0 0 0 0 1 1 0 1 0 0 0 1 0 0 0 0 1 1 1 0 1 1 0 1 0 0 0 1 0 0 0 0 1 0 0 1 1 1 0 
1 0 1 0 1 1 1 0 1 1 0 1 0 0 1 1 0 1 1 1 3 1 1 1 1 0 1 0 3 1 0 1 0 1 0 0 0 0 1 1 1 1 0 1 1 0 1 0 1 1 0 1 
0 1 0 1 2 0 0 1 0 1 1 0 1 1 1 0 1 1 0 0 2 0 0 0 0 1 0 1 0 0 0 1 0 0 0 1 0 1 0 0 0 0 1 1 1 0 0 1 0 0 1 1 
0 1 0 0 2 1 1 1 0 0 1 1 0 0 0 1 1 0 1 1 1 1 0 1 0 1 1 1 2 1 0 0 1 0 0 1 0 0 0 0 0 0 0 1 1 1 1 0 1 0 0 0 
1 0 1 0 1 1 0 0 1 0 1 1 1 1 0 0 0 0 0 0 2 0 1 0 1 0 0 0 1 0 1 0 1 0 1 0 1 0 1 1 1 0 0 1 1 1 1 1 0 1 1 0 
1 1 1 1 2 0 1 1 1 0 0 0 0 0 0 0 0 0 1 0 0 0 0 1 1 1 1 1 2 0 0 0 1 1 0 0 0 1 1 1 1 1 1 0 0 0 0 1 0 0 1 1 
0 0 1 1 1 0 0 0 0 0 0 0 1 1 1 1 1 0 0 1 0 1 1 0 0 0 0 0 0 1 1 1 1 1 1 1 0 1 0 0 0 1 1 0 0 1 1 0 1 1 0 0 
0 0 0 1 0 0 0 1 1 0 1 0 1 1 0 0 1 0 0 1 3 0 0 0 1 0 1 1 3 0 0 1 1 0 0 0 0 0 0 0 0 0 1 0 0 1 0 0 0 0 1 0 
0 1 1 0 1 0 0 1 0 1 1 1 0 1 1 0 0 1 0 0 1 0 1 1 0 1 0 0 1 1 0 1 1 1 1 1 0 1 0 1 1 1 1 0 0 0 0 1 0 0 0 1 
1 0 0 0 2 0 1 0 0 1 1 0 1 1 1 1 1 0 1 0 1 1 1 1 0 0 1 0 0 0 0 0 0 0 1 0 1 1 1 1 1 1 0 0 0 1 1 1 0 0 1 0 
0 0 1 0 0 1 0 0 1 0 1 1 0 0 0 1 0 1 1 0 2 0 0 1 1 0 1 1 1 1 0 1 1 1 0 1 1 1 0 0 1 1 0 1 1 0 1 0 1 0 0 1 
0 0 1 1 1 0 1 1 1 0 1 1 1 1 0 0 0 1 0 0 3 1 1 0 0 0 0 0 2 1 1 1 0 1 0 0 0 1 0 0 0 1 0 1 0 1 0 1 0 0 1 1 
1 0 0 0 0 1 0 0 1 1 0 0 0 0 0 0 0 1 1 1 0 1 0 1 0 1 0 1 1 0 1 1 0 0 1 1 0 1 0 1 1 0 1 0 0 0 0 0 1 1 0 1 
0 0 1 1 2 0 1 1 0 0 1 1 1 0 0 0 0 0 0 0 3 0 1 1 1 0 0 0 1 0 0 0 1 0 0 0 0 0 0 1 0 0 0 1 1 1 0 0 1 1 0 0 
1 1 0 0 1 1 1 0 1 1 1 0 0 1 1 0 1 0 1 1 2 0 1 1 0 1 0 0 3 0 1 0 0 1 0 1 0 1 0 0 1 0 0 0 0 0 0 0 0 0 0 1 
1 0 0 0 0 0 0 0 1 0 1 1 1 0 1 0 0 1 1 0 2 1 0 0 0 0 0 0 2 1 0 1 0 0 0 0 0 0 1 0 1 1 1 1 0 0 0 0 1 0 1 1 
1 1 0 1 2 0 1 0 1 1 1 0 0 0 0 0 1 0 1 1 3 0 0 1 0 1 0 0 0 1 0 0 0 0 1 1 1 0 0 1 0 1 1 1 1 1 0 0 0 0 0 1 
0 1 1 0 2 0 0 0 1 1 1 0 1 1 0 0 1 1 0 0 1 0 0 1 0 1 0 0 3 0 1 0 1 1 0 1 0 1 0 0 1 1 1 1 1 0 1 1 0 1 0 1 

# Size = 20 | Time = 159 ms
1 0 0 0 2 1 0 1 0 0 1 1 0 0 0 1 0 1 0 1 3 1 0 0 1 0 1 1 3 1 0 0 1 1 1 1 0 0 1 1 0 1 0 1 0 1 1 0 1 0 0 0 
0 1 1 1 1 0 1 0 1 1 0 0 1 1 1 0 1 0 1 0 2 0 1 1 0 1 1 0 1 0 1 1 0 0 0 0 1 1 0 0 1 0 1 1 1 0 0 1 0 0 1 1 
0 1 0 1 0 0 1 1 0 1 0 1 1 0 1 0 0 1 0 1 1 0 1 0 1 1 0 0 0 1 0 1 1 0 0 1 1 1 0 0 1 1 0 0 0 1 1 0 0 1 0 0 
1 0 1 0 2 1 0 0 1 0 1 0 1 1 0 1 1 0 1 0 1 1 0 1 0 0 0 1 2 1 1 0 0 1 1 0 0 0 1 1 0 0 1 1 1 0 1 1 0 1 1 1 
0 1 0 1 0 1 1 0 1 1 1 1 0 1 0 0 1 0 1 0 0 1 1 1 1 0 1 1 0 0 0 0 0 1 1 1 0 1 1 0 0 1 1 0 0 0 0 0 1 1 0 1 
1 0 1 0 2 0 0 1 0 1 0 0 0 0 0 0 0 1 0 1 0 0 0 0 0 1 0 0 2 0 1 1 1 0 0 0 1 0 0 1 1 0 0 1 1 1 0 0 1 0 1 0 
1 1 1 0 1 0 0 1 0 0 0 0 0 0 1 1 1 1 1 0 3 1 1 1 1 1 0 0 3 0 1 1 0 1 1 0 0 1 0 0 1 1 1 0 0 1 1 1 0 0 1 0 
0 0 0 1 1 0 1 0 1 0 1 1 0 0 1 1 0 0 0 1 2 0 0 0 0 0 0 0 1 1 0 0 0 0 1 0 1 0 0 1 0 0 0 1 1 0 1 0 1 1 0 1 
1 0 0 0 0 1 1 1 1 1 0 1 1 1 1 1 0 1 0 0 2 0 1 0 1 1 1 1 2 0 1 0 1 1 0 1 1 0 1 0 1 0 1 0 0 1 1 1 0 0 1 1 
0 0 1 1 0 1 0 0 0 0 1 0 1 1 0 0 1 0 0 1 2 1 0 1 0 0 0 0 3 1 0 1 1 0 0 1 0 1 1 1 1 1 0 1 1 0 0 1 0 1 0 1 
0 1 1 0 2 0 1 0 1 1 1 0 1 1 1 1 0 0 1 1 3 0 1 0 0 1 1 1 0 0 1 1 1 0 0 0 0 1 1 1 0 0 0 0 0 1 1 1 0 0 1 0 
1 1 0 1 2 1 0 1 0 0 0 0 0 0 0 0 1 0 1 0 1 1 0 0 1 0 1 1 1 0 1 1 1 1 1 1 0 1 0 0 0 1 0 0 0 1 0 0 1 0 0 0 
0 1 1 0 1 0 1 1 1 1 1 1 1 1 1 1 1 1 0 1 0 0 0 0 1 1 1 1 3 1 1 0 1 0 1 1 1 0 1 0 1 0 1 0 0 0 1 1 0 0 1 1 
1 0 1 1 0 1 1 0 1 1 0 0 1 0 1 0 0 1 1 1 3 1 1 1 1 1 0 1 1 1 1 0 0 0 0 0 1 1 1 0 0 1 0 1 1 0 0 0 1 1 0 1 
1 0 1 0 1 1 0 1 1 0 1 0 1 0 0 0 0 0 0 1 2 0 0 0 0 0 0 0 0 0 0 1 0 0 0 1 0 0 0 1 0 0 0 1 1 1 1 0 0 0 1 0 
0 1 0 1 1 1 1 1 1 1 1 0 0 1 0 1 1 0 0 1 1 0 1 1 1 0 1 1 2 0 0 0 1 0 1 0 1 1 1 0 0 1 0 1 0 0 1 0 0 0 0 1 
0 0 0 0 1 0 0 1 1 0 0 0 1 1 1 0 0 1 1 1 0 0 0 0 1 1 0 1 1 0 1 0 1 1 1 0 1 1 0 0 0 1 1 1 0 0 1 0 1 1 0 1 
1 1 0 1 2 0 1 1 1 1 0 1 1 0 1 0 1 1 1 1 1 1 0 0 0 1 1 0 3 1 1 0 1 1 1 0 0 1 1 0 1 0 1 1 0 0 1 1 0 0 0 1 
1 1 1 0 2 1 0 1 1 1 0 0 0 1 0 0 0 1 0 1 3 1 1 0 0 1 1 1 2 0 0 1 1 1 0 0 1 0 0 1 0 0 1 0 0 0 0 0 1 0 1 1 
1 0 1 0 2 1 1 1 1 0 1 0 0 1 0 0 1 1 0 1 2 0 1 0 1 0 0 0 2 1 0 0 1 1 1 1 1 1 0 1 0 0 1 1 1 1 1 0 0 1 0 1 

# Size = 22 | Time = 176 ms
1 1 0 0 2 1 0 0 1 0 1 1 1 0 1 1 1 0 1 0 3 0 1 1 1 1 0 0 1 1 1 1 0 1 0 1 1 1 0 0 1 1 0 1 0 0 1 0 0 0 0 1 
0 0 1 1 1 1 1 1 0 1 0 0 0 1 0 0 0 1 0 1 1 1 0 0 0 0 1 1 2 0 0 0 1 0 1 0 0 0 1 1 0 0 1 0 0 1 0 0 1 1 1 0 
1 0 1 1 0 0 1 1 0 1 0 0 1 1 0 1 0 1 1 1 0 0 1 0 1 1 1 1 0 0 1 0 0 1 1 1 1 1 1 0 1 1 1 1 1 0 1 1 0 0 1 1 
0 1 0 0 0 0 0 0 1 0 1 1 0 0 1 0 1 0 0 0 2 1 0 1 0 0 0 0 3 1 0 1 1 0 0 0 0 0 0 1 0 0 0 1 1 1 0 1 0 1 0 0 
1 0 1 0 1 0 0 1 0 0 0 0 0 0 1 1 1 0 1 0 1 1 1 0 1 0 0 0 0 0 0 1 1 0 1 0 1 0 0 0 1 1 0 0 0 0 1 0 1 1 0 1 
0 1 0 0 2 0 1 0 1 1 1 1 1 1 0 0 0 1 0 1 2 0 1 1 0 1 1 1 2 1 1 1 0 1 0 1 1 1 0 1 1 0 1 0 0 1 0 0 1 0 1 0 
0 1 1 1 1 1 1 0 1 0 1 0 0 0 0 1 0 0 0 0 0 1 0 0 0 1 0 0 1 1 1 0 1 1 0 1 0 1 1 0 0 0 0 0 0 0 1 1 0 1 1 1 
1 0 0 1 2 1 0 1 0 1 1 1 1 1 0 0 1 1 1 1 3 0 0 1 1 0 1 0 3 0 0 0 0 0 1 0 0 1 1 1 0 1 0 1 1 0 0 0 1 0 0 1 
0 1 1 1 1 0 0 1 0 0 0 1 0 1 1 1 0 0 1 1 3 0 1 0 0 0 0 1 3 1 1 0 1 1 0 1 1 0 0 0 0 1 1 0 0 1 1 1 0 0 1 0 
1 0 0 0 1 1 1 0 0 0 0 0 1 0 1 1 1 1 0 0 2 1 1 1 1 1 0 1 2 0 1 0 0 0 0 0 0 0 1 1 1 0 1 1 1 1 1 1 0 1 0 1 
1 0 1 1 0 1 1 1 1 1 0 1 1 1 1 0 0 1 0 0 1 0 0 1 1 1 1 1 1 1 0 1 0 1 1 0 1 1 1 0 0 1 1 1 1 1 1 0 1 0 0 0 
0 1 0 0 2 1 0 0 1 1 1 1 0 0 1 0 1 1 0 0 0 1 0 1 0 0 0 0 0 0 0 1 0 0 1 0 0 0 0 1 0 0 1 0 0 1 0 0 1 1 0 0 
1 1 1 1 2 1 1 0 0 0 0 0 1 0 1 1 1 0 1 1 1 0 0 0 0 1 1 1 3 0 1 1 1 0 0 1 1 0 1 0 1 0 1 1 1 1 1 1 0 1 1 0 
0 1 1 1 0 0 0 1 1 0 0 0 1 0 0 0 1 0 1 1 2 0 1 0 1 0 1 0 2 0 0 1 0 0 1 1 0 1 0 0 1 1 0 0 0 0 0 0 0 0 1 1 
1 1 0 1 0 1 1 1 0 1 1 0 0 0 0 0 0 0 0 1 3 1 0 0 1 0 1 1 1 1 0 1 0 1 0 1 0 1 0 0 1 0 0 1 1 1 1 1 0 0 0 1 
1 0 1 1 1 0 1 1 0 1 1 0 1 1 1 0 1 0 1 0 2 0 0 1 1 1 0 0 1 0 1 0 0 0 1 1 1 0 1 1 0 0 1 1 0 1 0 1 0 0 1 1 
1 0 0 1 1 0 0 1 0 1 0 1 0 0 1 0 1 1 0 0 3 0 1 0 1 0 1 1 0 1 0 0 0 1 0 1 0 1 1 0 1 1 0 1 0 0 0 0 1 1 0 1 
1 0 0 0 1 1 1 0 1 1 1 1 1 0 1 1 1 0 0 0 1 1 1 0 0 0 1 0 1 0 1 1 1 1 1 1 1 1 1 0 0 0 1 0 0 1 1 0 0 0 1 1 
0 1 1 0 1 0 1 1 0 0 0 1 1 1 1 0 1 0 0 0 3 1 1 1 0 1 1 1 2 1 0 0 1 1 1 0 0 1 0 1 1 1 0 1 1 0 1 0 1 0 0 1 
0 1 0 0 2 1 0 0 1 0 1 0 0 0 0 0 0 1 0 1 2 0 1 0 1 0 1 1 0 0 0 1 0 1 0 1 1 1 0 1 0 0 0 1 0 1 1 0 1 1 1 1 
0 0 0 1 1 1 1 1 1 0 1 1 0 1 0 0 0 0 0 0 0 1 1 0 1 1 0 1 2 0 1 1 0 1 1 0 1 1 1 1 1 1 1 0 0 1 1 0 0 0 0 0 
1 1 1 0 1 0 1 1 0 0 0 0 0 1 1 0 0 1 0 0 0 0 1 0 1 1 1 1 3 0 1 1 0 1 1 0 0 0 1 0 0 1 0 0 0 1 0 0 1 1 0 1 

# Size = 20 | Time = 160 ms
1 0 0 1 1 0 0 1 1 1 1 0 0 0 0 0 0 1 0 0 2 1 0 0 1 0 0 0 2 1 1 1 0 0 1 0 0 0 0 0 0 0 1 1 0 1 1 0 1 0 1 0 
0 1 1 0 2 1 1 0 0 0 0 1 1 1 1 0 1 0 1 1 3 0 1 1 0 1 1 1 0 0 0 0 1 1 0 1 1 1 1 1 1 1 0 0 0 0 0 1 0 1 0 1 
1 0 1 1 0 0 0 0 0 0 0 1 1 1 0 1 1 0 1 1 0 1 0 0 1 1 0 1 3 0 0 0 0 0 0 1 0 1 0 1 1 0 0 1 1 1 1 0 1 0 1 0 
0 1 0 0 0 1 1 1 0 1 1 0 0 0 1 1 0 1 0 0 1 0 1 1 0 0 1 0 1 1 1 1 1 1 1 0 1 0 1 0 0 1 1 1 1 0 1 1 0 1 0 1 
0 0 0 0 2 1 0 1 1 0 1 1 0 1 0 0 0 0 0 0 3 1 1 1 0 1 0 0 3 0 1 1 0 0 0 0 0 1 1 1 0 1 1 0 0 1 0 1 0 0 1 0 
1 1 1 1 1 1 1 0 1 1 0 0 1 0 1 0 1 0 1 0 1 0 0 0 1 0 1 1 2 1 0 0 0 1 1 0 1 0 0 0 1 0 0 0 0 1 0 0 1 1 0 1 
1 1 0 0 2 0 0 0 1 0 1 0 1 0 1 0 0 1 0 1 0 1 0 1 1 0 1 0 1 1 0 1 1 0 0 1 0 0 0 1 1 1 1 0 0 0 0 0 1 0 0 1 
0 1 1 1 1 0 1 1 1 0 1 1 0 1 0 1 0 1 1 1 2 0 1 1 0 1 0 0 0 1 1 0 1 1 1 1 1 1 1 0 0 0 0 1 1 0 1 0 1 0 1 1 
1 0 0 0 1 0 0 1 0 1 0 1 1 1 0 0 1 1 0 1 0 1 1 0 1 1 0 1 2 0 1 1 1 1 1 0 1 0 1 1 0 1 0 1 1 1 0 1 0 1 0 0 
0 0 0 1 2 1 1 0 0 1 0 0 0 1 1 0 1 0 1 1 2 0 0 0 1 0 1 1 1 0 0 0 0 0 1 0 0 1 0 0 0 0 1 1 1 1 1 1 0 1 1 0 
1 0 1 0 0 0 0 1 0 1 1 1 0 0 0 1 0 1 0 0 3 0 0 0 0 0 1 1 0 0 1 0 1 1 0 1 0 0 0 0 1 0 1 0 0 1 1 0 0 1 0 1 
0 1 1 1 1 0 1 0 0 1 1 0 0 0 1 0 1 1 1 0 3 0 1 0 1 1 1 0 3 1 1 1 1 1 1 0 1 0 0 0 0 1 1 1 1 0 1 0 1 1 0 1 
0 1 0 0 2 0 0 1 0 0 0 0 1 1 0 1 0 0 0 1 1 1 0 1 1 1 0 0 0 0 0 1 0 0 0 1 0 1 1 1 1 0 0 0 0 1 1 1 0 0 1 0 
0 0 0 0 0 1 1 1 1 0 0 0 0 0 1 1 1 1 1 0 0 0 1 1 0 0 0 0 2 0 0 1 1 0 0 1 1 1 1 0 0 0 1 1 0 0 1 0 1 0 1 1 
0 0 0 0 0 0 1 0 1 1 1 1 1 1 1 0 1 1 1 0 2 1 1 1 0 0 0 1 3 1 1 0 0 1 0 0 1 1 1 1 1 1 1 0 0 0 0 1 0 1 0 1 
1 0 1 0 1 1 0 1 1 1 1 1 0 1 0 1 0 1 0 0 1 1 0 0 1 1 0 1 1 1 0 1 1 1 0 1 1 1 1 1 0 0 0 1 0 1 1 0 1 0 0 0 
0 0 0 1 2 0 1 0 0 0 0 0 1 1 1 0 1 0 1 0 3 0 1 1 1 1 1 0 2 1 1 1 1 1 0 1 1 1 1 0 1 0 0 1 1 0 0 0 1 1 0 1 
1 1 1 0 1 0 0 0 0 1 1 0 0 1 0 0 0 0 0 1 0 1 0 1 0 0 0 0 0 0 0 1 1 0 0 0 1 0 0 1 1 1 0 0 0 0 1 0 1 0 0 1 
0 0 1 0 2 1 1 0 1 1 1 0 0 0 1 0 0 0 0 0 1 0 1 1 1 1 1 1 3 0 1 0 1 0 1 1 0 0 1 1 1 1 1 1 1 0 1 0 1 1 0 1 
1 1 0 1 0 1 0 0 0 0 1 0 0 1 0 1 1 0 0 0 3 1 1 1 1 1 0 0 1 1 1 1 0 1 0 0 1 0 1 0 0 0 0 0 0 1 1 0 1 0 0 0 

# Size = 20 | Time = 157 ms
1 1 1 0 2 1 0 0 0 0 1 0 1 1 1 1 1 0 0 0 3 1 0 0 0 0 0 1 2 0 0 0 0 0 1 1 1 1 1 0 1 0 1 0 0 0 1 0 0 1 1 1 
0 0 0 1 1 0 1 1 1 1 0 1 0 0 0 0 0 1 1 1 0 0 1 1 1 1 1 0 3 1 1 1 1 1 0 0 0 0 0 1 0 1 0 1 1 1 0 0 1 1 0 0 
1 1 1 1 0 1 1 0 1 0 0 1 1 1 1 0 0 1 1 1 2 1 1 1 0 0 1 0 0 1 0 1 1 0 1 0 0 0 1 0 0 0 1 0 0 1 0 1 0 0 1 1 
0 0 0 0 0 0 0 1 0 1 1 0 0 0 0 0 1 0 0 1 1 0 0 0 0 1 0 1 1 0 1 0 0 1 0 1 1 1 0 1 1 1 0 1 1 0 1 1 0 0 0 1 
0 1 1 0 2 0 0 0 0 1 0 0 0 0 0 1 1 1 0 0 2 0 1 1 1 1 0 1 0 0 1 1 1 0 1 0 1 1 1 1 0 1 0 1 0 1 1 0 1 0 1 0 
1 0 0 1 1 0 1 1 0 0 1 1 1 0 1 1 0 0 1 0 1 1 0 0 1 0 1 1 3 1 0 0 0 1 0 1 0 0 1 0 1 0 1 1 1 1 1 0 1 0 0 0 
0 1 1 0 1 1 0 0 1 1 0 0 0 1 1 1 1 1 1 0 0 0 1 0 1 0 1 0 1 1 1 0 0 1 0 0 0 1 0 0 1 0 1 0 0 0 1 0 1 0 1 1 
1 0 0 0 2 1 1 1 1 0 1 1 1 1 0 0 0 0 0 1 3 1 1 1 1 1 0 0 2 1 1 1 1 0 0 1 1 0 0 1 0 1 0 0 0 0 0 0 1 0 0 1 
1 1 0 1 1 1 1 1 0 1 0 1 0 1 0 0 1 1 1 0 3 1 0 1 0 1 1 0 1 0 0 0 1 0 1 1 1 1 0 0 0 0 0 1 1 1 0 1 0 1 1 0 
0 0 1 1 2 0 0 0 1 0 1 0 1 1 0 1 0 0 0 1 0 0 0 0 0 0 0 1 3 0 0 1 1 0 1 0 0 0 1 1 1 1 1 1 1 0 1 1 0 1 0 1 
0 1 0 1 2 0 0 0 1 1 0 0 1 0 1 0 1 1 1 0 1 0 1 1 1 1 1 1 2 1 0 1 0 1 1 0 0 0 1 1 1 1 0 0 0 1 0 1 0 1 0 0 
0 0 1 0 0 0 0 1 0 0 1 1 0 0 0 0 0 1 0 0 3 1 0 0 1 0 1 0 0 0 1 0 0 1 0 0 0 1 0 1 1 0 0 1 1 0 0 0 1 1 0 1 
0 1 0 0 1 1 1 1 1 1 0 0 1 0 0 1 1 0 1 0 2 0 0 0 0 0 0 0 3 0 0 1 0 1 0 1 1 1 1 0 0 1 0 0 0 1 1 1 0 1 0 1 
1 0 1 1 0 1 1 1 1 0 0 1 0 1 1 1 0 0 0 1 1 0 0 0 1 1 1 0 0 0 0 1 1 0 0 1 1 1 0 1 0 1 1 0 0 1 1 1 0 0 1 0 
1 0 0 0 2 0 1 1 0 0 1 0 1 0 1 1 0 0 0 0 2 1 0 0 0 1 1 0 1 1 1 0 1 1 1 1 1 0 0 1 1 1 1 1 1 0 1 0 1 1 0 1 
1 1 1 1 0 1 1 0 0 1 1 1 0 0 1 0 1 1 1 0 0 1 1 1 0 1 0 1 2 0 1 1 0 1 1 1 1 0 1 0 0 1 0 1 1 0 0 1 0 1 1 1 
0 0 1 0 0 1 1 1 0 1 0 0 1 1 0 0 1 0 1 0 3 0 0 1 1 0 1 0 3 1 1 1 1 0 0 1 1 0 0 0 0 1 1 0 0 1 1 1 0 1 1 0 
0 0 0 1 1 0 0 1 0 1 1 1 1 0 1 0 0 1 0 0 0 0 1 0 1 1 0 1 0 1 1 0 0 1 1 1 0 1 1 1 1 1 1 1 0 1 1 1 0 1 0 0 
0 0 1 0 1 1 1 0 0 0 1 1 0 0 0 0 0 1 0 1 2 1 1 1 1 0 0 0 2 0 0 1 1 1 1 1 1 1 1 0 1 0 0 0 0 1 1 0 1 1 0 1 
0 1 0 1 1 0 1 1 1 0 1 1 0 1 1 1 0 0 1 0 3 1 1 0 0 1 1 0 1 0 0 1 1 0 1 1 1 1 1 1 1 1 1 1 0 0 1 1 0 0 1 1 

# Size = 20 | Time = 157 ms
1 1 1 1 0 0 1 0 0 0 0 0 1 1 0 0 0 0 0 1 1 1 1 0 1 1 0 1 0 1 0 0 0 0 0 0 1 0 0 0 1 0 1 1 1 0 0 1 0 0 1 1 
0 0 0 0 2 1 0 1 1 1 1 1 0 0 1 1 1 1 1 0 2 1 0 1 0 0 1 0 2 0 1 1 1 1 1 1 0 1 1 1 0 1 0 0 0 1 1 0 1 1 0 0 
0 1 0 1 1 0 0 1 1 0 1 1 1 1 1 1 1 0 0 0 3 0 0 1 1 0 0 0 3 1 1 1 1 0 0 0 0 1 0 0 1 1 1 0 0 0 1 1 0 0 1 1 
1 0 1 0 1 0 1 0 0 1 0 0 0 0 0 0 0 1 0 0 0 0 1 0 0 1 1 1 1 0 0 0 0 1 1 1 1 1 1 1 0 0 0 1 1 1 0 0 1 1 0 1 
0 0 1 0 2 1 0 0 0 0 0 0 1 0 1 0 0 1 1 1 3 0 0 1 0 0 0 0 2 1 0 1 0 1 0 0 0 0 0 0 0 1 1 1 1 1 0 0 1 0 1 0 
1 0 0 1 0 1 1 1 1 1 0 1 0 1 0 1 1 1 1 1 0 0 1 1 1 1 1 1 0 0 1 1 1 0 1 1 1 0 1 1 1 0 1 0 0 1 1 1 0 1 0 0 
0 1 0 1 0 1 1 1 0 1 1 0 0 0 0 1 0 0 1 0 1 1 0 0 0 0 1 0 3 1 1 0 0 1 0 0 1 0 1 0 0 1 0 1 0 0 1 0 1 1 0 1 
1 1 1 1 0 0 0 0 1 0 1 1 1 0 0 0 1 0 0 1 2 0 1 0 0 1 0 1 2 0 0 0 1 0 1 1 0 1 0 1 1 0 0 1 1 1 0 1 0 0 0 0 
1 0 0 0 2 1 0 0 1 0 1 0 1 1 1 0 0 0 0 1 1 1 0 1 1 1 1 0 1 1 1 0 1 1 1 1 0 0 0 1 1 0 0 0 0 0 0 1 0 1 1 1 
0 1 1 1 2 0 1 1 0 0 1 1 0 1 1 1 1 0 1 0 0 1 1 0 0 0 0 0 1 1 0 1 0 0 0 1 0 0 1 0 0 1 1 0 0 0 1 1 0 0 1 1 
0 0 0 0 1 1 1 1 0 1 0 0 1 1 1 0 1 1 1 1 2 1 1 0 1 1 0 1 3 0 0 0 0 0 0 1 1 0 0 1 1 0 1 0 0 0 0 0 1 1 1 1 
1 1 1 0 2 0 0 1 1 1 1 1 1 0 0 1 0 1 1 0 3 1 0 0 1 1 1 1 0 0 1 0 0 1 1 1 1 1 1 0 0 1 0 1 1 0 1 0 1 0 0 1 
1 1 1 0 0 1 1 0 0 1 0 1 0 0 1 1 1 0 1 0 3 1 1 0 0 0 1 1 3 0 0 1 1 1 1 0 0 1 1 1 1 0 1 1 1 1 1 0 0 1 1 0 
0 0 1 0 1 0 0 0 0 1 0 1 1 0 1 1 1 1 1 1 1 0 1 1 0 0 0 0 0 0 0 1 0 0 0 1 0 1 1 1 1 0 1 0 0 1 1 1 0 0 0 0 
0 1 0 0 1 0 0 1 1 1 0 1 1 1 1 0 1 1 1 1 0 1 0 1 1 0 1 0 2 0 1 1 0 0 1 0 1 1 0 1 0 1 1 1 1 0 0 1 0 0 1 1 
1 0 0 1 0 0 0 1 1 0 1 1 0 0 1 1 0 1 0 0 2 0 1 1 0 1 0 1 1 1 1 0 0 1 1 0 0 0 0 0 1 1 1 1 0 1 1 1 0 0 0 0 
0 1 1 1 2 0 1 1 0 0 0 1 1 1 1 0 1 0 0 1 1 0 1 0 1 0 1 1 2 0 0 1 1 1 1 0 1 1 0 1 0 1 1 1 1 1 1 1 0 0 0 1 
0 0 0 0 2 0 0 1 0 0 1 0 0 0 1 0 0 1 0 1 0 1 0 0 0 1 1 0 3 1 1 0 0 1 1 0 1 1 0 1 1 1 0 1 1 0 0 0 1 0 1 1 
0 0 1 1 2 0 1 0 0 0 0 0 0 0 0 0 1 1 0 1 3 0 0 1 0 1 0 0 1 1 1 1 0 1 1 1 1 0 0 0 1 0 1 0 0 1 0 0 0 0 1 1 
0 0 1 0 2 1 1 0 1 1 1 0 0 1 1 0 0 1 1 0 2 0 1 0 1 0 1 0 0 0 1 0 1 0 1 1 1 1 0 1 1 1 1 0 0 0 1 0 1 0 0 1 

# Size = 21 | Time = 169 ms
1 0 0 0 0 1 1 0 0 0 1 0 0 1 0 0 0 0 0 0 1 0 0 1 1 1 1 0 1 1 1 1 0 0 0 0 0 0 0 1 1 0 0 0 0 0 0 0 1 0 0 1 
0 1 1 1 2 0 0 1 1 1 0 1 1 0 1 1 1 1 1 1 0 1 1 0 0 0 0 1 3 0 0 0 1 1 1 1 1 1 1 0 0 1 1 1 1 1 1 1 0 1 0 0 
1 0 0 0 1 1 0 0 1 0 0 1 0 1 1 1 0 1 0 0 3 0 0 1 1 0 0 1 0 1 0 0 1 1 0 1 0 1 0 1 1 1 0 1 1 1 1 0 0 1 1 0 
0 1 1 1 1 0 1 1 0 1 1 0 1 0 0 0 1 0 1 1 2 1 1 0 0 1 0 0 2 0 1 1 0 0 1 0 1 0 1 0 0 0 1 0 0 0 0 0 1 0 1 1 
1 1 1 1 0 1 0 0 0 1 1 1 0 0 0 0 1 0 0 1 3 1 0 0 0 0 1 1 1 0 0 1 0 1 1 0 1 0 0 1 1 0 0 1 1 1 0 1 0 1 1 0 
0 0 0 0 2 1 0 0 1 0 0 0 1 1 1 1 0 1 0 1 2 0 1 0 1 0 1 0 2 1 1 0 1 0 0 1 0 1 0 0 0 1 1 0 0 0 1 1 0 0 0 1 
1 1 1 1 0 0 1 1 1 0 1 1 0 1 1 0 1 1 1 0 1 0 1 1 0 1 1 1 0 1 0 0 1 0 0 1 1 0 1 0 0 1 0 0 0 1 0 1 0 0 1 0 
0 0 0 0 2 0 1 1 1 1 0 0 0 0 0 1 0 0 0 0 0 1 0 1 1 1 1 0 0 0 1 1 1 1 1 1 0 1 1 1 1 0 1 1 1 0 1 0 1 0 1 1 
1 0 1 1 2 1 0 0 0 0 1 1 1 1 1 1 0 0 1 0 2 0 0 1 1 1 1 1 3 0 0 0 0 0 1 0 0 0 0 1 1 0 0 0 0 0 1 0 1 1 1 1 
0 1 0 0 2 1 1 1 1 1 0 0 1 0 1 0 0 1 1 1 0 0 0 1 0 0 0 0 1 1 1 1 0 1 0 0 1 1 1 0 0 1 0 0 0 1 0 0 1 1 0 0 
0 0 1 0 0 0 1 1 0 1 0 0 1 1 0 0 1 1 0 0 1 1 1 0 1 0 0 1 3 1 1 0 0 0 1 1 1 1 0 0 1 1 1 1 1 1 1 0 1 1 0 1 
1 0 0 1 0 0 1 0 0 0 0 0 1 0 1 1 1 0 1 0 3 1 1 1 0 1 1 1 2 1 0 0 1 0 0 0 0 0 1 1 0 1 1 1 0 1 1 0 1 0 0 0 
1 0 1 0 1 0 0 0 0 0 1 1 0 1 1 1 1 0 0 1 0 1 1 0 1 1 1 0 1 0 0 0 1 0 0 1 1 1 0 1 0 0 1 1 1 1 1 1 0 0 0 0 
0 1 1 1 0 0 1 1 1 0 0 1 0 1 0 1 1 1 1 0 2 0 0 0 1 0 1 0 2 0 1 1 1 1 1 1 0 0 1 1 1 0 0 1 1 1 1 1 0 1 0 0 
0 1 0 1 1 0 1 1 1 1 1 1 0 1 1 0 0 0 1 0 3 0 1 0 1 0 1 0 3 0 1 1 0 0 0 0 0 1 1 0 1 1 0 0 0 0 0 0 1 0 0 1 
0 0 0 0 1 0 0 1 0 1 0 1 1 0 1 1 1 0 0 1 1 1 0 0 0 1 1 1 0 0 1 0 0 1 1 0 0 1 1 1 0 1 1 1 0 1 1 0 1 0 0 0 
1 1 0 1 0 0 0 0 1 1 0 0 0 1 0 1 0 1 0 0 0 0 0 1 0 0 0 0 2 0 0 1 1 1 1 1 1 0 0 0 1 1 1 0 0 1 1 1 0 0 1 0 
1 1 0 0 2 0 1 1 1 1 0 0 0 0 1 0 0 0 0 0 1 1 0 1 1 0 1 1 2 0 0 1 1 0 0 0 0 1 1 0 0 1 1 1 1 0 1 0 0 0 0 1 
0 0 0 0 2 1 1 0 0 1 0 0 1 0 0 0 1 1 0 1 2 1 1 1 1 1 1 1 1 0 0 1 0 1 0 1 0 1 0 1 0 0 1 0 0 1 1 0 1 1 1 0 
1 0 1 1 0 1 1 1 0 0 1 0 0 1 1 0 0 1 0 0 2 1 1 1 0 1 1 0 0 1 0 0 1 0 1 1 0 0 0 0 1 0 1 0 0 1 0 1 0 0 0 1 
0 0 0 1 2 1 1 1 0 1 1 0 0 0 1 1 1 0 1 0 3 1 1 1 1 1 0 0 3 1 0 0 1 1 1 1 1 0 1 0 0 1 1 1 1 1 1 0 1 0 1 0 

# Size = 20 | Time = 156 ms
1 1 0 0 2 0 0 0 0 1 1 1 0 1 0 0 0 0 0 0 1 1 0 1 0 0 0 0 3 0 0 0 1 0 1 0 1 0 1 0 0 1 0 0 0 0 1 0 1 1 0 1 
0 0 1 1 0 1 1 1 1 0 0 0 1 0 1 1 1 1 1 1 0 0 1 0 1 1 1 1 1 1 1 1 0 1 0 1 0 1 0 1 1 0 1 1 1 1 1 1 0 0 1 0 
0 0 1 0 1 1 1 0 1 1 0 0 1 1 0 0 1 0 0 1 2 1 0 1 0 0 0 1 2 0 1 1 1 1 1 0 1 0 0 1 1 0 1 1 0 1 0 0 1 1 1 0 
1 1 0 1 1 0 0 1 0 0 1 1 0 0 1 0 0 1 1 0 3 1 1 0 1 1 1 0 0 1 0 0 0 0 0 1 0 1 1 0 0 0 0 1 1 0 0 1 0 0 0 1 
1 1 1 1 0 1 0 0 0 1 0 0 1 1 1 1 1 1 0 0 3 0 1 0 0 1 0 0 1 0 1 1 0 0 0 1 1 0 1 1 1 1 0 0 0 0 1 0 1 0 0 1 
0 0 0 0 2 0 1 1 1 0 1 1 1 0 0 1 0 0 1 1 2 0 0 1 1 0 0 1 3 1 0 0 1 1 0 0 0 1 0 0 0 1 1 1 1 1 1 1 0 0 1 1 
0 0 0 0 0 1 1 0 0 1 1 1 0 1 1 0 1 0 1 0 0 0 1 0 1 0 1 0 0 0 1 0 1 1 1 0 1 1 1 0 1 1 0 0 0 1 0 1 0 1 1 0 
1 1 0 0 2 0 0 1 1 0 0 0 0 0 0 1 0 1 0 0 3 0 0 1 1 1 1 0 2 1 0 1 0 0 1 1 0 0 0 1 0 0 1 0 0 1 1 0 1 1 0 0 
1 0 1 1 2 0 1 1 0 1 1 1 0 1 1 0 1 1 0 1 1 0 0 0 0 1 1 1 2 1 1 0 1 1 0 0 0 0 0 1 0 0 1 1 1 0 0 1 0 1 0 1 
0 1 1 1 1 1 0 0 1 0 0 0 1 0 0 1 0 1 1 1 1 0 1 1 0 0 0 1 0 1 0 1 0 0 0 1 1 1 1 0 1 1 0 0 0 1 1 0 1 0 1 0 
1 1 0 0 2 0 0 1 1 0 0 1 0 1 0 1 0 0 1 0 0 1 0 1 0 1 0 1 1 0 0 0 1 1 1 1 1 0 1 0 0 1 1 1 1 0 1 0 1 0 1 1 
1 1 1 1 0 0 0 0 0 1 0 0 0 0 1 0 1 1 1 0 2 1 1 0 0 1 1 0 3 0 0 1 0 0 1 1 0 1 0 1 1 0 0 1 1 1 0 0 0 0 0 0 
0 0 1 1 0 1 0 1 0 0 1 0 0 0 0 1 0 1 1 1 2 0 1 1 1 0 0 0 2 1 1 1 0 0 0 0 0 1 1 0 0 1 0 0 0 0 1 0 1 0 0 1 
0 1 1 1 2 1 1 0 1 0 1 1 1 1 1 0 1 0 0 1 3 1 1 1 0 0 0 1 1 1 1 1 0 1 0 0 0 1 0 1 1 1 1 0 0 1 0 0 1 1 1 0 
1 1 1 0 2 0 0 0 1 0 0 0 1 0 0 1 1 1 0 1 2 1 0 0 1 0 1 0 0 0 0 0 0 0 0 0 1 0 0 1 0 0 1 1 0 1 1 0 0 0 1 1 
1 1 1 0 1 1 1 0 1 1 0 0 1 0 1 0 1 1 0 1 0 0 1 0 1 0 0 0 3 0 1 1 1 0 1 1 0 1 1 1 0 0 0 0 0 1 0 0 1 0 0 1 
0 1 0 1 0 1 1 1 1 0 1 1 1 1 1 0 1 0 1 1 1 1 0 1 1 0 0 1 1 0 0 1 1 1 1 1 0 1 0 1 1 1 0 0 0 1 1 1 0 1 1 0 
0 0 0 1 0 1 0 1 1 0 1 0 1 0 1 0 1 0 1 1 3 1 0 0 0 1 1 1 3 0 0 1 1 1 0 0 0 0 1 0 1 0 1 1 1 0 0 1 0 1 1 1 
1 0 1 0 1 0 0 0 1 0 1 1 1 1 1 1 0 0 1 0 2 1 0 0 0 0 0 0 1 1 0 1 0 0 1 1 1 0 0 1 1 1 0 1 1 0 1 1 0 0 0 1 
0 1 0 0 2 0 0 0 1 1 1 1 1 1 1 1 1 0 1 0 0 1 0 0 0 1 0 0 2 1 0 0 1 1 0 0 1 1 1 1 1 1 1 1 1 1 1 1 0 1 0 0 

# Size = 19 | Time = 149 ms
1 1 1 0 1 0 1 1 1 1 0 1 0 0 0 0 1 0 1 0 0 1 1 0 1 1 0 0 2 1 1 0 0 0 1 1 1 1 0 1 1 1 1 0 0 1 0 1 0 1 0 0 
0 0 0 1 0 1 0 0 0 0 1 0 1 1 1 1 0 1 0 1 2 0 0 1 0 0 1 1 3 0 0 1 1 1 1 0 0 0 1 0 0 0 0 1 1 0 1 0 1 0 1 1 
0 1 0 1 2 1 0 1 0 1 1 0 1 0 1 0 1 0 0 1 3 1 1 0 0 0 1 0 0 1 0 1 0 1 0 1 0 1 0 1 1 0 0 1 1 1 0 1 0 1 1 0 
1 0 1 0 2 0 1 0 1 0 0 1 0 1 0 1 0 1 1 0 1 0 0 1 1 1 1 1 1 0 1 0 1 0 0 0 1 0 1 0 0 1 1 0 0 0 1 0 1 0 0 1 
1 0 1 1 0 0 1 0 1 1 1 1 0 1 0 1 0 1 0 0 2 1 1 0 1 0 0 0 0 0 0 0 1 0 0 0 0 1 0 0 1 1 0 1 1 1 1 1 0 0 1 0 
0 1 0 0 1 0 1 1 0 0 0 0 0 1 1 1 1 0 1 1 3 0 0 1 0 1 0 1 3 1 1 1 0 1 0 1 1 1 1 1 0 0 1 0 0 0 1 0 1 1 0 1 
0 1 1 1 1 1 0 1 1 0 0 0 1 0 0 0 0 1 0 0 0 1 1 1 1 0 0 1 1 0 1 0 1 1 0 1 0 0 0 0 0 0 0 0 0 0 0 0 0 0 0 1 
1 0 0 0 1 1 0 0 1 1 1 1 1 0 1 0 1 0 1 1 1 0 0 0 0 1 0 0 3 1 0 0 0 0 1 0 1 0 1 1 1 1 0 1 1 1 0 0 0 1 1 0 
1 0 1 1 0 1 0 0 0 1 1 0 0 1 0 0 1 0 0 1 0 0 0 1 0 1 1 1 2 0 1 1 1 0 0 1 1 0 1 0 1 0 1 1 1 0 1 1 0 1 1 1 
1 1 0 0 0 0 0 1 0 1 1 0 1 0 1 0 0 1 1 1 2 1 1 0 1 0 1 0 1 1 0 1 0 1 1 0 0 1 1 1 0 1 1 0 0 1 0 0 1 1 0 1 
0 0 1 0 2 1 1 1 1 0 0 1 1 0 1 1 0 1 0 0 3 0 0 1 1 0 0 1 2 0 0 1 1 0 1 0 0 0 0 1 0 1 0 1 0 1 1 0 1 0 1 0 
0 1 0 1 0 0 0 1 0 0 0 1 1 0 1 0 1 1 1 0 1 0 1 0 1 1 0 1 0 1 1 1 0 1 1 1 0 1 0 0 0 0 1 0 0 0 1 1 0 0 0 1 
1 1 0 1 2 0 1 0 0 1 0 0 0 1 0 1 0 0 0 0 2 1 0 1 1 1 0 0 3 0 1 0 0 1 1 1 1 1 0 0 1 0 0 1 1 1 1 0 1 0 0 1 
1 0 0 0 1 1 1 1 1 0 0 0 1 1 1 1 0 0 0 0 0 1 0 1 0 0 1 0 0 0 0 1 1 0 0 0 1 0 1 1 1 1 0 0 0 0 1 0 1 1 1 1 
1 0 0 0 0 0 0 0 1 1 1 1 0 0 0 1 1 0 0 1 3 1 0 1 0 0 0 1 1 1 1 0 1 1 0 0 1 1 0 0 1 0 0 1 1 0 1 1 0 0 1 1 
0 1 0 1 0 1 0 0 0 0 0 0 1 0 1 1 1 1 0 1 1 1 0 1 1 0 0 0 2 1 0 0 0 1 0 1 1 0 0 1 0 1 1 1 0 0 1 0 1 1 1 1 
1 1 1 0 2 0 0 0 1 1 0 1 0 1 0 0 0 1 1 0 0 0 1 1 0 1 0 0 3 1 0 0 0 1 1 1 1 0 0 1 0 1 0 0 0 1 0 1 0 1 0 1 
1 0 1 0 1 1 1 1 0 0 0 1 0 1 0 1 1 1 1 0 2 1 0 0 0 1 0 0 2 1 0 1 0 0 0 1 1 1 1 0 1 0 0 0 0 1 1 0 0 1 1 0 
1 1 0 0 0 1 1 1 0 1 1 0 1 0 1 0 0 0 0 0 0 1 0 0 1 0 1 1 1 1 0 1 0 0 1 0 1 1 0 1 0 0 0 0 0 1 1 0 0 0 0 0 

# Size = 19 | Time = 151 ms
0 0 1 0 2 1 1 0 1 1 1 0 0 0 1 0 0 0 0 1 3 0 1 0 0 0 1 1 3 0 0 0 0 1 0 0 0 0 1 1 1 0 0 1 0 0 1 0 1 1 1 1 
1 1 0 1 1 0 0 1 0 0 0 1 1 1 0 0 1 1 1 0 2 1 0 1 1 1 0 0 0 1 1 1 1 0 1 1 1 1 0 0 0 1 1 1 1 1 0 1 0 0 0 0 
0 1 1 1 0 0 1 1 0 1 0 1 0 0 0 1 0 1 1 1 0 0 0 1 0 0 0 1 2 0 1 0 1 1 0 0 1 1 0 1 0 1 1 0 0 1 1 0 1 1 0 0 
1 0 0 0 0 1 0 0 0 0 1 0 1 1 1 0 1 0 1 0 1 1 1 0 1 1 0 0 1 1 0 1 0 0 1 1 0 0 1 0 0 0 0 0 0 1 0 1 0 0 1 1 
1 0 1 1 2 0 0 0 1 1 0 1 1 1 0 1 1 0 0 0 3 1 0 1 1 1 1 1 1 1 0 1 0 1 0 1 1 1 1 0 1 0 0 1 1 0 1 0 1 0 0 1 
0 1 0 0 1 1 1 1 1 0 1 0 0 1 1 0 0 1 0 1 3 0 0 0 1 1 1 0 2 0 1 0 1 0 1 1 0 0 0 1 1 1 1 1 1 0 0 1 0 1 1 1 
1 0 0 0 1 1 0 1 1 1 1 1 0 0 1 1 0 0 0 1 0 1 1 0 0 0 1 0 0 1 0 1 0 0 1 0 0 1 0 0 1 1 0 1 1 1 1 0 0 0 0 0 
0 1 0 1 2 1 1 0 1 0 0 0 1 1 0 1 1 0 0 0 2 1 1 0 0 0 0 1 3 1 1 0 1 0 0 0 1 0 1 0 0 0 1 0 0 1 1 0 0 1 1 0 
0 1 1 0 1 0 1 0 0 1 1 0 0 0 1 0 1 1 0 1 1 0 1 1 0 0 1 1 0 0 1 1 0 1 0 0 1 1 0 1 1 0 0 0 0 0 0 1 0 0 1 1 
1 0 1 1 2 0 0 1 0 0 0 1 1 0 1 0 0 1 1 0 1 0 0 1 1 1 0 0 3 0 0 0 1 1 1 1 0 0 0 1 1 1 1 1 1 1 0 1 0 0 0 0 
1 0 0 1 0 1 0 0 1 0 1 1 1 0 0 0 1 0 1 1 2 1 1 1 1 1 1 1 2 1 0 1 0 1 1 0 0 0 1 1 0 1 0 1 1 0 0 0 1 1 1 1 
0 0 0 0 1 1 1 0 0 0 1 0 1 0 0 0 1 1 1 1 0 0 1 0 1 0 0 0 1 0 1 0 1 0 0 1 1 0 1 0 1 0 0 0 0 0 0 1 0 1 1 1 
0 1 1 0 1 0 0 1 1 1 0 0 0 0 1 1 0 1 1 0 2 0 0 0 0 1 1 0 1 0 0 1 0 0 0 0 0 1 0 1 1 1 1 1 1 1 1 0 1 0 0 0 
1 1 0 0 0 1 1 1 1 0 0 0 1 0 0 1 1 0 0 1 1 0 1 1 1 1 1 1 0 1 0 0 0 0 1 1 0 0 1 1 1 0 1 1 0 1 1 0 1 1 1 1 
0 0 0 0 0 1 0 0 0 0 1 1 1 1 0 1 1 0 1 1 3 1 0 1 0 1 0 0 3 1 1 1 0 1 0 1 0 1 0 1 1 0 1 1 0 1 1 1 0 1 1 0 
0 1 0 1 2 1 1 1 1 1 0 0 0 1 0 0 0 0 1 0 0 0 0 1 1 1 1 0 2 0 1 1 0 0 0 0 0 1 0 0 1 0 0 1 0 0 0 1 0 0 0 1 
1 0 0 1 2 1 0 0 0 0 0 1 0 1 0 1 1 1 1 0 3 1 1 1 1 1 1 0 0 0 0 1 0 1 0 0 0 1 0 1 0 0 0 0 0 1 1 1 0 0 1 1 
0 0 0 0 1 1 1 0 0 1 1 0 1 0 0 1 0 1 0 0 0 1 1 1 1 1 1 1 3 0 0 0 1 0 1 1 0 0 0 1 1 0 1 1 1 1 1 0 1 0 0 0 
1 0 0 0 1 1 1 1 0 0 1 1 0 0 0 0 0 0 0 1 1 0 1 0 0 0 1 0 2 1 0 1 1 1 0 1 1 0 1 1 0 1 1 0 0 1 0 0 0 1 1 0 

# Size = 19 | Time = 146 ms
0 0 0 1 1 0 0 0 0 1 0 0 0 0 0 1 0 0 0 1 2 1 1 1 1 0 1 0 0 0 0 1 0 0 1 0 1 1 0 1 0 1 0 1 1 0 1 0 1 0 1 1 
1 1 1 0 2 1 1 1 1 0 1 1 1 1 1 0 1 1 1 0 1 0 0 0 0 1 0 1 1 1 1 0 1 1 0 1 0 0 1 0 1 0 1 0 0 1 0 1 0 1 0 0 
0 1 0 0 0 0 1 0 1 1 0 1 1 1 1 0 1 0 0 0 3 0 1 0 0 0 1 1 3 0 0 0 1 0 1 0 0 1 1 0 1 1 0 1 0 1 0 0 1 0 1 0 
1 0 1 1 0 1 0 1 0 0 1 0 0 0 0 1 0 1 1 1 0 0 0 1 1 0 0 0 2 1 1 1 0 1 0 1 1 0 0 0 0 0 1 1 1 0 1 1 0 1 0 1 
1 0 0 0 2 1 0 0 0 1 0 1 1 1 0 0 1 1 0 1 1 1 0 1 1 1 1 0 2 0 0 1 1 1 0 0 1 1 0 1 1 1 0 0 0 1 0 0 0 1 0 1 
1 1 1 1 2 1 1 1 1 1 0 0 0 0 1 1 0 0 1 0 1 1 1 0 0 1 1 1 0 1 1 0 0 0 0 1 0 0 1 1 0 0 1 0 0 0 1 0 1 1 1 1 
0 0 1 1 1 0 0 1 1 0 1 1 1 0 0 1 1 0 1 0 2 1 0 0 0 1 0 0 3 0 0 0 1 1 1 0 1 0 1 1 1 0 1 1 1 1 1 1 0 1 0 0 
0 1 0 0 2 0 0 1 1 0 1 0 0 1 1 1 0 1 0 1 3 1 1 1 1 1 0 1 1 1 1 1 0 1 1 1 0 1 0 1 0 1 1 1 1 1 1 0 1 0 1 0 
0 0 1 0 1 1 1 0 0 1 0 1 1 1 1 0 1 1 1 0 0 1 1 0 1 0 0 1 1 0 1 0 0 0 0 1 0 1 0 0 0 0 0 0 0 0 0 1 0 0 0 1 
1 1 0 0 1 0 1 0 0 0 1 0 0 0 1 0 0 1 0 1 2 0 0 1 0 0 1 0 2 1 1 0 1 0 0 1 0 0 1 1 1 1 0 0 0 1 0 1 0 0 1 0 
1 1 1 0 0 0 1 0 1 0 1 1 1 1 0 0 0 0 0 0 0 0 0 0 0 1 0 1 0 1 0 1 1 1 1 0 1 1 1 1 1 1 1 1 1 1 0 1 0 1 0 0 
1 0 1 1 1 1 1 0 0 1 1 0 1 0 0 0 0 1 0 1 3 0 0 1 1 1 0 0 3 1 1 1 1 1 0 1 0 0 0 0 0 0 1 0 0 0 0 1 0 1 0 1 
0 0 0 1 0 1 0 1 1 0 0 1 1 0 0 0 0 0 1 1 2 1 1 0 0 0 1 0 1 0 0 1 0 1 1 0 1 1 0 0 1 0 0 0 0 0 1 1 0 1 0 1 
0 0 1 1 1 0 0 1 1 1 0 0 0 1 1 0 1 0 1 0 1 0 1 0 1 0 0 1 2 0 0 0 1 0 1 1 0 1 0 0 0 1 1 1 1 0 1 0 1 0 0 1 
0 0 0 1 2 0 1 0 0 1 0 1 0 0 0 1 0 1 1 0 0 1 0 0 1 0 1 0 3 0 1 1 0 1 1 0 0 0 1 0 1 0 1 0 0 1 1 0 1 0 1 0 
0 1 1 1 0 0 0 1 1 0 1 0 1 1 1 0 1 1 1 0 3 1 0 1 1 1 1 0 0 1 1 0 1 0 0 1 1 1 1 0 0 0 1 1 0 0 1 0 0 0 0 1 
0 0 0 1 2 1 0 0 1 1 0 0 1 1 0 0 1 1 0 0 2 1 1 0 0 0 1 1 3 1 1 0 1 1 1 0 1 1 0 0 0 0 1 0 0 1 1 0 0 0 1 0 
1 0 1 0 0 1 1 0 0 0 0 0 1 0 0 1 0 1 0 1 1 1 1 0 1 1 0 1 3 1 1 1 1 0 1 0 0 1 0 1 0 1 0 0 0 1 1 0 0 1 0 1 
0 0 0 1 2 1 1 1 0 1 0 0 1 1 1 0 0 1 0 1 3 1 0 0 1 0 1 1 2 1 0 1 0 0 1 1 1 0 0 1 0 0 1 1 1 1 0 1 0 1 1 1 

# Size = 21 | Time = 169 ms
0 1 1 0 0 0 0 0 1 1 1 0 1 0 1 1 0 0 0 1 2 1 0 0 1 1 0 1 3 1 1 0 1 0 0 1 1 0 0 0 0 1 0 1 1 1 1 0 1 1 0 1 
1 0 0 1 1 1 1 1 0 0 0 1 0 1 0 0 1 1 1 0 1 0 1 1 0 0 1 0 2 0 0 1 0 1 1 0 0 1 1 1 1 0 1 0 0 0 0 1 0 0 1 1 
0 1 1 0 2 0 0 0 1 0 0 1 0 0 1 1 0 0 1 1 3 0 0 1 0 0 1 0 0 1 0 1 0 1 1 1 0 1 1 1 0 0 0 1 1 1 1 0 0 0 1 0 
1 0 0 1 2 1 1 1 0 1 1 0 1 1 0 0 0 0 0 0 0 1 1 0 1 0 0 1 1 0 1 0 1 0 0 0 1 0 0 0 1 1 1 0 0 1 0 0 1 1 0 0 
0 1 1 1 0 0 0 0 0 0 0 0 1 1 1 0 1 1 0 0 0 1 0 1 1 1 1 1 0 0 1 0 1 1 0 1 0 1 0 1 1 0 1 1 0 0 1 1 0 1 0 1 
1 0 0 0 1 1 0 0 1 1 1 0 0 0 0 1 1 1 1 1 1 0 1 0 0 1 1 0 3 1 0 1 0 0 1 0 1 0 0 0 0 1 0 0 0 0 1 0 1 1 1 1 
1 1 1 0 1 1 1 1 0 1 0 1 1 0 1 0 0 1 0 1 3 1 0 0 1 1 0 1 2 1 0 1 1 0 0 1 0 0 1 0 1 1 0 1 1 0 0 1 0 0 0 1 
0 0 0 1 0 0 1 1 1 0 1 1 0 1 1 0 1 1 1 0 2 0 1 1 1 0 0 0 0 1 1 0 0 1 0 0 1 0 1 1 0 1 1 0 0 1 0 0 1 0 1 0 
0 1 1 0 0 1 1 0 1 1 1 1 0 1 0 1 1 0 0 1 0 0 1 1 0 1 0 1 1 0 1 1 1 1 1 0 1 1 1 0 0 0 0 1 1 1 1 1 0 0 0 0 
1 0 0 1 2 0 1 1 0 0 0 1 1 0 0 1 1 1 0 0 2 1 0 1 0 0 1 0 3 0 0 0 0 0 1 1 0 1 0 1 1 0 1 1 1 1 1 1 0 0 1 0 
0 0 1 0 1 0 0 1 1 0 0 0 1 0 1 0 0 0 1 0 1 1 0 0 1 0 1 0 1 1 0 0 0 0 0 1 0 0 1 1 1 0 1 1 1 0 0 0 1 0 0 1 
1 0 1 1 0 0 0 0 1 1 1 0 1 1 0 1 1 0 0 1 3 0 0 0 1 0 0 0 2 0 1 0 1 1 1 0 1 1 0 1 0 0 1 0 0 1 1 0 1 1 0 0 
1 1 0 1 2 1 1 0 1 1 1 1 0 0 0 0 0 0 1 0 1 1 1 0 0 1 0 1 0 0 1 1 1 0 1 1 0 1 1 0 1 1 0 0 0 1 1 0 1 1 1 0 
1 1 1 0 2 0 0 1 0 0 0 0 0 0 1 0 0 0 1 0 0 0 0 0 0 1 0 1 3 1 0 1 0 1 0 1 0 1 1 0 1 0 1 0 0 0 0 1 0 1 0 1 
0 0 0 1 1 0 0 0 0 0 1 0 0 0 0 0 0 1 1 0 3 0 1 1 1 0 0 0 1 1 0 0 0 1 0 1 0 1 1 0 0 1 1 0 0 1 0 0 0 0 1 0 
0 1 1 0 1 1 1 1 1 1 1 1 0 0 0 0 1 0 0 1 2 1 1 0 0 0 0 1 1 0 1 1 1 1 1 0 0 1 0 0 1 0 1 0 0 0 1 1 0 0 1 1 
0 0 0 1 1 1 1 1 0 0 1 1 0 0 0 0 1 0 0 0 0 0 0 0 0 1 1 0 2 0 1 0 0 0 1 0 0 0 1 1 0 0 1 1 0 1 1 0 1 1 1 0 
0 0 1 1 0 1 1 0 0 1 0 0 1 0 1 1 1 1 0 1 1 0 1 1 0 1 0 1 2 0 0 1 0 1 1 1 1 0 0 1 1 0 0 0 0 0 1 1 0 0 0 1 
1 1 1 0 2 0 0 1 0 1 1 0 1 1 1 0 0 1 0 0 2 0 1 0 0 0 1 1 2 1 1 0 1 1 0 0 1 0 1 1 0 0 1 1 0 0 1 1 0 1 0 1 
0 0 1 0 1 1 1 0 0 1 1 0 1 1 1 0 1 1 1 0 3 1 1 0 0 1 1 0 3 0 1 0 0 0 1 0 1 1 1 1 0 1 0 0 0 1 1 0 1 1 1 0 
0 0 0 1 1 0 0 1 0 0 1 0 1 0 0 1 1 0 1 0 1 0 1 0 0 1 0 0 0 0 0 0 0 0 0 0 1 1 1 0 1 0 0 1 1 0 1 1 0 1 0 1 

# Size = 20 | Time = 156 ms
0 1 0 1 0 0 1 1 0 0 0 0 0 1 0 0 0 1 0 1 1 1 0 0 0 1 0 1 2 1 1 0 0 0 0 0 1 0 0 1 1 1 0 0 0 1 1 1 0 0 1 0 
1 0 1 0 2 1 0 0 1 1 1 1 1 0 1 1 1 0 1 0 3 0 1 1 1 0 1 0 3 1 0 1 1 1 1 1 0 1 1 0 0 0 1 1 1 0 1 0 1 1 0 1 
1 0 0 0 1 0 0 0 0 0 0 1 0 0 1 0 0 1 1 1 2 0 0 0 0 0 0 1 0 0 1 1 1 1 0 1 1 1 1 0 0 1 1 0 0 1 0 0 1 1 0 0 
0 1 1 1 0 1 1 1 1 1 1 0 1 1 0 0 1 0 0 0 0 1 1 1 1 1 1 0 1 0 0 1 0 0 1 0 0 0 0 1 0 0 0 1 1 0 0 1 0 0 1 1 
1 1 1 1 1 1 0 1 1 1 1 0 0 1 0 1 1 1 1 0 2 1 0 1 1 1 0 1 2 0 0 0 1 1 1 1 0 0 0 1 1 1 1 0 0 1 1 0 1 1 0 0 
0 0 0 0 2 0 1 0 0 0 1 1 1 0 1 1 1 0 0 1 1 0 1 0 0 0 1 0 0 0 1 0 0 0 0 0 0 0 1 0 1 0 0 1 1 0 1 1 0 0 1 1 
1 1 1 0 2 0 0 0 1 0 0 1 0 1 1 0 0 1 1 0 0 1 1 0 0 1 0 0 3 1 0 0 0 0 0 1 1 1 0 1 1 1 0 1 0 1 0 0 0 0 1 0 
0 0 0 1 1 0 1 1 0 1 0 0 1 1 0 1 0 1 0 1 3 0 0 1 0 0 1 1 1 1 1 0 1 1 1 0 1 1 0 0 1 0 1 1 1 1 1 1 0 0 0 1 
1 0 0 1 1 1 1 1 0 1 0 1 0 0 0 0 0 0 0 1 3 0 1 0 1 1 0 0 2 0 0 1 1 0 0 0 1 1 1 1 0 0 0 0 0 0 0 0 1 1 1 1 
0 1 1 0 0 1 0 0 0 0 0 0 1 0 1 0 0 0 1 0 1 1 1 0 1 0 1 1 1 0 1 1 1 1 1 1 0 1 1 0 0 1 1 0 0 1 0 0 1 1 0 0 
0 1 0 1 2 0 1 1 0 1 1 0 0 0 1 1 0 0 0 1 0 0 0 0 1 1 1 1 3 0 1 0 0 1 1 1 0 0 1 0 0 1 0 0 0 0 1 0 1 1 0 1 
1 1 1 0 0 0 1 1 0 1 1 0 1 1 0 1 1 0 1 0 2 1 1 1 1 0 0 0 0 1 0 1 0 0 1 0 1 1 0 1 1 0 0 1 1 0 1 1 0 1 0 1 
1 1 0 1 1 1 0 0 1 0 0 1 0 0 0 0 1 0 0 0 3 1 0 1 1 1 0 0 0 0 1 1 0 0 1 1 1 0 0 1 1 1 1 1 1 1 1 0 1 0 0 0 
0 0 0 0 2 1 0 0 0 1 1 1 1 0 0 0 1 1 1 0 0 0 0 0 0 0 1 0 2 0 0 0 1 0 0 0 0 0 0 0 0 0 1 1 1 0 1 1 0 0 0 1 
0 0 1 1 0 1 0 0 1 1 1 1 1 0 0 0 0 1 0 1 2 0 0 1 0 0 1 1 3 0 0 0 1 1 0 0 1 1 0 1 1 0 1 1 1 1 1 1 0 0 1 0 
1 0 1 0 1 1 0 1 1 1 1 1 0 1 0 0 1 0 0 0 1 1 1 1 1 1 0 0 1 1 0 0 0 0 0 1 0 0 0 1 0 1 0 1 0 1 0 1 0 1 1 0 
1 0 0 0 2 1 0 0 0 1 1 1 0 0 1 0 0 1 1 1 2 0 0 0 0 1 1 1 1 1 0 0 0 0 0 0 1 1 0 0 1 0 0 1 1 1 1 0 1 1 1 0 
1 1 1 1 1 1 0 0 1 0 1 1 0 1 1 0 0 1 0 0 1 1 1 1 1 0 0 0 3 1 0 0 0 1 1 0 1 0 1 0 1 0 0 1 1 0 0 0 1 0 1 1 
0 1 1 0 1 1 0 1 1 1 1 1 0 1 0 1 1 1 0 1 0 1 0 0 1 0 1 0 0 1 0 1 1 1 1 1 1 1 0 1 1 0 0 1 1 1 1 1 0 0 0 1 
0 1 0 1 0 1 0 1 1 0 0 1 0 1 1 0 1 0 1 1 3 1 1 0 1 1 0 0 2 1 1 1 1 0 0 1 1 1 0 0 1 1 0 1 1 0 0 0 1 1 0 1 

# Size = 21 | Time = 166 ms
0 0 1 1 1 1 1 0 0 0 0 1 1 1 1 0 1 1 1 0 0 0 0 1 1 0 1 1 1 1 1 0 0 1 0 1 1 0 1 1 1 1 1 0 0 1 1 0 1 1 1 0 
1 1 0 0 2 0 0 1 1 1 1 0 0 0 0 0 0 0 0 1 2 1 1 0 0 1 0 0 2 0 0 1 1 0 1 0 0 1 0 0 0 0 0 1 1 0 0 1 0 0 0 1 
0 0 1 1 0 0 0 1 0 1 1 0 0 1 0 1 1 0 0 1 1 0 1 1 1 1 0 0 0 1 1 1 1 0 0 1 1 0 1 0 0 0 1 1 0 1 1 0 0 1 0 0 
1 1 0 0 0 1 1 0 1 0 1 1 1 0 1 1 0 1 1 0 3 1 1 0 0 0 1 1 3 0 0 0 0 1 1 0 0 1 0 1 1 1 0 1 1 0 1 0 1 0 1 1 
0 0 1 0 2 1 1 1 1 1 0 1 1 1 0 0 0 0 0 0 3 0 0 1 1 0 1 0 2 0 1 1 0 1 1 1 0 0 1 0 0 0 0 0 0 0 0 1 0 1 1 1 
1 1 0 1 1 0 0 1 0 0 0 0 0 0 1 0 1 1 1 0 2 1 0 0 0 1 0 1 1 1 0 0 1 0 0 0 1 1 0 0 1 1 1 0 0 1 0 1 0 0 0 0 
1 0 1 1 1 0 1 0 0 1 0 1 0 0 0 0 0 1 1 1 1 1 0 0 1 1 1 1 0 1 0 1 0 0 1 1 1 1 1 1 1 0 0 1 1 0 0 0 1 0 1 1 
0 1 0 0 2 1 0 0 1 0 1 0 1 0 1 1 1 0 0 1 0 0 0 1 0 1 0 0 3 0 0 0 1 1 1 1 1 0 0 1 0 0 1 0 0 0 1 1 0 1 0 1 
0 1 1 0 1 0 1 0 1 0 0 0 1 1 1 1 1 0 1 1 2 0 1 0 0 0 1 0 0 0 1 1 1 1 0 0 0 0 1 1 0 1 0 1 1 1 1 0 1 1 0 0 
0 0 0 1 2 1 0 1 0 1 1 1 0 0 0 1 0 0 0 1 1 1 1 1 0 0 0 1 1 0 1 0 1 1 0 0 0 1 1 1 1 1 1 1 1 1 1 0 1 0 1 1 
1 1 0 0 2 0 0 0 0 0 0 0 0 1 1 1 1 1 1 1 3 1 1 1 1 0 1 1 2 1 1 0 1 0 0 1 1 0 0 0 1 1 1 0 0 1 1 0 1 1 0 0 
1 0 1 1 0 0 1 1 1 1 0 1 0 1 0 0 0 1 0 1 0 1 1 0 1 0 0 0 3 1 1 1 0 0 1 0 0 1 0 0 1 1 0 1 1 1 0 1 0 0 0 0 
1 1 0 0 0 1 1 0 1 0 0 0 1 1 1 1 1 1 0 0 1 0 0 0 0 0 0 1 0 0 0 0 0 0 0 0 1 0 0 1 0 0 0 0 0 1 1 1 0 0 1 1 
1 0 1 1 0 1 0 1 0 0 0 1 0 1 0 0 1 0 1 0 2 0 1 1 1 1 0 0 3 1 1 0 0 1 0 1 0 1 1 1 0 0 1 0 0 1 0 0 0 1 1 0 
0 1 1 0 0 1 0 1 1 1 0 0 1 1 1 0 0 1 0 0 3 1 0 0 1 1 0 0 1 0 0 1 0 1 1 0 1 1 0 1 0 0 0 1 1 0 1 0 1 1 0 1 
1 1 1 1 1 0 1 0 0 0 1 1 0 1 1 1 1 0 0 1 3 1 0 0 0 0 0 0 2 1 0 0 0 1 1 1 1 1 0 1 1 0 0 1 1 0 1 1 0 0 1 1 
0 0 1 1 0 1 0 0 1 0 1 1 1 0 0 1 0 1 0 0 0 1 1 0 1 0 0 0 2 1 1 1 0 0 0 0 1 1 1 1 0 1 0 0 0 0 1 0 0 1 1 1 
0 0 0 0 2 0 0 0 0 0 1 0 1 0 0 0 0 0 0 0 0 1 1 0 0 1 1 1 0 0 1 1 0 1 0 1 1 1 0 0 1 1 1 1 1 1 1 0 0 1 0 1 
1 0 1 1 1 1 0 1 1 0 1 0 0 0 1 0 1 1 1 0 1 0 1 0 1 0 1 1 3 1 0 0 1 0 1 0 1 1 0 0 1 1 0 1 1 1 1 1 0 1 1 0 
0 0 1 0 0 1 1 1 1 0 0 1 1 0 1 0 0 1 1 1 1 0 1 0 0 1 0 0 2 1 0 1 0 0 1 1 0 0 0 0 1 0 0 0 0 0 1 0 1 0 0 1 
0 1 0 0 1 0 0 1 0 0 1 0 0 0 1 1 1 0 0 0 3 0 1 0 1 0 1 0 0 0 1 1 1 1 1 1 1 0 0 1 1 1 1 1 0 0 1 0 1 0 1 1 

# Size = 20 | Time = 158 ms
0 1 0 1 1 0 1 1 1 1 1 0 1 1 1 1 0 1 0 0 3 1 0 1 0 1 0 1 1 1 1 0 1 1 1 0 1 1 0 1 1 1 1 0 0 0 1 0 1 0 1 1 
1 0 1 0 0 1 0 0 0 1 0 1 0 0 0 0 1 0 1 1 1 0 1 0 1 0 1 0 3 0 0 1 0 0 0 1 0 0 1 0 0 0 0 1 1 1 0 1 0 1 0 0 
0 0 0 0 2 0 1 1 1 0 1 1 0 0 0 0 1 1 1 1 2 0 0 0 1 0 0 0 2 1 1 1 1 0 1 0 0 0 0 1 1 1 1 0 0 1 0 0 1 1 0 0 
1 1 1 1 1 1 0 0 0 0 0 0 1 1 1 1 0 0 0 1 0 0 1 0 0 1 1 1 0 0 0 0 0 1 0 1 1 1 1 0 0 0 0 1 1 0 1 1 0 0 0 1 
0 1 1 1 2 1 0 1 0 0 0 1 0 0 1 0 0 0 1 0 3 1 0 1 1 1 1 0 2 0 1 0 0 1 0 0 0 1 1 0 1 1 0 1 0 1 1 1 0 1 1 0 
1 0 0 0 0 1 1 0 1 0 1 0 0 1 0 1 1 1 0 0 1 1 1 1 0 0 0 1 0 1 0 1 1 0 1 1 1 0 0 0 0 0 1 1 1 0 1 0 1 1 1 1 
0 1 0 1 2 0 0 0 0 1 1 0 1 0 0 0 1 0 0 0 0 1 1 0 1 0 1 1 3 1 0 1 0 0 1 1 1 1 0 1 0 1 1 0 0 1 0 1 0 0 1 0 
1 0 1 0 1 0 1 1 1 1 1 1 1 1 1 0 1 1 1 0 2 0 0 1 0 1 1 1 0 0 0 0 1 1 0 0 0 0 1 1 1 0 0 1 1 0 0 0 1 0 1 1 
1 1 0 1 0 0 0 0 0 0 0 0 1 0 1 0 0 1 1 1 1 1 0 0 0 1 0 0 1 0 1 1 0 0 0 1 0 0 1 1 1 0 0 0 0 1 0 0 0 0 0 0 
1 1 1 0 0 1 1 1 1 0 0 0 1 0 0 1 0 0 0 0 2 1 1 1 1 1 0 0 3 0 1 0 1 1 1 1 1 1 0 0 0 1 1 1 1 0 1 1 0 1 0 1 
1 0 1 0 1 1 0 0 1 0 0 1 0 1 0 1 1 0 1 1 3 0 1 1 1 0 0 0 1 1 0 0 0 0 1 1 1 0 0 1 0 0 0 1 1 1 1 0 1 0 0 0 
1 0 0 0 2 1 1 0 0 1 1 0 0 1 0 1 0 1 1 1 0 1 0 1 0 0 0 1 2 1 1 1 0 1 0 0 0 0 0 0 0 0 0 0 0 0 1 0 1 1 1 1 
0 0 1 1 0 0 0 1 1 1 1 1 1 1 1 0 0 1 0 1 0 0 0 1 0 0 0 0 3 1 1 1 1 1 1 0 0 1 1 0 1 0 1 1 1 1 1 0 1 0 1 0 
0 1 0 0 2 1 0 1 0 0 1 0 1 0 0 0 0 1 1 1 1 1 1 1 1 1 0 0 0 0 1 0 1 1 0 0 1 1 1 0 1 1 1 1 1 1 0 1 0 0 0 0 
1 1 0 0 1 0 0 1 1 1 1 0 1 0 1 1 0 0 0 0 1 0 1 0 0 1 0 0 2 1 0 1 1 0 0 1 1 0 0 1 1 1 0 1 1 1 1 0 1 0 0 0 
1 1 1 1 2 0 0 0 0 0 1 1 1 0 0 1 0 1 1 0 2 0 0 1 1 0 1 0 1 1 0 1 0 1 1 1 0 1 0 0 0 1 0 0 0 0 1 0 1 1 0 1 
1 0 0 0 1 1 1 0 1 1 0 0 1 1 0 0 0 1 1 1 3 0 1 0 0 1 0 1 3 1 1 1 0 1 1 0 0 1 1 0 0 0 1 1 1 1 0 1 0 1 1 1 
1 1 1 0 0 1 0 1 1 1 1 0 0 0 0 0 1 1 1 1 3 0 1 0 0 1 1 1 0 0 0 0 0 1 0 0 0 0 0 1 0 1 0 0 0 1 0 0 1 1 1 0 
0 0 0 0 2 1 0 0 1 0 0 1 0 1 0 1 0 0 1 0 0 0 0 1 0 0 0 0 1 0 0 0 1 1 1 0 0 0 1 0 0 1 0 1 0 1 1 1 0 1 1 0 
0 1 1 1 0 0 1 0 1 1 0 0 0 1 0 1 0 0 1 1 3 1 0 0 0 0 0 1 2 0 1 1 1 0 1 1 0 0 1 0 1 0 0 1 0 1 1 0 0 1 0 0 

# Size = 19 | Time = 153 ms
1 1 0 0 1 1 1 1 0 1 1 0 0 0 1 0 1 0 0 0 3 0 1 1 1 0 1 1 2 1 0 1 0 0 1 1 1 0 1 0 0 1 1 0 0 1 1 0 0 0 1 0 
0 0 1 1 2 0 0 0 1 0 0 1 1 1 0 1 0 1 1 1 0 1 0 0 0 1 0 0 0 0 1 0 1 1 0 0 0 1 0 1 1 0 0 1 1 0 1 0 1 1 0 1 
1 1 0 1 0 1 0 1 1 1 0 0 1 1 1 0 0 1 0 0 2 1 1 1 0 0 0 1 3 1 1 0 1 0 1 0 1 0 0 1 0 1 0 1 0 0 0 1 0 1 0 1 
0 0 1 0 2 0 0 0 0 0 1 1 0 0 0 0 1 0 1 1 1 0 0 0 1 1 1 0 1 0 0 1 0 1 0 1 0 1 1 0 1 0 1 0 0 1 0 1 0 1 0 0 
0 1 1 0 1 1 1 1 0 0 0 0 1 0 1 1 1 1 1 1 0 0 0 0 1 0 0 1 1 0 0 0 0 0 1 0 1 1 1 1 0 0 1 1 1 0 1 0 1 0 1 1 
0 0 0 1 1 0 1 0 1 1 0 1 0 1 0 0 0 0 0 0 1 1 1 1 0 1 1 0 3 1 1 1 1 1 0 1 0 0 1 0 1 1 0 1 1 1 0 0 1 0 1 0 
1 0 0 1 0 0 0 0 0 0 1 1 1 1 0 1 1 1 1 0 2 1 1 0 0 0 1 1 2 0 1 0 0 1 0 0 0 1 0 0 0 1 1 0 0 1 1 0 1 0 1 0 
1 1 1 0 0 1 1 0 0 1 1 1 0 1 0 1 1 0 0 1 3 0 0 1 1 1 0 0 0 1 0 1 1 0 0 1 1 0 0 1 1 0 0 1 1 0 1 1 0 0 1 1 
1 0 0 1 2 1 1 1 1 1 1 0 0 0 1 1 0 1 1 1 1 1 1 0 1 1 0 0 2 1 0 0 1 1 1 0 0 0 0 1 1 0 0 0 0 1 1 0 1 0 0 1 
0 1 1 0 0 0 0 1 1 0 1 1 1 0 1 0 0 0 0 0 0 0 1 1 0 1 1 1 0 1 0 1 0 0 1 1 0 0 1 1 0 1 1 0 0 1 0 1 0 0 1 0 
0 0 1 1 2 0 0 1 0 0 0 1 1 0 1 1 0 0 1 1 3 0 0 0 0 0 1 0 3 0 1 0 0 0 0 0 1 1 1 0 0 0 1 0 0 0 1 0 1 0 1 1 
1 1 0 0 2 0 1 0 1 1 0 0 1 1 0 0 1 1 0 0 3 1 1 1 0 0 0 1 1 0 1 1 1 1 1 1 0 0 0 0 1 1 0 0 0 0 0 0 1 1 0 1 
1 1 0 1 1 1 0 0 0 1 0 0 0 1 1 0 0 0 0 0 0 0 0 1 1 0 0 0 2 1 1 0 0 1 0 1 1 1 0 0 0 0 0 1 1 0 0 1 0 1 1 1 
0 0 1 0 1 0 1 1 0 1 0 0 0 0 0 0 0 0 1 1 2 0 0 1 1 1 0 0 0 1 0 1 1 1 1 1 0 1 1 0 1 1 1 1 1 1 0 1 0 0 0 0 
1 1 0 1 0 1 1 1 1 0 1 0 1 0 0 1 0 0 0 1 1 0 0 1 0 0 0 1 0 1 0 1 0 0 0 0 1 1 0 1 0 1 1 0 0 0 1 0 1 0 1 1 
1 0 0 0 2 0 1 1 0 0 1 0 0 1 1 0 1 1 0 0 2 1 1 0 1 1 0 0 3 1 0 1 1 1 0 0 1 0 0 0 0 0 1 1 1 0 1 0 1 0 1 1 
1 1 1 1 0 1 1 0 1 0 1 1 1 1 1 0 0 0 0 1 2 1 1 1 0 0 0 0 1 1 0 0 1 0 1 1 1 0 0 1 0 0 0 1 0 0 1 0 0 0 0 1 
0 0 1 0 0 0 0 1 1 1 1 0 1 1 0 0 0 0 0 1 3 1 0 1 1 1 1 0 2 0 0 1 1 1 0 1 1 1 0 1 1 0 0 1 1 1 0 0 0 0 1 1 
1 0 0 1 2 1 1 1 0 0 0 0 0 1 0 0 0 1 0 0 0 1 1 1 1 0 1 0 3 1 1 0 1 1 1 0 1 1 1 0 0 1 1 1 1 1 1 0 1 1 0 0 

# Size = 21 | Time = 165 ms
0 0 1 0 1 0 1 0 0 0 0 0 0 1 0 0 0 0 0 1 1 1 1 1 1 1 0 0 1 0 1 0 1 0 1 1 0 1 1 1 0 0 1 0 0 1 0 0 1 1 0 0 
1 1 0 1 2 1 0 1 1 1 1 1 1 0 1 1 1 1 1 0 0 0 0 0 0 0 1 1 2 1 0 1 1 1 0 0 1 0 0 0 1 1 0 1 1 0 1 1 0 0 1 1 
0 1 1 0 0 0 0 1 0 0 1 1 0 1 1 0 1 1 0 0 2 1 0 0 0 1 1 1 0 1 1 1 0 0 1 0 1 0 1 1 0 1 0 0 0 1 0 0 0 0 1 0 
1 0 0 1 0 1 1 0 0 1 0 0 1 0 0 1 0 1 1 1 3 0 1 1 1 0 0 0 3 0 0 0 0 1 0 1 1 1 1 0 1 0 1 1 1 0 1 1 0 1 0 1 
1 1 1 0 1 0 1 1 1 1 0 1 1 0 0 1 1 0 0 0 3 0 0 0 0 0 1 1 1 0 0 1 0 0 0 0 0 0 0 1 0 1 1 1 1 1 1 0 1 1 0 0 
0 0 0 1 2 1 1 1 1 0 1 0 0 1 1 0 0 0 1 1 2 1 1 1 1 1 1 0 2 1 1 1 0 1 1 1 0 1 0 0 1 0 0 0 0 0 0 0 1 0 1 1 
0 1 1 0 2 0 0 0 1 0 1 0 0 0 1 0 1 0 0 1 0 1 1 0 1 0 0 0 0 0 0 0 0 1 0 0 0 0 0 1 1 1 1 0 0 1 1 1 0 0 0 1 
1 0 1 1 1 1 0 1 1 1 0 1 0 0 1 0 1 1 1 0 1 0 1 0 0 1 0 1 3 1 1 0 1 0 1 1 1 1 0 0 0 0 0 1 1 0 0 0 1 1 1 1 
1 1 0 0 1 1 0 0 1 1 0 1 1 1 0 1 0 0 1 0 1 1 0 1 0 1 1 0 2 1 1 0 0 0 0 1 1 0 1 1 1 1 1 0 0 1 1 1 0 0 1 0 
0 1 0 1 2 0 1 0 0 1 1 1 1 1 0 0 0 0 0 1 2 0 0 1 1 0 0 1 3 0 0 0 1 1 1 0 0 1 0 0 0 0 0 1 1 1 1 1 0 1 0 0 
1 0 0 0 0 1 1 0 1 0 0 0 0 1 0 1 0 0 0 1 0 0 0 1 0 1 0 1 0 0 0 1 1 0 1 1 0 1 1 0 0 0 1 1 0 0 1 0 1 1 1 1 
0 0 0 1 2 1 0 1 0 0 1 1 1 1 1 0 0 1 1 0 3 1 0 0 1 0 1 1 1 1 1 0 1 1 1 0 1 1 1 1 1 1 0 0 0 0 0 1 0 0 1 1 
0 0 0 0 2 0 0 1 0 0 0 0 1 0 1 0 1 1 1 0 0 1 1 1 0 1 1 0 3 0 0 1 1 0 0 1 0 0 0 1 0 1 1 1 1 0 0 1 0 0 0 1 
1 0 1 0 0 0 0 1 0 1 0 0 0 1 1 0 1 1 0 0 3 1 1 0 1 1 0 1 2 1 1 0 1 0 1 0 0 0 1 0 0 0 1 1 1 1 0 1 0 1 0 0 
0 1 1 1 0 0 1 1 0 1 1 1 1 1 1 1 0 0 1 0 1 0 0 0 1 0 0 0 0 1 0 1 0 1 1 0 1 0 0 1 1 1 0 1 1 1 1 0 1 0 0 1 
1 0 1 0 0 0 1 1 0 0 0 1 1 0 0 1 1 1 1 0 2 1 0 0 0 0 1 0 1 1 0 1 0 0 0 1 0 0 1 0 0 0 1 0 0 0 1 0 0 0 0 1 
0 1 0 1 1 0 0 0 0 1 1 0 0 1 1 0 0 0 0 1 0 1 0 0 1 1 1 1 0 0 1 1 1 1 0 0 1 0 1 1 0 0 0 1 1 1 1 0 0 0 1 0 
0 1 0 1 1 1 1 1 0 0 0 1 1 0 0 0 0 0 1 0 2 0 1 0 0 1 1 0 3 0 0 1 0 0 1 0 0 1 0 0 0 0 0 0 0 1 0 0 1 1 0 0 
1 0 1 0 2 1 0 0 0 0 0 0 0 1 0 1 1 1 0 0 1 1 1 1 1 0 0 1 2 0 1 1 1 0 0 0 1 1 0 0 0 1 1 0 0 1 1 0 0 1 0 0 
0 1 1 0 0 1 0 0 1 0 1 1 0 0 0 0 1 1 1 0 3 1 0 0 1 1 1 0 0 0 1 1 1 1 0 0 1 0 0 0 1 1 1 0 0 0 0 0 0 0 1 1 
1 0 1 0 1 1 1 1 1 1 0 1 0 0 0 0 1 1 1 0 0 1 0 0 0 0 0 0 1 0 1 0 1 1 1 1 1 0 0 0 0 1 0 1 1 1 0 0 0 1 1 1 

# Size = 20 | Time = 160 ms
1 1 1 1 0 0 1 1 1 1 0 1 1 0 0 0 0 1 0 0 0 1 0 1 0 0 0 1 1 0 1 1 1 0 0 1 1 1 1 1 0 1 1 1 0 1 1 0 1 0 0 0 
0 0 0 0 2 1 0 0 0 0 1 0 0 1 1 0 1 0 1 1 3 0 1 0 1 1 1 0 3 1 0 0 0 1 1 0 0 0 0 0 1 0 0 0 0 0 0 1 0 1 1 1 
0 0 0 1 1 0 1 0 1 0 0 0 1 0 1 1 1 0 0 1 1 0 1 1 1 1 0 1 0 1 0 1 0 0 0 1 0 1 1 0 1 1 1 1 1 0 1 0 1 0 1 1 
1 1 1 0 0 1 0 1 0 1 1 1 0 1 0 1 0 1 1 1 2 1 0 0 0 0 1 0 2 1 1 0 1 1 1 0 1 0 0 1 1 0 0 1 1 1 1 1 0 1 0 0 
1 0 1 1 1 0 0 0 0 1 1 0 0 1 0 0 1 1 1 0 0 0 1 1 1 0 0 1 0 0 0 1 0 1 0 1 1 0 1 0 0 1 0 0 0 1 0 1 0 1 0 0 
0 1 0 0 0 1 1 1 1 0 0 0 1 0 1 0 0 0 0 0 2 0 0 0 0 0 1 0 1 0 1 0 1 0 1 0 0 0 0 1 0 0 1 0 0 0 0 0 1 0 1 1 
1 1 0 0 2 1 1 0 0 0 0 1 1 1 0 1 0 0 0 0 3 1 1 1 0 1 1 1 3 0 0 1 1 1 0 0 1 1 1 1 0 1 1 1 1 1 1 0 1 1 1 0 
0 1 1 1 2 0 0 1 0 1 0 1 0 0 1 0 1 1 1 0 1 1 0 0 1 0 0 0 2 1 1 0 0 0 1 1 0 1 0 0 0 0 1 0 0 0 0 0 1 0 0 1 
1 0 1 0 1 0 0 1 1 0 1 1 1 0 1 0 1 1 0 1 3 1 0 0 0 1 1 0 1 1 0 1 1 1 1 1 1 1 1 0 1 1 0 1 1 1 1 1 0 0 0 1 
0 0 0 1 1 1 1 0 1 1 1 0 0 1 0 1 0 0 0 1 2 0 0 1 1 1 0 1 2 0 1 0 0 0 0 1 1 1 0 1 0 1 0 0 0 0 1 0 0 1 1 1 
1 1 1 0 0 1 1 1 1 1 1 0 1 0 0 0 0 0 1 1 1 1 1 1 0 1 1 0 0 0 1 1 1 1 1 0 0 0 0 1 1 0 0 1 1 1 0 0 1 1 1 0 
0 1 0 1 1 1 0 1 0 0 0 0 1 1 1 1 1 1 1 1 0 0 1 0 1 1 1 1 2 1 0 0 1 0 1 0 0 1 1 1 1 0 1 1 1 1 1 1 0 0 1 0 
0 0 0 0 0 0 1 0 0 0 1 1 0 1 0 1 1 0 1 0 1 1 1 0 1 1 0 0 1 1 0 1 0 0 0 0 1 0 1 0 1 0 1 1 0 1 1 1 0 1 0 0 
1 1 1 1 2 0 1 1 1 1 0 0 1 0 1 1 0 1 0 0 0 1 0 1 1 0 0 0 3 1 1 0 0 0 1 1 0 1 0 0 1 1 0 0 0 0 1 0 0 0 0 1 
0 1 0 1 2 0 0 0 0 1 0 1 0 0 0 1 1 1 1 0 2 0 1 0 0 0 1 1 0 1 0 1 0 1 1 0 1 1 1 0 0 1 1 0 0 1 1 1 0 1 0 1 
0 0 1 1 0 1 0 0 0 1 1 1 1 0 0 0 1 1 0 1 3 0 0 0 1 0 0 1 0 1 1 0 1 0 0 0 1 0 0 1 1 1 1 0 0 1 1 1 0 0 1 0 
0 0 1 1 1 0 1 0 0 1 0 1 0 1 1 0 1 1 0 0 1 1 1 0 0 1 1 0 3 0 0 0 0 0 0 1 1 0 1 0 1 0 0 0 0 1 0 1 0 0 1 0 
0 0 1 0 2 1 0 1 0 1 1 1 1 1 0 1 0 0 0 0 0 1 0 1 0 0 1 0 1 1 1 0 0 0 1 0 1 1 0 0 1 0 1 0 0 1 1 1 0 1 1 0 
0 1 1 1 2 0 0 1 0 0 0 1 0 1 0 0 0 0 0 0 3 1 1 1 1 0 0 0 2 0 0 1 0 1 0 1 0 0 0 1 1 1 1 1 1 0 0 1 0 0 1 1 
1 1 1 1 0 0 1 0 0 1 1 0 0 1 0 0 0 1 1 1 2 0 1 1 1 0 0 1 3 1 0 0 0 1 1 0 1 1 0 1 0 1 1 0 0 1 0 0 1 0 0 1 

# Size = 21 | Time = 164 ms
0 0 0 0 2 1 1 1 0 1 0 1 1 1 0 0 0 1 0 1 0 1 1 0 0 0 0 0 0 0 1 1 1 0 1 1 1 0 1 1 1 1 0 1 1 1 1 0 1 1 1 0 
1 1 1 1 0 0 0 0 1 0 1 0 0 0 1 0 1 0 1 0 1 0 0 1 1 1 1 1 3 1 0 0 1 1 0 0 0 1 0 0 0 0 1 0 0 0 0 1 0 0 0 1 
0 1 1 1 1 1 1 0 0 1 1 1 1 1 0 1 1 1 1 1 3 0 0 0 1 1 1 0 1 0 0 1 0 0 0 0 0 0 1 1 1 0 1 0 0 1 1 0 0 0 0 1 
1 0 0 0 1 0 0 1 1 1 0 0 0 0 0 0 0 0 0 1 2 1 0 1 0 0 0 1 2 1 1 0 0 0 1 1 1 1 0 0 0 1 0 1 1 0 0 1 0 0 1 1 
0 1 1 1 0 1 1 1 1 0 1 0 1 1 1 1 1 0 1 0 3 0 1 1 0 0 1 1 3 0 1 0 0 1 1 0 1 1 0 0 0 1 0 1 1 1 1 0 1 1 1 0 
1 0 0 0 2 0 0 0 0 0 0 0 0 0 1 0 0 1 0 0 1 1 1 0 1 1 0 0 2 1 0 1 0 1 0 1 0 0 1 1 1 0 1 0 0 0 0 0 1 1 0 1 
1 0 0 0 2 0 0 0 1 0 1 1 0 0 1 1 1 0 1 0 0 0 1 1 1 0 0 1 1 1 0 1 1 0 0 0 1 0 0 0 1 1 1 1 1 1 1 1 0 0 1 0 
1 1 1 1 2 1 0 1 1 0 0 1 1 1 0 1 1 1 0 0 2 0 0 0 1 1 1 1 0 0 0 0 0 1 1 1 0 1 1 1 0 0 0 0 0 0 1 1 0 0 0 1 
0 1 1 1 1 0 1 0 0 1 1 0 1 1 1 0 0 1 0 0 0 1 0 0 0 0 1 0 1 1 1 0 0 1 1 0 1 1 0 0 0 0 1 0 0 1 0 1 0 1 0 0 
0 1 1 0 0 1 1 1 0 1 1 1 1 0 0 1 0 0 1 1 1 0 0 1 0 1 1 0 2 0 1 0 1 0 0 1 0 0 1 1 1 0 0 1 1 1 1 0 1 0 1 0 
1 0 0 0 0 1 1 1 0 0 0 1 0 0 1 0 0 1 0 1 3 1 1 0 1 1 0 0 3 1 1 1 1 0 0 1 1 1 1 0 1 1 1 1 1 0 0 1 0 0 0 1 
0 0 0 1 1 0 1 0 0 0 1 0 0 1 1 0 1 0 1 0 2 1 1 1 0 1 1 0 0 0 0 1 1 0 0 0 0 0 0 0 0 1 1 0 0 1 0 0 1 1 0 0 
0 1 0 1 0 0 0 0 0 1 0 1 0 0 1 1 1 1 1 1 0 1 0 1 1 0 0 1 1 1 1 0 0 1 1 1 0 0 0 1 0 1 0 1 0 0 1 0 1 1 0 1 
0 0 1 0 1 0 1 0 1 1 0 1 0 0 0 0 1 1 1 0 0 1 0 1 0 1 0 0 3 1 1 1 0 0 0 1 1 0 1 1 0 1 1 0 0 0 0 0 0 0 1 1 
0 0 1 1 1 1 0 1 0 0 1 1 0 1 0 0 1 0 1 0 1 0 1 0 1 0 1 0 1 1 1 1 0 0 1 1 1 1 1 0 1 1 0 1 1 1 0 0 1 1 1 0 
1 0 1 0 0 0 0 0 1 1 0 0 1 0 0 1 1 1 1 1 3 1 0 0 1 1 1 1 0 1 0 0 0 0 1 1 1 0 0 0 0 0 0 0 0 1 1 0 1 0 0 0 
1 0 1 1 2 1 1 1 0 1 0 1 1 1 0 0 1 1 0 1 3 1 0 1 1 1 1 1 2 1 1 1 1 0 1 0 1 0 1 0 1 0 1 0 0 1 0 0 0 1 1 1 
0 0 1 0 0 1 0 0 0 1 1 1 1 0 1 0 1 0 1 0 2 0 1 1 0 1 0 0 1 0 0 0 1 1 1 1 1 0 1 0 1 1 1 1 0 1 1 1 0 1 1 1 
0 0 0 1 2 0 1 1 1 0 0 0 0 0 1 0 1 1 1 1 2 1 1 0 0 1 1 1 3 0 0 0 1 1 0 0 0 0 1 1 1 0 1 0 0 0 1 0 1 1 0 1 
1 1 1 1 1 0 1 1 0 1 0 0 1 0 0 0 0 0 0 0 1 0 1 1 0 0 1 1 0 1 1 1 1 0 1 0 0 1 0 0 1 1 0 0 0 0 1 1 0 1 0 1 
1 1 0 1 0 1 0 1 0 0 1 1 1 1 1 1 1 1 0 0 0 0 0 0 0 1 0 0 2 1 0 1 1 1 1 1 1 0 1 1 0 1 0 1 0 0 1 0 0 0 1 1 

# Size = 20 | Time = 159 ms
0 1 1 1 1 1 0 0 1 0 0 1 0 0 0 1 0 1 0 0 1 1 1 1 1 1 0 1 2 0 1 1 1 0 0 1 1 1 1 1 1 0 0 1 0 0 1 0 0 0 0 1 
1 0 0 0 0 1 1 1 0 1 1 0 1 1 1 0 1 0 1 1 3 0 0 0 0 0 1 0 1 1 0 0 0 1 1 0 0 0 0 0 0 1 1 1 1 1 0 0 1 1 1 0 
1 0 0 1 2 0 1 1 0 0 0 0 1 1 0 1 1 1 0 1 2 0 0 1 1 1 0 0 0 1 0 0 0 1 0 1 0 1 1 0 0 1 0 0 0 0 1 1 0 0 0 1 
0 1 1 0 2 0 0 0 1 1 1 1 0 0 0 0 0 0 1 0 0 1 1 0 0 0 1 0 3 1 1 1 0 1 1 0 1 0 0 1 1 0 1 0 0 1 0 1 0 1 0 0 
1 0 0 1 0 0 0 1 0 0 0 0 1 0 1 0 0 0 0 0 0 0 0 1 1 1 1 1 3 0 1 1 1 0 0 0 1 1 0 0 1 0 0 1 1 1 1 0 1 0 1 1 
0 1 1 0 1 0 1 1 1 1 1 1 0 1 1 1 1 0 1 1 3 1 1 0 0 0 1 1 0 0 0 0 1 0 1 1 1 0 0 1 0 1 1 0 0 0 1 0 1 0 1 1 
1 0 0 0 1 0 1 0 1 1 0 1 0 0 1 0 1 1 0 0 1 1 1 0 0 1 0 1 1 0 1 0 1 0 1 1 0 1 1 0 1 1 0 1 1 1 0 0 1 1 0 0 
0 0 1 1 0 1 0 0 1 0 1 0 1 1 1 1 0 1 1 1 2 1 0 0 1 0 0 1 1 0 1 1 0 0 0 0 0 0 1 1 0 1 1 0 0 1 1 1 0 1 1 0 
0 1 0 1 0 1 1 1 0 1 1 1 1 0 0 0 0 0 1 0 2 0 1 1 1 1 1 0 2 1 0 0 1 1 1 0 0 0 0 0 0 0 0 1 1 0 0 1 0 1 1 1 
1 0 1 1 2 0 0 1 0 0 0 0 0 1 1 0 1 0 0 1 1 0 0 1 0 0 1 1 2 0 0 1 0 1 0 0 0 0 1 1 1 0 1 0 0 1 0 0 1 0 1 0 
1 1 1 0 1 1 1 0 0 0 1 0 1 1 0 1 1 1 0 0 3 0 0 1 1 1 0 0 3 0 0 1 0 1 1 1 0 1 1 0 0 0 0 1 1 1 1 1 0 0 0 0 
0 1 0 1 2 1 0 0 1 0 1 0 1 0 1 0 0 1 1 0 1 0 1 1 0 1 1 0 0 1 1 1 1 0 1 0 1 1 0 1 0 0 1 1 1 1 0 1 0 1 0 0 
0 1 0 0 1 1 0 0 1 1 0 1 0 1 0 1 1 1 0 1 0 0 1 1 0 1 0 1 1 1 0 0 0 1 0 0 0 1 1 1 0 1 0 0 0 0 1 0 1 1 1 1 
0 1 0 1 0 0 0 1 0 0 0 1 0 0 1 1 0 0 1 1 3 1 0 0 0 0 0 0 2 0 1 0 0 0 0 1 0 1 0 1 1 1 0 0 0 1 1 1 0 1 0 1 
0 0 0 0 1 1 0 0 0 1 1 0 0 0 0 1 0 0 0 1 2 1 0 1 0 0 1 0 3 1 1 0 0 0 1 0 1 1 1 0 1 1 1 1 0 0 1 0 1 1 1 1 
1 0 0 0 2 0 0 0 0 0 1 1 1 1 0 0 1 0 1 0 3 1 0 0 1 1 1 0 1 1 1 0 1 1 1 0 1 0 0 1 1 0 0 1 0 0 1 0 0 0 0 1 
0 1 1 0 2 1 1 1 0 1 1 0 0 0 0 0 1 0 1 0 0 1 1 0 1 1 0 0 2 0 1 0 1 1 1 1 1 0 1 1 0 0 0 1 0 1 0 0 1 1 1 0 
0 0 1 1 0 1 0 1 0 1 1 0 0 0 1 0 0 1 0 0 1 0 0 0 1 0 0 0 0 0 0 0 1 1 0 1 0 1 0 0 1 1 0 1 0 1 0 1 0 1 0 1 
0 1 0 1 0 1 1 0 1 0 1 0 0 1 0 0 1 0 1 1 0 0 1 0 0 1 1 0 0 1 0 1 0 1 1 1 0 0 0 1 0 1 1 1 1 1 1 1 0 1 0 0 
1 0 0 1 0 1 1 1 0 0 1 0 0 1 0 0 1 0 1 0 1 1 1 1 1 1 1 1 3 1 1 0 0 1 0 0 0 0 1 0 1 0 1 1 0 1 1 1 0 1 0 0 

# Size = 20 | Time = 154 ms
1 0 0 0 1 1 1 1 1 0 0 0 0 1 1 0 1 1 0 0 2 0 1 1 1 0 0 0 2 0 1 1 0 0 1 0 1 0 1 1 1 0 0 0 0 1 0 1 0 1 0 0 
0 1 1 1 2 0 0 0 0 1 1 1 1 0 0 1 0 0 1 0 0 1 0 0 0 1 1 1 0 1 0 0 1 1 0 1 0 1 0 0 0 1 1 1 1 0 1 0 1 0 1 1 
1 0 1 1 0 1 1 0 0 0 1 0 0 0 1 0 1 1 0 1 1 1 0 0 1 0 1 1 1 1 1 0 0 1 1 1 0 1 1 0 0 1 1 1 0 1 1 1 0 0 0 0 
0 1 0 0 0 0 0 1 1 0 0 1 1 1 0 1 1 0 1 1 3 0 1 1 0 1 0 1 3 0 0 1 1 0 0 0 1 0 0 1 1 0 0 0 0 0 1 0 1 0 1 1 
1 0 1 0 2 0 1 1 1 1 1 0 0 1 1 0 0 0 0 1 0 1 0 1 1 1 0 0 1 1 0 1 1 1 0 0 1 0 0 0 1 0 1 1 1 1 0 0 1 1 0 1 
0 1 0 1 1 1 0 0 0 1 0 1 0 0 1 0 0 1 1 1 2 0 1 0 0 0 0 0 3 1 1 0 0 0 1 1 0 1 1 1 0 1 1 0 0 0 0 1 0 1 1 1 
0 0 1 1 1 1 1 0 1 1 1 1 1 0 0 1 0 0 1 1 1 0 1 1 1 1 1 0 2 0 0 0 1 0 1 0 0 0 0 0 1 1 0 1 1 1 1 1 0 1 1 0 
1 1 0 0 2 0 1 0 0 1 0 0 1 1 0 1 1 1 0 0 3 1 0 0 0 0 1 1 1 0 1 1 0 0 0 1 1 1 1 0 0 1 0 0 0 1 1 1 0 1 0 0 
1 0 0 1 2 1 1 1 0 0 0 0 0 1 0 0 1 1 1 1 3 0 1 1 1 0 1 0 0 1 0 0 0 1 1 0 0 1 1 1 0 0 0 1 1 0 0 0 1 0 0 1 
1 0 1 0 1 0 0 1 1 0 1 1 1 0 1 1 0 0 0 0 2 1 0 0 1 0 1 1 0 0 1 0 1 1 0 1 1 0 0 0 1 0 1 0 0 0 1 0 1 0 1 1 
0 1 1 0 0 0 0 0 0 1 0 1 1 1 0 0 0 0 0 0 1 1 0 0 0 1 0 1 2 1 1 1 0 1 0 1 0 0 1 1 0 0 1 1 1 0 0 0 1 1 0 1 
1 1 0 1 0 0 0 0 1 0 1 0 1 1 1 0 1 1 1 1 0 1 1 0 1 0 0 1 0 0 1 1 1 0 1 0 1 1 1 1 0 0 0 0 0 1 0 0 0 1 0 0 
1 0 1 0 0 1 1 1 0 0 1 0 0 0 0 1 1 1 0 0 2 1 0 1 1 1 1 0 3 1 0 1 1 1 0 1 1 1 1 0 1 1 1 1 1 1 1 0 1 1 0 0 
0 0 1 0 1 1 0 0 1 1 0 0 1 0 0 0 0 1 1 1 0 0 0 1 1 1 1 0 1 0 1 0 0 0 0 0 1 1 1 1 1 0 1 1 1 1 0 1 0 1 1 0 
1 0 1 0 1 0 1 0 1 1 1 1 0 0 1 0 0 1 1 1 3 0 1 0 0 0 1 1 2 1 0 1 0 1 0 1 0 1 0 0 1 1 1 1 1 0 0 0 0 0 1 1 
1 1 0 1 2 0 0 1 1 1 1 0 0 0 0 0 0 0 1 0 1 1 0 1 1 0 0 0 0 0 1 0 0 0 1 0 1 1 0 1 0 0 0 0 0 1 1 1 0 1 0 0 
0 0 0 1 2 1 0 1 1 1 1 1 1 1 0 1 0 1 1 1 2 0 1 0 1 0 0 0 1 0 0 0 0 0 1 0 1 1 0 0 0 0 1 1 0 0 1 1 0 0 1 1 
1 0 0 0 2 1 0 0 0 1 0 1 0 1 0 1 1 0 0 1 0 0 0 1 0 1 1 0 2 1 1 0 1 0 1 1 1 1 1 0 1 1 1 0 0 0 1 0 0 1 1 1 
0 0 1 1 2 0 1 1 1 0 1 1 1 0 0 0 1 0 1 1 0 0 1 0 0 1 0 0 3 1 1 1 1 0 0 1 1 1 1 0 0 1 0 1 0 0 0 1 0 0 1 1 
1 1 0 0 2 1 0 0 0 1 0 0 1 1 0 0 1 1 1 0 1 0 1 0 1 1 0 0 3 0 1 0 0 1 1 1 1 0 0 0 1 1 0 1 1 1 1 0 0 0 1 0 

# Size = 19 | Time = 148 ms
1 1 1 0 2 1 0 0 0 0 0 0 0 1 1 0 0 0 1 1 2 0 1 1 0 0 0 1 0 1 0 1 0 0 0 1 0 1 1 1 0 0 1 1 1 1 1 0 1 0 1 0 
0 0 0 1 0 0 1 1 1 1 1 1 1 0 0 0 1 1 0 0 3 1 0 0 1 1 1 0 3 0 1 0 1 1 1 0 1 0 0 0 1 1 0 0 0 0 0 1 0 1 0 1 
0 0 1 1 1 1 1 0 0 1 1 0 0 0 0 1 0 0 1 1 1 1 0 1 1 1 1 1 1 0 0 1 1 0 0 1 1 1 1 1 1 0 0 0 0 0 1 0 0 1 1 1 
1 1 0 0 1 0 0 1 1 0 0 1 1 0 1 1 1 1 0 0 0 0 1 0 0 0 0 0 2 1 1 0 0 0 1 0 0 0 0 0 0 1 1 0 0 1 1 1 0 0 0 0 
1 0 1 0 0 0 1 1 1 1 1 0 1 1 0 0 0 1 1 0 0 0 1 1 0 1 0 1 1 0 1 1 0 1 1 1 0 1 0 0 1 1 1 1 1 0 0 0 1 0 1 1 
0 1 0 1 2 1 0 0 0 0 0 1 0 1 1 0 1 0 0 1 3 1 0 0 1 0 1 0 3 1 1 1 1 1 0 0 1 1 1 1 0 0 0 1 1 1 0 0 1 1 0 0 
0 1 1 0 2 1 1 1 0 1 1 0 1 1 1 1 0 1 0 0 2 0 0 1 1 1 1 1 2 1 0 0 0 1 0 0 1 0 0 1 1 0 1 1 1 0 1 1 0 1 0 1 
1 1 0 1 0 1 0 0 1 0 1 1 0 0 0 1 0 0 1 1 1 1 1 0 1 0 0 0 3 0 0 0 0 0 1 1 1 0 0 0 0 1 1 1 1 1 1 0 1 0 1 0 
0 0 0 0 1 0 0 0 0 0 0 1 0 1 0 0 1 1 1 0 2 1 0 0 0 0 0 1 0 0 0 0 1 1 1 0 0 0 1 0 1 0 0 0 0 0 0 0 1 0 0 1 
1 0 1 1 0 0 0 0 0 1 0 0 1 1 0 0 1 1 0 1 1 0 1 1 0 1 1 0 2 1 1 1 1 0 0 0 0 1 1 1 0 1 0 1 1 1 0 1 0 0 1 0 
1 1 1 0 2 0 1 1 1 1 0 1 0 0 1 1 1 0 0 1 3 0 1 1 0 0 0 0 1 0 0 0 0 0 1 1 0 1 1 1 0 1 1 0 0 1 1 1 0 1 0 0 
1 1 0 1 0 1 1 0 1 1 1 0 1 0 1 1 1 0 0 1 0 1 0 1 1 1 1 0 0 1 1 0 1 0 0 1 1 1 1 0 1 0 0 0 0 1 1 1 0 1 0 1 
0 0 0 1 1 0 1 1 0 0 0 0 0 0 1 0 0 0 1 0 3 1 0 1 1 1 0 1 2 0 1 1 1 1 0 1 0 0 1 1 0 1 1 1 1 0 1 0 1 0 1 1 
0 0 1 0 2 1 1 0 0 1 1 0 0 1 0 0 0 0 1 1 0 0 1 1 0 1 1 1 3 0 0 1 0 0 0 1 0 0 0 1 1 1 0 1 1 1 1 1 0 0 0 0 
0 0 0 1 2 0 0 1 1 0 1 0 1 0 1 0 0 1 0 0 2 1 0 0 0 1 0 0 1 1 1 0 1 0 0 0 1 0 0 0 1 1 0 0 0 0 0 1 0 0 1 1 
1 1 1 0 2 1 0 1 1 0 0 0 0 1 1 0 1 0 1 0 1 1 1 0 0 0 0 1 0 0 1 1 1 1 0 1 0 0 0 0 0 1 1 1 0 1 0 1 0 0 0 1 
0 1 1 1 0 0 0 0 0 0 0 1 1 0 1 1 1 1 0 1 2 0 0 1 1 0 1 0 3 1 1 0 0 1 1 0 1 1 1 0 1 0 0 1 1 1 1 1 0 0 0 0 
1 1 1 1 0 1 0 0 1 0 0 0 1 1 1 0 1 0 1 0 3 0 1 1 0 0 1 0 0 1 1 0 1 1 0 1 1 1 0 1 1 0 0 1 1 0 1 1 0 1 0 1 
0 1 0 1 1 0 0 0 0 0 0 1 1 0 0 0 0 0 0 1 3 0 1 0 0 0 1 1 3 0 1 1 0 1 1 1 1 1 1 0 1 0 0 0 0 0 1 0 1 0 1 1 

# Size = 20 | Time = 158 ms
1 0 0 1 0 0 1 1 0 0 0 1 0 0 1 0 1 0 1 0 1 1 1 0 1 0 1 0 3 0 1 1 1 0 1 0 1 0 0 0 0 0 0 1 1 1 0 1 0 1 0 1 
0 1 1 0 1 1 0 0 1 1 1 0 1 1 0 1 0 1 0 1 0 1 0 1 0 1 0 1 2 1 0 0 0 1 0 1 0 1 1 1 1 1 1 0 0 1 1 0 1 0 1 0 
1 1 0 1 2 0 0 0 0 1 0 0 1 1 1 1 1 1 1 1 3 0 1 0 0 1 1 0 0 0 1 0 0 1 0 0 0 1 1 0 1 0 1 1 1 0 1 1 0 0 1 1 
0 0 1 0 2 1 1 1 0 0 1 1 0 0 0 0 0 0 0 0 2 0 0 1 1 0 0 1 1 1 0 1 1 0 1 1 0 0 1 1 0 1 0 0 0 0 0 0 1 1 0 1 
0 0 1 1 0 1 0 0 1 1 0 1 0 1 0 1 0 0 1 1 1 0 1 0 1 0 0 1 0 0 0 1 0 0 1 1 1 0 0 1 0 0 1 0 0 1 1 1 0 0 1 0 
1 1 0 0 1 0 1 0 1 0 1 1 1 0 1 0 1 0 0 0 3 0 0 1 0 1 0 0 2 1 1 0 1 0 0 0 1 1 0 0 1 1 0 1 1 1 0 0 1 1 0 0 
0 1 0 0 1 0 1 1 1 1 1 0 0 1 1 0 1 1 1 1 0 0 0 0 1 1 1 1 1 0 0 1 1 1 1 0 1 0 0 0 0 0 0 0 0 0 1 1 0 0 0 1 
1 0 1 1 0 1 0 1 1 0 0 0 0 0 1 1 0 1 1 0 2 0 1 1 0 0 1 0 3 1 1 1 0 1 0 1 0 1 1 1 1 1 1 1 1 1 1 0 0 1 1 0 
0 0 1 1 1 0 0 1 0 1 1 1 1 0 0 0 0 1 0 1 3 1 1 0 1 0 1 0 3 0 0 0 1 1 1 0 1 0 1 1 1 0 1 1 0 0 0 0 1 0 1 1 
0 1 0 0 0 1 1 0 0 1 0 0 1 1 0 0 1 1 0 1 2 1 0 0 0 1 1 1 2 1 1 1 0 0 1 0 1 1 0 0 0 0 1 0 0 0 0 1 0 1 0 1 
1 1 1 1 1 0 0 0 0 0 0 0 1 1 0 1 1 0 1 1 1 1 0 1 1 0 0 1 1 1 0 0 0 1 0 1 0 1 1 0 1 1 0 1 1 1 1 0 1 0 0 0 
0 0 0 1 0 1 1 1 0 0 1 1 0 0 0 0 1 0 0 0 0 1 1 1 0 0 0 0 0 0 1 0 1 0 0 1 0 1 0 1 0 1 0 1 1 1 0 1 0 1 0 0 
1 0 0 0 2 0 1 0 1 1 0 0 0 1 1 0 0 1 0 0 0 1 1 0 0 1 0 0 3 0 0 0 1 1 0 0 1 0 0 0 1 1 0 0 0 1 0 0 1 0 1 0 
0 0 1 1 2 1 1 1 0 1 0 1 0 0 0 1 0 1 1 1 3 0 1 1 1 0 0 1 2 0 0 1 1 0 1 1 1 0 0 1 0 0 0 0 0 1 1 0 0 0 1 1 
1 0 0 0 2 1 0 0 0 1 1 0 1 0 0 0 0 1 0 1 1 0 1 1 0 1 1 0 1 1 1 0 0 1 0 0 1 0 0 1 1 1 1 1 1 0 1 0 0 1 1 1 
0 0 1 0 1 0 0 0 0 0 1 0 0 0 1 1 1 0 0 1 2 1 0 0 0 1 1 1 0 0 0 0 1 1 0 1 1 1 1 0 0 1 0 1 1 1 1 0 1 0 1 0 
0 1 1 0 0 0 1 1 1 1 1 0 0 0 0 1 1 1 1 1 3 1 1 0 0 0 0 0 1 0 0 0 0 0 1 0 1 0 1 0 0 1 1 1 0 1 1 0 1 0 1 0 
0 1 1 0 0 1 1 1 1 1 1 0 0 1 0 1 0 1 0 1 2 0 0 0 1 1 0 1 3 1 0 1 1 1 1 1 1 0 1 0 0 0 0 0 0 1 1 0 0 1 0 0 
0 0 1 0 1 1 1 1 0 1 0 0 0 1 1 1 0 0 1 0 2 1 1 0 1 0 0 1 0 1 0 0 1 1 0 0 0 1 1 0 0 1 0 1 0 1 1 0 1 1 1 0 
0 0 1 1 0 1 0 1 0 0 0 1 1 0 0 0 1 0 0 0 1 1 1 1 1 0 1 1 2 1 1 0 1 0 1 0 0 1 0 0 1 1 1 1 1 0 0 1 0 0 1 1 

# Size = 21 | Time = 163 ms
1 0 0 1 2 0 0 0 0 1 0 0 1 0 0 0 0 1 1 0 2 1 0 1 1 0 0 0 2 0 1 1 1 0 1 1 1 0 0 1 0 0 0 0 0 0 0 1 0 0 1 1 
0 1 1 0 0 1 1 1 1 0 1 1 0 1 1 1 1 0 0 1 0 0 1 0 0 1 1 1 1 1 0 0 0 1 0 0 0 1 1 0 1 1 1 1 1 1 1 0 1 1 0 0 
0 0 0 0 1 1 1 1 1 0 0 0 1 0 1 1 1 0 1 0 1 1 1 1 0 0 1 1 3 0 1 0 0 1 0 1 1 0 1 1 0 0 0 1 1 0 1 1 0 1 0 1 
1 1 1 1 1 0 0 0 0 0 1 1 0 1 0 0 0 1 0 1 3 0 0 0 1 1 0 0 0 0 0 1 1 0 1 0 0 1 0 0 1 1 1 0 0 1 0 0 1 0 1 0 
0 1 0 0 0 0 0 1 0 1 1 0 1 0 0 0 1 1 0 1 3 1 1 1 1 1 1 0 1 1 0 1 1 1 1 1 0 0 1 1 1 1 0 1 1 0 1 0 0 0 1 1 
1 0 1 1 2 1 1 1 0 1 1 1 0 1 1 0 1 0 1 0 1 0 0 0 0 0 0 1 2 1 1 0 0 0 0 0 1 1 0 0 0 0 1 0 0 1 0 0 1 1 0 1 
0 1 1 1 2 1 1 0 1 1 0 1 0 0 1 1 0 0 1 1 2 0 1 0 1 1 0 1 0 1 1 0 1 1 1 0 0 0 1 1 0 0 0 0 0 1 1 1 0 1 1 0 
0 0 0 0 2 0 0 0 1 0 0 0 1 1 0 1 0 1 0 0 2 1 0 1 0 0 1 1 3 1 0 1 0 0 0 0 1 1 0 0 1 1 1 1 1 1 1 1 0 0 1 0 
1 0 0 0 0 1 0 0 0 1 0 0 0 1 0 1 0 0 1 0 0 0 1 0 1 1 0 0 3 0 1 1 0 0 1 1 0 0 0 0 0 1 0 0 0 0 1 0 1 1 0 1 
1 0 1 1 0 0 1 0 1 0 0 1 1 0 0 0 0 1 1 1 3 1 0 0 0 0 1 1 1 0 1 0 1 0 0 1 1 1 1 0 1 0 1 1 0 0 0 1 0 1 0 1 
0 1 1 1 1 0 1 0 1 1 1 0 1 0 1 0 1 1 0 0 0 0 0 1 0 0 1 0 0 1 0 1 1 1 0 1 1 1 0 1 0 0 0 1 1 1 0 0 1 0 1 1 
1 1 1 0 1 1 0 0 1 0 1 0 0 1 0 1 0 1 0 1 1 1 1 1 0 1 0 0 2 0 1 0 1 1 1 1 0 0 1 1 1 1 1 1 1 1 1 1 0 0 1 0 
1 0 0 0 0 0 0 1 0 0 1 1 1 1 1 0 1 0 1 0 2 1 1 0 1 1 1 1 0 1 0 0 0 0 1 0 1 0 0 0 1 1 0 1 1 0 0 0 1 0 0 1 
1 1 1 1 2 1 0 0 1 0 1 1 1 0 1 1 1 0 0 1 3 0 0 1 1 0 0 0 3 0 1 1 0 0 0 0 0 1 0 1 0 0 1 0 0 1 1 0 1 0 0 0 
1 0 0 0 2 1 1 0 1 0 0 0 0 1 0 0 1 1 0 0 0 1 0 0 0 0 0 1 1 1 1 0 0 1 0 0 0 0 0 1 0 0 0 1 1 1 0 1 0 0 0 1 
0 0 1 1 0 0 0 0 1 0 0 1 0 1 0 0 0 0 0 1 1 0 1 0 1 0 1 0 1 1 0 1 0 1 1 1 1 0 1 1 0 1 0 0 0 1 0 1 0 0 1 1 
0 0 1 1 0 0 0 1 0 0 1 0 0 0 0 0 0 1 0 0 3 1 0 1 0 0 1 0 2 1 0 0 1 1 0 0 1 1 1 1 0 0 1 1 0 1 0 0 1 0 0 0 
1 1 1 1 1 0 0 1 1 0 1 1 1 1 0 0 0 0 0 1 2 1 0 0 0 0 0 1 1 0 0 0 0 1 0 0 1 0 1 0 0 1 1 0 0 1 0 0 1 0 0 0 
0 1 0 0 2 1 0 1 0 1 1 1 0 0 0 0 1 1 0 1 2 1 1 1 1 0 0 1 3 0 0 0 1 1 1 1 1 0 0 1 0 1 0 1 0 1 0 0 0 1 0 1 
0 1 1 1 2 1 1 0 1 0 1 0 0 0 0 0 1 0 1 0 0 0 1 0 1 1 0 0 2 1 1 0 1 0 0 0 1 1 1 1 0 0 1 0 0 1 0 0 0 0 1 0 
0 0 0 1 0 0 0 0 1 1 1 0 1 1 0 0 1 1 1 1 1 1 1 0 1 1 1 0 0 1 0 1 1 0 0 0 0 1 1 1 1 1 1 1 1 0 1 0 1 0 0 1 

