# Size = 23 | Time = 2071 ms
0 1 0 0 0 1 1 0 0 0 0 1 1 0 0 0 0 0 
0 0 1 0 1 1 1 0 1 0 0 1 1 2 3 0 3 3 
0 0 0 0 0 0 1 1 1 0 0 0 0 3 2 2 3 0 
0 1 0 1 1 1 1 0 0 1 1 1 0 1 0 3 3 2 
0 1 1 0 1 0 1 0 1 1 0 0 0 0 3 2 2 2 
1 0 0 1 1 1 1 1 0 1 1 1 1 2 0 0 2 0 
0 1 1 0 0 0 0 0 1 0 0 0 0 2 1 3 2 0 
0 1 1 1 1 1 0 1 0 1 1 1 0 0 2 3 1 3 
0 1 0 0 0 0 0 0 1 0 0 0 1 1 2 0 2 1 
0 0 1 0 0 0 0 1 1 0 1 0 1 2 2 0 0 2 
0 0 0 1 1 1 1 1 1 1 1 1 0 2 2 1 0 2 
1 0 0 0 0 0 0 0 1 0 0 1 0 3 0 0 0 3 
0 0 0 1 1 1 0 1 0 1 1 1 0 1 1 2 0 3 
0 0 0 0 0 1 1 1 0 1 1 1 0 3 3 3 0 1 
1 0 0 1 1 1 0 0 0 0 0 0 1 3 0 0 3 2 
0 0 0 0 0 0 1 0 1 0 0 0 1 0 1 0 1 2 
1 0 0 1 1 0 0 1 0 0 1 0 1 0 0 0 3 1 
0 0 0 0 0 0 0 0 0 0 0 0 0 0 1 1 3 3 
0 1 1 0 1 0 0 1 0 0 0 0 0 3 0 1 2 3 
1 0 0 0 0 1 0 0 1 0 0 0 1 2 0 0 1 1 
0 1 1 0 0 0 0 1 1 0 0 1 0 2 0 2 1 1 
0 1 1 1 1 0 0 1 1 1 0 1 0 3 1 1 1 1 
0 0 1 1 1 1 0 1 1 1 1 1 0 1 3 1 1 0 

# Size = 25 | Time = 2115 ms
0 1 0 0 0 1 1 0 0 1 1 0 0 1 3 1 3 2 
0 0 1 0 0 0 1 1 0 1 1 0 0 3 2 2 3 3 
0 1 1 0 1 1 1 0 1 1 0 1 1 2 1 0 0 3 
0 1 1 1 1 0 1 0 0 0 0 0 0 2 1 1 0 0 
0 0 0 1 1 1 0 1 0 1 0 1 0 2 3 2 1 0 
0 1 0 0 1 0 0 1 1 0 1 1 0 3 3 0 0 1 
0 0 1 0 0 0 1 1 0 0 0 0 1 2 2 0 2 2 
1 0 0 0 0 0 1 1 0 0 0 0 0 0 0 0 3 0 
0 1 0 1 1 1 1 1 1 1 1 1 0 0 1 3 3 3 
0 1 1 1 1 1 0 0 0 0 1 1 1 0 3 0 2 3 
0 0 1 1 1 1 1 0 0 0 0 0 0 0 3 3 2 1 
0 1 1 0 1 1 1 0 1 0 1 0 0 0 2 1 1 1 
1 0 0 1 1 1 0 0 1 1 1 1 1 0 0 0 0 2 
0 1 1 0 0 1 0 0 1 0 1 0 0 0 0 2 0 2 
1 0 0 1 1 1 0 0 0 1 0 1 1 3 0 0 2 3 
0 0 1 1 1 0 0 1 1 0 0 1 0 1 1 2 2 1 
0 0 0 0 0 0 0 1 1 1 0 1 0 3 1 1 1 3 
1 0 0 0 0 0 1 1 1 1 1 1 1 2 0 0 1 1 
0 1 1 0 0 0 0 1 1 1 0 0 0 3 1 3 1 2 
0 1 1 1 1 0 0 0 1 0 0 0 1 1 0 0 1 3 
0 1 0 1 1 1 0 1 1 1 1 1 0 1 2 3 0 0 
1 0 0 1 1 1 0 0 1 0 0 0 1 2 0 0 3 1 
0 1 1 0 1 0 0 0 0 0 0 1 0 2 0 3 2 3 
0 1 1 1 1 1 0 1 1 1 1 1 1 3 3 0 2 0 
0 1 0 1 1 0 0 0 0 0 1 0 0 2 0 1 2 0 

# Size = 25 | Time = 1891 ms
0 0 1 0 1 0 0 1 1 0 1 1 0 1 1 2 1 2 
1 0 0 0 0 0 1 1 1 0 0 0 0 2 0 0 3 1 
0 1 1 0 0 1 1 0 0 1 0 0 0 2 3 2 3 1 
0 0 1 0 0 0 1 0 1 1 1 1 0 0 1 0 3 3 
1 0 0 1 1 1 0 1 0 0 0 0 1 0 0 0 1 2 
0 1 1 0 1 0 1 1 1 0 1 0 0 0 3 3 0 2 
0 1 1 1 1 0 1 0 1 1 1 1 0 0 0 1 1 1 
0 1 0 1 1 0 1 1 1 0 1 0 0 0 2 2 2 0 
0 1 1 1 1 0 1 0 0 0 1 1 1 2 0 0 2 2 
0 1 0 0 0 1 1 0 0 1 0 0 1 1 2 0 0 2 
0 0 1 1 1 0 0 1 0 0 0 1 0 1 2 2 0 1 
0 0 0 1 1 0 0 1 1 1 1 1 1 3 3 0 1 0 
0 1 1 1 1 1 1 1 0 0 0 0 1 3 0 0 2 3 
0 1 0 0 0 1 0 1 0 0 0 0 0 1 3 1 1 3 
1 0 0 0 0 1 0 0 1 1 1 1 0 3 0 0 2 0 
0 0 1 1 1 1 0 1 0 0 0 1 0 1 3 1 2 0 
1 0 0 1 1 1 0 0 0 0 0 1 0 3 0 0 0 3 
0 1 0 1 1 0 0 0 0 1 0 0 0 3 0 2 3 3 
0 0 0 1 1 1 0 0 0 1 0 1 0 2 2 3 1 3 
0 1 1 0 0 0 1 0 0 0 0 0 0 1 0 3 3 0 
0 1 0 1 1 1 1 1 0 0 0 0 1 3 1 0 2 1 
0 1 0 0 1 0 1 1 0 1 1 0 0 3 1 3 2 1 
0 0 0 0 0 0 1 0 0 0 1 0 1 3 2 0 3 2 
0 1 1 1 1 0 1 0 1 0 1 1 0 3 2 1 3 2 
0 0 1 0 1 0 1 1 1 1 1 1 0 2 1 1 0 0 

# Size = 21 | Time = 1853 ms
0 0 1 1 1 0 0 1 0 1 1 0 0 3 2 1 0 2 
0 1 1 0 1 1 1 0 0 1 0 1 0 0 2 3 1 3 
0 1 0 1 1 1 0 0 1 0 1 1 0 2 3 1 1 0 
0 0 1 1 1 0 1 0 1 0 1 0 1 3 3 0 3 3 
0 1 0 0 0 1 0 1 0 1 0 0 0 3 3 0 2 2 
1 0 0 0 0 1 1 0 1 1 0 0 0 2 0 0 3 2 
0 0 1 0 0 0 0 0 0 0 1 1 1 1 1 0 1 2 
0 1 1 1 1 0 1 0 0 0 1 1 1 2 2 0 2 1 
0 1 1 1 1 1 0 0 1 1 0 1 0 0 3 2 2 2 
0 1 1 1 1 0 0 1 0 0 1 1 0 2 0 3 3 2 
0 0 0 0 0 0 1 1 1 1 0 0 0 1 2 2 3 0 
0 1 0 0 0 1 0 0 1 0 0 1 1 2 1 0 0 3 
0 0 0 1 1 0 1 1 0 0 1 0 0 2 1 2 0 3 
1 0 0 1 1 0 0 1 0 0 1 1 1 0 0 0 0 0 
0 0 1 0 0 1 0 1 1 1 0 1 0 3 1 3 2 0 
1 0 0 0 0 1 0 1 1 1 0 0 0 3 0 0 1 1 
0 1 0 0 1 0 0 1 1 1 0 0 0 3 0 2 1 1 
0 1 0 1 1 1 0 0 0 0 0 0 0 1 3 3 0 1 
1 0 0 0 0 0 1 1 1 1 1 0 1 0 0 0 2 3 
0 1 1 0 0 0 1 1 0 1 0 0 0 1 0 1 2 3 
0 1 0 0 0 0 0 0 0 1 0 1 0 0 1 1 3 1 

# Size = 22 | Time = 1811 ms
0 0 1 0 0 1 1 0 0 1 1 1 1 3 2 0 2 3 
0 1 0 1 1 0 0 1 1 0 0 1 0 1 3 3 3 3 
0 1 1 0 0 1 1 0 1 1 1 0 1 2 1 0 3 0 
0 1 0 1 1 0 0 0 1 0 0 1 0 2 3 2 2 1 
0 1 0 1 1 0 1 0 0 0 0 0 0 3 3 1 0 0 
0 1 0 1 1 0 1 1 1 0 1 0 0 0 2 1 3 1 
0 0 1 0 0 0 1 1 0 1 0 0 0 0 0 3 2 0 
0 0 1 0 1 1 1 0 0 1 1 1 0 2 2 3 0 2 
0 0 0 0 0 1 0 1 0 1 0 1 1 3 1 0 0 1 
0 1 1 0 1 0 1 0 0 0 1 1 0 3 1 3 1 1 
0 0 1 0 0 1 0 0 0 1 1 1 0 0 3 1 3 3 
0 1 0 1 1 0 0 1 1 1 0 0 1 0 3 0 1 2 
1 0 0 1 1 0 1 0 1 0 0 1 0 0 0 0 0 1 
0 0 1 0 0 1 1 0 0 1 1 0 1 1 0 0 0 1 
0 0 1 1 1 1 1 1 0 1 1 0 0 0 1 2 0 3 
1 0 0 0 0 1 0 1 0 1 1 1 1 3 0 0 2 0 
0 0 0 0 0 1 0 0 1 0 0 1 0 1 1 1 2 2 
0 0 0 0 0 1 0 0 1 0 0 1 0 1 2 2 1 0 
1 0 0 1 1 1 1 0 1 0 1 0 1 3 0 0 3 2 
0 1 1 1 1 0 0 1 1 0 1 1 0 3 0 2 3 2 
1 0 0 1 1 1 0 1 0 0 1 1 0 2 0 0 1 3 
0 1 0 0 0 0 0 0 1 1 0 0 0 2 0 1 1 2 

# Size = 25 | Time = 2072 ms
0 0 0 0 1 0 1 1 0 0 0 1 0 0 2 3 3 1 
0 1 0 0 0 0 1 1 1 1 0 0 0 1 0 1 2 1 
0 1 0 0 1 0 0 0 0 0 0 0 1 0 1 0 1 3 
0 1 1 0 1 0 1 1 1 1 0 0 0 2 3 0 1 1 
0 0 1 0 1 0 1 0 0 1 0 0 0 1 2 0 0 2 
0 0 1 0 0 0 0 0 1 1 1 1 0 1 3 2 3 3 
0 0 1 1 1 1 1 1 1 0 0 1 1 1 0 0 1 2 
1 0 0 1 1 1 1 1 1 1 1 0 0 0 0 0 0 2 
0 1 1 1 1 0 1 0 0 0 0 1 0 0 0 2 1 2 
0 0 1 0 0 1 1 0 1 0 0 1 0 0 3 1 0 0 
0 0 1 0 0 1 1 1 1 1 1 1 0 0 1 0 2 3 
1 0 0 0 0 0 1 0 0 1 0 1 1 2 0 0 0 3 
0 1 1 1 1 1 0 0 1 1 1 0 0 2 0 3 0 3 
1 0 0 1 1 1 1 1 1 1 1 1 0 3 0 0 1 0 
0 0 0 0 0 0 0 0 0 0 0 0 0 1 1 3 1 0 
1 0 0 1 1 1 0 0 0 0 1 0 1 3 0 0 3 1 
0 1 1 0 0 0 0 1 1 1 0 0 0 3 1 2 0 1 
0 1 0 1 1 1 0 1 1 0 1 0 0 3 2 1 3 0 
0 1 1 0 0 0 0 0 0 1 0 0 0 3 2 1 1 3 
0 1 0 1 1 0 0 0 0 0 1 1 0 2 1 1 3 2 
0 0 0 1 1 1 0 0 0 0 1 1 1 3 3 0 2 0 
0 1 0 0 0 0 1 1 0 0 1 0 0 3 3 3 2 2 
1 0 0 0 0 1 0 0 0 0 1 1 1 2 0 0 2 0 
0 0 0 0 1 1 1 0 1 1 0 0 0 2 2 2 2 0 
0 0 1 1 1 1 0 1 0 0 1 1 1 2 2 0 3 1 

# Size = 25 | Time = 1928 ms
0 0 0 0 1 0 0 0 0 1 1 1 0 3 0 1 2 3 
0 0 0 0 0 1 0 0 0 0 1 0 0 1 1 3 3 0 
0 0 0 0 1 1 0 0 0 0 0 1 0 1 3 0 2 1 
0 1 1 0 1 1 0 1 1 1 0 1 0 2 0 0 1 0 
1 0 0 0 0 1 0 0 1 1 1 0 1 3 0 0 3 2 
0 1 0 1 1 0 1 1 0 0 0 0 0 3 2 0 3 2 
1 0 0 1 1 0 1 1 0 0 1 0 0 3 0 0 1 0 
0 1 1 0 0 0 1 1 1 1 1 1 0 3 1 3 1 1 
0 1 1 1 1 1 1 0 1 0 1 0 0 0 3 1 1 2 
0 1 0 0 0 0 1 1 0 1 0 1 0 0 3 2 2 0 
1 0 0 0 1 0 0 1 1 0 0 1 1 0 0 0 0 0 
0 0 1 1 1 1 0 0 0 1 0 1 0 0 2 3 2 0 
0 1 1 1 1 1 0 1 1 0 0 0 0 3 3 2 0 3 
1 0 0 0 0 0 1 0 0 0 0 0 1 2 0 0 3 3 
0 1 1 1 1 1 0 1 1 1 0 1 1 2 3 0 3 2 
0 0 0 0 0 1 0 0 0 1 1 1 0 2 3 3 0 3 
0 0 0 1 1 1 1 0 0 0 1 0 0 0 0 2 3 1 
0 1 1 1 1 0 1 1 1 1 1 0 0 1 0 3 0 2 
0 1 1 1 1 0 0 1 1 1 0 0 1 0 1 0 0 3 
0 1 0 0 0 0 1 1 1 1 1 0 1 1 2 0 1 3 
0 1 0 0 1 0 1 1 0 1 1 1 0 1 2 2 1 1 
0 1 1 0 0 1 1 1 0 1 0 1 0 1 1 1 3 0 
1 0 0 1 1 0 1 0 1 1 0 0 1 2 0 0 2 1 
0 1 1 0 0 1 0 0 1 0 0 0 0 2 2 1 0 1 
0 1 1 0 0 0 1 1 0 0 1 1 0 2 1 2 2 2 

# Size = 24 | Time = 1736 ms
0 1 0 0 0 1 1 0 0 0 0 1 0 0 3 2 0 3 
0 0 0 1 1 0 0 0 0 0 0 1 0 3 0 3 0 1 
0 1 1 0 0 1 1 1 0 0 0 0 0 3 2 2 3 2 
0 1 0 1 1 0 0 0 1 1 1 0 1 3 2 0 2 1 
1 0 0 0 1 1 1 1 1 0 0 0 0 0 0 0 2 1 
0 1 1 1 1 0 1 1 1 1 0 1 0 0 2 3 1 3 
0 0 0 0 1 0 1 1 1 0 1 0 1 1 2 0 1 3 
0 1 1 1 1 0 0 1 1 0 1 0 0 1 2 3 0 0 
1 0 0 0 0 1 0 1 1 1 0 1 1 2 0 0 0 0 
0 0 0 0 1 0 1 0 1 0 1 0 0 2 2 1 0 0 
0 0 0 1 1 0 1 0 1 1 1 1 0 1 1 0 0 2 
0 1 1 0 0 1 0 0 0 1 1 1 0 0 0 1 1 2 
0 0 0 1 1 0 0 0 1 1 1 1 0 2 0 2 3 3 
1 0 0 1 1 0 0 0 0 0 1 0 1 3 0 0 3 3 
0 1 1 0 0 0 0 1 0 0 0 0 0 3 1 1 2 3 
1 0 0 1 1 1 0 1 0 1 1 1 1 2 0 0 1 2 
0 0 1 1 1 0 0 1 1 1 1 1 1 2 3 0 2 2 
0 1 0 0 0 1 1 0 0 1 1 0 0 2 3 3 2 2 
0 1 1 0 0 1 1 1 0 1 0 1 0 1 0 2 2 0 
0 1 0 1 1 0 1 0 0 0 0 1 0 3 3 1 1 0 
0 1 1 0 0 1 0 1 0 0 1 0 0 2 1 2 1 1 
0 1 1 0 1 0 0 0 1 0 1 1 0 1 3 1 3 1 
0 1 0 1 1 0 0 0 0 1 1 0 1 0 1 0 3 0 
0 0 0 0 1 0 0 1 1 1 1 1 0 0 1 3 3 2 

# Size = 23 | Time = 2029 ms
0 1 1 0 0 0 1 0 1 1 1 1 1 2 2 0 1 3 
0 0 0 1 1 1 1 0 0 0 0 0 1 1 1 0 3 0 
0 1 0 1 1 0 0 0 0 0 1 0 0 0 3 0 2 2 
0 1 1 1 1 1 0 1 0 0 1 1 0 1 0 1 1 2 
0 0 0 0 0 1 1 1 0 0 0 0 0 0 1 3 1 1 
0 0 1 0 0 1 0 1 1 1 0 0 0 2 0 3 2 0 
0 0 1 0 0 1 0 1 0 1 0 1 1 3 2 0 3 2 
0 1 1 1 1 1 1 0 1 1 1 1 0 3 3 3 1 2 
1 0 0 1 1 0 0 0 0 0 0 1 0 2 0 0 1 1 
0 1 1 0 1 0 0 1 1 0 1 0 0 3 3 2 1 0 
0 1 1 0 0 0 0 0 1 1 1 1 1 2 3 0 3 1 
0 0 0 0 0 0 1 0 1 1 0 0 0 2 3 1 3 1 
1 0 0 1 1 1 1 0 0 0 1 1 1 3 0 0 0 0 
0 1 0 1 1 0 0 0 1 0 0 0 0 3 2 3 3 1 
0 0 0 0 0 0 0 1 1 1 0 0 0 1 2 2 0 1 
0 0 1 1 1 1 1 0 0 1 1 1 0 1 2 2 2 1 
0 1 1 1 1 1 1 0 1 1 0 1 0 0 2 1 0 0 
1 0 0 0 0 1 1 1 1 1 1 0 1 2 0 0 2 2 
0 1 1 1 1 0 0 1 1 1 1 1 0 2 1 2 0 2 
0 0 0 1 1 1 0 1 0 0 0 0 0 1 3 3 0 3 
0 1 1 0 1 1 1 0 1 1 0 0 0 3 1 1 2 3 
1 0 0 1 1 1 1 1 1 1 0 0 1 0 0 0 3 3 
0 1 1 0 0 1 1 1 0 1 0 0 0 0 0 2 3 3 

# Size = 24 | Time = 1914 ms
0 1 1 0 1 1 1 1 0 0 1 1 0 3 3 0 3 1 
0 1 0 0 1 0 1 0 0 0 1 1 0 3 1 2 2 0 
0 0 1 1 1 0 0 0 1 1 0 0 0 0 2 3 2 1 
0 1 0 0 0 1 0 0 1 1 0 0 0 2 2 0 0 0 
0 1 0 0 1 1 0 1 0 0 1 1 0 3 0 3 0 3 
0 0 0 0 0 0 0 0 0 1 0 0 0 1 3 3 1 0 
1 0 0 1 1 0 1 0 0 1 1 0 1 2 0 0 3 3 
0 1 1 1 1 1 0 1 1 0 0 1 1 2 3 0 2 3 
0 0 0 0 0 1 0 1 0 1 1 1 0 2 3 1 2 3 
1 0 0 0 0 1 1 1 1 0 1 1 1 0 0 0 3 0 
0 1 0 0 0 0 0 0 1 0 1 0 0 0 3 1 0 2 
0 0 1 1 1 1 0 1 0 1 0 1 0 0 3 2 0 2 
0 1 0 1 1 1 1 1 0 0 1 1 0 1 2 2 3 3 
1 0 0 1 1 0 0 1 1 1 0 0 1 3 0 0 2 2 
0 0 1 0 0 0 0 0 1 0 0 0 1 1 0 0 2 2 
0 1 1 1 1 1 1 1 1 0 1 1 0 3 2 1 1 2 
0 0 1 1 1 1 0 1 0 0 0 1 1 3 2 0 3 0 
0 1 0 0 0 0 1 0 1 1 0 1 0 3 0 1 3 0 
0 0 1 1 1 1 1 1 1 1 0 0 0 2 1 3 3 2 
1 0 0 1 1 1 1 1 0 0 1 1 0 2 0 0 1 1 
0 1 1 0 0 0 0 0 1 1 0 0 0 2 0 2 1 1 
1 0 0 0 1 0 1 1 1 0 0 1 1 2 0 0 0 1 
0 0 1 0 0 0 0 1 0 1 1 0 0 1 1 1 0 1 
0 1 1 0 1 0 0 0 1 0 0 0 1 0 1 0 1 3 

# Size = 23 | Time = 1810 ms
0 1 1 0 0 1 0 1 0 1 1 1 0 3 0 1 2 2 
0 1 0 0 1 0 1 1 0 0 1 1 1 3 3 0 3 3 
0 0 0 0 0 0 1 1 0 0 1 1 0 1 1 2 1 1 
0 0 0 1 1 1 0 0 0 1 0 0 0 1 1 1 3 0 
0 1 1 0 1 0 0 1 1 1 0 0 1 0 1 0 1 2 
0 1 1 0 0 0 0 1 1 0 0 0 1 2 0 0 0 0 
1 0 0 0 1 0 0 0 1 1 0 1 1 2 0 0 1 1 
0 1 1 0 0 0 1 0 1 0 1 0 0 2 3 1 1 1 
0 1 0 0 0 1 1 1 0 1 1 1 0 0 2 1 0 3 
0 0 1 1 1 0 1 0 1 1 1 1 0 0 3 2 2 0 
1 0 0 1 1 1 1 1 1 0 1 0 0 3 0 0 1 0 
0 1 1 1 1 0 0 0 1 0 0 0 0 3 2 3 1 0 
0 0 1 1 1 1 1 0 1 0 0 0 1 2 2 0 3 2 
0 1 0 0 0 1 0 1 0 0 0 0 0 2 2 2 3 2 
1 0 0 1 1 1 0 0 0 0 1 1 1 0 0 0 0 2 
0 1 1 0 0 1 0 1 1 1 0 1 0 1 3 3 0 2 
1 0 0 0 0 0 0 0 1 0 0 0 1 2 0 0 2 3 
0 1 0 1 1 1 1 0 0 0 0 1 1 1 2 0 2 1 
1 0 0 1 1 1 1 0 1 1 1 0 1 0 0 0 3 1 
0 0 0 0 1 1 1 0 0 0 1 1 0 0 0 3 3 1 
0 1 1 0 0 1 1 1 1 1 1 0 0 3 1 2 0 1 
0 1 1 1 1 0 0 1 1 1 0 1 0 1 0 2 1 3 
0 1 1 1 1 0 0 1 1 1 1 1 0 2 1 3 2 3 

# Size = 24 | Time = 2107 ms
0 0 0 0 1 0 0 0 0 0 0 0 0 3 1 3 0 2 
0 0 1 0 1 1 0 0 1 1 1 0 0 1 0 3 3 1 
0 0 1 1 1 0 0 0 1 0 1 0 0 2 3 2 0 3 
1 0 0 0 0 1 1 0 0 0 1 1 0 2 0 0 3 2 
0 1 1 1 1 0 0 1 0 1 0 1 1 2 2 0 3 2 
0 0 1 0 0 1 0 0 1 0 0 0 0 2 2 1 3 2 
0 0 1 1 1 1 1 0 0 0 1 0 0 0 1 2 3 0 
0 0 0 0 0 1 0 1 0 1 1 1 0 3 3 1 2 0 
1 0 0 0 0 0 1 1 0 1 1 0 1 3 0 0 0 1 
0 1 0 1 1 0 1 0 0 0 0 1 0 1 3 3 3 1 
1 0 0 1 1 0 0 0 1 0 0 0 1 2 0 0 2 0 
0 1 0 0 0 1 1 1 1 0 1 1 1 1 2 0 0 0 
0 1 0 0 0 1 1 0 0 0 1 0 0 2 0 3 1 0 
0 1 1 1 1 0 0 1 1 1 0 1 0 3 2 2 1 1 
0 1 1 1 1 0 1 1 1 1 1 1 0 0 1 1 2 1 
0 0 1 0 0 1 1 1 1 0 0 1 1 2 1 0 0 1 
0 1 0 0 0 1 0 1 0 1 0 1 0 0 0 1 0 3 
0 0 1 1 1 0 1 1 0 0 0 0 1 3 3 0 3 3 
0 0 0 1 1 0 0 0 1 1 0 0 0 1 1 1 1 3 
0 1 0 0 0 0 1 1 0 1 1 0 0 1 0 2 2 2 
1 0 0 0 0 0 1 0 1 0 1 1 1 0 0 0 1 2 
0 1 0 1 1 1 0 1 1 0 1 1 0 0 3 3 1 2 
1 0 0 0 1 0 0 1 0 0 1 1 1 0 0 0 1 3 
0 0 1 1 1 1 1 0 1 1 1 0 0 0 2 3 2 3 

# Size = 24 | Time = 2351 ms
0 1 0 1 1 0 0 0 0 1 0 1 0 0 2 0 0 2 
0 1 1 0 1 0 0 0 1 0 0 0 0 3 0 0 2 0 
0 1 1 0 0 0 1 0 0 0 1 1 0 2 0 3 0 1 
0 0 1 0 0 0 1 0 0 1 1 1 0 3 3 0 3 2 
0 0 0 1 1 0 1 1 1 1 1 1 0 1 0 2 1 2 
0 1 0 1 1 1 1 1 1 0 0 1 0 3 2 1 1 1 
1 0 0 0 1 1 1 1 1 0 1 0 1 0 0 0 3 3 
0 1 1 0 0 0 0 0 0 1 1 0 0 0 0 1 3 3 
1 0 0 0 0 0 0 1 0 1 1 0 1 0 0 0 1 1 
0 1 1 1 1 1 0 0 0 0 0 0 1 1 3 0 3 1 
0 0 1 0 0 1 1 1 0 1 1 0 0 1 2 3 2 3 
0 0 0 0 0 1 0 1 0 0 0 0 0 0 3 3 1 0 
1 0 0 1 1 1 0 1 1 1 0 0 0 2 0 0 2 2 
0 0 1 0 0 0 1 1 1 0 0 1 0 2 3 1 2 2 
0 0 0 0 0 1 1 1 0 1 1 0 0 1 1 1 0 0 
0 1 1 1 1 0 1 0 1 1 0 1 1 2 1 0 1 3 
0 1 1 0 0 1 0 0 0 0 0 0 0 0 1 2 2 1 
1 0 0 1 1 1 1 0 1 1 0 1 1 2 0 0 2 0 
0 0 0 1 1 1 0 0 1 1 1 0 1 2 2 0 3 0 
0 1 0 1 1 1 1 1 1 1 0 0 0 2 2 2 3 0 
1 0 0 1 1 1 1 1 1 0 1 0 1 3 0 0 0 3 
0 0 1 0 1 1 1 0 1 0 0 0 0 3 3 2 0 3 
0 0 1 1 1 1 0 0 1 1 1 0 0 3 1 3 3 2 
0 0 0 0 0 1 0 0 0 0 0 0 1 1 2 0 1 2 

# Size = 22 | Time = 1757 ms
0 0 1 0 1 1 1 0 0 1 0 0 0 1 3 2 3 3 
0 0 1 1 1 0 0 0 1 1 0 1 0 0 2 3 1 3 
0 1 1 0 1 1 0 1 0 0 1 0 0 2 0 0 2 3 
0 1 1 0 1 0 1 1 0 0 1 1 0 3 1 1 0 3 
0 1 1 1 1 1 0 1 0 1 1 0 0 2 2 1 3 2 
0 1 0 1 1 1 0 1 0 1 0 0 0 2 1 2 1 0 
0 0 0 0 0 0 1 0 1 0 0 0 1 1 1 0 1 2 
0 1 0 1 1 1 0 0 1 1 1 1 0 1 1 3 2 2 
1 0 0 1 1 0 1 0 1 0 0 1 1 3 0 0 3 0 
0 1 1 0 0 1 0 1 0 1 1 0 0 3 0 3 3 0 
1 0 0 0 0 1 0 1 0 1 0 1 1 3 0 0 2 2 
0 1 0 1 1 0 0 1 1 1 1 1 1 3 3 0 1 2 
0 0 0 1 1 1 0 0 1 1 1 1 1 0 1 0 3 1 
0 1 1 0 0 0 0 1 1 0 1 1 0 0 0 2 0 2 
0 1 1 0 0 0 1 1 0 0 0 0 0 3 2 2 2 1 
1 0 0 0 0 1 1 0 1 1 0 1 1 2 0 0 0 3 
1 0 0 0 1 0 1 1 0 1 1 0 0 0 0 0 1 1 
0 0 0 0 0 0 0 0 1 1 0 1 0 1 0 1 1 1 
0 0 1 0 0 0 1 1 0 0 1 0 0 0 3 1 2 0 
0 0 1 1 1 0 1 0 0 1 1 0 1 2 3 0 0 1 
0 1 1 0 1 0 1 1 0 0 1 1 0 2 3 3 0 1 
0 0 0 0 1 1 0 1 1 0 1 1 1 1 2 0 0 0 

# Size = 23 | Time = 2409 ms
0 0 1 0 0 1 1 1 0 1 0 1 0 3 1 0 3 3 
0 1 1 0 0 1 1 1 0 1 1 1 0 0 2 2 3 2 
1 0 0 1 1 1 1 0 0 0 1 0 0 2 0 0 0 2 
0 0 1 0 0 1 1 0 1 0 0 1 0 0 0 3 2 3 
0 0 1 0 0 0 1 0 1 0 0 1 0 0 3 0 1 0 
1 0 0 1 1 1 0 1 1 1 1 1 1 2 0 0 2 0 
0 1 1 0 0 0 1 1 1 0 0 0 1 2 1 0 2 0 
0 0 0 1 1 0 0 0 1 0 0 0 0 2 1 2 2 0 
0 0 0 1 1 0 1 0 1 0 0 0 0 2 2 1 1 3 
1 0 0 0 0 0 0 0 1 0 0 0 1 2 0 0 3 1 
0 1 0 1 1 1 0 1 0 1 1 0 0 2 3 3 3 1 
0 1 0 0 0 1 0 0 0 1 1 0 0 1 0 1 3 0 
0 1 0 1 1 1 0 0 1 1 1 1 0 3 0 2 1 1 
0 1 1 0 1 0 0 0 1 1 0 0 1 3 3 0 2 2 
0 1 1 1 1 0 1 1 0 0 0 1 0 3 3 1 2 2 
0 0 1 1 1 0 1 1 1 0 1 0 0 1 1 3 1 2 
0 1 1 0 0 0 0 1 1 1 0 1 1 1 3 0 0 3 
0 0 1 0 1 1 1 0 0 0 1 0 0 1 3 2 0 3 
1 0 0 1 1 0 0 1 0 1 0 0 1 0 0 0 1 3 
0 1 1 1 1 0 1 1 0 1 1 1 0 0 1 1 0 1 
0 1 1 0 0 0 0 0 1 0 0 1 1 1 2 0 2 1 
1 0 0 0 0 1 1 1 0 0 0 0 0 3 0 0 0 0 
0 0 1 0 0 1 1 1 0 0 0 0 0 3 2 3 0 0 

# Size = 23 | Time = 1910 ms
0 0 1 1 1 1 0 1 0 1 0 0 1 0 1 0 3 0 
0 0 1 0 0 1 1 1 1 1 1 1 0 3 3 1 3 1 
0 1 0 0 1 1 0 1 0 1 0 0 0 1 0 0 0 1 
1 0 0 0 1 1 0 0 1 1 0 1 0 0 0 0 2 1 
0 0 0 1 1 0 1 1 0 0 1 1 0 0 2 2 2 1 
0 0 0 1 1 0 1 0 1 0 0 1 0 1 3 2 1 0 
0 0 1 0 0 0 1 0 0 0 1 1 0 1 1 1 2 3 
0 1 0 0 1 1 0 1 0 0 0 0 1 2 1 0 1 1 
0 0 1 0 0 1 1 0 1 0 1 0 0 2 1 3 1 1 
1 0 0 0 0 0 0 0 0 0 1 1 1 3 0 0 0 0 
0 1 0 1 1 0 1 1 0 1 0 0 0 3 0 3 2 0 
0 1 1 0 1 0 0 1 1 1 0 0 0 3 3 1 0 2 
0 0 0 0 0 1 1 1 0 1 1 1 0 3 1 2 0 2 
1 0 0 1 1 0 1 0 1 0 1 0 1 2 0 0 3 2 
0 1 0 0 0 0 0 0 0 1 1 1 0 0 0 1 1 2 
0 1 1 0 0 1 0 0 0 1 0 0 0 1 2 3 3 2 
0 1 1 0 1 0 1 0 1 1 0 0 1 1 2 0 2 2 
0 1 1 1 1 1 1 0 1 1 1 1 0 2 2 1 0 0 
0 1 0 1 1 1 0 1 0 1 0 0 1 2 3 0 2 3 
0 0 0 0 1 1 0 1 1 0 0 1 0 0 3 3 0 3 
1 0 0 1 1 1 1 1 0 0 1 0 0 3 0 0 1 3 
0 1 1 1 1 0 0 1 0 1 1 0 0 2 0 2 3 3 
0 0 0 1 1 1 1 1 1 0 0 1 0 3 2 1 1 3 

# Size = 25 | Time = 1878 ms
0 0 0 0 1 1 0 1 0 1 1 1 0 0 1 2 3 1 
0 1 1 0 1 0 0 1 1 0 0 0 0 2 3 0 3 0 
0 1 0 1 1 0 1 1 0 0 0 0 0 3 1 1 1 0 
0 0 0 1 1 1 0 1 0 0 0 0 0 1 1 3 0 2 
0 1 0 0 0 1 0 1 0 0 1 0 0 3 0 2 0 3 
0 0 1 1 1 1 0 1 1 1 0 1 0 2 3 1 0 1 
0 0 1 0 0 1 0 1 0 0 0 0 0 3 2 3 2 1 
0 1 0 0 1 0 1 0 0 0 1 0 1 2 1 0 2 3 
0 0 1 0 0 0 1 0 0 1 1 0 0 1 2 1 3 3 
0 0 1 1 1 1 1 0 1 1 1 1 0 2 0 3 3 0 
0 1 1 1 1 0 0 0 1 0 0 1 0 3 1 3 0 3 
0 1 0 0 0 0 1 0 1 1 1 1 1 1 1 0 1 1 
1 0 0 0 1 0 0 1 1 1 0 0 1 3 0 0 1 1 
0 1 1 0 0 1 1 1 1 1 1 1 0 1 0 0 2 2 
1 0 0 1 1 1 0 0 0 1 1 1 1 3 0 0 3 2 
0 0 0 0 0 0 1 0 0 0 1 1 0 3 3 2 2 2 
1 0 0 1 1 0 1 1 1 0 0 0 1 0 0 0 0 3 
0 1 1 0 0 1 1 0 0 1 1 0 0 0 3 3 1 3 
0 1 0 0 0 0 1 1 1 1 0 1 0 1 2 2 2 0 
0 1 1 1 1 0 1 1 0 0 1 0 1 1 3 0 0 0 
1 0 0 1 1 0 1 1 0 1 1 1 0 0 0 0 2 0 
0 0 1 1 1 0 0 0 1 1 0 1 1 0 2 0 0 2 
0 1 1 1 1 1 0 1 1 1 0 0 0 0 0 1 2 2 
1 0 0 0 0 1 1 1 0 1 1 1 1 2 0 0 1 2 
0 1 1 1 1 1 0 0 0 1 1 0 0 2 2 2 1 3 

# Size = 23 | Time = 1933 ms
0 1 1 0 0 0 0 0 1 0 0 0 0 2 1 3 0 2 
0 1 0 1 1 1 1 0 1 1 1 0 0 1 2 3 2 1 
1 0 0 1 1 1 0 0 0 1 1 1 1 3 0 0 0 1 
0 0 0 1 1 0 1 1 1 0 0 0 0 2 2 0 1 3 
0 0 1 0 0 0 1 1 1 0 0 1 0 3 1 2 2 3 
1 0 0 0 0 0 1 1 0 0 1 1 0 2 0 0 3 1 
0 1 0 1 1 1 0 0 0 1 1 1 0 2 3 2 3 1 
0 0 0 0 0 1 1 1 0 0 1 1 0 0 2 2 0 0 
0 0 1 1 1 0 1 1 0 0 0 1 0 3 3 3 1 0 
0 1 1 1 1 0 0 0 0 1 0 0 0 0 0 3 3 3 
0 1 1 1 1 1 1 0 0 1 0 1 0 0 1 1 1 1 
0 1 1 0 1 0 1 1 1 0 1 1 1 0 1 0 2 2 
1 0 0 0 0 1 0 1 0 1 0 0 1 0 0 0 2 2 
0 0 0 1 1 1 1 0 1 1 1 1 1 0 3 0 2 2 
0 0 0 0 0 0 0 1 0 0 1 1 0 1 0 1 1 2 
1 0 0 0 0 0 0 0 1 1 1 0 1 2 0 0 1 0 
0 0 1 0 1 0 0 0 1 1 0 0 0 1 0 2 1 2 
0 1 0 0 1 1 0 1 1 1 1 1 1 1 1 0 3 0 
0 1 1 0 0 0 0 0 1 0 0 0 1 3 2 0 3 2 
0 1 1 0 0 0 1 1 1 1 1 1 0 3 2 1 3 0 
0 1 1 0 0 0 1 1 1 0 1 0 0 2 3 1 2 0 
1 0 0 0 1 1 0 0 0 1 1 0 1 3 0 0 0 3 
0 0 0 1 1 0 0 1 1 1 0 0 0 1 3 1 0 3 

# Size = 24 | Time = 1996 ms
0 0 0 0 0 1 0 1 1 0 0 0 0 2 2 2 1 0 
0 0 1 0 1 0 0 0 0 1 1 0 0 0 3 0 2 0 
0 0 0 0 0 1 0 1 1 1 0 0 0 1 1 0 3 3 
0 1 1 0 0 1 0 1 1 1 0 0 0 3 0 2 2 1 
0 1 0 0 0 0 1 0 0 0 1 1 1 1 2 0 2 2 
0 0 1 1 1 1 0 1 1 1 1 0 0 1 2 3 2 2 
1 0 0 0 0 0 1 1 1 0 1 0 0 3 0 0 0 3 
0 1 0 1 1 0 0 1 0 0 1 0 0 3 2 1 0 3 
0 0 0 0 0 1 1 1 1 0 0 1 0 2 3 3 0 1 
0 1 1 1 1 0 1 0 0 1 1 1 0 3 3 1 1 2 
0 0 1 1 1 0 1 0 0 0 1 1 0 1 3 2 3 3 
0 0 1 1 1 0 1 1 0 0 0 0 1 1 3 0 1 1 
0 1 0 0 0 0 1 0 1 0 1 1 0 0 2 1 3 1 
1 0 0 1 1 1 0 0 0 1 1 1 1 2 0 0 2 3 
0 0 1 1 1 0 1 0 1 0 1 1 0 2 1 1 2 1 
1 0 0 1 1 1 0 1 0 1 0 1 1 0 0 0 1 1 
0 1 1 0 1 0 0 0 0 0 0 0 0 0 1 3 1 3 
0 1 0 0 1 0 1 1 0 1 0 0 0 2 0 3 3 2 
1 0 0 1 1 0 1 0 1 0 1 1 1 3 0 0 3 0 
0 1 1 1 1 0 0 0 0 1 1 0 0 3 1 3 0 0 
1 0 0 0 1 0 1 0 0 1 0 1 1 0 0 0 2 2 
0 0 1 0 0 1 1 0 0 0 0 0 1 1 1 0 0 2 
0 1 0 0 1 0 1 0 1 0 1 0 0 0 1 2 0 2 
0 1 1 0 0 1 1 0 1 1 0 1 0 1 0 1 0 0 

# Size = 23 | Time = 2107 ms
0 1 1 1 1 0 1 0 1 1 1 1 0 0 0 1 0 2 
0 0 0 0 1 1 1 0 1 0 1 1 0 1 1 1 1 3 
0 0 0 0 1 1 1 1 0 1 1 0 1 0 2 0 3 3 
0 1 1 0 0 0 0 0 0 1 0 0 0 1 0 2 3 0 
0 0 0 1 1 0 1 0 1 0 1 1 1 2 3 0 3 1 
0 1 0 0 0 1 0 1 1 0 0 1 0 2 2 1 3 2 
0 0 1 1 1 0 0 1 1 1 0 1 0 2 2 2 1 2 
0 0 0 1 1 1 1 1 1 0 1 1 0 1 2 3 0 1 
0 1 1 0 0 0 0 1 0 0 0 1 1 3 3 0 0 3 
0 0 0 1 1 1 1 1 0 0 1 0 0 3 3 2 0 3 
0 0 1 0 1 0 0 1 1 1 0 0 1 1 3 0 2 2 
0 0 0 1 1 1 1 0 1 0 1 1 0 3 2 1 2 0 
1 0 0 0 1 0 0 1 0 1 1 1 0 2 0 0 0 1 
0 1 1 0 0 1 0 1 0 1 1 0 0 2 3 1 1 1 
1 0 0 0 0 1 1 0 0 0 0 0 1 2 0 0 2 3 
0 1 1 0 0 0 0 0 0 1 0 0 0 2 0 3 2 3 
0 1 1 1 1 0 0 1 0 1 0 0 1 2 1 0 0 0 
1 0 0 0 0 0 0 0 1 0 0 0 1 0 0 0 1 0 
0 1 0 1 1 1 0 1 0 1 0 1 0 0 3 3 1 0 
0 0 0 0 0 0 1 1 1 1 0 0 0 0 1 2 2 1 
1 0 0 1 1 0 1 0 0 1 0 0 1 3 0 0 3 2 
0 0 0 0 1 1 0 0 0 0 0 1 0 3 1 3 3 2 
1 0 0 0 1 1 0 1 0 1 1 0 1 3 0 0 1 1 

# Size = 23 | Time = 1790 ms
0 1 0 0 0 0 1 1 0 0 0 1 0 3 1 3 0 0 
0 1 1 0 1 0 0 0 0 0 1 0 0 1 3 3 2 2 
0 1 1 0 1 0 0 0 1 0 0 1 0 0 0 0 0 2 
0 0 1 0 1 1 1 1 1 1 0 0 0 2 3 1 0 3 
1 0 0 0 1 0 1 0 0 0 1 1 1 3 0 0 2 3 
0 1 1 1 1 1 0 1 1 1 1 0 0 3 0 2 2 3 
0 0 1 0 1 0 1 1 0 1 0 1 0 3 2 1 3 2 
0 0 1 0 0 1 0 1 1 1 0 0 1 1 0 0 1 2 
0 0 1 1 1 1 1 0 1 1 1 0 0 1 0 1 1 0 
1 0 0 0 0 1 1 1 1 0 0 0 1 0 0 0 1 0 
0 0 0 1 1 0 0 0 0 0 1 1 0 0 3 2 3 0 
0 1 0 0 0 0 0 0 1 1 1 1 0 0 2 3 1 3 
0 0 1 1 1 1 0 0 0 1 1 0 0 2 1 2 1 2 
0 1 0 1 1 1 1 0 1 1 0 1 1 1 1 0 3 3 
0 1 0 0 1 0 0 0 0 0 0 1 0 0 1 1 2 1 
0 0 1 0 0 1 1 1 1 0 0 0 0 1 2 2 0 1 
0 1 0 1 1 0 0 0 0 0 1 1 1 2 2 0 0 0 
0 0 0 0 0 1 0 1 0 1 0 1 0 2 2 3 2 0 
0 0 0 0 0 1 1 0 1 1 1 0 1 3 3 0 1 1 
1 0 0 1 1 1 0 1 0 1 1 0 0 2 0 0 3 1 
0 0 1 1 1 0 1 0 1 1 0 0 0 2 0 3 3 1 
0 0 0 0 0 1 0 1 0 0 0 1 0 1 1 1 3 2 
1 0 0 0 0 1 0 1 0 1 0 0 1 3 0 0 0 2 

# Size = 24 | Time = 1762 ms
0 1 1 0 1 0 1 1 0 0 1 0 0 2 1 1 2 1 
0 0 0 0 1 1 0 0 1 1 0 1 0 3 0 1 1 3 
0 1 0 0 0 0 1 1 1 0 1 0 0 2 2 3 3 3 
0 1 0 0 0 1 0 0 1 1 1 0 0 3 3 3 0 1 
0 1 0 1 1 0 1 1 0 0 0 0 1 3 0 0 0 1 
0 0 1 0 0 1 0 1 1 1 1 1 1 2 0 0 2 2 
1 0 0 1 1 0 0 1 1 0 1 0 1 0 0 0 2 3 
0 0 1 0 0 0 1 1 0 1 0 1 0 0 3 0 2 3 
1 0 0 1 1 0 1 0 0 1 0 1 1 0 0 0 3 0 
0 0 1 0 0 0 0 1 0 0 1 0 0 1 0 3 2 0 
0 0 1 0 0 1 0 1 1 1 1 0 0 0 0 2 3 1 
1 0 0 1 1 0 1 0 0 0 0 1 0 2 0 0 0 2 
0 0 1 0 0 0 0 1 1 0 1 0 1 2 3 0 1 0 
0 1 1 1 1 0 1 0 0 0 0 1 0 2 3 2 1 0 
0 1 1 1 1 1 1 0 1 1 0 1 1 1 1 0 0 3 
0 0 0 0 0 0 0 0 1 1 1 1 0 1 1 2 0 3 
0 1 1 0 0 1 0 0 0 1 0 1 0 0 2 1 0 0 
0 0 0 1 1 1 1 0 1 1 1 1 1 1 2 0 1 1 
1 0 0 0 0 1 0 0 1 0 1 1 1 3 0 0 2 1 
0 1 1 1 1 1 0 1 0 0 1 0 0 1 3 1 3 2 
0 0 1 0 1 1 0 1 0 1 1 0 0 3 2 2 2 2 
0 0 0 1 1 1 1 0 0 0 0 1 0 3 1 3 3 0 
1 0 0 0 1 1 0 1 0 1 1 0 1 0 0 0 1 2 
0 1 0 0 0 1 0 1 0 1 1 1 0 0 1 3 1 2 

# Size = 24 | Time = 2348 ms
0 0 0 0 0 0 0 1 0 1 0 1 0 0 1 3 2 2 
0 1 1 1 1 0 0 0 0 1 0 0 1 2 1 0 3 1 
0 0 0 1 1 0 1 0 0 0 1 1 0 1 2 0 1 2 
0 0 0 1 1 0 1 1 1 0 1 0 0 2 0 3 1 0 
0 1 0 0 0 1 0 1 0 0 0 0 1 1 0 0 1 1 
0 0 1 1 1 1 0 1 1 0 1 0 0 1 0 1 2 1 
0 1 1 0 0 0 1 0 1 1 1 1 1 1 1 0 2 0 
0 1 0 0 0 1 0 1 0 0 0 1 0 1 1 2 0 0 
1 0 0 0 0 1 1 1 1 1 0 1 0 2 0 0 2 3 
0 1 1 0 0 0 0 1 1 1 1 0 0 2 2 2 2 3 
0 1 1 0 1 1 1 0 1 1 1 1 0 3 2 3 0 1 
1 0 0 1 1 0 0 0 0 0 1 0 1 0 0 0 0 3 
0 1 0 1 1 0 0 1 0 0 0 0 1 3 3 0 2 0 
0 0 0 0 0 1 1 1 1 0 1 1 0 1 3 3 3 3 
1 0 0 0 0 1 0 0 1 0 1 0 1 3 0 0 3 2 
0 1 1 1 1 1 1 0 1 0 1 0 0 2 0 2 3 2 
0 1 0 0 0 0 1 0 0 1 0 1 0 2 3 1 0 2 
0 0 1 1 1 1 0 1 0 1 0 1 0 3 1 2 1 3 
0 1 1 0 1 1 0 1 0 0 0 1 0 3 1 1 1 3 
1 0 0 0 1 1 1 1 1 1 0 1 1 0 0 0 1 1 
0 1 1 0 0 0 1 1 1 1 0 0 0 0 3 2 1 1 
1 0 0 0 0 0 1 1 1 1 0 0 0 0 0 0 3 0 
0 1 0 1 1 0 1 0 0 1 0 0 1 0 2 0 3 0 
0 0 0 0 1 0 1 0 1 0 1 1 0 0 2 1 3 0 

# Size = 24 | Time = 1898 ms
0 1 1 0 0 1 1 0 0 0 0 1 0 2 1 1 1 2 
0 1 0 0 1 0 0 1 1 1 0 1 0 0 3 2 3 2 
0 1 1 0 1 0 0 1 0 0 0 0 0 1 2 0 2 0 
0 0 1 1 1 1 0 0 1 0 1 1 1 0 2 0 1 0 
0 0 0 0 0 1 1 0 1 1 0 0 0 3 2 0 2 0 
0 1 1 1 1 1 0 0 1 1 1 1 0 3 2 3 2 2 
1 0 0 1 1 1 0 0 1 1 0 0 1 2 0 0 3 2 
0 0 1 1 1 0 0 1 0 1 1 0 1 3 1 0 3 1 
0 1 0 0 0 0 1 0 0 0 1 0 0 2 2 2 0 1 
0 0 0 0 0 1 1 1 0 1 0 0 0 0 1 3 0 3 
1 0 0 0 0 1 0 1 1 0 0 1 1 0 0 0 2 1 
0 0 0 0 1 0 0 1 0 1 1 0 0 0 0 1 2 1 
0 0 1 1 1 1 1 0 1 0 1 1 0 1 1 2 2 0 
0 0 0 0 0 1 1 0 0 1 1 0 1 1 3 0 1 1 
0 1 1 1 1 0 1 1 1 0 0 1 0 1 3 3 1 1 
0 1 1 1 1 0 0 0 1 0 1 1 0 1 2 1 3 3 
1 0 0 0 0 0 1 0 0 1 1 1 0 2 0 0 3 0 
0 1 1 1 1 1 0 1 1 1 1 1 1 1 0 0 0 2 
1 0 0 1 1 0 0 0 1 0 0 0 1 3 0 0 0 3 
0 0 0 0 1 1 1 0 1 1 1 1 0 3 3 1 0 0 
0 1 1 1 1 0 1 1 0 0 0 0 0 2 3 0 2 3 
1 0 0 1 1 0 0 0 1 1 1 1 1 3 0 0 1 2 
0 1 0 1 1 0 0 1 0 0 1 1 0 3 0 2 1 3 
0 1 1 0 0 0 0 0 1 1 0 0 0 2 0 3 3 0 

# Size = 23 | Time = 1820 ms
0 0 0 1 1 1 1 1 1 0 0 1 1 3 2 0 1 1 
0 1 1 0 0 1 0 0 0 1 1 1 0 1 2 1 2 0 
0 0 0 1 1 0 1 0 1 0 1 1 0 3 3 1 3 2 
0 1 1 0 0 1 0 1 0 0 1 0 0 0 2 2 0 2 
0 0 1 1 1 1 0 1 1 1 0 0 0 2 3 2 1 0 
0 0 1 0 0 1 0 0 1 1 1 0 0 1 0 2 3 1 
0 1 1 0 0 1 1 1 1 0 1 1 0 3 0 3 0 0 
0 1 1 0 0 0 1 1 0 0 1 1 1 2 2 0 3 0 
0 0 0 1 1 0 0 0 0 1 0 0 0 2 2 3 3 3 
1 0 0 0 1 0 1 0 1 0 0 1 1 0 0 0 1 3 
0 1 1 0 0 1 1 1 0 1 1 0 0 0 0 1 1 3 
1 0 0 1 1 1 1 1 1 1 0 0 1 3 0 0 2 3 
0 1 0 1 1 1 1 1 1 0 1 1 0 1 1 2 2 3 
0 0 1 1 1 0 0 0 0 1 0 0 0 3 1 2 0 1 
0 1 1 0 0 0 0 0 1 1 0 0 1 1 1 0 1 2 
0 1 0 1 1 0 1 1 1 1 1 1 0 1 1 3 1 2 
0 1 0 1 1 0 1 0 0 0 1 1 0 0 3 3 2 1 
0 0 0 0 0 0 1 0 0 0 1 0 1 1 3 0 0 3 
1 0 0 0 0 1 0 0 0 0 1 0 0 2 0 0 2 2 
1 0 0 1 1 1 1 0 1 0 1 1 1 2 0 0 0 1 
0 1 0 0 0 1 1 1 1 1 0 1 0 2 1 1 0 1 
1 0 0 0 0 0 0 1 1 0 1 0 0 0 0 0 3 0 
0 0 0 0 1 1 0 0 1 1 1 0 0 0 1 1 3 0 

# Size = 23 | Time = 1725 ms
0 0 1 1 1 1 0 0 1 1 0 1 0 0 1 1 0 3 
0 1 1 1 1 1 0 0 1 1 1 0 0 0 2 0 1 2 
0 0 1 0 0 0 0 0 1 0 1 1 0 1 3 3 0 2 
0 1 0 1 1 0 0 1 0 0 0 1 0 2 3 1 1 0 
0 0 1 0 0 0 1 1 0 1 0 1 0 1 2 1 2 1 
0 1 0 1 1 1 1 1 0 0 0 1 0 0 0 3 2 0 
0 0 0 0 0 0 1 1 1 0 1 1 1 2 2 0 3 3 
0 1 1 0 1 1 0 0 0 1 0 0 0 2 2 3 3 3 
1 0 0 1 1 1 1 0 1 0 0 1 0 3 0 0 1 3 
0 1 0 1 1 1 0 1 0 0 0 0 0 1 0 2 1 3 
1 0 0 0 0 0 1 1 0 1 1 0 1 3 0 0 0 0 
0 1 1 0 0 1 0 0 1 0 1 1 0 3 2 2 0 0 
1 0 0 1 1 1 0 0 1 0 1 0 1 0 0 0 3 1 
0 1 0 0 0 1 1 0 1 1 0 0 0 0 3 2 3 1 
0 1 1 0 0 0 0 0 1 0 1 0 1 3 3 0 2 3 
0 1 0 0 0 0 1 1 0 0 1 0 1 3 1 0 1 1 
0 0 0 0 0 1 1 0 1 0 0 1 0 3 1 3 1 1 
1 0 0 0 0 1 1 1 0 0 0 0 1 2 0 0 2 2 
0 0 0 0 1 0 0 1 0 1 0 1 0 2 1 2 2 2 
0 1 1 0 0 1 1 1 0 1 1 0 0 2 0 1 0 1 
0 0 0 1 1 0 1 0 1 1 1 1 0 3 2 1 3 2 
0 0 0 0 0 0 1 0 1 0 0 0 1 1 1 0 3 0 
0 0 0 0 0 0 0 1 1 0 0 0 1 0 0 0 1 2 

# Size = 23 | Time = 1821 ms
0 0 1 0 1 1 1 0 1 1 0 0 0 0 2 1 1 0 
0 1 0 1 1 0 1 0 0 0 1 1 0 1 2 0 2 2 
0 0 1 0 1 1 1 1 1 1 1 1 0 3 1 2 2 0 
0 0 1 0 0 1 0 1 1 1 1 0 0 3 2 3 0 3 
0 1 0 0 0 0 0 0 1 0 0 0 0 1 1 1 0 1 
0 1 1 1 1 1 0 1 1 0 0 1 0 1 0 3 3 0 
0 0 1 1 1 1 0 0 1 1 1 0 1 1 3 0 1 3 
0 1 0 0 0 0 0 1 0 0 0 1 0 1 3 2 1 3 
1 0 0 0 0 0 0 1 0 1 0 0 1 0 0 0 2 1 
0 1 0 0 0 1 1 0 0 0 1 1 0 0 3 3 2 1 
0 1 0 0 0 0 0 0 0 0 0 1 0 3 3 1 3 2 
1 0 0 1 1 1 1 0 1 0 1 1 0 3 0 0 1 1 
0 1 1 1 1 1 1 1 0 1 1 0 0 0 0 2 0 2 
1 0 0 1 1 1 1 1 0 1 1 0 1 0 0 0 3 3 
0 1 1 1 1 0 1 1 0 0 0 1 1 3 1 0 3 3 
0 1 1 1 1 1 0 1 0 1 1 1 0 0 1 1 3 1 
0 1 0 1 1 1 0 1 0 0 1 1 0 2 0 1 2 3 
0 0 1 0 0 0 1 0 1 1 0 0 0 2 2 2 3 1 
0 0 1 0 0 1 1 1 1 1 0 0 1 2 2 0 0 0 
1 0 0 0 0 0 1 1 0 1 0 1 0 2 0 0 0 0 
0 0 1 1 1 0 1 0 0 0 0 1 0 2 3 3 0 0 
1 0 0 0 0 0 1 1 1 0 0 1 1 2 0 0 3 2 
0 0 0 0 0 1 0 0 1 0 1 1 0 2 1 3 1 2 

# Size = 23 | Time = 2010 ms
0 1 0 0 1 0 1 0 0 1 1 0 0 0 1 3 1 3 
0 1 0 0 1 1 1 1 1 1 0 1 0 2 1 2 3 2 
0 0 0 1 1 0 1 0 0 1 0 0 0 3 0 2 1 1 
0 0 0 0 0 0 1 1 0 1 0 0 0 0 3 2 2 0 
0 1 0 1 1 1 1 1 1 0 0 1 0 1 1 1 0 0 
1 0 0 0 0 1 0 1 1 0 0 1 1 2 0 0 1 0 
0 1 0 0 1 0 1 0 0 0 1 1 1 1 0 0 2 2 
0 0 1 0 0 1 0 1 1 1 0 0 0 1 0 3 2 2 
0 0 1 1 1 1 1 1 0 1 0 0 1 1 3 0 3 3 
1 0 0 0 0 1 1 1 1 0 1 0 0 3 0 0 2 1 
0 0 1 0 0 1 0 0 1 0 1 1 1 3 1 0 2 1 
0 1 0 0 0 1 1 1 1 0 0 0 0 1 2 2 1 1 
1 0 0 1 1 0 0 0 0 1 1 0 1 0 0 0 0 2 
0 1 1 0 0 1 0 1 1 0 1 1 1 0 2 0 0 2 
0 0 1 1 1 0 0 0 0 1 1 0 0 2 2 1 2 3 
0 1 0 0 0 0 0 0 1 0 1 1 0 2 3 3 0 3 
0 0 1 1 1 0 1 1 0 1 0 0 0 2 3 3 0 1 
1 0 0 1 1 1 1 0 1 1 1 1 0 3 0 0 0 3 
0 1 1 1 1 0 0 0 0 0 1 0 0 3 3 2 0 3 
0 1 0 0 0 0 0 0 1 0 1 1 0 0 0 1 3 1 
0 1 1 0 0 1 1 0 0 0 1 0 0 3 3 1 1 2 
1 0 0 0 1 0 1 1 0 1 1 0 0 3 0 0 3 3 
0 0 1 0 0 1 0 0 1 1 1 0 0 3 2 3 3 0 

# Size = 26 | Time = 1491 ms
0 0 1 0 1 1 1 1 1 1 0 0 0 0 2 2 3 3 
0 0 1 0 0 1 1 1 1 0 1 0 1 0 0 0 0 1 
0 1 1 1 1 1 0 0 0 0 0 0 0 0 1 1 3 2 
0 1 1 1 1 1 0 1 0 0 0 1 1 2 3 0 3 0 
0 1 1 1 1 1 0 0 0 0 1 0 0 1 3 2 1 2 
0 0 1 1 1 1 1 1 0 0 0 1 1 3 2 0 2 2 
0 1 0 0 0 1 1 0 1 1 1 0 0 3 2 1 2 0 
0 0 0 1 1 0 1 0 0 1 0 0 0 2 1 2 2 1 
1 0 0 1 1 0 1 0 0 1 0 1 0 0 0 0 2 0 
0 0 1 1 1 1 1 1 0 0 0 0 0 0 2 3 1 1 
0 1 0 0 0 0 0 0 1 1 1 1 0 1 0 3 2 2 
0 0 0 0 0 0 1 1 1 1 0 1 0 0 3 1 1 0 
0 0 0 0 0 0 1 1 0 0 1 1 0 1 0 2 3 0 
1 0 0 0 0 1 0 0 1 1 1 0 1 2 0 0 1 2 
0 1 0 1 1 0 0 0 0 1 0 1 0 2 2 3 0 2 
1 0 0 1 1 0 0 1 1 0 1 1 1 3 0 0 3 1 
0 1 1 1 1 0 1 1 1 0 1 1 0 3 3 3 3 1 
0 1 0 1 1 0 0 0 0 0 1 1 0 3 3 2 0 3 
0 0 1 1 1 0 1 1 1 1 0 0 1 1 3 0 2 3 
1 0 0 1 1 0 0 1 1 1 0 0 1 2 0 0 1 3 
0 0 1 0 0 0 0 1 1 0 1 1 0 1 1 3 0 3 
0 0 1 1 1 1 0 0 1 0 0 1 0 3 1 3 0 0 
0 1 0 1 1 0 0 0 1 1 1 0 0 2 0 1 0 3 
0 1 0 0 0 1 0 1 0 1 1 1 1 3 1 0 1 1 
1 0 0 0 1 0 1 1 0 1 0 0 0 0 0 0 0 0 
0 1 0 0 1 1 0 1 1 1 1 0 0 1 2 1 3 1 

# Size = 24 | Time = 1674 ms
0 0 1 0 0 1 0 1 0 0 0 1 0 2 2 0 3 3 
0 1 0 0 1 0 1 0 0 1 1 0 0 2 3 1 2 1 
0 1 1 1 1 0 0 0 1 1 1 0 0 1 1 2 2 3 
0 1 1 1 1 1 0 1 0 1 1 1 1 1 3 0 0 2 
1 0 0 0 0 0 1 1 1 0 1 0 0 3 0 0 2 0 
0 0 1 0 0 0 0 0 1 0 0 0 0 3 2 2 0 1 
0 1 0 1 1 0 0 0 1 1 1 1 0 1 2 1 1 0 
1 0 0 0 0 1 0 0 1 1 0 0 1 2 0 0 0 0 
0 1 0 0 0 0 0 1 0 0 1 0 0 2 1 3 0 0 
1 0 0 1 1 0 0 0 1 0 1 0 0 3 0 0 3 2 
0 1 0 0 0 1 1 1 0 1 0 1 0 3 1 1 3 2 
0 0 1 1 1 1 1 1 0 0 0 1 1 1 0 0 1 1 
0 1 1 1 1 1 1 0 1 1 0 1 0 1 0 3 3 1 
0 0 0 0 0 1 0 1 1 0 0 1 0 0 3 2 3 0 
0 1 0 0 0 0 1 0 1 0 0 0 1 3 3 0 1 3 
0 0 0 0 0 1 1 1 0 0 1 1 0 3 3 3 1 3 
1 0 0 1 1 0 1 0 0 1 1 1 1 0 0 0 1 1 
0 0 1 1 1 0 0 0 1 1 0 0 1 0 1 0 1 1 
0 0 1 0 0 1 1 0 0 0 0 1 0 1 0 1 0 0 
0 0 1 1 1 0 1 0 1 0 1 0 1 2 2 0 3 2 
0 1 0 0 0 1 1 1 0 0 0 1 0 2 0 2 1 2 
1 0 0 1 1 1 0 1 0 0 0 1 1 0 0 0 2 3 
0 1 1 0 0 1 0 1 0 1 0 1 0 0 2 1 0 3 
0 1 1 0 1 0 1 0 1 0 1 0 0 0 2 3 2 2 

