# Size = 16 | Time = 11085 ms
0 0 0 0 2 0 0 0 0 1 1 0 1 1 0 1 0 0 1 1 1 0 1 1 1 0 1 1 0 1 1 0 0 0 0 0 1 1 0 1 1 1 1 1 1 1 1 0 1 0 0 0 
0 1 0 0 1 0 1 1 1 0 1 0 1 0 1 0 0 0 1 1 3 0 1 1 1 0 1 1 3 1 1 0 1 0 0 0 0 0 1 0 0 1 1 1 1 0 1 0 1 0 0 1 
0 0 1 1 1 1 1 0 0 1 1 1 1 1 1 0 0 0 1 1 1 0 0 1 0 0 1 1 1 0 0 0 0 1 0 0 0 0 1 0 0 0 0 1 0 1 0 0 0 1 0 1 
1 1 1 1 0 0 1 0 1 0 1 0 1 0 1 1 1 0 0 0 2 0 1 1 1 1 1 0 2 1 0 0 0 0 0 0 0 0 1 0 1 0 1 0 0 0 1 0 1 0 1 1 
1 1 0 0 1 0 1 1 1 0 0 1 0 1 1 1 1 1 1 0 2 0 0 0 1 1 1 0 0 1 1 1 0 0 1 1 0 1 0 1 0 1 0 1 1 1 1 1 0 0 0 0 
0 0 1 1 1 1 1 1 0 1 1 0 0 0 0 0 1 1 1 1 0 0 0 1 1 1 1 1 2 1 0 1 0 1 1 0 1 1 0 0 0 0 0 1 0 1 0 1 0 0 0 0 
0 0 0 0 2 1 0 1 0 1 0 1 0 1 0 1 1 0 0 0 3 1 0 1 0 0 0 0 2 1 1 1 1 1 1 1 1 1 0 1 1 1 0 1 1 1 1 1 0 1 1 0 
0 0 0 1 2 0 1 0 0 1 0 0 0 0 0 0 1 1 0 1 2 0 0 0 0 1 0 0 3 0 0 1 0 1 1 0 1 0 0 1 1 0 0 1 1 1 0 1 0 1 0 0 
1 0 0 0 0 1 1 1 0 1 0 1 0 0 0 1 0 0 0 1 1 1 0 0 0 0 0 0 2 0 0 1 1 1 1 1 1 1 0 1 1 1 0 1 1 1 1 1 0 0 0 0 
0 1 1 1 0 1 0 0 0 1 0 1 1 1 0 1 0 0 1 0 0 1 0 0 0 0 0 1 3 0 0 1 0 0 0 1 1 1 0 0 0 1 0 0 0 0 1 0 1 1 1 1 
1 1 1 1 0 1 0 0 0 0 1 0 1 0 0 0 0 1 0 1 3 1 0 0 0 1 0 0 0 0 1 0 0 0 1 1 0 0 1 0 0 0 1 0 0 0 0 1 0 1 1 1 
1 1 1 1 0 0 0 0 1 0 0 0 0 0 1 1 1 1 0 0 3 1 1 0 1 0 0 0 1 0 0 1 1 1 1 1 1 1 0 1 1 1 1 1 1 0 1 0 1 0 1 1 
1 1 1 1 1 1 0 1 1 0 0 1 0 0 0 0 1 1 0 0 1 1 1 0 0 1 0 1 3 0 0 1 1 1 0 0 1 1 1 1 1 1 0 0 0 0 0 1 0 1 1 1 
1 1 1 0 2 1 0 1 1 0 0 1 0 1 1 0 0 1 0 0 2 1 0 0 1 0 1 1 1 1 1 0 1 0 1 0 0 0 1 0 0 0 1 0 0 1 0 1 0 1 0 1 
1 0 0 0 2 0 0 1 1 0 0 0 0 0 1 0 0 0 0 0 0 1 1 0 1 0 1 0 0 0 0 0 1 1 1 0 0 0 1 1 1 0 1 1 1 0 0 0 1 1 0 1 
1 0 0 0 2 0 0 1 1 1 0 0 0 1 0 0 1 0 1 1 0 0 1 0 1 1 1 0 1 0 1 0 0 0 1 0 0 1 1 0 1 0 0 0 0 1 0 0 1 1 0 0 

# Size = 17 | Time = 38335 ms
1 1 0 1 0 0 0 0 0 0 0 0 0 0 0 0 0 0 1 1 2 1 0 0 0 1 1 1 0 1 0 0 0 1 1 0 0 0 0 0 0 0 1 0 0 1 0 0 1 0 1 1 
0 0 1 0 0 1 1 1 0 0 1 1 0 1 0 0 1 1 1 1 1 0 1 0 0 1 0 0 2 0 0 0 0 1 0 1 0 1 0 1 0 0 0 1 0 1 0 1 0 0 1 0 
1 0 0 1 2 1 0 0 1 1 1 1 0 0 1 0 0 0 0 0 1 0 1 1 0 0 1 1 3 1 1 0 0 0 1 1 0 0 1 1 1 0 0 0 0 0 1 0 1 1 1 1 
0 0 1 0 1 1 1 0 1 1 1 0 0 1 1 0 0 0 1 0 0 1 0 0 1 0 0 1 0 1 1 1 0 1 0 1 0 1 1 1 0 1 0 1 0 1 0 0 0 1 0 0 
0 1 0 0 1 1 1 0 0 0 0 0 1 0 0 1 1 1 1 1 2 0 1 1 0 1 0 0 2 0 1 0 1 0 1 1 1 1 1 1 0 1 1 0 0 1 1 0 0 0 0 0 
0 0 1 0 2 1 0 0 1 0 0 1 0 1 0 1 1 0 1 0 2 1 1 1 1 0 1 1 1 0 1 1 1 1 1 1 0 0 0 0 0 1 1 1 1 0 1 1 0 0 0 1 
1 0 1 1 0 0 0 1 1 1 1 1 1 0 1 0 0 0 0 1 0 0 0 1 1 1 0 0 1 0 0 1 1 0 1 0 0 1 1 1 0 1 1 1 0 0 1 0 1 0 1 1 
0 0 0 0 1 1 1 1 0 0 0 1 0 0 0 1 1 0 1 0 3 0 1 1 0 0 0 1 3 0 0 1 1 1 0 0 1 0 1 0 0 0 1 1 1 0 1 0 1 0 1 1 
0 1 0 1 1 0 0 1 1 0 0 0 1 1 1 1 0 1 1 1 1 0 1 1 1 0 1 0 0 0 1 1 1 0 0 0 1 1 0 0 1 1 1 1 1 0 1 1 0 1 0 1 
1 1 1 0 2 0 1 1 0 1 0 1 1 0 1 0 1 1 0 1 3 1 0 1 1 1 0 0 0 1 1 0 1 1 0 0 1 1 1 1 1 0 0 0 0 1 0 1 0 1 0 0 
0 1 1 1 0 0 0 0 1 1 1 0 1 1 0 1 0 1 0 0 3 1 0 0 1 1 1 0 3 1 1 1 0 0 1 1 1 1 0 0 0 1 0 1 1 1 1 0 1 1 0 0 
1 1 0 1 0 1 1 1 0 0 0 1 1 0 0 0 1 1 0 1 0 1 1 0 0 0 1 1 3 1 0 0 1 0 0 1 1 0 0 1 1 0 0 1 1 0 0 1 0 0 0 1 
1 1 0 0 1 0 1 0 0 1 1 0 1 1 0 0 0 1 0 1 3 0 1 0 0 0 1 0 1 1 0 0 0 0 0 1 1 0 0 0 1 0 0 0 0 1 0 0 0 1 0 0 
1 0 1 0 2 0 0 0 1 1 0 0 1 1 1 1 1 0 1 1 1 1 0 0 0 0 0 0 1 0 0 1 0 0 1 1 1 0 0 1 0 0 1 0 0 1 1 0 1 0 0 0 
0 0 1 0 2 0 1 1 1 1 1 0 1 0 1 0 1 1 0 1 2 1 0 1 0 0 0 0 3 0 0 1 1 0 0 0 1 1 0 0 1 1 0 0 0 1 0 0 0 1 0 0 
1 0 0 1 2 0 0 1 1 1 1 1 0 0 1 1 0 0 0 0 0 1 0 0 1 0 1 1 2 1 1 1 1 0 0 0 0 0 0 0 1 0 1 0 0 0 1 0 1 1 0 1 
1 0 0 1 0 1 0 0 1 0 1 1 1 1 0 0 1 0 0 0 3 0 1 0 0 1 1 1 2 0 1 1 1 0 0 1 0 0 1 0 0 0 0 1 1 0 0 1 0 0 1 1 

# Size = 17 | Time = 11095 ms
0 1 1 0 2 1 1 0 0 1 1 0 0 1 0 1 1 0 1 0 2 1 1 0 1 1 0 0 3 1 1 0 1 1 1 0 1 1 0 1 1 1 0 1 1 1 1 1 0 0 1 1 
1 1 1 0 2 1 1 1 1 1 0 1 0 0 0 1 0 0 0 1 3 1 0 1 0 1 0 0 2 1 1 0 1 1 0 1 0 1 0 0 0 0 0 0 0 0 1 0 1 1 1 1 
1 0 1 1 2 1 1 1 0 0 0 0 0 1 0 0 0 1 1 0 1 1 1 0 1 1 0 0 0 0 0 1 0 0 1 0 1 0 1 0 1 1 1 1 1 1 1 0 0 0 0 0 
1 0 1 1 0 1 0 0 1 0 1 1 1 1 1 0 0 0 0 1 1 1 0 0 1 0 1 1 2 0 1 0 1 1 1 0 0 0 0 1 0 1 1 1 1 1 0 1 0 1 1 0 
0 1 1 1 0 0 1 0 0 1 1 0 1 1 0 0 0 1 0 1 1 1 1 0 0 1 1 1 1 1 0 0 0 0 0 0 1 0 1 1 0 1 0 0 0 0 1 0 1 0 1 1 
0 0 1 1 1 1 1 0 1 0 0 0 0 1 0 0 0 0 0 0 0 1 0 1 1 0 0 1 1 0 0 1 1 0 1 1 0 0 0 0 0 0 0 1 1 1 0 0 0 1 1 0 
1 1 0 0 0 0 0 1 1 0 0 1 0 0 1 1 1 1 0 1 2 1 1 1 0 1 0 1 1 1 1 1 0 0 0 1 0 1 0 1 1 0 0 1 1 1 1 0 0 0 1 0 
0 0 0 0 1 0 0 1 0 0 1 0 1 0 1 1 1 1 1 0 0 0 1 0 0 1 1 0 2 0 0 1 0 0 0 0 1 1 1 1 1 1 1 0 0 0 1 1 0 0 0 1 
1 1 0 1 2 0 1 1 0 1 1 1 1 1 1 0 0 1 1 1 2 0 1 1 0 1 1 1 2 0 0 1 1 1 0 1 1 0 0 0 0 1 0 0 0 0 0 1 0 0 1 1 
0 1 0 0 2 1 0 0 1 1 1 1 1 0 1 1 1 0 1 1 0 0 0 0 0 0 1 1 0 1 1 0 1 1 0 1 0 1 0 1 0 0 0 1 1 0 1 0 1 1 1 1 
0 0 0 0 0 0 0 0 0 0 1 0 1 1 1 0 0 1 1 0 3 0 1 0 0 0 1 1 3 0 0 1 0 1 1 0 1 0 1 1 0 1 1 1 1 1 0 0 0 1 0 0 
1 0 0 1 0 0 0 1 1 1 0 1 0 0 0 0 1 1 0 1 0 0 0 1 1 0 1 0 3 1 1 0 1 0 1 1 1 1 0 0 0 0 0 1 0 0 0 1 0 0 0 1 
0 0 0 0 0 0 1 1 1 1 0 1 1 0 1 0 1 0 0 1 2 0 0 1 1 0 0 1 0 1 1 1 1 0 1 0 0 0 1 1 1 0 1 0 0 1 0 1 0 1 0 0 
0 1 1 1 2 1 1 1 0 1 1 0 0 1 1 1 1 0 1 0 3 0 0 0 1 0 1 0 1 0 0 1 0 1 0 1 0 1 1 0 1 0 1 1 1 0 1 1 0 0 0 1 
1 0 1 0 1 0 1 1 0 0 1 1 0 1 1 0 0 1 1 1 3 0 0 0 1 1 1 1 0 0 1 0 0 0 1 0 1 0 1 1 1 1 1 0 0 1 0 0 1 0 0 0 
1 1 0 1 1 0 1 0 0 1 0 1 1 0 0 1 1 0 1 0 2 0 1 1 1 1 1 0 3 1 0 1 1 1 0 1 0 0 1 0 0 1 0 0 0 1 1 0 1 0 0 0 
0 1 0 0 1 1 1 0 0 0 1 1 1 0 1 1 1 0 1 0 1 0 0 1 1 0 0 1 3 1 1 0 0 1 1 1 0 1 1 0 1 0 1 0 0 1 1 0 1 0 1 0 

# Size = 17 | Time = 9994 ms
0 1 1 1 1 1 1 1 1 0 0 0 0 0 0 0 1 1 1 0 3 0 1 1 1 1 1 0 2 0 1 0 0 0 0 1 1 1 1 0 1 1 1 1 1 0 1 0 0 0 1 1 
0 1 1 0 2 0 0 0 1 0 0 0 1 0 1 1 1 1 0 1 0 0 1 0 1 0 1 1 0 1 0 1 0 0 0 1 0 0 0 1 1 1 0 0 0 1 1 0 0 0 0 0 
1 1 0 1 0 1 0 0 1 1 1 0 1 0 0 1 1 1 1 0 0 0 1 1 0 0 1 0 2 1 1 1 0 0 1 0 1 1 0 0 1 1 0 0 0 0 1 0 1 1 0 1 
0 0 0 0 1 0 1 0 0 1 0 1 1 1 0 1 1 1 1 0 0 0 0 1 0 0 1 0 3 1 0 1 0 1 1 1 0 1 1 1 0 1 1 1 1 1 1 0 0 0 0 0 
1 0 0 1 1 0 0 1 0 1 0 1 0 1 0 1 0 0 0 1 1 0 1 1 1 1 1 0 1 0 0 1 1 0 0 1 0 0 1 1 1 0 0 0 0 1 1 0 0 1 0 1 
0 0 1 0 1 1 1 0 0 0 0 1 0 0 1 0 0 0 1 0 0 1 0 0 0 0 0 0 1 0 1 0 1 1 1 0 1 0 0 0 0 1 0 0 0 1 1 0 1 0 1 1 
0 1 1 0 0 1 1 1 0 0 1 0 1 1 1 0 0 1 1 0 1 1 0 1 0 1 0 0 0 1 1 0 0 1 1 0 0 0 0 1 1 1 1 1 1 0 1 1 0 1 1 1 
1 1 1 1 2 1 0 1 1 0 1 0 1 0 1 0 0 1 0 1 2 1 1 0 1 1 1 0 3 0 1 0 0 0 0 0 1 1 0 0 1 0 0 0 0 0 0 0 1 1 1 1 
0 0 0 1 2 0 1 0 1 1 0 1 0 1 0 1 1 1 1 0 1 1 0 1 0 1 0 1 3 1 1 0 1 1 1 0 1 1 0 0 0 0 1 0 0 0 1 1 0 0 1 1 
1 0 1 1 0 0 1 1 1 1 0 1 0 1 1 1 0 0 0 1 3 1 1 0 1 0 0 1 3 0 0 1 1 0 0 1 0 0 0 1 0 0 0 0 0 1 1 0 1 0 1 0 
1 0 0 0 2 0 1 0 0 1 0 1 1 1 0 0 0 0 0 0 2 1 1 0 0 0 0 1 2 0 0 1 1 1 0 1 0 0 1 1 0 0 1 1 1 1 0 1 0 0 0 0 
0 1 0 1 0 0 0 1 1 0 1 1 0 0 1 0 1 1 0 1 0 0 0 1 1 1 0 1 1 1 1 0 1 1 1 1 0 1 1 0 0 0 0 1 1 1 0 1 0 0 0 0 
0 1 0 0 0 1 1 0 1 0 1 0 0 1 0 1 1 0 1 0 2 0 0 1 1 1 1 1 1 1 1 0 1 0 1 0 1 0 0 1 0 1 1 1 0 0 1 1 0 0 1 1 
1 0 0 1 1 1 0 0 0 1 1 1 0 0 0 0 1 0 1 1 3 1 1 0 0 1 1 1 0 0 0 0 1 1 1 0 1 1 1 0 0 0 1 1 1 0 0 0 1 1 0 1 
1 0 1 1 0 1 1 1 0 0 0 0 1 0 1 0 1 0 1 1 1 0 0 0 0 0 0 1 2 1 1 1 0 0 0 0 1 0 1 0 0 1 1 1 1 1 0 0 1 1 0 0 
0 1 1 1 1 1 1 0 1 1 1 0 0 0 0 1 0 1 1 0 2 1 1 0 0 0 1 1 0 1 1 0 0 1 1 1 1 0 1 0 0 1 1 0 0 0 1 1 0 0 0 1 
1 0 1 0 2 1 1 1 0 1 0 1 1 1 0 0 0 1 0 1 3 1 0 0 0 1 0 1 1 1 1 0 0 0 0 0 0 0 1 0 0 0 1 0 0 0 1 1 0 0 1 1 

# Size = 19 | Time = 10126 ms
0 1 1 0 2 1 0 1 1 0 1 0 0 1 0 1 1 1 0 0 2 1 0 0 0 1 0 0 3 0 0 1 0 1 1 0 1 1 1 1 0 0 0 1 0 1 1 1 0 0 1 1 
1 0 1 0 2 0 0 1 0 1 1 1 0 1 0 0 0 0 1 1 1 0 1 0 0 0 0 0 1 1 0 1 0 0 1 0 1 1 1 1 0 1 1 1 1 1 0 0 1 0 0 1 
1 0 1 1 2 1 1 0 1 1 1 1 0 0 1 0 0 1 0 1 0 0 1 1 1 0 1 0 0 1 0 1 0 0 0 1 1 1 1 0 0 1 0 0 0 1 1 0 0 1 0 1 
0 0 1 0 1 0 0 0 1 0 0 0 0 1 1 0 1 0 0 0 0 1 0 1 0 0 0 1 0 1 1 1 1 1 0 1 1 0 1 0 1 1 0 1 0 1 0 0 0 0 1 0 
0 1 0 1 1 1 0 1 0 0 0 1 1 0 0 1 1 1 0 1 1 1 0 1 1 0 1 0 0 0 0 1 1 1 0 0 0 0 0 1 1 0 1 0 0 0 1 1 0 1 1 1 
0 1 1 0 1 1 1 1 1 1 1 1 0 0 1 0 1 1 1 0 3 0 0 1 0 1 1 0 1 0 1 1 0 1 1 1 0 0 0 0 1 1 1 1 1 1 1 1 0 0 1 0 
1 1 0 1 0 0 0 0 1 1 1 1 1 0 1 0 0 1 0 1 1 1 1 1 0 1 1 0 2 1 0 1 0 1 1 0 1 0 0 0 0 0 1 0 0 1 1 0 1 0 1 0 
1 0 0 1 2 0 0 1 1 1 1 1 0 0 1 0 0 0 1 0 0 0 0 1 0 1 0 0 2 1 1 0 0 0 0 0 0 0 1 1 1 0 1 1 0 0 1 1 0 1 0 1 
1 0 0 1 1 0 1 0 0 0 0 1 1 0 1 0 1 0 1 1 0 0 0 1 1 0 1 1 3 0 1 0 1 0 0 1 0 0 0 0 1 1 1 0 0 0 0 0 1 0 1 1 
1 0 0 1 1 0 0 0 0 0 0 0 1 1 0 1 0 0 0 1 3 1 1 0 1 0 0 1 2 1 0 0 1 0 0 0 1 1 1 0 0 0 0 0 0 0 1 0 1 1 0 1 
1 0 0 0 0 1 1 0 0 1 1 1 1 1 1 0 1 1 0 0 2 0 1 1 1 1 1 1 2 1 1 0 1 1 0 1 0 0 0 0 1 1 0 1 1 0 0 0 1 1 0 1 
0 1 0 1 0 1 1 1 0 0 0 0 1 0 1 1 0 0 0 1 2 1 0 0 1 0 1 1 1 0 1 0 0 0 0 1 0 0 1 1 1 0 1 0 0 1 1 1 0 1 0 0 
0 1 1 0 2 1 1 0 1 1 0 0 1 0 1 1 1 1 1 0 1 0 1 0 1 1 1 1 1 0 1 0 1 1 1 1 0 0 0 1 0 1 0 0 0 0 1 1 0 1 0 1 
0 0 1 1 0 1 1 1 1 1 0 0 0 1 0 0 0 0 1 1 1 1 1 0 0 1 0 1 3 1 1 0 1 0 1 1 0 1 0 0 1 0 1 1 1 1 0 0 1 1 0 0 
1 1 1 0 2 1 1 1 0 1 0 0 1 1 0 0 0 0 1 1 3 1 0 0 1 1 0 0 3 1 0 0 1 1 0 0 0 1 1 1 0 1 0 1 0 1 0 1 0 0 0 0 
0 1 0 0 0 0 0 0 0 0 0 0 1 1 0 0 0 0 1 0 3 1 0 0 0 1 1 1 0 1 0 0 0 0 1 0 1 0 1 0 1 1 0 1 1 1 0 0 1 1 0 1 
1 1 0 1 0 0 0 0 0 0 1 1 0 1 0 1 1 1 1 0 0 1 0 0 0 0 1 0 1 0 0 1 1 0 1 0 0 0 1 0 1 1 0 1 1 0 1 1 0 0 1 1 
0 1 1 0 1 0 0 0 1 0 0 1 1 0 1 1 1 1 1 1 2 0 1 1 0 1 1 1 2 0 1 1 1 0 1 0 0 1 0 0 1 1 0 0 0 0 1 0 0 0 1 1 
0 0 0 1 2 1 1 0 0 0 0 1 1 1 0 0 1 1 0 0 2 1 1 0 1 0 1 0 0 1 0 0 0 1 1 1 0 1 0 0 1 1 0 0 0 1 1 0 1 0 0 0 

# Size = 18 | Time = 41423 ms
0 1 1 0 0 1 1 0 1 0 1 1 1 1 0 1 0 0 0 1 1 1 1 0 0 1 1 0 1 0 0 1 0 0 1 1 0 1 1 0 1 1 1 1 0 1 1 0 0 0 0 1 
0 0 0 1 2 0 0 1 1 0 1 1 1 1 0 0 1 1 1 1 0 0 0 0 1 1 1 1 2 1 0 1 0 1 1 0 0 0 1 0 0 1 1 0 0 0 1 0 0 0 1 1 
0 0 0 0 1 0 0 1 0 1 0 1 0 0 1 0 0 1 0 0 1 0 1 1 1 0 1 0 0 0 0 0 0 1 0 0 1 1 1 1 1 1 0 0 0 1 1 1 0 0 0 1 
1 0 1 1 1 1 1 1 0 1 0 0 0 1 1 1 1 0 1 1 3 0 0 1 0 0 0 1 2 0 0 0 0 0 1 0 0 1 1 0 0 0 0 0 0 0 1 0 0 1 1 1 
0 1 1 1 2 1 1 0 0 1 1 0 1 0 1 0 0 1 0 1 1 0 0 0 1 1 1 1 3 1 0 1 1 0 0 0 1 0 1 1 0 0 1 1 1 0 0 0 1 1 1 1 
1 0 0 0 0 0 0 1 1 1 1 1 1 0 0 1 1 0 1 0 1 1 1 0 0 0 0 0 3 1 1 0 1 0 1 1 0 1 0 0 0 0 0 0 0 1 1 0 0 0 0 0 
0 1 0 1 0 0 1 0 1 0 0 0 1 0 0 0 0 1 0 0 3 1 1 0 1 1 1 0 3 1 0 1 1 1 0 1 0 1 0 1 1 1 1 1 1 1 0 1 0 0 0 0 
1 0 1 0 2 1 0 0 1 0 1 1 0 1 0 1 0 0 1 0 3 0 0 1 0 1 1 0 0 1 1 0 1 1 0 1 1 0 1 1 1 0 1 1 1 1 1 0 1 0 1 0 
1 1 0 1 1 1 0 1 0 1 0 0 1 0 1 0 1 1 1 0 2 1 0 1 1 1 1 1 1 1 0 0 1 1 0 1 0 1 1 1 1 0 0 1 1 1 1 0 1 1 1 0 
1 1 1 0 1 1 1 0 0 1 1 0 0 0 0 0 1 0 1 0 0 1 1 1 0 0 0 0 3 0 1 0 1 0 0 1 1 1 0 1 1 0 1 0 0 0 0 0 1 1 0 1 
1 0 1 0 0 0 0 1 0 0 1 1 0 0 0 0 0 0 0 1 2 1 1 0 0 0 0 0 2 0 1 0 0 0 0 1 1 0 0 0 1 1 0 1 1 0 0 0 1 0 0 1 
0 1 1 1 0 1 1 0 1 0 1 1 1 0 1 1 1 0 0 1 2 0 0 1 1 1 0 1 2 0 1 1 0 0 1 0 0 0 0 0 0 1 1 0 0 1 1 1 0 1 1 0 
1 0 1 0 2 0 0 0 1 0 0 1 0 1 1 0 0 1 1 0 3 0 1 1 1 0 0 1 1 0 1 1 1 1 1 0 1 0 0 1 0 0 0 0 0 0 0 1 0 1 0 1 
0 0 0 1 1 0 1 0 1 0 0 1 0 0 1 1 0 1 0 1 0 0 1 0 0 1 0 1 1 0 0 1 1 1 1 0 1 0 0 1 1 1 0 1 1 1 1 1 0 0 1 0 
1 1 0 0 2 1 0 0 0 0 0 1 1 1 0 1 1 1 1 1 2 1 0 1 0 1 0 1 3 1 0 0 0 1 0 0 0 1 0 1 1 1 0 0 0 1 1 0 1 1 0 1 
1 1 0 1 0 1 1 0 0 0 0 0 1 1 1 0 1 1 1 1 2 1 0 0 0 1 0 1 0 0 1 1 0 0 1 0 0 0 0 0 0 1 0 0 0 0 0 0 1 1 0 1 
1 0 1 1 0 1 0 1 1 0 0 1 1 0 1 1 0 1 0 1 0 1 0 1 0 1 0 0 0 1 0 1 0 0 0 1 1 1 0 0 1 0 0 1 1 0 1 1 0 0 1 1 
0 1 0 1 2 1 0 1 1 0 0 0 0 1 1 1 0 0 1 0 1 0 0 0 1 1 0 0 2 0 1 1 1 0 0 0 1 1 1 1 0 1 0 1 0 1 1 0 0 1 1 1 

# Size = 17 | Time = 11608 ms
0 1 1 1 2 1 0 0 0 1 1 0 1 1 1 0 0 1 0 0 3 0 0 1 1 1 0 1 1 0 0 0 0 1 0 0 0 0 1 1 1 1 0 0 0 1 0 0 0 1 1 1 
1 1 1 1 0 0 1 1 0 1 0 1 0 0 0 0 0 1 1 0 1 1 1 0 1 1 1 0 3 0 0 1 1 0 0 0 0 0 0 0 1 0 1 1 0 0 1 1 0 0 0 1 
1 0 0 1 2 0 1 1 1 1 1 1 1 1 1 0 1 1 1 0 1 1 0 0 1 1 0 1 2 0 1 0 1 0 0 0 0 1 0 1 1 1 1 0 0 1 0 0 1 0 0 1 
0 0 1 0 0 0 1 0 0 1 1 0 0 0 0 0 1 1 1 1 2 1 1 1 1 1 1 0 1 0 0 1 1 1 1 0 1 1 1 0 0 1 0 1 1 1 1 1 0 0 0 0 
1 0 0 0 1 0 1 1 0 0 0 1 0 0 0 1 0 1 1 0 1 1 0 1 1 0 1 1 1 1 1 1 1 1 1 0 0 1 1 0 0 0 0 0 0 0 1 0 1 0 1 1 
1 0 1 0 0 1 1 0 0 0 0 1 0 1 1 0 1 0 0 1 0 1 1 1 1 0 0 1 2 1 0 1 0 1 1 0 1 0 1 0 0 1 1 1 1 1 0 0 1 0 1 1 
1 0 0 0 0 0 0 0 0 0 1 1 0 1 1 1 1 0 1 0 3 1 1 1 0 1 0 1 0 0 1 1 1 1 1 1 0 0 0 0 0 0 1 1 0 0 1 1 0 1 0 1 
0 0 0 0 2 0 0 1 1 0 1 0 1 0 1 0 1 1 0 0 0 0 0 1 0 1 1 0 3 0 1 0 1 1 1 1 0 1 0 0 0 1 0 1 1 0 0 1 0 1 0 1 
1 1 0 1 2 0 0 1 1 0 1 0 1 1 0 1 1 0 0 0 2 0 1 1 0 0 1 1 3 1 0 1 0 0 0 1 0 0 0 1 1 0 1 0 0 0 1 0 0 0 1 1 
1 1 1 1 0 1 0 1 1 0 0 1 1 0 1 0 0 0 1 0 2 0 0 0 0 0 0 0 2 1 1 0 0 0 0 1 1 0 0 1 0 0 1 0 0 1 0 1 0 1 1 0 
0 1 0 0 1 1 1 1 1 1 0 1 0 0 1 0 1 0 0 0 3 0 1 0 0 0 1 0 3 0 1 0 0 0 0 1 1 0 1 1 1 0 1 1 0 1 0 0 1 0 0 0 
0 1 0 1 1 1 0 1 1 1 1 0 1 1 0 1 0 0 1 1 0 0 0 0 0 1 0 0 1 1 1 0 1 0 0 1 1 1 0 1 1 0 1 0 0 1 1 1 0 1 0 0 
0 1 1 1 1 1 1 1 0 1 0 0 1 0 0 0 0 1 1 1 0 0 0 0 1 0 1 0 0 1 0 0 0 0 0 1 1 1 1 1 1 1 0 1 1 0 0 0 1 1 1 1 
1 1 1 1 1 0 0 0 1 1 1 0 0 0 0 1 0 1 1 1 2 0 1 0 0 1 0 1 0 1 0 1 1 1 1 0 0 0 0 1 1 1 0 0 0 1 1 0 1 0 1 0 
0 0 1 0 1 1 0 1 1 1 0 0 1 1 0 1 0 0 1 1 3 1 0 0 0 0 1 0 2 1 0 1 1 1 1 0 0 1 0 0 0 0 0 1 1 0 1 1 0 1 0 1 
0 0 1 0 2 1 0 0 0 1 0 0 0 0 0 0 1 0 0 1 1 0 1 1 0 0 1 1 0 1 1 0 0 0 1 1 1 1 0 1 1 1 0 1 1 1 1 0 1 1 0 0 
1 1 1 0 2 1 1 0 1 0 1 0 0 1 1 1 1 1 1 1 1 0 1 1 1 1 0 0 3 1 0 1 1 0 0 0 1 1 0 1 0 1 1 1 0 0 1 1 0 0 0 1 

# Size = 18 | Time = 12087 ms
0 0 0 1 2 1 0 0 0 1 1 1 0 1 1 0 0 0 1 0 2 0 1 1 0 0 1 0 3 1 1 0 1 0 1 1 1 0 0 0 0 0 0 1 0 0 0 0 1 0 1 1 
1 1 1 1 2 1 0 1 1 0 0 0 0 0 0 1 0 1 0 1 3 0 0 0 1 0 0 1 0 0 0 0 1 1 0 1 0 1 0 1 1 1 0 1 1 0 1 1 0 0 1 1 
0 1 1 1 1 1 1 1 1 0 1 1 0 0 0 0 1 1 1 0 2 0 1 1 1 1 0 1 1 0 1 1 1 1 1 1 0 0 1 0 1 0 0 1 1 1 1 0 1 0 1 1 
0 1 1 1 2 1 0 0 0 0 0 0 1 0 1 0 1 0 0 0 0 1 0 0 0 1 1 0 2 0 1 1 0 1 1 0 0 0 0 1 1 1 1 1 1 0 1 0 0 0 0 1 
1 1 0 1 1 0 0 0 1 0 1 1 1 0 0 0 1 0 1 1 3 1 0 1 0 1 0 1 3 0 0 1 0 0 0 0 1 0 1 0 0 1 1 0 0 1 1 1 0 1 0 0 
1 0 0 1 2 1 1 0 1 0 0 0 1 0 1 0 0 0 1 0 2 1 0 0 0 1 1 1 0 1 0 1 1 0 0 1 1 1 0 1 0 1 1 1 0 1 1 0 0 1 1 1 
0 1 1 0 1 0 0 1 0 0 1 1 1 0 0 0 1 0 0 0 1 0 0 1 0 1 1 0 0 1 0 0 0 0 1 0 1 1 1 0 1 1 1 0 0 0 0 0 1 0 1 1 
0 1 1 0 0 1 1 0 0 1 1 1 0 0 1 1 1 0 1 0 3 0 0 1 0 1 1 0 1 0 1 0 0 0 1 1 0 0 1 1 1 0 0 0 0 1 1 0 1 0 0 1 
0 0 0 0 0 1 0 0 1 0 0 1 0 1 1 0 0 1 1 1 0 1 1 1 1 1 1 1 0 1 0 0 1 0 0 0 1 1 1 0 0 1 1 1 1 1 0 0 1 1 1 0 
1 0 1 0 2 0 1 1 1 1 0 0 0 1 1 1 1 1 0 1 0 1 1 0 0 0 0 0 3 0 1 1 1 1 0 0 0 1 1 1 1 1 1 1 1 1 1 0 1 1 0 0 
1 0 1 0 1 0 1 1 1 1 0 1 1 1 0 0 0 1 1 1 3 0 1 0 1 0 0 1 2 1 0 0 1 1 1 1 0 1 1 1 0 0 0 0 0 1 0 1 0 0 1 0 
1 0 0 1 0 0 1 1 1 1 0 0 1 0 0 0 0 1 0 1 1 1 1 0 1 0 0 0 3 0 1 1 1 1 0 0 1 0 0 0 0 0 0 1 1 1 0 1 0 1 0 0 
1 0 0 0 2 0 0 1 0 1 1 0 1 1 0 0 0 1 0 1 0 1 0 0 1 0 1 1 1 1 0 0 0 0 0 0 1 1 0 0 0 1 1 0 0 0 0 1 0 1 0 1 
0 1 0 1 2 1 0 0 0 0 0 1 1 1 1 1 1 0 1 0 1 0 0 1 1 0 0 1 1 1 0 0 0 1 0 1 1 1 1 0 0 0 1 0 0 1 1 1 0 1 1 0 
0 1 0 1 1 0 1 1 1 1 0 0 0 0 1 1 0 1 1 1 0 0 1 1 0 1 0 0 0 0 1 0 1 1 1 1 0 0 0 0 1 0 0 0 0 0 1 0 1 1 0 1 
0 1 0 0 0 0 1 1 0 1 1 1 0 0 0 1 0 1 0 1 2 1 1 1 1 0 1 0 2 0 1 1 0 0 0 0 1 0 0 0 1 0 0 0 0 0 1 1 0 1 0 1 
1 1 1 1 0 1 1 0 0 0 1 0 0 0 1 0 0 0 0 1 2 0 0 1 1 0 1 1 3 1 1 0 1 0 0 0 1 0 0 1 1 0 1 1 1 1 1 1 0 1 1 0 
1 0 1 0 1 1 0 0 0 1 0 0 0 1 1 0 1 1 0 0 1 0 0 1 0 1 0 0 2 0 0 0 0 1 1 0 0 0 0 1 0 0 0 0 0 0 1 0 1 0 1 1 

# Size = 17 | Time = 10334 ms
0 0 0 0 1 0 1 1 0 1 1 0 1 0 1 0 1 0 0 0 1 1 0 0 1 1 0 0 2 1 1 0 0 0 1 1 1 0 1 1 1 0 0 0 0 1 0 0 0 0 1 1 
0 1 0 0 0 0 1 1 1 1 0 0 0 1 1 1 1 1 1 1 2 1 1 0 1 1 0 0 0 0 1 0 0 1 0 1 1 1 0 0 1 1 0 0 0 1 1 1 0 0 0 1 
1 1 0 1 0 0 0 0 1 0 0 1 1 1 1 0 1 1 0 1 0 1 1 1 1 0 1 0 2 1 0 1 1 1 0 1 1 1 0 0 1 1 1 1 0 1 0 0 0 0 1 0 
0 1 1 1 2 1 0 1 1 1 1 1 0 0 1 0 0 0 1 1 2 1 1 0 1 0 1 1 2 0 0 1 0 1 0 0 1 0 1 0 0 0 0 1 1 0 1 0 1 1 1 1 
1 0 1 0 1 0 1 0 0 0 1 0 0 1 0 0 0 1 1 0 0 0 1 1 0 0 0 1 0 0 1 1 1 0 1 0 1 1 1 1 1 0 1 0 0 1 0 0 1 1 0 1 
1 0 0 1 1 0 0 1 1 1 1 1 0 1 0 1 1 1 1 0 3 0 0 1 1 1 0 1 3 1 0 0 1 1 0 0 0 1 1 1 0 1 0 1 1 1 1 1 0 0 1 1 
0 0 1 0 0 1 0 1 1 0 0 1 1 0 0 1 0 0 0 0 2 0 1 0 0 0 1 1 1 1 1 1 0 1 1 1 0 1 0 1 1 0 0 0 0 1 1 0 1 0 0 0 
1 1 1 0 0 1 1 1 0 0 0 1 0 0 0 1 0 0 0 1 3 0 0 1 0 0 1 0 2 0 0 1 0 1 1 0 0 0 0 0 0 0 1 0 0 1 1 1 0 1 0 0 
0 0 1 0 1 1 0 1 1 1 0 0 1 0 1 0 0 0 0 1 0 0 0 0 0 1 1 0 3 0 1 0 0 0 1 1 0 0 0 0 0 0 0 1 1 0 1 1 0 1 0 1 
1 1 1 1 1 1 1 0 0 0 1 1 1 0 0 0 0 0 1 0 2 1 0 1 0 0 0 1 3 0 1 0 1 0 0 0 1 0 0 0 1 1 1 0 0 1 0 1 0 1 0 0 
1 0 0 1 2 1 1 0 0 0 0 0 1 0 1 0 1 1 0 0 0 1 0 0 1 1 0 0 1 1 0 1 0 0 0 0 0 1 1 1 1 1 1 1 1 1 0 0 1 0 0 0 
1 1 1 1 0 0 1 0 0 0 0 0 1 0 0 1 1 1 1 0 0 0 1 1 0 0 0 0 3 0 1 0 1 0 1 1 0 1 1 1 0 0 0 1 1 0 1 0 1 0 1 1 
0 1 1 0 2 1 0 0 1 0 0 1 0 1 0 1 1 0 1 1 1 0 1 1 0 0 1 1 3 1 1 1 1 1 0 1 0 1 0 1 0 1 1 0 0 0 1 1 0 1 0 1 
0 1 0 1 2 1 0 0 0 1 0 0 1 0 1 0 0 0 0 0 3 1 1 0 0 0 1 0 0 1 0 0 1 0 1 1 1 0 0 1 1 1 1 1 0 0 0 0 1 1 1 1 
1 1 1 0 1 0 1 0 0 1 1 0 0 1 0 0 0 1 1 1 3 0 0 1 1 0 1 1 1 0 1 0 1 1 0 0 1 0 1 0 0 0 1 1 1 1 0 1 0 1 0 0 
1 1 0 1 2 0 1 1 0 1 0 1 0 0 1 1 0 1 0 1 1 0 0 1 0 0 1 0 0 0 0 1 1 0 0 0 0 1 0 0 0 1 0 1 1 1 1 0 1 0 1 0 
1 1 1 1 0 1 1 1 0 1 1 1 1 1 0 1 0 1 0 0 1 1 1 0 0 1 0 1 1 1 1 0 1 0 0 1 0 1 1 1 1 1 1 0 0 0 1 1 0 0 1 1 

# Size = 16 | Time = 38037 ms
0 0 0 0 1 1 0 1 1 0 1 0 0 1 0 1 1 1 0 0 1 0 1 1 1 0 0 0 0 0 0 1 1 1 0 1 0 0 0 0 1 1 1 1 0 1 1 0 0 0 0 0 
1 0 0 1 1 1 0 1 0 0 0 1 1 0 0 1 0 1 1 1 3 0 0 1 0 0 0 0 0 1 1 0 0 1 0 1 1 1 1 1 0 1 0 0 0 1 1 1 0 0 1 0 
0 1 1 0 2 1 0 1 1 1 0 1 0 1 0 0 0 1 1 0 1 1 1 1 1 0 0 0 1 1 0 1 1 0 1 0 0 1 1 1 0 1 0 0 0 1 1 1 0 1 1 1 
0 0 0 1 0 0 0 1 1 1 1 0 0 1 1 1 1 0 1 1 0 1 1 0 0 1 0 1 2 0 0 1 0 1 1 1 1 0 1 0 0 0 1 0 0 1 1 1 0 0 0 0 
1 1 1 0 2 1 0 1 0 0 0 0 1 0 1 1 1 1 1 1 0 0 0 1 0 1 1 0 1 1 0 0 1 1 0 0 0 0 0 1 1 0 0 1 0 1 1 0 1 1 1 1 
1 1 0 1 1 1 1 0 0 0 1 1 0 1 1 0 0 1 1 0 2 1 0 0 1 0 1 1 1 1 0 0 0 1 1 1 0 0 0 1 0 0 0 0 0 0 0 0 1 0 0 1 
1 0 1 0 1 1 1 1 0 1 0 1 1 1 1 0 0 0 0 1 0 0 0 1 1 0 0 1 3 0 1 0 0 0 0 0 1 1 0 1 1 1 0 1 1 0 0 0 0 1 0 1 
1 1 1 1 2 0 1 0 0 0 1 1 1 0 1 0 1 0 0 0 1 0 0 0 0 1 1 1 2 1 1 0 1 1 1 1 1 0 0 1 1 0 1 1 1 0 0 0 1 0 0 1 
0 1 0 0 0 0 0 0 1 1 0 1 1 0 0 0 0 1 0 1 1 1 0 1 0 1 1 0 3 0 1 0 0 1 1 0 0 1 1 0 0 1 1 1 1 0 1 0 0 0 1 1 
1 0 1 0 0 0 1 0 1 1 1 0 1 0 1 0 1 0 0 0 3 0 0 0 1 0 1 0 1 0 1 1 1 0 0 0 1 1 0 0 1 1 1 1 1 1 0 0 1 1 0 0 
0 0 1 0 1 0 0 1 1 1 0 0 1 0 0 0 0 0 0 1 2 0 1 1 0 1 0 0 2 0 1 0 0 0 0 0 1 1 1 0 1 1 1 1 1 1 1 1 0 0 1 0 
1 0 0 1 2 0 1 0 0 0 1 0 0 0 0 1 1 0 1 0 2 1 1 0 0 0 1 1 3 1 0 1 1 0 0 1 0 1 0 0 1 0 0 1 1 0 1 1 0 1 0 1 
0 1 1 1 0 1 1 1 0 1 1 1 0 0 1 0 1 0 0 1 2 1 1 0 1 1 1 1 0 1 1 1 0 0 1 0 0 0 1 1 1 0 0 1 1 0 0 0 1 1 1 1 
0 1 0 0 0 0 0 0 1 0 0 1 0 1 0 0 1 1 0 1 3 1 1 0 1 1 0 1 3 0 0 0 0 1 1 0 0 0 1 1 1 0 0 0 0 1 0 0 1 1 0 0 
0 0 0 0 2 1 1 1 1 0 0 0 1 1 0 0 0 1 0 1 3 0 1 0 1 0 1 1 2 0 1 0 0 1 0 1 0 0 1 1 1 0 0 0 0 0 0 1 0 1 1 1 
1 0 1 0 2 0 1 0 0 1 0 0 0 0 0 0 1 0 0 0 0 1 0 1 1 1 0 1 0 0 1 0 1 1 1 0 0 1 1 1 1 0 1 1 1 1 0 1 0 1 0 0 

# Size = 17 | Time = 44372 ms
1 0 0 0 1 0 1 1 0 0 1 1 0 0 1 0 0 0 1 1 1 1 1 1 0 0 0 1 3 1 0 1 1 0 1 1 0 1 1 0 1 0 1 1 0 1 0 0 1 0 0 0 
0 0 1 1 0 1 0 0 1 0 0 0 0 0 0 1 0 1 1 0 0 0 0 1 0 0 0 0 3 1 0 1 1 1 1 1 1 0 1 1 1 1 0 0 0 0 1 0 0 0 1 1 
0 1 0 0 1 0 1 0 0 1 0 0 0 1 0 1 0 1 0 1 3 1 1 0 1 0 0 0 1 1 1 0 1 1 1 1 0 0 1 1 0 0 1 1 0 0 1 0 1 1 0 1 
0 0 1 0 2 1 0 0 0 0 0 0 1 1 1 0 0 0 0 1 3 0 0 0 1 0 0 0 0 1 1 0 0 0 0 1 0 1 0 1 1 1 1 1 1 1 0 0 1 1 1 1 
0 1 1 1 2 1 1 1 0 1 1 1 1 0 0 1 1 0 0 1 2 1 1 1 0 1 1 0 0 1 1 1 1 1 1 0 1 1 1 1 0 0 1 0 0 0 1 1 0 0 1 1 
0 1 0 1 0 1 0 1 1 1 1 0 0 1 1 0 1 0 1 1 1 1 1 1 0 1 1 1 1 1 0 1 0 0 0 1 1 1 0 0 0 1 0 1 0 1 0 1 0 1 1 1 
1 0 1 1 0 1 1 0 1 1 1 1 0 0 0 1 0 0 0 1 3 0 0 1 0 1 1 1 2 0 1 0 0 0 1 0 1 0 1 0 1 0 1 1 1 1 1 0 1 0 0 0 
1 1 0 0 0 0 0 0 0 0 1 0 0 0 0 0 0 1 1 0 2 0 1 0 1 0 0 1 2 1 0 1 1 1 0 0 0 1 0 0 1 1 1 0 0 1 0 1 0 0 1 0 
1 1 1 1 0 0 1 0 1 0 0 0 1 0 0 1 1 1 1 0 1 0 0 0 1 0 1 0 0 0 1 1 0 1 0 0 0 0 1 0 0 1 0 1 1 1 1 0 0 1 0 0 
1 1 0 1 1 0 1 1 0 0 0 1 0 1 1 1 1 0 0 0 0 0 1 0 0 1 0 1 0 0 0 1 0 1 0 0 1 1 0 1 1 1 0 0 0 1 1 0 1 0 1 1 
1 1 0 0 2 0 0 1 1 1 1 1 1 1 1 0 1 1 0 0 0 1 1 0 1 1 1 1 3 0 1 0 0 0 0 0 0 0 0 0 0 0 0 1 1 1 1 1 0 1 0 0 
0 0 0 0 2 0 1 0 1 0 0 0 0 1 1 0 1 1 1 0 2 1 0 1 1 1 1 1 3 0 0 0 0 0 1 1 1 0 0 1 0 1 0 1 1 1 0 0 1 1 0 0 
0 0 1 0 1 1 0 1 1 0 0 0 1 1 1 0 1 0 1 0 3 0 0 1 1 1 0 1 3 1 0 1 1 0 0 0 1 1 0 0 1 0 0 0 0 0 0 1 0 0 0 1 
1 1 1 0 2 0 1 1 1 0 0 0 1 1 1 0 1 0 0 0 1 1 1 1 1 1 0 1 2 0 1 0 0 1 0 1 1 0 0 1 0 0 0 0 0 0 1 0 1 1 0 1 
1 0 1 1 2 0 0 0 1 0 1 1 1 0 1 0 0 1 0 1 0 0 0 1 0 1 0 1 1 0 1 1 1 1 1 0 1 1 0 1 1 1 1 0 0 1 0 1 0 0 0 0 
1 1 0 0 1 1 1 1 0 1 0 0 1 1 1 1 0 0 1 0 2 0 1 0 1 1 1 0 1 1 1 0 1 1 1 0 1 1 1 0 0 1 1 1 1 0 1 0 0 0 0 1 
0 0 1 0 1 0 0 0 1 1 0 0 0 1 0 1 1 0 1 1 0 1 1 0 1 0 1 0 2 1 0 1 1 1 1 0 1 0 1 0 1 0 0 1 0 1 1 0 0 0 0 0 

# Size = 16 | Time = 11256 ms
1 1 1 0 2 1 1 0 1 0 1 1 0 1 0 0 0 0 0 1 1 1 1 1 0 0 1 1 2 1 1 1 0 1 1 0 0 0 1 0 0 1 1 1 0 1 0 0 0 0 1 1 
0 1 1 0 0 1 1 1 1 0 1 0 0 0 1 0 0 0 0 1 3 1 1 1 0 1 0 1 1 1 1 1 1 1 1 0 1 1 0 1 0 1 0 1 1 0 0 0 0 1 0 1 
0 1 0 0 0 1 0 1 0 0 1 1 0 1 0 0 1 0 0 0 0 1 1 1 1 1 1 0 0 1 1 0 0 1 1 0 0 0 1 0 1 1 0 1 0 1 1 0 0 0 1 1 
1 0 0 1 0 0 0 0 0 1 0 0 1 0 0 0 1 0 1 0 2 1 1 1 0 0 1 0 1 0 1 0 0 1 1 1 0 0 1 1 1 1 1 1 1 1 1 1 0 0 0 0 
1 1 0 1 1 1 0 1 1 0 1 0 1 0 1 0 0 0 1 1 0 1 0 0 0 0 0 1 2 1 0 0 1 0 1 1 0 1 0 0 0 1 0 1 0 1 0 0 1 1 1 1 
0 1 1 0 2 0 0 0 1 1 0 1 0 1 1 1 0 1 0 0 0 1 0 0 0 1 1 0 1 0 1 1 1 0 0 0 0 0 1 1 1 0 1 0 0 1 1 0 0 1 0 0 
1 0 0 1 1 1 1 0 1 1 1 0 1 1 1 0 1 1 0 1 2 1 1 0 1 1 1 0 3 1 0 1 0 0 0 0 0 0 0 1 0 1 1 0 0 0 1 0 1 0 0 1 
0 0 0 0 0 0 0 1 0 0 0 0 0 1 1 1 0 1 1 0 1 0 0 0 1 0 0 1 3 1 0 0 1 0 0 0 1 0 0 0 0 0 0 0 0 1 1 0 1 0 0 0 
0 0 0 1 2 0 0 0 0 1 0 0 1 1 1 1 1 1 1 0 3 0 0 0 1 1 1 0 2 0 0 0 0 0 0 1 0 0 0 1 1 0 1 0 0 0 1 1 0 0 0 1 
0 0 1 1 0 1 1 1 0 1 1 1 0 1 0 0 0 1 0 1 2 0 0 0 1 1 1 1 2 0 0 0 1 1 1 1 1 1 0 0 0 0 0 1 1 1 0 1 0 1 1 0 
1 0 1 1 1 1 1 0 1 1 0 0 1 0 1 1 0 1 1 1 3 0 0 1 0 0 0 1 0 0 0 1 1 0 0 0 1 1 1 0 0 0 0 1 1 1 1 0 1 0 0 0 
0 1 1 0 1 1 1 1 0 1 0 1 1 0 0 0 1 0 1 0 3 0 1 1 0 1 0 1 3 0 1 1 0 1 1 1 1 1 1 1 1 0 1 0 0 0 0 1 0 1 1 1 
0 0 1 1 2 0 1 0 1 0 1 0 0 0 0 0 1 0 1 1 0 0 0 0 1 0 0 0 3 1 1 0 0 0 0 0 1 1 0 0 1 1 0 1 1 0 0 1 0 0 1 1 
1 1 1 0 2 0 0 1 0 0 1 1 1 0 0 1 1 0 1 1 2 0 1 0 1 1 0 0 0 0 1 0 0 1 0 1 0 1 0 0 1 1 1 0 0 0 1 0 1 0 1 1 
0 1 0 1 1 0 0 0 0 1 1 0 1 0 1 0 1 0 1 1 1 0 1 0 0 1 1 0 0 0 1 1 1 0 0 1 1 1 1 1 1 0 1 1 1 0 0 1 0 1 0 1 
0 1 0 0 1 0 0 1 0 1 0 0 0 1 0 1 1 1 0 1 1 0 1 0 1 0 0 1 1 1 0 1 1 1 1 1 1 0 1 0 0 0 0 0 0 1 1 0 1 0 1 0 

# Size = 17 | Time = 43006 ms
0 1 1 1 1 0 1 0 0 1 0 0 0 1 0 1 1 1 1 0 3 0 0 1 1 0 0 0 1 1 0 1 0 0 0 0 0 1 0 0 0 0 0 1 0 1 1 1 0 1 0 0 
0 0 1 0 2 1 0 1 1 1 1 1 1 0 0 1 0 1 1 1 1 0 1 1 0 1 1 1 1 1 1 1 0 1 1 1 0 0 1 0 1 0 0 0 0 1 1 1 0 0 1 1 
1 0 0 1 0 1 0 0 0 0 0 0 1 0 1 0 1 1 0 1 1 1 1 0 1 0 0 0 2 1 1 0 1 1 1 0 0 1 0 1 1 1 1 1 0 1 0 0 1 0 0 1 
1 1 1 0 2 0 1 1 0 1 1 1 1 0 1 0 0 1 1 1 2 1 0 1 1 1 1 0 3 0 0 1 1 1 1 1 0 1 0 1 0 0 1 1 1 1 0 0 1 1 0 0 
0 0 0 0 2 0 1 1 1 0 1 1 0 0 1 0 1 0 1 1 3 1 0 1 0 1 1 1 2 0 1 1 1 1 1 1 1 1 1 0 1 1 0 0 0 0 1 0 1 1 0 1 
1 1 1 1 0 0 0 1 0 1 0 1 1 1 0 1 0 1 0 1 3 1 0 1 1 0 1 1 0 0 0 0 1 0 1 1 1 1 1 0 0 0 0 1 1 1 1 0 1 1 0 0 
1 1 0 0 0 0 1 1 1 1 0 0 0 1 1 1 1 0 1 0 0 1 1 0 1 1 0 1 1 0 1 0 1 0 0 1 1 1 0 1 0 1 1 1 1 1 1 0 0 0 0 0 
1 1 1 0 1 0 1 1 1 0 1 1 0 1 1 0 0 0 0 0 1 1 0 0 1 1 0 0 0 0 0 1 0 0 0 0 1 0 0 0 0 1 1 0 0 0 0 0 1 1 0 1 
0 0 0 0 1 1 0 0 1 0 0 0 1 1 0 1 1 0 0 0 1 0 1 0 0 0 0 1 3 1 1 0 1 1 1 0 1 0 1 0 1 1 0 1 1 1 1 0 0 1 1 0 
0 0 0 1 0 1 1 0 0 0 1 0 0 0 1 0 0 0 0 1 3 0 1 0 1 0 1 1 3 0 0 0 0 0 0 1 1 0 1 1 0 1 1 1 1 0 0 1 0 0 1 1 
1 0 1 0 0 0 0 1 0 0 0 0 0 0 0 0 1 0 0 0 2 0 0 0 0 0 1 1 1 1 1 1 0 0 0 0 1 0 0 0 0 1 0 0 0 0 0 0 1 0 1 1 
1 0 1 1 1 1 0 0 0 0 1 1 1 0 0 0 0 1 0 1 0 1 0 1 0 0 1 0 3 1 0 1 0 1 1 1 0 1 1 0 1 0 0 0 0 1 0 1 0 1 1 0 
0 0 0 1 1 1 0 0 1 1 0 0 1 0 0 1 1 0 1 1 2 0 1 0 0 1 0 0 0 1 1 0 1 1 0 0 0 1 1 1 1 0 0 0 0 0 1 1 0 0 1 1 
0 1 1 0 1 1 1 0 1 1 1 1 0 0 0 1 0 1 1 1 0 0 0 0 0 0 0 1 2 1 0 0 0 0 1 0 0 0 1 0 0 0 1 1 1 0 1 0 1 1 1 1 
0 1 0 1 2 0 1 0 0 1 0 0 0 1 1 0 1 1 0 0 0 0 0 0 1 0 0 1 2 1 1 0 0 0 0 0 0 0 1 0 1 0 1 1 0 1 1 1 0 1 0 0 
0 1 1 1 2 0 0 0 1 1 0 0 0 0 1 1 0 1 0 1 0 1 1 0 0 0 1 0 0 0 1 1 1 0 0 1 0 0 1 0 0 1 0 1 0 1 1 1 0 0 1 0 
1 0 0 1 0 0 0 1 0 0 1 1 1 1 0 0 1 0 1 0 2 0 0 1 1 1 0 0 2 1 0 1 1 1 1 1 0 0 1 1 0 1 0 1 0 0 1 0 0 1 0 1 

# Size = 17 | Time = 42564 ms
0 1 1 0 2 1 0 0 0 0 1 0 1 0 0 0 1 0 0 1 3 0 0 0 1 1 0 1 3 1 1 1 0 0 0 1 0 0 0 1 0 0 1 1 1 0 0 0 1 1 1 1 
0 1 0 0 0 0 0 0 0 0 1 1 1 1 0 0 1 0 1 1 1 0 0 1 0 1 0 0 2 0 0 1 0 1 1 0 1 0 1 1 1 1 0 0 0 1 0 1 0 1 0 0 
1 0 1 1 2 1 1 1 0 1 0 0 0 1 0 0 1 0 1 0 2 1 0 0 1 0 0 0 2 0 0 0 1 0 0 1 1 0 0 1 1 1 0 1 1 1 0 1 0 0 1 1 
0 0 1 1 2 0 1 1 1 0 0 0 1 0 1 0 0 0 0 0 1 0 0 0 0 0 0 1 1 0 1 0 1 1 0 1 1 0 0 1 1 0 0 1 1 0 1 0 0 0 0 1 
0 0 1 1 0 1 1 1 1 1 0 1 1 0 1 1 0 1 1 0 2 1 0 1 0 0 1 1 3 1 1 0 0 1 0 0 1 1 0 1 1 1 1 1 1 1 1 0 0 0 0 1 
1 0 0 1 0 1 1 0 0 1 1 0 0 0 0 0 0 0 1 1 3 0 1 1 0 0 1 0 1 0 1 1 0 0 1 0 0 1 1 0 1 1 1 0 0 0 1 1 0 1 1 1 
0 1 0 1 0 0 1 1 0 1 1 1 1 0 0 0 1 1 1 0 0 0 0 0 0 0 0 0 0 1 1 1 0 1 0 1 0 1 0 1 1 1 0 1 1 1 0 0 0 0 1 0 
1 0 0 0 1 1 0 0 0 0 1 0 0 1 0 1 0 1 1 1 1 1 0 1 0 1 0 0 0 1 1 1 0 1 1 1 0 1 0 0 0 0 1 1 1 1 1 0 1 1 0 1 
0 1 0 1 1 0 0 1 1 1 0 1 0 1 0 1 1 1 0 0 1 1 1 0 1 0 1 0 3 1 0 0 1 0 0 1 1 0 1 0 0 1 0 0 0 1 1 1 0 0 1 0 
0 1 1 1 1 1 1 1 1 1 0 0 0 1 1 1 0 1 0 0 3 1 1 0 0 1 1 1 2 1 1 0 1 0 1 0 0 1 1 0 0 0 1 1 0 1 1 0 1 0 0 0 
1 1 0 0 2 1 0 0 1 0 0 0 0 1 1 1 0 1 0 1 0 1 1 1 1 1 1 1 1 1 0 0 1 0 1 0 0 1 0 0 0 0 1 0 0 0 1 0 1 1 0 1 
1 0 1 0 2 0 1 1 1 1 1 1 0 0 1 0 0 1 1 0 0 1 1 1 0 0 1 0 2 0 0 1 1 1 1 0 1 0 1 1 0 1 0 1 1 1 0 0 1 1 0 0 
1 1 0 0 1 0 0 0 0 0 1 1 1 0 1 0 1 0 0 1 2 0 1 0 1 1 0 1 2 0 1 1 1 1 1 1 0 0 1 0 1 0 1 0 0 0 0 1 0 1 0 1 
1 0 1 0 1 0 1 1 1 1 0 1 1 0 1 0 1 1 1 1 2 0 0 0 0 0 1 0 1 1 1 1 0 0 1 1 0 0 1 1 1 0 1 0 0 1 0 0 1 0 1 0 
1 1 1 0 0 1 0 0 1 1 0 0 0 0 1 1 1 0 0 0 2 0 1 1 1 1 1 1 0 0 1 0 1 0 0 0 1 0 1 1 0 0 1 0 0 0 1 0 1 0 1 1 
1 0 0 0 2 0 0 0 0 1 1 1 0 0 0 0 0 0 0 1 3 0 1 1 1 0 0 1 0 1 0 0 0 1 0 0 1 1 1 0 1 0 0 0 0 0 1 1 0 0 1 1 
1 0 1 0 1 0 1 0 0 0 1 0 1 0 0 1 1 0 0 0 0 0 1 1 0 0 1 0 3 0 0 1 0 0 1 0 1 0 0 0 0 1 1 0 0 0 1 1 0 0 1 1 

# Size = 17 | Time = 11300 ms
1 0 0 1 0 0 1 0 0 0 0 1 0 0 0 1 0 1 0 0 2 0 0 0 0 1 1 0 3 0 0 0 0 1 1 0 1 1 0 0 0 0 1 1 0 1 1 0 0 0 0 0 
1 0 0 0 0 0 0 1 1 0 1 1 1 1 0 1 1 0 0 1 2 0 0 1 1 0 0 1 2 1 0 1 1 0 0 1 1 1 0 0 1 0 0 1 1 0 1 0 0 1 0 1 
0 1 1 1 0 1 0 1 0 1 0 1 1 0 0 0 1 1 1 1 1 0 0 0 0 1 1 1 1 1 1 1 0 1 1 1 1 0 0 1 1 1 1 1 1 0 0 0 1 1 1 1 
0 1 0 0 0 1 1 0 0 0 0 0 1 1 1 1 0 1 1 0 0 1 1 1 1 0 0 0 0 1 0 1 0 1 1 0 0 1 1 0 1 1 1 0 0 1 1 0 0 1 1 0 
0 0 1 0 0 0 1 1 0 0 0 0 0 0 1 0 0 0 0 1 3 0 0 0 1 0 1 0 0 1 1 0 0 0 0 1 0 0 1 1 0 0 0 1 1 1 1 1 0 0 1 0 
0 1 0 0 2 1 1 1 1 0 1 0 1 1 1 1 0 0 0 0 1 1 1 1 1 0 0 1 3 0 0 0 1 1 0 0 0 1 1 0 0 0 0 0 0 1 1 1 0 0 1 0 
0 0 1 0 1 0 0 0 1 1 0 0 0 1 0 0 1 1 0 1 1 1 1 0 1 1 0 0 2 1 1 0 1 0 1 0 0 0 0 1 0 1 0 1 0 0 0 0 1 0 1 1 
1 0 1 0 1 1 0 0 1 1 1 0 0 1 0 0 1 0 1 0 0 0 0 1 0 1 1 1 3 1 1 1 0 0 0 1 1 0 1 1 1 0 0 1 1 0 1 1 0 1 1 1 
1 1 1 1 2 1 1 0 0 1 0 1 0 0 1 1 0 0 1 1 1 1 1 1 0 0 1 0 2 1 1 0 0 1 1 1 0 1 1 1 1 1 1 1 1 0 1 0 1 1 0 1 
1 1 0 1 1 0 0 1 0 1 1 1 1 0 0 0 0 0 1 1 1 0 1 0 0 1 0 1 0 0 0 0 1 1 1 1 1 0 0 1 1 0 1 0 0 0 0 1 0 0 0 1 
1 1 1 0 1 1 1 0 1 1 1 0 0 1 1 0 1 1 0 1 2 1 1 1 1 0 0 0 1 0 0 1 1 0 0 1 0 1 1 0 0 1 0 0 0 1 0 1 0 0 1 0 
1 1 0 1 1 1 0 0 1 0 1 1 1 1 1 0 1 1 1 1 3 1 0 1 0 1 0 1 3 0 0 1 1 1 1 0 1 1 0 0 1 1 0 0 0 1 0 0 1 1 0 1 
0 0 0 1 1 0 1 1 1 0 1 1 0 0 1 1 0 0 0 1 0 0 1 0 1 0 1 1 1 0 1 0 1 0 0 0 0 0 0 0 0 0 1 0 0 1 1 0 1 0 0 0 
1 0 1 1 2 0 0 0 0 0 0 0 0 1 0 0 1 1 0 0 0 0 0 0 1 1 0 0 2 0 0 1 1 0 0 0 1 0 0 0 0 1 1 0 0 1 0 1 0 1 0 0 
1 1 0 0 2 1 1 0 1 1 1 1 0 0 0 1 1 0 0 0 3 0 1 1 0 1 0 1 2 0 0 0 0 1 0 0 1 0 0 1 1 1 1 1 1 0 1 0 1 0 1 1 
0 0 0 0 2 1 0 1 1 1 0 1 0 0 0 0 1 0 1 1 2 1 0 1 1 0 1 0 0 0 1 0 0 1 0 0 0 0 1 1 0 1 1 1 0 1 1 0 1 0 1 0 
0 1 1 0 2 0 0 1 1 1 1 0 1 1 0 0 0 1 0 0 3 1 0 0 0 0 1 0 1 1 0 0 1 0 0 1 1 1 1 0 0 1 1 0 0 1 1 0 0 1 0 0 

# Size = 18 | Time = 10541 ms
1 0 0 1 2 0 0 1 0 0 1 0 1 1 1 0 1 0 0 1 2 1 0 0 1 1 0 1 3 1 0 1 0 1 1 0 1 0 0 0 1 0 0 1 1 0 0 0 0 0 0 1 
0 1 1 1 0 0 1 0 1 0 1 0 1 1 1 1 1 1 0 1 0 0 0 1 0 0 0 1 1 1 1 1 1 0 1 1 1 0 1 1 1 1 0 0 0 0 1 1 0 0 1 1 
0 0 0 0 0 1 1 0 1 0 0 0 0 1 0 0 1 1 1 0 2 0 0 0 0 1 1 1 2 0 1 1 0 1 0 1 0 0 1 0 0 0 0 1 0 0 0 0 1 0 1 1 
0 0 0 1 0 0 1 1 0 0 1 0 0 0 0 0 1 0 0 1 3 1 1 0 0 0 1 0 2 0 1 1 0 0 1 1 1 1 0 0 0 1 0 0 0 1 1 1 0 1 0 1 
0 1 1 1 2 0 1 1 1 1 1 0 1 1 1 1 1 1 0 0 3 0 0 1 1 1 0 1 2 0 1 0 0 0 0 1 1 0 0 0 1 1 1 1 0 1 1 0 0 0 0 0 
0 0 0 0 1 0 0 1 0 1 0 1 0 0 0 0 0 1 0 1 0 0 0 0 1 1 1 0 2 1 0 0 0 1 1 0 0 0 0 1 0 1 0 1 0 0 0 0 1 0 0 1 
1 0 1 1 1 1 0 0 0 1 0 0 0 0 0 0 1 1 0 0 0 1 1 1 0 0 0 0 0 0 0 1 0 0 1 0 1 0 1 0 0 0 1 1 0 1 0 0 1 1 0 1 
1 1 1 0 2 1 0 0 1 1 1 1 1 1 1 0 1 0 1 0 3 0 1 1 1 0 1 1 1 1 1 1 1 1 0 1 0 1 0 0 0 0 0 1 0 1 1 0 1 0 0 1 
1 0 1 0 2 1 0 1 1 0 0 0 1 0 0 0 0 0 1 0 1 1 1 1 1 1 1 0 2 1 0 1 1 0 1 0 0 1 1 0 1 0 0 1 1 1 0 1 0 0 1 0 
1 0 1 0 0 1 1 0 0 1 0 1 0 0 1 1 0 0 1 0 2 1 1 0 1 0 1 0 1 0 0 0 1 1 0 0 1 1 1 1 0 0 1 0 0 1 1 1 0 1 1 0 
0 1 0 1 1 1 1 1 1 0 1 1 1 0 1 1 0 0 1 1 2 1 0 1 0 1 0 1 0 1 0 0 1 0 0 1 0 1 0 1 1 1 1 0 0 1 1 0 1 0 1 0 
0 1 1 0 1 1 1 0 1 1 0 1 0 0 0 1 0 1 1 0 3 0 1 1 0 1 1 0 3 0 0 0 1 0 0 0 0 1 1 1 0 1 1 1 1 1 1 1 0 1 1 0 
0 1 0 1 0 0 0 0 0 1 1 1 0 1 1 0 0 1 0 1 1 0 0 0 0 0 1 0 3 0 1 0 0 1 0 1 1 0 0 1 1 1 1 1 1 0 0 0 1 1 0 1 
1 1 0 0 1 1 0 1 1 0 0 1 1 1 0 1 1 1 1 1 1 0 0 0 0 0 0 1 3 0 1 1 1 0 1 0 1 0 0 1 0 1 0 0 0 1 1 1 0 1 0 0 
0 0 0 0 2 0 1 1 0 1 0 1 0 1 1 0 0 0 0 1 3 0 1 0 0 1 1 1 0 1 1 1 0 1 1 0 1 1 0 1 0 1 0 0 0 0 0 1 0 1 0 1 
0 0 0 1 2 0 0 1 1 1 0 0 1 1 0 0 0 0 1 1 0 1 0 0 0 1 1 0 3 1 1 0 0 0 0 1 1 1 1 0 0 1 0 1 1 1 1 0 1 1 0 0 
1 1 0 1 1 0 1 1 0 0 0 0 0 0 0 0 0 1 0 1 1 1 0 1 0 1 0 1 1 1 0 1 0 0 0 0 0 1 1 0 0 1 1 1 1 0 0 0 1 0 0 1 
0 0 1 1 0 0 1 1 0 0 1 1 1 1 0 1 1 0 1 0 1 0 0 0 1 0 1 0 0 0 0 0 1 0 1 1 1 1 0 0 1 1 0 1 1 0 1 1 0 0 0 1 

# Size = 16 | Time = 38928 ms
0 0 0 1 1 0 1 1 0 0 1 1 0 0 1 0 1 0 1 1 2 1 0 0 1 0 0 1 2 0 0 0 0 1 0 1 0 0 0 0 0 0 0 1 1 0 0 1 0 1 0 1 
1 1 0 0 0 0 0 1 1 1 1 1 0 1 0 1 0 1 1 0 2 0 1 0 0 0 0 0 0 0 1 1 1 1 0 0 1 1 0 1 1 0 1 1 0 1 1 1 0 1 0 1 
1 0 0 0 2 1 1 0 1 0 0 1 1 1 0 0 1 1 0 0 0 1 0 0 0 1 0 0 0 1 1 0 0 0 1 1 1 1 1 1 0 0 0 0 0 1 1 0 1 0 1 1 
0 0 1 1 1 1 1 1 1 1 0 0 0 1 0 1 0 0 0 0 3 0 1 1 0 1 1 0 1 0 1 1 1 0 0 0 0 0 0 0 0 0 0 1 1 0 1 1 0 1 0 1 
1 0 0 0 2 0 1 1 0 1 1 0 1 1 0 0 0 0 1 1 1 1 0 1 1 1 1 1 3 0 1 1 0 1 1 0 1 1 0 0 0 1 1 1 0 1 0 0 1 0 1 0 
1 1 0 0 1 1 0 0 1 0 0 1 1 1 0 0 1 1 1 0 1 1 1 1 0 0 0 1 2 1 0 0 1 1 0 0 0 0 1 1 0 1 1 1 0 1 1 1 0 0 1 1 
1 1 0 1 2 1 1 0 0 0 0 0 0 0 0 1 0 0 1 0 2 1 0 1 0 1 0 0 1 1 0 1 0 1 1 0 0 1 1 0 1 0 1 0 0 1 1 0 1 0 1 0 
0 1 1 0 0 1 1 1 0 0 0 0 0 0 1 0 1 1 1 1 3 0 0 0 1 0 0 1 3 1 0 1 1 1 1 1 1 1 1 0 0 0 1 0 0 1 1 0 0 0 1 0 
0 1 1 0 0 0 0 0 1 0 0 1 0 1 1 0 0 1 1 1 1 1 1 0 0 1 1 0 1 1 1 0 1 0 0 0 0 1 1 1 1 0 0 0 0 0 0 0 1 0 1 1 
1 1 1 1 2 0 0 0 0 1 1 0 1 0 1 1 1 0 0 1 3 0 1 1 1 1 1 0 2 0 1 1 0 0 1 1 1 1 1 1 1 1 0 0 0 1 1 0 1 1 0 0 
0 1 1 0 1 0 0 1 0 1 0 0 0 0 1 1 0 0 1 1 0 1 1 0 0 0 1 1 3 0 0 1 1 1 0 0 0 0 1 0 1 1 0 1 1 1 1 0 0 1 0 0 
0 0 1 1 0 1 0 0 1 0 1 1 1 0 1 0 0 0 0 0 0 0 0 1 1 1 0 1 2 1 0 1 0 1 1 1 0 0 0 0 1 1 1 0 0 1 0 1 0 0 0 0 
0 1 0 1 1 1 1 0 0 1 1 1 1 1 1 0 1 0 1 1 3 1 0 1 1 0 1 1 0 1 0 0 1 0 1 1 0 1 0 0 0 1 1 1 1 1 0 0 1 1 1 0 
0 0 1 1 2 0 0 0 0 0 0 0 0 0 1 1 1 1 0 0 1 0 0 1 1 0 0 0 0 1 0 0 1 1 0 1 1 0 0 0 1 1 1 1 1 0 1 1 0 1 0 1 
1 1 1 0 1 0 0 1 0 0 1 1 1 0 0 1 1 0 0 1 0 1 0 0 1 0 0 1 1 0 0 1 0 0 1 1 1 0 1 1 0 1 1 0 0 0 1 0 1 0 1 1 
1 0 1 1 0 1 0 0 1 1 0 1 1 0 1 0 1 0 0 0 2 1 0 1 0 0 1 0 3 1 0 0 0 0 0 0 1 0 1 1 0 1 1 1 1 0 0 1 0 0 0 1 

# Size = 17 | Time = 10379 ms
1 1 0 0 2 1 1 0 0 0 1 1 0 0 0 0 1 0 1 1 1 0 0 1 1 0 1 1 0 0 0 1 1 1 1 0 1 1 1 0 0 0 1 1 0 1 0 0 1 0 1 0 
1 1 0 0 1 0 0 1 0 0 0 0 1 0 0 1 1 1 1 0 3 0 1 1 1 0 0 1 0 0 0 1 0 1 1 0 0 0 0 0 0 1 1 1 1 0 1 0 0 0 0 1 
0 1 0 0 1 1 0 0 1 1 0 0 1 1 0 1 1 0 1 0 0 1 0 0 0 0 0 0 3 1 1 1 1 1 1 1 1 1 1 0 1 0 1 0 0 1 1 0 1 1 0 0 
0 0 0 1 1 1 1 0 0 0 1 1 0 1 0 0 0 1 1 0 0 1 0 1 1 1 0 0 1 0 1 0 1 1 0 0 0 0 0 1 0 1 0 1 1 1 0 0 1 1 0 1 
0 0 0 0 1 1 1 1 1 0 0 0 1 0 1 1 0 0 0 1 1 0 1 1 1 1 1 0 2 0 1 1 1 0 0 0 0 0 0 1 1 1 0 0 0 1 1 0 0 1 0 1 
0 0 1 0 2 1 0 0 0 1 1 0 1 0 1 0 0 0 0 1 2 1 1 0 1 1 0 0 2 1 0 0 0 1 0 1 0 0 0 0 0 1 0 0 0 0 0 0 0 0 0 1 
1 1 1 1 0 0 1 1 1 1 0 1 1 1 1 0 0 1 0 0 1 1 0 1 1 1 0 0 2 0 1 0 0 0 0 0 1 1 0 1 1 1 0 1 1 1 1 1 0 0 0 1 
1 0 0 1 2 1 1 0 1 0 1 1 0 0 0 1 1 0 0 0 1 0 1 1 0 0 1 0 3 0 0 0 0 1 0 1 1 0 1 1 0 0 0 1 1 0 1 1 0 0 1 1 
0 0 1 1 2 0 1 1 0 1 1 0 0 1 1 0 0 1 0 1 0 0 1 0 0 1 1 0 0 1 1 0 0 0 0 1 0 1 1 1 1 0 0 0 0 0 0 1 0 0 1 1 
0 0 1 0 2 1 0 0 1 1 1 1 0 0 1 0 0 0 0 1 3 1 1 0 0 0 1 0 1 1 1 0 0 0 0 1 1 1 1 1 1 1 0 0 0 1 0 0 1 1 1 0 
1 1 1 1 0 0 1 1 1 1 0 1 0 0 0 1 0 0 1 0 2 1 1 0 0 0 1 1 0 1 1 0 1 0 1 0 1 0 0 0 0 0 1 1 1 1 1 0 1 1 0 0 
0 0 1 0 0 1 1 1 0 0 0 0 0 1 1 0 0 1 1 1 3 0 0 1 1 1 1 1 3 1 0 1 1 0 1 0 0 1 0 1 1 0 1 0 0 0 0 1 0 1 0 1 
1 0 1 1 2 1 0 0 0 0 0 0 0 0 0 0 1 1 1 1 3 1 0 0 0 0 0 0 2 1 0 1 0 0 1 0 0 0 1 0 1 0 1 1 1 1 0 0 1 0 1 0 
1 1 1 1 1 0 0 1 0 0 0 0 1 0 0 1 1 1 0 0 1 0 1 0 0 1 0 1 1 1 0 1 0 0 1 0 0 1 0 0 1 0 0 0 0 1 1 1 0 0 1 0 
1 0 0 0 0 0 0 0 0 1 1 0 0 0 1 0 1 1 0 0 0 1 0 0 0 1 0 1 2 0 0 1 1 1 0 1 1 1 1 1 0 1 0 0 0 0 1 0 1 0 1 1 
0 0 0 0 1 0 0 1 0 0 0 0 1 1 1 0 1 1 0 1 2 0 0 1 1 1 1 1 3 0 0 1 1 1 0 0 1 1 1 1 1 1 1 0 0 0 0 1 0 0 1 1 
1 0 1 0 0 0 0 0 1 1 0 1 1 1 1 1 0 1 0 1 2 1 1 0 0 1 1 1 1 0 1 0 0 1 1 0 1 1 1 0 0 0 1 0 0 0 1 1 0 0 1 1 

# Size = 17 | Time = 37393 ms
0 1 0 1 2 1 0 1 0 1 0 0 0 1 0 0 0 1 0 0 0 1 1 0 0 1 1 1 2 1 0 1 1 1 0 0 0 1 1 0 0 0 1 1 0 1 1 0 1 1 1 1 
0 1 0 0 2 1 1 1 0 0 1 1 1 0 0 0 0 0 1 0 2 0 0 1 0 0 0 0 1 0 1 0 1 0 0 0 1 1 1 0 1 0 1 0 0 0 0 1 0 0 1 1 
1 0 1 0 0 1 0 0 1 0 0 0 0 1 0 0 1 1 0 0 1 0 1 0 0 1 0 0 1 0 1 0 1 1 1 0 1 0 1 0 1 1 1 1 1 1 1 0 1 1 0 1 
0 0 1 1 1 1 1 1 1 1 0 0 0 0 0 0 0 0 0 0 3 0 0 0 0 1 1 1 0 1 1 0 1 0 0 0 0 1 0 1 0 1 0 0 0 0 1 1 0 1 0 1 
1 1 1 1 0 1 1 0 1 0 0 1 1 1 1 0 0 0 1 0 0 1 1 1 1 1 0 0 3 1 1 1 0 0 0 1 1 1 0 1 0 1 0 1 0 1 0 1 0 0 0 0 
1 1 0 0 1 0 0 1 1 1 0 0 0 1 1 1 1 1 0 1 2 1 0 1 0 1 1 1 3 1 0 0 0 1 0 0 1 0 0 1 1 0 0 1 1 1 1 0 1 1 0 1 
1 1 0 1 2 0 1 1 0 0 1 1 0 0 0 1 1 1 1 1 0 1 1 0 1 0 0 0 0 0 0 1 0 0 1 1 1 0 0 0 1 1 1 1 0 1 1 0 1 0 0 0 
0 0 0 0 0 0 0 1 1 1 1 0 1 0 1 0 1 0 0 1 0 0 0 0 1 0 1 1 0 1 0 1 0 0 1 1 0 0 0 1 0 0 0 0 0 0 0 0 0 0 1 1 
0 0 1 0 0 1 0 0 0 1 1 0 1 1 0 1 0 0 0 1 2 0 1 0 0 1 1 1 0 0 1 0 1 1 1 0 0 1 1 1 0 1 0 1 1 1 1 1 0 1 1 0 
1 1 0 0 2 0 1 0 0 0 1 0 1 0 1 1 1 1 1 1 3 0 0 0 1 0 0 0 3 0 1 1 1 1 1 1 0 0 1 0 1 0 1 0 0 1 1 0 0 0 1 0 
0 0 1 1 0 0 1 0 0 1 0 1 1 0 1 1 0 0 1 1 3 1 1 1 1 0 1 1 1 1 0 1 0 1 0 1 0 0 0 1 0 0 0 1 1 1 1 0 1 1 0 0 
1 1 0 1 1 0 1 1 0 0 1 0 1 0 1 0 1 0 1 1 1 0 0 1 1 0 1 0 2 1 0 1 0 0 1 1 0 1 0 1 1 1 1 0 0 1 0 1 0 0 1 0 
0 0 1 1 1 0 0 0 0 1 0 1 0 1 0 1 0 1 0 0 1 1 1 0 0 0 0 1 3 0 0 0 0 1 0 1 0 0 1 0 0 0 0 1 0 0 1 0 1 0 1 1 
1 0 1 0 1 1 0 1 0 1 0 0 0 1 0 0 0 1 1 1 0 0 0 0 1 1 0 0 1 1 1 0 0 0 0 0 0 0 0 1 1 0 1 1 1 0 0 1 0 0 1 1 
1 0 1 1 0 0 1 0 1 0 0 1 0 0 0 1 1 1 1 1 2 1 1 1 1 0 0 1 2 0 1 1 0 1 0 1 1 0 1 1 1 0 0 1 1 0 1 0 1 1 0 1 
0 0 1 1 2 0 0 1 1 0 1 1 1 1 1 1 1 0 0 0 1 1 0 1 1 1 0 1 0 0 0 0 1 0 0 1 1 0 0 1 1 1 0 1 1 0 1 0 0 1 0 1 
1 1 1 0 1 0 0 0 0 1 1 0 1 1 0 0 0 1 1 1 3 1 1 0 1 0 0 1 2 0 0 0 0 1 0 0 1 0 1 1 1 0 1 0 0 1 0 0 1 1 0 0 

# Size = 18 | Time = 43224 ms
0 0 1 1 2 0 0 0 0 0 1 0 0 1 1 0 1 0 0 1 0 0 1 0 1 1 0 0 3 1 0 0 0 1 1 1 0 1 0 0 1 1 0 1 1 1 1 0 0 1 0 1 
1 0 1 0 0 1 0 0 0 1 1 0 0 0 1 1 0 0 1 0 0 0 0 1 0 1 0 0 1 0 1 1 0 0 1 0 0 1 1 1 0 1 1 0 0 1 1 0 0 1 1 0 
1 1 0 1 2 0 1 0 0 1 1 0 0 0 0 0 1 0 0 0 1 0 1 0 0 1 0 0 1 1 0 1 0 1 0 0 0 1 0 0 0 1 1 1 0 1 1 0 1 0 1 1 
1 0 0 0 1 1 1 0 1 0 0 1 1 1 0 1 0 1 0 1 2 0 1 1 0 1 1 1 2 0 0 0 1 1 0 0 0 0 1 1 1 1 0 1 0 1 1 0 0 0 1 1 
0 0 1 1 2 0 0 1 0 0 0 1 0 0 1 0 0 0 1 1 1 0 0 0 1 0 1 0 0 1 1 0 1 1 1 1 0 0 1 1 1 1 1 1 0 1 0 0 0 0 1 0 
1 1 1 1 0 0 1 1 1 1 0 1 1 1 0 0 0 1 0 1 0 1 0 0 1 1 1 0 2 1 1 0 1 0 0 1 1 0 0 0 0 0 0 0 0 1 0 1 0 0 0 1 
1 0 0 0 0 0 0 0 0 0 1 0 1 0 0 1 0 0 0 0 3 1 0 0 1 1 1 1 0 0 0 1 0 1 1 0 1 0 0 0 1 1 0 1 0 0 1 0 1 0 1 1 
0 1 1 1 2 1 0 0 1 0 0 0 1 1 1 0 1 0 1 1 2 1 0 0 1 0 1 1 1 1 0 1 0 0 1 1 1 1 1 0 1 1 0 0 0 0 0 1 0 1 0 1 
0 1 0 0 0 0 1 1 0 0 1 0 1 1 1 0 1 1 0 0 2 1 1 1 0 0 0 1 0 0 1 1 0 1 0 0 0 1 0 1 0 0 1 0 0 1 0 0 1 1 0 0 
1 1 0 1 0 1 1 1 1 1 0 1 1 0 0 0 0 1 1 0 3 0 0 1 0 0 1 1 3 0 1 1 1 0 0 0 0 0 1 1 0 0 1 0 0 0 0 0 1 0 1 1 
0 0 1 1 1 1 0 1 1 1 1 1 1 0 1 1 1 0 1 0 1 1 0 1 1 0 0 1 2 1 1 1 0 0 1 0 1 1 0 0 0 0 0 0 0 0 1 1 0 1 0 1 
1 1 1 0 0 1 0 1 0 0 1 0 0 1 1 0 0 1 0 0 1 0 0 0 0 0 1 1 2 0 1 0 1 0 0 0 1 1 1 0 0 1 1 1 1 1 0 0 1 0 1 0 
0 1 0 0 1 0 1 1 0 1 0 1 0 1 0 0 1 1 1 0 1 0 0 0 0 0 0 0 3 1 0 1 1 1 1 1 0 0 1 1 0 1 0 1 1 1 0 1 0 0 1 0 
0 1 0 0 2 1 0 0 1 1 0 0 0 0 1 1 1 1 0 1 2 1 1 1 0 1 0 0 3 0 0 0 0 1 1 1 1 0 0 1 1 0 1 1 1 0 1 1 0 0 1 1 
0 0 1 1 2 0 0 1 1 1 1 0 0 1 1 0 1 1 1 1 3 0 1 1 1 1 0 0 2 1 1 0 1 0 1 1 1 1 1 1 1 1 1 1 1 1 1 1 0 1 0 0 
1 1 0 0 1 1 1 1 0 1 0 1 1 1 0 1 1 1 1 1 3 1 0 0 0 0 0 1 1 0 0 0 1 1 0 1 1 0 1 1 1 0 1 1 1 0 1 0 1 1 0 1 
0 1 0 1 1 1 1 0 1 1 0 0 1 1 1 1 1 1 0 1 0 0 0 1 1 0 1 1 0 1 1 1 1 0 0 1 0 1 0 0 1 1 1 1 1 0 1 0 1 1 0 1 
0 0 0 0 2 0 1 0 0 0 1 0 0 0 0 1 1 0 1 1 2 0 1 0 1 1 1 1 0 0 0 0 1 0 1 0 1 0 0 1 0 0 1 0 0 1 1 1 0 1 0 0 

# Size = 18 | Time = 10545 ms
1 0 1 0 2 1 1 0 1 0 1 0 0 1 1 0 0 1 0 1 3 0 1 0 1 1 0 0 0 1 1 1 1 0 1 0 0 0 1 0 0 0 1 1 1 1 1 0 0 1 1 1 
1 0 1 0 0 1 0 1 1 0 1 1 0 0 0 0 1 0 1 1 1 1 1 0 0 1 0 0 0 0 0 1 0 0 1 1 1 0 1 1 0 1 1 1 0 1 1 0 0 0 0 1 
1 1 0 0 0 0 0 0 0 1 0 0 1 1 1 1 1 0 0 1 0 0 1 1 1 0 1 0 3 1 0 0 1 0 0 1 0 1 0 0 1 1 0 1 1 1 1 1 0 0 1 0 
1 0 1 1 1 1 0 0 0 0 1 0 1 1 1 0 0 1 0 0 0 1 1 0 0 1 1 1 2 0 0 1 0 0 1 0 1 0 1 1 0 1 0 1 0 0 1 0 0 0 1 1 
0 0 1 0 1 1 1 0 0 0 1 0 1 1 0 1 1 1 0 0 2 1 1 1 0 0 0 1 1 0 1 0 1 1 1 0 1 0 0 1 1 1 1 1 1 1 1 1 0 0 0 1 
0 1 0 1 0 1 1 1 0 0 1 0 0 0 1 0 0 1 0 1 1 0 1 1 0 1 0 1 1 1 1 0 0 0 0 0 1 1 0 1 0 1 0 1 0 0 0 0 1 0 1 1 
1 1 0 1 1 0 1 0 1 1 0 0 1 0 0 0 1 1 1 0 1 0 0 1 1 1 0 1 0 1 0 1 1 1 1 0 1 1 1 1 1 0 0 0 0 1 0 0 1 0 1 0 
0 1 0 1 2 0 0 1 1 1 0 1 1 1 0 1 1 0 1 0 1 1 0 1 0 1 1 0 0 1 1 1 1 1 0 0 1 0 1 0 0 0 1 1 1 0 1 1 0 1 0 1 
0 0 1 1 0 1 1 1 1 1 0 1 0 0 0 0 0 0 1 0 0 0 0 1 1 0 0 1 0 1 1 1 0 1 0 1 0 1 0 0 1 0 1 0 0 1 0 0 1 1 0 0 
0 1 1 0 0 0 1 1 1 1 1 1 0 0 0 0 1 0 1 1 3 0 0 1 1 0 0 0 2 0 0 0 1 1 0 1 0 1 0 0 1 1 0 1 1 1 0 1 0 1 0 0 
1 0 0 1 2 0 0 0 1 1 0 1 0 1 1 0 0 1 1 0 0 1 0 0 0 0 1 0 1 0 0 1 0 1 1 1 0 1 1 1 1 0 0 0 0 1 0 1 0 1 0 0 
0 0 1 1 1 1 1 1 1 0 1 1 0 0 0 0 0 0 1 1 1 1 0 0 1 1 0 0 3 0 1 1 0 1 1 1 0 0 1 0 0 0 1 0 0 0 0 0 1 1 0 1 
1 1 0 1 0 0 1 1 1 1 0 1 0 1 1 0 0 0 0 1 2 0 0 0 1 1 1 0 2 1 1 1 0 0 0 1 0 1 1 0 0 0 0 0 0 0 0 0 1 0 1 1 
1 1 1 1 2 0 0 1 0 0 0 1 0 0 1 1 1 1 1 0 2 1 0 0 1 1 1 1 3 0 0 0 0 1 0 0 1 0 1 0 0 1 1 1 1 1 1 0 1 0 1 0 
0 1 1 0 2 0 0 1 0 1 0 1 0 0 0 1 0 0 0 1 1 1 1 0 0 0 0 1 2 0 1 1 0 1 0 1 1 1 0 0 0 1 1 0 0 0 1 0 1 1 0 1 
0 1 0 1 1 1 0 1 0 0 0 0 1 1 1 1 0 0 0 0 3 1 1 0 1 0 1 1 1 1 1 0 0 0 0 1 1 0 1 0 1 0 1 0 0 0 1 0 1 0 0 1 
1 1 1 0 2 1 0 0 1 1 0 0 1 1 0 1 0 0 0 1 3 1 0 0 0 0 0 1 3 0 0 0 0 0 1 1 0 0 0 1 1 0 0 1 0 0 1 1 0 1 1 1 
0 1 1 1 1 1 0 1 0 0 0 0 0 0 0 1 0 1 0 0 2 1 0 1 0 1 1 0 0 0 0 0 1 1 1 1 0 1 1 1 0 1 0 0 0 0 1 0 0 1 1 1 

# Size = 17 | Time = 35402 ms
0 0 1 1 1 1 0 1 1 1 1 1 0 1 0 0 1 0 0 0 0 0 1 0 1 1 1 1 1 1 0 0 1 1 0 1 1 1 0 1 0 0 1 1 0 0 1 1 0 0 0 1 
0 1 0 0 2 0 0 0 1 1 1 0 0 0 0 0 0 1 0 0 2 1 0 0 1 0 1 0 0 0 1 0 0 0 1 1 0 1 0 1 1 0 1 0 0 1 0 0 1 0 1 1 
1 0 1 1 2 1 1 1 0 0 0 1 1 1 1 1 0 1 0 1 1 0 1 1 0 1 0 1 0 1 0 1 1 1 1 0 1 0 1 1 0 1 0 1 1 0 1 1 0 1 0 1 
0 1 1 1 0 1 1 1 0 1 0 1 0 1 1 0 1 0 1 0 2 0 0 1 0 1 0 1 2 0 1 1 0 1 1 0 1 1 1 0 0 0 1 1 0 0 0 1 0 1 0 1 
1 0 0 0 0 0 1 0 1 0 1 1 1 1 1 1 1 1 1 0 0 1 0 0 0 0 0 0 2 1 0 0 0 1 1 0 0 1 1 1 0 1 0 1 1 1 1 0 1 1 0 0 
0 1 0 0 0 0 0 1 0 0 0 0 1 0 1 0 1 0 0 1 0 1 1 1 1 1 1 0 0 0 1 1 1 0 0 0 0 0 1 0 1 1 0 0 0 0 0 0 1 0 1 1 
0 0 0 0 1 0 1 0 0 0 0 0 0 1 1 1 1 1 1 1 3 1 1 1 1 1 0 1 0 0 1 1 0 0 0 1 1 1 1 0 0 0 0 0 0 1 1 1 0 1 0 0 
1 0 0 1 2 1 0 0 0 0 1 0 0 0 0 0 1 0 1 1 2 0 1 1 1 0 0 1 2 1 1 1 1 1 0 0 0 0 0 0 1 0 0 1 1 1 0 0 1 0 0 0 
1 1 1 0 1 1 1 0 1 0 0 1 1 0 1 1 0 1 1 1 2 0 0 1 0 0 1 0 1 1 0 1 0 1 1 0 0 0 0 0 1 1 0 0 0 0 1 0 1 1 1 1 
0 1 0 1 0 1 0 1 1 0 0 0 0 1 1 1 0 1 1 0 3 0 0 1 0 0 0 1 3 0 1 0 0 1 1 0 1 0 1 0 1 0 1 1 1 0 1 1 0 0 0 1 
1 0 1 1 2 0 1 0 0 1 0 1 1 0 0 1 0 0 0 1 0 1 1 0 0 1 1 0 3 1 0 1 1 0 0 1 0 0 1 1 0 1 0 0 0 1 1 1 0 1 0 0 
1 0 0 0 1 0 1 0 1 1 1 0 0 1 0 0 1 0 1 0 1 1 0 0 1 0 0 1 3 0 1 0 1 0 0 1 1 1 0 0 1 1 1 0 0 1 0 0 1 0 1 0 
1 0 1 1 2 1 0 1 0 1 1 1 1 0 0 0 0 0 0 1 3 1 0 0 0 1 1 0 2 1 0 1 1 0 0 1 0 1 0 1 0 1 1 0 0 0 0 0 1 1 1 1 
0 1 0 0 2 0 0 1 0 1 0 0 1 0 1 0 0 1 0 1 3 1 1 0 0 0 0 0 1 0 1 0 1 0 0 1 1 0 1 1 0 0 0 1 1 1 0 0 0 0 1 0 
0 0 1 1 0 0 0 0 1 0 0 0 0 0 0 0 0 0 0 0 2 0 0 0 1 1 0 1 3 0 0 0 1 0 1 1 1 1 0 1 0 0 1 1 0 0 0 1 0 0 1 1 
0 1 1 1 0 1 0 1 0 1 0 0 0 0 0 1 1 0 1 1 1 0 1 0 0 0 1 0 1 1 1 0 0 1 0 1 0 1 1 1 0 0 0 1 1 0 1 0 1 1 0 1 
0 0 1 0 1 0 0 0 0 1 1 0 0 0 1 0 0 1 1 1 1 1 1 1 1 0 0 0 2 1 0 1 1 1 1 1 1 0 0 0 0 1 1 1 1 1 0 0 0 1 0 0 

# Size = 17 | Time = 12583 ms
1 0 1 0 0 0 0 0 0 1 1 0 0 1 0 0 1 1 1 0 1 1 1 1 0 1 1 1 2 0 0 1 0 0 0 0 0 1 0 1 1 0 1 1 1 1 1 0 0 1 0 1 
1 1 0 1 0 0 1 1 0 1 0 1 1 1 0 1 1 0 1 1 0 0 0 0 1 0 1 0 3 1 0 1 1 1 1 1 1 1 1 0 1 1 1 1 0 0 1 1 0 1 0 1 
0 0 1 1 1 0 0 0 1 1 0 1 1 0 1 0 1 1 1 1 0 1 0 0 1 0 0 0 1 1 1 0 0 1 0 0 1 1 0 1 0 1 0 1 1 1 1 0 1 0 1 1 
0 1 1 0 2 0 0 0 0 1 1 1 1 0 0 0 1 0 1 1 2 1 0 0 1 1 1 0 2 1 1 0 1 1 0 1 1 0 0 1 1 0 1 1 1 1 1 0 1 1 0 1 
0 1 0 0 0 1 1 0 1 0 0 1 0 0 1 0 1 1 1 1 2 0 1 1 1 1 1 0 0 0 0 0 0 1 0 0 0 1 0 1 0 0 1 0 0 1 1 0 1 0 0 0 
1 1 0 0 0 0 1 0 0 1 1 0 1 1 0 1 0 0 0 0 3 1 0 0 0 1 0 1 0 0 1 1 0 0 0 1 1 0 0 0 1 1 0 0 0 0 1 0 1 0 1 1 
0 0 0 0 2 1 0 0 1 0 1 0 1 1 1 0 0 1 0 0 3 0 0 1 0 0 0 0 3 1 1 1 1 1 1 1 0 1 0 0 0 0 0 1 1 0 0 0 1 1 0 1 
0 0 1 1 2 1 1 0 1 0 0 1 1 0 0 1 0 1 0 1 1 1 0 0 0 1 1 0 3 0 1 1 0 1 0 0 1 0 0 1 1 0 0 0 0 1 1 1 0 0 1 0 
1 1 0 0 2 1 1 1 0 0 1 0 0 1 0 0 0 0 0 0 1 0 1 1 0 1 1 1 1 0 0 1 1 0 1 1 0 0 1 0 1 0 1 0 0 1 0 0 1 1 0 0 
1 0 1 1 0 0 0 1 1 1 0 1 0 0 1 0 1 0 1 1 3 0 0 0 1 0 1 1 1 1 0 0 1 0 1 0 1 0 1 1 0 0 1 0 0 1 0 1 0 0 1 0 
0 0 1 1 1 0 0 1 0 0 1 0 1 0 1 1 0 0 0 0 1 0 1 1 1 1 0 1 0 1 0 1 1 1 1 1 1 0 1 1 1 0 0 1 1 0 1 1 0 1 0 1 
0 1 0 0 1 1 1 1 0 1 0 0 0 1 0 1 1 1 0 1 2 1 1 0 0 0 0 0 1 0 1 0 0 0 1 0 1 0 0 0 0 1 1 0 0 0 1 1 0 1 1 1 
0 1 0 0 2 1 1 1 1 0 1 0 0 0 1 1 0 0 0 0 0 0 1 1 0 1 0 1 2 0 1 0 1 0 1 0 0 0 0 0 0 0 0 0 0 1 1 1 0 0 1 0 
1 1 1 1 1 0 1 0 0 0 0 1 0 0 1 0 0 1 1 0 3 1 1 0 0 0 1 0 2 1 1 0 0 1 0 0 0 0 1 0 0 1 1 1 1 0 0 1 0 1 0 1 
1 0 0 0 1 0 1 1 1 0 0 0 0 1 1 1 1 1 1 0 1 0 1 0 1 0 0 1 3 0 0 0 0 0 0 0 0 1 0 0 0 1 0 1 1 1 1 0 1 0 0 0 
0 1 1 1 2 0 1 0 1 0 0 1 0 1 1 0 1 1 1 0 0 0 1 1 1 0 0 1 0 1 0 1 1 1 0 1 1 0 1 0 1 1 1 0 0 1 0 1 0 0 1 0 
1 0 0 1 2 1 0 1 0 1 0 0 1 1 1 0 0 0 0 0 2 1 0 1 0 0 0 1 3 1 1 1 1 1 1 0 0 1 1 1 1 0 0 1 0 1 0 0 1 1 1 0 

# Size = 17 | Time = 10703 ms
1 0 0 0 0 0 1 0 0 1 0 0 0 1 1 0 1 1 1 1 3 1 1 1 1 0 1 0 2 1 1 1 0 0 1 0 1 1 1 1 0 1 0 0 0 0 1 1 0 0 0 1 
1 0 0 1 0 0 0 1 1 0 1 0 0 0 0 1 1 1 1 1 0 0 0 1 1 1 1 1 1 1 0 0 1 0 1 0 0 0 1 0 1 1 1 0 0 1 1 0 0 0 0 0 
1 0 0 1 1 1 0 0 1 1 0 0 0 1 1 0 1 1 0 0 1 1 1 1 1 0 0 0 1 1 1 0 0 1 1 0 0 0 0 1 0 0 1 1 0 1 0 0 1 0 0 0 
0 1 1 0 2 0 1 0 0 1 0 1 1 0 1 0 0 1 0 1 0 1 1 0 0 0 0 0 3 1 1 1 1 0 0 1 1 0 0 1 0 0 0 1 1 1 0 0 1 1 0 0 
1 0 0 1 2 1 0 1 1 1 1 1 1 0 0 0 1 1 1 0 3 1 0 0 1 1 1 0 3 0 0 0 0 1 1 1 0 1 1 0 0 1 1 1 0 0 0 0 0 1 0 1 
0 0 1 0 0 1 1 1 0 0 0 1 1 0 1 0 0 1 0 1 3 1 0 0 1 1 1 1 1 0 0 1 1 1 1 0 1 1 0 1 1 0 1 1 1 1 1 0 0 1 1 0 
0 0 1 0 1 1 1 0 1 0 1 0 1 0 0 1 1 0 0 0 3 0 0 1 0 1 0 1 0 0 1 1 0 0 1 1 1 0 1 0 1 0 0 0 0 0 1 0 1 1 0 1 
0 1 0 1 1 0 1 1 0 0 1 1 1 0 1 0 0 0 1 0 3 1 0 0 0 0 1 0 1 1 0 1 0 1 0 1 0 1 1 0 1 1 0 0 0 0 0 1 0 0 1 1 
1 1 0 0 2 1 0 0 0 1 0 1 1 1 1 1 0 0 1 0 0 1 1 0 0 0 0 1 0 0 0 1 0 1 0 0 0 1 0 0 0 0 1 1 1 0 1 1 0 0 1 1 
0 0 0 1 2 0 0 1 0 1 0 1 1 0 0 1 0 0 1 1 2 0 0 0 0 0 1 0 1 0 0 1 0 0 0 0 1 1 0 0 1 0 0 1 0 1 1 0 0 1 0 1 
0 1 1 0 1 1 1 1 0 0 1 1 1 0 0 1 0 0 1 1 0 0 0 1 1 1 1 1 2 0 1 0 1 1 1 1 0 0 0 1 1 1 1 1 1 1 1 0 1 1 1 0 
1 1 1 0 0 1 1 0 1 0 1 0 0 1 1 0 1 1 0 0 2 0 1 0 0 1 0 1 0 1 1 0 1 1 0 1 0 0 1 1 0 1 1 1 1 0 0 0 1 0 1 1 
0 1 1 1 0 0 0 1 1 0 0 0 0 1 0 0 0 0 0 0 2 1 1 1 1 1 0 0 2 0 0 0 0 0 1 0 1 0 0 0 1 0 0 0 0 1 0 1 0 1 0 0 
0 1 0 0 0 0 1 0 0 0 1 0 1 0 0 1 0 0 1 0 1 0 0 1 1 1 1 1 3 0 0 1 1 0 0 0 1 1 1 0 1 1 0 0 0 0 1 1 0 0 1 1 
0 0 1 1 1 1 1 0 0 1 1 1 0 1 1 1 0 1 0 0 2 0 0 0 1 0 1 0 3 0 0 1 1 0 1 1 0 1 1 0 1 1 1 0 0 1 1 0 1 1 0 1 
1 1 1 1 2 0 0 1 1 0 1 0 0 1 0 1 1 1 1 1 1 0 1 1 1 1 1 0 0 1 0 1 1 1 1 1 0 0 0 0 0 1 0 1 1 1 1 0 1 1 0 0 
1 0 0 1 2 0 1 0 0 0 1 1 0 0 1 1 0 0 1 1 1 1 1 0 0 1 1 0 2 1 0 0 1 1 0 0 0 0 0 1 0 0 1 0 0 1 1 0 0 0 0 0 

# Size = 18 | Time = 11022 ms
0 1 0 0 0 1 0 0 1 0 0 0 1 0 1 1 1 0 0 1 1 1 0 0 0 0 1 0 0 0 0 1 0 0 1 0 0 1 1 1 1 1 0 1 0 1 1 1 0 1 1 1 
1 1 1 0 1 0 1 0 1 1 1 0 1 0 1 1 0 0 1 0 0 1 1 1 1 0 1 0 1 1 0 1 1 1 0 0 0 0 0 1 1 0 1 1 1 1 1 1 0 1 0 1 
0 1 0 0 0 0 1 0 1 1 1 0 0 1 1 0 0 1 1 1 2 0 1 0 1 0 0 1 2 0 1 0 1 1 0 0 1 1 0 1 1 1 1 0 0 1 1 0 0 0 0 0 
0 1 0 1 2 1 0 1 1 0 1 1 0 0 0 1 1 1 1 0 1 0 1 0 1 0 0 0 2 1 1 0 1 0 1 1 1 0 0 0 0 0 1 1 1 0 1 0 1 1 0 1 
0 0 0 0 2 0 0 0 1 1 1 0 0 0 1 0 1 0 1 1 3 0 0 1 1 0 0 0 3 1 0 0 0 0 0 0 0 0 1 1 1 0 1 0 0 0 1 0 0 1 0 1 
0 0 1 1 1 1 1 1 0 0 1 1 1 0 0 1 1 1 0 1 2 0 0 1 0 1 1 1 3 0 1 1 1 1 1 0 0 0 1 0 0 1 0 0 0 1 1 1 0 0 1 1 
1 1 0 1 1 1 0 1 0 0 0 1 0 1 1 1 1 0 0 1 3 1 1 0 1 1 0 1 3 1 0 1 0 1 1 1 1 1 1 1 0 1 0 1 1 0 1 0 1 0 1 1 
1 0 0 1 1 1 0 1 1 1 1 1 1 1 0 0 0 0 0 0 2 1 0 0 1 1 1 0 0 1 0 0 1 0 0 1 0 1 1 0 1 0 1 1 1 0 0 0 1 0 1 1 
0 0 0 1 0 1 0 1 1 0 0 0 1 1 1 1 1 1 1 0 3 0 1 0 0 1 1 1 1 0 1 0 0 0 1 1 1 0 0 0 0 1 0 1 1 1 1 1 0 1 1 0 
1 0 1 0 1 0 1 1 0 1 0 0 0 1 1 0 0 1 1 0 1 0 1 1 0 1 0 1 1 0 0 0 1 1 0 1 0 0 1 0 1 0 1 0 0 0 0 1 0 0 0 1 
1 0 1 0 1 0 0 0 0 1 0 0 0 0 0 0 1 0 0 0 1 1 0 1 0 1 1 0 2 1 1 1 0 1 0 0 0 1 1 1 0 0 0 0 0 1 0 0 1 1 0 0 
0 1 1 1 0 0 1 0 0 0 0 1 1 0 0 0 0 1 1 1 3 0 0 0 0 0 0 0 2 1 0 1 1 0 0 1 1 1 1 0 0 0 0 1 0 1 0 0 1 1 0 0 
1 1 1 0 0 0 1 1 0 1 0 1 0 0 1 0 0 1 0 0 1 0 0 1 0 1 0 0 3 0 1 1 0 1 1 1 1 0 0 0 0 0 0 0 0 1 0 1 0 1 0 0 
0 0 0 1 2 1 0 1 0 0 0 1 1 1 0 0 1 1 0 1 0 0 0 0 0 1 1 1 3 0 1 0 0 1 1 1 1 1 1 0 0 1 0 0 0 1 0 0 1 0 1 0 
1 0 1 0 2 0 1 1 0 1 0 1 0 1 0 0 0 1 1 0 3 0 1 1 1 1 0 1 0 0 1 1 0 1 1 1 1 0 0 1 0 0 0 0 0 1 0 1 0 0 0 0 
0 1 0 1 0 0 1 0 0 1 1 1 0 0 1 1 0 0 0 0 0 1 1 1 1 0 0 0 0 1 1 1 1 0 1 1 0 1 1 0 1 0 0 0 0 0 1 0 1 1 0 1 
1 0 1 0 2 0 1 0 1 0 0 1 1 1 1 1 0 0 1 1 0 0 0 1 0 0 1 0 2 1 1 0 0 0 0 0 0 0 1 0 0 1 1 0 0 1 1 1 0 0 1 1 
1 1 1 1 2 0 1 1 0 0 0 1 0 0 0 1 0 1 0 1 2 1 0 0 0 1 1 0 1 1 0 1 0 1 1 1 0 1 1 1 0 1 0 0 0 0 1 0 1 1 0 1 

# Size = 17 | Time = 37989 ms
1 1 1 1 2 0 0 0 1 1 0 1 0 1 0 0 1 0 0 1 2 0 1 1 1 0 0 0 1 1 0 0 0 0 1 0 1 0 0 1 0 1 1 1 0 1 0 0 0 0 0 1 
1 1 1 1 1 1 0 0 1 1 0 0 0 1 1 0 0 1 1 0 3 1 1 1 0 1 0 0 2 1 0 0 1 1 1 0 0 0 1 0 1 0 0 0 0 0 1 0 0 1 1 1 
0 1 0 0 2 1 0 1 1 1 1 1 1 1 1 0 1 0 1 0 1 0 1 0 1 1 1 0 3 1 0 1 1 0 1 1 0 1 1 0 0 1 1 1 0 0 0 0 0 1 1 1 
1 1 1 0 1 0 0 1 0 0 0 1 1 1 0 0 1 0 0 1 0 0 1 0 1 1 1 0 0 0 1 0 0 1 0 0 1 0 1 1 1 1 1 1 1 1 1 1 0 1 0 1 
0 0 0 0 0 1 0 1 0 0 1 1 1 1 1 1 1 1 0 0 3 0 0 0 0 1 1 1 1 0 1 1 1 0 0 0 0 1 0 1 0 0 1 1 1 1 1 1 0 0 1 0 
0 1 0 1 0 1 0 1 0 1 0 0 1 0 1 0 1 0 1 0 2 0 0 0 0 0 0 1 2 0 1 1 0 0 1 1 0 0 0 0 0 1 1 1 1 1 0 1 0 0 0 0 
1 0 0 1 0 1 1 0 1 0 1 1 0 0 1 1 0 0 1 1 1 1 0 1 1 0 1 0 0 1 0 1 1 0 0 0 1 0 0 0 0 0 0 0 0 0 1 1 0 0 1 1 
1 0 1 0 1 0 1 0 0 0 0 1 0 0 1 1 0 1 0 1 2 1 0 1 1 1 1 1 3 0 1 1 1 1 0 1 1 1 1 0 1 0 0 0 0 1 1 0 1 0 0 0 
0 0 1 1 0 1 1 1 0 1 1 0 1 1 0 0 1 0 0 0 2 1 1 0 0 0 1 1 0 1 1 0 0 1 1 0 0 0 1 1 0 1 1 0 0 0 0 0 1 1 1 1 
0 0 0 1 2 1 1 0 1 1 1 0 1 0 1 1 0 1 1 0 0 1 0 0 0 0 0 1 3 1 0 0 0 1 1 0 1 1 0 0 0 0 0 1 1 0 1 1 0 0 1 1 
0 0 0 0 2 0 1 1 0 0 0 0 1 0 0 1 0 1 0 1 1 0 1 1 1 0 0 1 2 1 1 1 0 1 0 1 1 1 0 1 1 1 1 0 0 1 1 0 1 0 1 0 
0 1 0 0 1 0 0 1 1 0 1 1 0 0 0 0 0 1 1 1 1 0 0 1 0 0 1 0 2 0 1 0 1 0 1 1 0 1 0 0 0 0 0 1 1 1 0 0 1 1 0 0 
1 1 0 0 0 0 0 0 0 1 1 0 0 0 0 0 1 0 1 0 0 0 0 1 1 0 1 0 2 0 0 1 1 0 0 1 0 1 0 1 1 1 1 0 0 0 0 0 1 0 0 1 
1 1 0 0 0 0 1 0 0 1 1 0 0 0 0 1 1 0 1 1 3 1 0 0 1 0 1 1 3 1 1 0 0 1 0 1 1 0 0 1 0 1 0 1 0 1 1 0 1 1 0 0 
1 1 0 0 1 1 1 0 0 1 0 0 0 0 1 1 0 1 1 0 0 1 0 0 0 0 0 0 1 0 0 1 1 1 0 1 0 0 1 0 1 1 0 0 0 1 1 0 1 1 0 0 
0 1 1 0 0 1 1 1 0 1 1 0 0 0 0 0 0 0 0 0 1 1 0 1 0 0 1 0 1 1 1 1 0 0 0 1 0 0 0 1 0 0 0 0 0 0 1 1 0 0 0 1 
1 0 0 1 2 0 1 1 1 1 1 1 1 1 1 0 0 1 1 1 3 0 0 1 1 1 0 0 0 0 0 1 0 0 1 1 0 1 0 0 0 1 0 0 0 1 0 1 0 1 0 0 

# Size = 18 | Time = 10756 ms
0 0 1 0 1 0 0 1 1 0 0 0 0 0 1 0 0 1 1 0 1 1 1 0 1 1 1 1 0 0 0 0 0 1 1 1 1 0 1 0 1 0 1 0 0 0 1 0 0 0 0 1 
1 0 0 1 2 1 0 0 0 0 0 0 0 1 0 1 0 0 0 1 3 1 1 1 0 1 1 1 1 0 0 1 0 1 1 0 1 0 0 0 1 0 0 0 0 1 1 1 0 1 1 0 
1 0 0 1 0 1 1 1 1 1 1 0 1 0 0 0 0 1 0 1 2 1 1 0 0 0 1 1 3 0 1 0 0 1 0 0 0 0 0 1 1 1 1 0 0 1 1 0 0 0 1 1 
1 1 0 1 1 1 0 1 1 1 1 1 0 0 0 1 1 0 0 1 1 0 0 0 1 1 0 1 0 0 1 1 1 1 0 1 1 1 1 1 0 1 0 0 0 1 1 0 0 1 0 0 
1 0 1 0 1 0 1 0 1 0 1 1 1 1 0 0 0 1 1 1 2 0 0 1 0 1 0 1 2 1 0 1 1 0 1 1 0 0 1 0 0 1 1 1 1 1 0 1 0 1 0 1 
0 1 1 0 2 0 1 0 0 0 1 1 0 0 1 1 1 1 0 0 0 0 1 1 1 1 1 1 3 0 0 1 0 1 0 1 1 1 0 0 1 0 0 0 0 1 1 0 1 0 0 0 
0 0 1 1 0 0 0 1 1 0 1 1 1 0 0 1 1 1 1 0 3 0 1 1 0 1 1 0 3 1 1 1 1 0 1 1 0 1 1 1 0 1 0 1 1 1 1 0 1 1 0 1 
1 0 0 1 0 0 0 1 1 1 0 0 1 1 0 0 0 0 0 1 0 1 0 0 0 0 0 0 3 0 1 0 1 0 1 0 1 0 1 1 0 0 1 1 1 0 0 1 0 0 1 1 
0 1 0 0 0 1 1 0 0 1 0 0 1 0 1 0 0 0 1 1 0 0 1 0 0 0 0 0 0 1 1 0 0 1 0 0 0 1 1 1 0 1 1 1 1 0 0 1 0 1 1 1 
1 1 0 0 1 1 1 1 0 1 0 1 0 1 1 0 0 0 1 1 3 1 0 0 1 0 0 0 0 1 0 0 0 0 0 0 0 0 0 1 0 0 1 0 0 0 0 0 1 0 0 1 
0 1 1 0 1 0 1 1 1 1 1 1 1 0 1 0 1 1 1 0 0 0 0 0 1 0 0 0 1 1 1 0 1 0 0 1 1 1 1 1 0 1 1 1 1 0 0 1 0 0 0 1 
1 0 0 1 2 1 0 1 1 1 0 0 1 0 1 1 1 0 0 0 0 1 1 0 1 0 1 0 2 0 1 0 0 1 0 1 1 1 1 1 0 0 1 0 0 0 1 0 1 0 1 1 
0 1 1 1 2 1 1 0 0 0 1 1 0 1 1 0 1 0 0 0 1 1 0 1 0 0 0 0 2 1 1 1 1 0 1 0 0 0 0 0 1 1 0 1 1 1 0 1 0 1 1 0 
1 1 0 1 1 0 1 0 0 1 0 0 1 1 0 0 0 0 1 0 1 1 0 1 1 0 1 1 3 1 1 0 1 0 1 0 0 1 0 0 1 1 1 1 0 1 0 0 1 0 1 0 
0 0 0 0 0 1 0 0 0 1 0 0 0 0 0 1 1 0 1 0 3 1 0 1 1 1 1 0 2 0 0 1 1 0 1 0 1 1 0 0 0 1 0 0 0 1 1 1 0 1 1 0 
0 0 1 1 0 1 1 1 1 1 0 1 1 1 0 1 0 1 0 0 1 0 1 1 1 1 0 0 1 1 0 1 0 1 0 0 0 1 1 0 1 1 0 0 0 0 1 0 0 1 0 1 
0 1 1 0 2 0 0 1 0 1 0 1 0 0 1 1 1 0 1 0 2 0 0 0 1 0 0 0 1 1 0 0 1 0 0 0 1 1 1 1 0 0 0 0 0 0 1 0 1 1 0 1 
0 1 1 0 2 1 1 1 1 1 0 1 1 1 0 1 0 0 0 1 2 1 0 1 1 0 1 1 0 0 1 0 0 1 0 0 0 0 1 1 0 1 1 0 0 1 1 0 0 0 0 0 

# Size = 17 | Time = 10289 ms
1 0 1 0 2 1 0 1 1 1 0 0 1 0 1 1 0 0 1 1 2 0 1 0 1 1 0 1 2 0 1 1 1 1 1 1 1 0 1 0 1 1 0 1 1 0 1 0 0 0 1 1 
0 1 1 0 0 1 1 1 0 1 0 0 0 1 1 0 0 0 1 0 1 0 1 1 1 1 0 1 3 1 1 1 0 1 1 0 0 1 0 1 1 0 1 1 0 1 1 0 0 1 0 0 
0 1 0 1 1 1 1 0 0 1 1 0 1 1 0 0 1 0 1 0 2 1 1 1 0 0 0 1 0 1 0 0 1 1 0 0 0 1 1 1 0 0 1 0 0 1 1 0 0 0 0 0 
1 1 1 0 2 0 1 0 1 0 1 1 1 0 1 0 0 1 0 0 3 0 0 1 1 1 0 0 0 0 0 1 1 1 1 1 1 0 1 1 0 0 0 0 0 1 1 1 0 1 0 0 
0 1 0 0 1 1 0 0 0 0 1 1 0 1 0 0 1 1 1 1 0 0 1 0 1 0 0 0 3 0 1 0 1 1 1 0 1 0 1 0 1 0 1 1 1 0 1 1 0 0 1 1 
1 1 1 1 1 0 1 1 1 0 0 1 0 1 1 0 1 1 0 1 2 0 0 0 1 1 0 1 1 0 1 1 0 0 0 1 0 0 1 1 0 0 1 0 0 1 0 0 1 0 0 1 
1 0 0 1 1 1 0 1 1 1 1 0 1 0 0 1 0 1 1 0 1 0 0 1 1 0 1 0 0 1 0 1 1 0 0 0 1 0 1 1 1 1 0 1 1 1 1 1 0 0 1 1 
1 0 0 0 2 0 1 0 0 0 1 1 1 0 0 0 1 0 0 0 1 0 0 0 0 0 1 0 3 0 0 0 0 0 0 1 0 0 0 1 0 1 1 1 1 0 0 0 1 0 1 1 
0 0 0 1 2 1 1 0 0 1 1 0 0 0 0 1 0 0 0 0 0 1 0 1 0 1 1 0 1 1 0 0 1 0 0 0 0 1 0 1 1 1 1 1 1 1 1 0 0 1 1 0 
0 1 0 1 0 0 0 0 0 0 1 1 0 1 0 1 0 1 0 1 3 1 0 0 0 0 1 0 2 0 1 1 0 0 0 0 0 0 0 1 0 0 1 1 1 1 1 0 1 0 1 0 
0 1 1 1 0 1 1 1 1 1 0 1 1 0 1 0 0 1 0 0 2 1 1 0 0 0 1 0 3 0 0 0 1 0 0 1 0 1 0 0 0 1 0 0 0 1 0 1 0 1 1 0 
1 0 0 0 2 0 0 1 0 1 0 0 1 1 1 1 1 0 1 1 1 1 1 1 0 0 1 1 1 1 0 1 0 1 1 1 1 1 0 0 1 0 0 0 0 0 1 1 0 1 0 1 
1 0 1 1 1 0 1 0 1 0 0 1 0 1 0 0 1 1 0 0 1 1 1 1 1 0 0 1 2 1 0 0 0 1 1 0 0 1 0 1 1 1 1 0 0 0 0 1 0 1 0 1 
1 0 1 1 0 0 1 1 1 1 0 0 1 1 1 0 1 1 1 0 0 0 1 1 0 0 1 1 2 1 1 1 1 1 1 1 1 0 1 1 0 1 0 0 0 1 0 0 1 1 0 1 
1 0 0 1 0 1 0 1 0 0 0 0 1 1 0 0 1 0 1 1 3 0 0 0 1 1 1 1 1 1 1 0 0 0 1 0 1 1 1 0 1 1 0 1 1 0 0 0 1 1 0 1 
0 1 0 0 0 0 0 0 0 1 0 0 0 1 1 0 0 1 0 1 0 1 1 0 0 0 1 0 0 1 1 0 0 0 1 0 0 1 0 0 0 0 0 1 0 0 0 0 1 1 0 1 
1 1 0 0 1 1 1 0 0 1 0 0 1 0 0 1 1 1 0 1 3 0 1 1 0 0 0 1 3 0 1 1 0 0 1 0 1 1 1 1 0 0 1 0 0 1 1 1 0 0 0 1 

# Size = 17 | Time = 10513 ms
0 1 1 0 2 0 0 1 1 0 1 0 0 0 0 1 1 1 0 0 0 1 1 0 0 1 1 1 1 1 1 1 1 0 0 1 1 1 0 0 1 1 0 1 0 1 1 1 0 1 0 1 
0 0 0 1 0 1 1 0 0 1 0 1 1 0 1 0 1 0 0 1 3 1 0 0 0 0 1 1 3 0 0 1 0 1 1 0 1 1 1 1 1 0 0 1 1 0 1 0 1 1 1 1 
1 1 1 0 0 1 0 1 1 0 1 0 0 1 1 0 1 1 1 1 1 0 1 1 0 0 0 1 1 0 1 1 1 1 1 0 1 1 0 1 0 1 1 0 0 1 0 1 0 0 1 0 
1 1 0 1 2 0 0 1 1 1 0 0 1 1 0 0 1 1 1 0 1 0 0 1 1 0 1 0 1 0 0 0 0 1 0 1 0 0 1 1 1 1 1 1 1 0 0 0 1 0 1 1 
1 0 1 1 1 0 1 0 0 1 0 1 1 1 1 0 0 1 0 1 1 0 0 0 0 1 0 0 3 0 1 1 1 1 0 0 0 0 0 0 0 0 1 0 0 1 0 1 0 1 0 0 
1 0 0 0 0 0 1 1 1 0 1 1 0 1 1 0 1 1 0 0 3 0 0 1 0 1 1 0 2 0 0 1 0 0 1 1 1 1 0 1 0 1 1 1 0 1 1 0 0 0 1 0 
1 1 0 1 1 0 1 0 0 1 0 1 1 1 0 1 0 0 0 0 0 0 0 0 1 0 1 1 0 0 0 1 0 1 1 0 1 1 1 1 0 0 1 1 1 0 1 0 0 0 1 1 
0 1 1 0 2 0 1 1 1 1 1 0 1 1 1 0 0 0 0 1 2 1 1 0 0 0 0 1 2 0 1 1 1 1 0 0 1 0 1 0 1 0 0 1 0 0 0 1 0 1 0 1 
1 0 0 1 0 1 0 0 1 0 1 0 1 0 1 1 1 1 0 1 2 1 1 1 1 0 0 0 0 1 0 0 0 0 1 1 0 1 0 0 0 0 1 1 1 1 1 1 0 0 1 0 
0 0 1 1 0 1 0 0 0 0 0 1 0 0 1 0 0 0 1 1 0 0 1 1 1 1 0 0 2 1 0 0 1 1 1 0 0 0 0 1 0 0 0 0 0 1 0 0 1 0 0 0 
1 1 0 0 2 1 0 1 1 0 1 0 0 1 0 1 0 1 1 0 0 0 1 1 1 1 0 1 3 1 1 0 1 0 1 1 1 0 0 0 0 1 0 1 1 0 1 0 0 0 0 1 
0 0 0 0 1 1 0 1 1 0 1 0 0 0 0 1 1 0 1 1 1 1 1 1 1 1 1 0 2 1 1 0 0 0 0 1 0 0 1 0 1 1 0 1 1 1 1 0 1 1 0 0 
0 0 0 0 1 0 1 1 0 1 0 1 0 0 0 1 0 0 1 0 2 0 0 0 0 1 1 1 3 1 1 0 0 0 1 0 1 0 0 1 1 1 1 0 0 0 1 0 1 1 0 1 
0 1 1 0 2 0 0 0 0 1 0 1 0 0 0 0 0 0 1 1 3 1 1 0 1 1 0 1 0 1 1 0 1 0 0 1 0 0 1 0 1 1 0 0 0 1 0 1 0 1 0 0 
1 0 1 0 1 1 1 0 0 0 1 0 0 0 0 1 0 0 1 1 3 1 0 1 0 1 0 0 1 0 1 1 0 0 0 0 0 1 1 1 1 0 1 1 1 0 1 0 1 1 1 1 
1 0 0 1 0 1 1 0 1 0 0 1 1 1 0 1 1 0 1 0 2 0 0 1 0 0 1 1 1 1 0 0 0 0 0 0 0 0 0 0 1 1 0 1 1 0 1 1 0 1 0 1 
0 0 1 0 2 1 1 1 1 0 1 0 1 1 1 0 0 0 1 0 1 1 1 0 0 0 1 0 0 0 1 0 1 0 0 0 0 1 0 1 1 0 0 1 1 0 1 0 1 0 0 1 

# Size = 17 | Time = 11260 ms
1 1 0 0 1 0 1 1 0 1 0 1 1 1 0 1 0 0 0 0 2 1 1 0 0 1 1 1 2 1 1 1 1 1 1 0 0 0 0 1 0 0 0 1 1 1 1 1 0 1 0 1 
1 1 1 0 2 1 1 1 1 0 1 0 1 0 0 0 0 1 1 1 0 0 0 1 1 0 1 0 2 0 0 1 1 1 0 1 1 0 1 0 0 1 0 0 0 1 0 1 0 0 1 1 
0 0 0 1 1 1 1 0 1 0 0 0 0 0 0 0 1 1 0 1 2 0 0 1 0 0 1 1 3 1 0 1 0 0 0 1 1 0 1 1 1 0 1 1 1 1 1 1 0 1 1 0 
0 1 1 0 0 0 1 1 0 0 1 0 0 1 1 0 0 0 0 0 1 0 1 0 0 1 0 0 1 0 0 0 0 1 1 0 0 1 1 1 1 1 0 1 0 1 1 0 1 0 0 0 
0 0 1 1 1 1 0 1 1 0 0 0 1 0 1 1 0 1 1 1 1 1 1 0 1 0 0 0 3 0 1 0 0 0 0 1 0 0 1 1 0 1 1 0 0 1 1 1 0 0 0 0 
1 1 0 1 1 0 0 0 1 1 1 0 1 0 0 1 1 1 0 0 0 0 0 0 1 0 0 1 1 0 1 0 1 0 0 0 1 1 1 1 0 1 0 1 1 0 1 0 0 1 0 1 
0 1 0 1 2 0 0 1 0 1 0 0 0 0 1 1 1 0 0 0 3 0 1 0 1 0 1 1 0 1 0 0 0 0 0 0 0 1 0 0 1 1 0 1 1 1 1 0 1 0 0 0 
1 0 1 1 2 0 1 0 0 1 1 1 0 1 0 0 0 0 0 1 1 1 1 0 0 1 0 1 3 1 0 1 0 0 1 1 1 1 0 1 1 0 0 0 0 0 0 1 0 1 0 1 
0 0 1 0 2 1 0 1 0 0 1 1 1 1 1 0 1 0 1 1 2 1 0 1 1 1 0 0 1 0 1 0 1 1 1 1 0 1 0 0 0 1 1 0 0 0 0 0 1 0 0 1 
1 1 1 0 0 1 0 0 1 1 0 1 1 1 0 1 0 0 1 1 2 1 0 0 0 0 1 1 0 1 1 1 1 0 0 1 1 0 0 0 1 0 1 1 1 0 1 0 1 1 1 1 
0 0 0 1 0 1 0 0 1 0 1 1 0 0 1 0 1 1 1 1 3 1 0 1 0 1 0 0 2 0 1 0 0 0 1 1 0 1 1 1 1 0 1 0 0 0 0 0 1 1 1 1 
1 0 0 1 0 0 1 1 0 1 0 1 0 0 1 1 1 1 1 0 1 0 0 1 1 0 1 0 2 1 1 1 1 1 1 0 1 0 0 0 0 0 1 1 1 1 1 1 0 0 1 0 
1 0 1 0 1 1 1 0 1 1 0 0 1 1 0 0 0 1 0 0 3 1 1 1 1 0 1 0 1 1 0 1 1 1 0 0 1 0 1 0 0 0 1 1 1 1 0 1 0 0 1 0 
1 1 1 0 0 0 0 0 1 1 0 0 0 1 0 1 0 0 1 1 3 0 1 0 1 0 0 1 3 0 0 0 1 1 1 0 1 0 0 0 1 1 0 0 0 0 1 0 1 0 1 1 
1 0 1 1 1 1 1 1 1 0 1 1 1 0 1 0 0 1 1 0 1 1 1 1 1 0 0 0 0 0 0 1 1 1 1 0 1 1 1 1 0 0 1 0 0 0 0 1 0 0 0 1 
0 0 0 1 0 1 1 0 0 1 0 1 0 1 1 1 0 0 1 0 0 1 1 0 0 1 1 1 3 1 1 0 0 0 1 1 0 0 0 0 1 0 1 0 0 1 1 1 0 1 1 0 
1 1 1 0 1 0 1 0 1 0 1 1 1 1 0 1 0 0 0 1 0 0 1 0 0 1 1 1 0 0 0 1 1 1 0 1 0 1 1 1 0 0 1 0 0 1 1 0 1 0 1 0 

