# Size = 22 | Time = 42865 ms
0 0 1 1 1 1 0 0 1 1 0 1 0 0 1 3 1 3 
0 1 1 0 0 0 1 1 1 0 1 1 0 3 3 1 2 3 
0 1 0 0 0 0 0 0 0 1 0 1 0 2 1 2 2 1 
0 0 0 0 0 1 1 0 1 0 0 0 0 1 2 1 0 2 
0 1 0 0 1 1 1 1 0 1 0 1 0 1 0 3 2 2 
0 1 0 1 1 0 0 1 1 0 0 1 0 1 3 1 1 1 
1 0 0 0 1 1 1 1 1 1 1 1 1 3 0 0 3 1 
0 1 1 1 1 0 0 1 1 1 1 0 0 3 2 3 3 1 
1 0 0 0 0 0 0 0 0 0 0 1 0 3 0 0 1 0 
0 0 1 0 1 1 1 1 0 1 1 0 0 2 0 2 1 2 
0 1 1 1 1 1 0 0 1 0 1 0 1 1 1 0 3 3 
0 0 1 0 0 1 1 1 0 0 0 0 0 2 3 3 0 0 
0 0 1 0 0 0 0 0 0 0 1 1 1 0 2 0 1 0 
0 1 0 1 1 1 1 0 0 1 1 0 0 0 1 1 0 1 
0 1 1 0 1 0 0 1 1 0 0 1 0 2 0 1 3 0 
0 0 1 1 1 1 1 0 1 0 1 0 0 0 3 2 3 0 
1 0 0 0 0 1 1 1 1 0 0 0 1 0 0 0 2 2 
0 0 0 1 1 1 0 1 0 1 1 0 0 1 1 2 2 0 
0 1 0 1 1 1 0 0 1 0 0 0 0 2 2 2 2 3 
0 1 1 0 0 1 0 1 0 1 1 1 1 0 3 0 3 2 
1 0 0 1 1 0 1 1 0 0 0 1 1 2 0 0 0 3 
0 1 1 1 1 0 0 0 1 0 0 1 0 3 1 2 0 2 

# Size = 23 | Time = 21965 ms
1 0 0 1 1 0 1 1 1 0 0 1 0 3 0 0 0 1 
1 0 0 1 1 0 0 1 0 0 0 1 1 0 0 0 2 3 
0 0 0 0 0 0 1 0 1 1 0 0 0 1 0 2 2 2 
0 0 1 0 0 0 1 0 0 0 0 0 0 3 3 2 1 3 
0 1 1 0 0 0 1 0 1 0 0 0 0 3 1 3 2 1 
0 1 0 0 0 1 1 1 0 0 0 1 0 0 2 2 1 1 
0 0 1 0 0 0 0 1 1 1 0 0 1 1 3 0 3 1 
0 1 1 1 1 1 0 1 0 1 0 0 0 1 1 2 0 2 
0 1 1 1 1 1 1 0 1 0 0 0 0 1 0 1 3 3 
1 0 0 0 0 1 0 1 0 0 1 0 1 3 0 0 3 0 
1 0 0 0 0 1 1 0 1 1 0 0 1 2 0 0 1 2 
0 0 0 1 1 1 1 0 1 1 1 1 0 2 0 3 1 1 
0 0 0 1 1 0 0 0 1 1 0 1 0 2 3 3 2 0 
0 1 1 0 1 0 1 0 1 0 1 1 0 0 3 1 1 1 
0 1 0 0 0 1 0 0 0 0 0 1 0 0 1 3 3 2 
0 0 1 1 1 0 0 1 0 1 1 1 0 1 2 3 0 3 
0 1 0 1 1 1 0 1 1 0 1 1 0 2 3 1 0 2 
0 1 0 0 0 1 1 0 1 1 1 0 1 0 1 0 0 0 
0 0 1 1 1 1 1 0 0 0 1 1 0 2 1 2 3 3 
0 1 1 1 1 0 1 1 0 0 1 0 0 2 2 2 3 0 
0 0 1 1 1 1 1 0 0 0 0 0 1 1 2 0 0 1 
0 0 0 0 1 1 0 0 1 1 1 0 0 3 2 1 2 2 
0 1 0 0 0 1 0 1 0 0 1 1 0 1 1 1 1 0 

# Size = 22 | Time = 47942 ms
0 1 0 0 1 0 1 1 0 1 0 1 0 2 2 1 2 0 
0 1 0 1 1 1 1 0 1 1 1 1 1 0 2 0 1 1 
1 0 0 0 0 1 0 1 0 1 0 1 1 3 0 0 1 2 
0 0 1 0 0 1 0 1 0 0 0 0 0 1 2 2 3 2 
0 0 0 1 1 1 0 1 1 0 0 1 0 2 3 3 1 2 
0 0 1 0 1 1 0 0 0 0 0 0 0 3 1 1 0 0 
0 0 0 1 1 0 1 0 1 1 0 0 0 3 2 3 0 3 
0 0 1 0 1 0 1 1 0 1 0 0 1 2 1 0 3 1 
0 1 1 1 1 0 0 1 0 0 0 0 0 1 0 3 2 1 
1 0 0 1 1 0 1 0 0 0 1 0 1 2 0 0 0 1 
1 0 0 0 1 0 0 0 1 0 1 0 0 0 0 0 2 0 
0 0 0 1 1 0 0 1 0 1 1 1 0 3 3 2 2 3 
0 0 1 1 1 0 1 1 0 1 1 0 0 2 0 2 1 0 
0 0 1 0 0 0 0 0 1 0 1 0 0 0 0 1 2 2 
0 1 0 0 0 1 1 0 1 1 0 1 0 1 1 2 0 2 
0 1 1 1 1 0 1 0 1 1 1 1 0 0 1 3 3 0 
0 1 1 0 1 1 1 0 0 1 0 1 0 3 3 1 3 1 
0 1 0 0 0 1 0 1 1 1 0 1 0 0 1 3 2 3 
1 0 0 0 0 1 0 1 0 0 1 1 1 2 0 0 3 3 
0 0 0 0 0 0 1 1 1 0 0 1 1 1 3 0 2 0 
0 1 0 0 0 1 1 1 0 1 0 0 0 0 3 2 0 1 
0 1 1 1 1 1 1 1 0 0 1 0 0 1 1 1 1 3 

# Size = 23 | Time = 22230 ms
0 1 0 0 0 1 1 1 0 0 1 1 0 0 2 2 1 1 
0 1 0 1 1 0 0 0 0 1 0 0 0 3 3 1 2 1 
0 0 1 0 0 1 0 0 1 0 0 1 0 1 3 3 1 2 
0 0 1 1 1 0 1 1 1 0 1 0 1 1 1 0 3 1 
0 0 1 1 1 0 1 1 0 1 1 1 1 2 1 0 1 0 
0 1 1 0 0 1 0 1 0 0 0 1 0 2 3 1 3 3 
0 1 1 0 0 1 1 0 1 0 1 1 0 1 3 2 2 0 
1 0 0 1 1 1 1 1 1 1 0 1 0 0 0 0 0 0 
1 0 0 1 1 0 0 0 0 0 1 0 0 2 0 0 1 3 
0 0 1 1 1 1 0 1 1 0 1 1 0 1 0 1 0 3 
1 0 0 0 0 0 1 1 1 0 1 0 0 0 0 0 3 1 
0 0 0 0 1 1 0 0 0 1 0 0 0 1 2 1 2 1 
0 1 0 0 0 1 1 0 1 0 0 0 0 2 0 2 2 3 
0 0 1 1 1 0 0 0 1 1 1 0 1 3 2 0 2 3 
0 1 1 0 0 1 0 0 0 0 0 0 1 0 3 0 0 2 
0 0 0 1 1 0 0 1 1 1 0 0 0 3 1 2 0 0 
0 0 1 0 0 0 1 1 1 1 1 0 0 2 2 3 0 1 
0 1 1 0 0 1 1 0 1 1 0 1 0 3 1 1 1 2 
0 1 0 0 0 0 1 0 0 0 0 1 0 0 2 1 0 0 
1 0 0 1 1 0 1 1 1 0 1 1 1 3 0 0 2 2 
0 1 1 0 1 1 0 1 0 1 0 1 0 0 1 3 2 3 
0 1 0 1 1 1 0 0 0 1 1 0 0 3 0 3 3 0 
0 1 1 1 1 1 1 1 0 1 1 1 0 2 2 2 3 2 

# Size = 20 | Time = 30157 ms
0 1 0 1 1 1 0 1 1 1 0 1 0 0 0 2 0 1 
0 1 1 0 1 1 1 1 1 1 1 1 0 3 1 3 2 1 
0 1 1 0 1 1 1 1 1 0 0 0 0 2 1 2 3 0 
1 0 0 0 1 0 0 0 1 1 0 0 1 3 0 0 2 0 
0 0 0 0 0 1 1 0 1 0 0 0 0 1 2 2 2 2 
0 1 0 1 1 1 1 0 0 0 0 1 0 3 0 1 3 2 
1 0 0 0 0 0 0 1 0 1 1 0 0 0 0 0 3 1 
0 0 1 0 0 0 1 1 0 1 1 1 0 1 1 1 0 3 
0 0 1 1 1 1 1 0 0 0 0 1 1 0 1 0 1 2 
0 0 1 0 0 0 0 0 0 1 1 1 0 3 3 2 1 3 
0 0 0 0 1 1 0 1 1 1 1 0 0 0 3 1 2 0 
0 1 1 0 1 0 1 0 0 1 0 1 0 2 3 3 0 2 
0 1 1 1 1 1 0 1 0 0 1 0 0 1 0 3 1 0 
1 0 0 0 0 1 1 1 0 0 0 0 1 2 0 0 0 3 
1 0 0 1 1 1 0 1 1 0 1 1 0 0 0 0 1 2 
0 1 0 1 1 0 0 1 0 0 1 1 1 1 3 0 3 1 
0 0 0 1 1 1 0 0 0 0 1 0 0 2 1 3 2 3 
0 0 0 0 0 0 1 0 1 1 1 1 1 3 2 0 0 0 
0 1 1 1 1 0 1 0 0 1 1 1 0 2 2 1 1 1 
0 1 0 0 0 1 0 1 1 0 1 0 0 0 2 3 3 3 

# Size = 20 | Time = 23912 ms
0 1 0 1 1 1 1 1 1 1 0 0 0 1 2 1 1 1 
0 1 1 0 0 0 1 1 0 1 0 1 0 2 3 3 2 1 
1 0 0 1 1 1 0 0 1 0 0 0 0 2 0 0 3 2 
0 1 0 0 0 0 1 1 1 1 1 0 0 2 0 1 3 2 
0 0 1 0 0 1 1 0 1 1 1 1 0 2 2 2 0 0 
0 0 0 1 1 1 1 1 0 1 0 0 0 1 0 2 2 3 
1 0 0 1 1 1 0 1 1 1 1 1 1 3 0 0 1 3 
0 1 0 0 0 1 0 0 0 0 1 1 0 0 1 2 3 1 
0 1 1 0 1 1 1 1 0 1 1 1 0 1 1 3 0 2 
0 0 0 1 1 0 1 1 1 1 1 0 1 2 1 0 1 3 
0 1 1 0 1 1 0 0 0 1 0 1 0 3 2 3 3 3 
0 1 1 1 1 1 0 0 0 0 1 1 0 0 3 1 0 3 
1 0 0 0 0 0 1 1 0 0 0 1 1 3 0 0 0 1 
0 0 0 1 1 0 0 1 1 0 0 1 0 3 1 1 2 0 
1 0 0 0 1 0 0 1 1 1 0 0 0 0 0 0 2 0 
0 0 1 0 0 0 1 0 0 0 1 1 1 0 2 0 2 2 
0 1 1 0 0 0 1 1 1 0 0 0 0 1 0 3 0 3 
0 0 0 1 1 1 1 0 0 0 0 1 0 0 3 3 1 0 
0 1 1 0 1 1 0 0 1 0 0 1 1 1 3 0 3 0 
0 0 1 0 0 0 0 1 0 0 0 0 0 3 3 2 1 2 

# Size = 22 | Time = 46534 ms
0 1 1 1 1 1 1 0 0 1 1 0 0 3 0 3 0 0 
0 1 1 0 0 0 1 0 1 0 1 1 0 3 2 1 3 3 
0 1 0 0 1 0 0 1 1 1 1 0 0 3 3 2 3 1 
0 0 1 1 1 0 0 1 1 0 0 0 0 2 3 1 0 1 
0 0 1 0 1 1 0 1 0 1 1 0 0 2 2 2 1 3 
1 0 0 0 0 0 1 1 1 0 0 1 1 2 0 0 3 0 
0 0 0 0 0 1 1 1 0 0 1 1 0 2 1 2 0 2 
1 0 0 0 0 1 0 0 1 1 0 0 0 0 0 0 1 1 
0 1 1 1 1 0 1 0 0 1 0 0 1 0 2 0 3 2 
1 0 0 1 1 1 0 0 1 1 1 0 0 2 0 0 0 3 
1 0 0 0 0 1 0 0 0 0 0 0 1 3 0 0 2 2 
0 1 1 1 1 0 1 0 0 0 0 1 1 3 1 0 1 1 
0 1 0 1 1 0 0 0 0 1 0 0 0 2 2 1 1 0 
0 1 1 0 1 0 1 0 0 1 0 1 1 1 2 0 0 1 
0 0 0 1 1 0 0 1 1 0 1 1 0 0 3 3 1 2 
0 1 0 1 1 0 0 0 1 0 0 0 0 0 0 2 0 3 
0 0 1 0 0 1 0 0 0 0 0 0 0 1 1 3 3 3 
0 1 1 0 1 0 1 0 0 0 1 1 1 1 3 0 2 3 
0 0 0 0 0 1 1 1 1 1 0 1 0 1 3 2 2 0 
0 1 1 1 1 1 1 0 1 0 0 0 0 1 0 1 1 2 
0 0 0 0 0 0 0 1 1 1 1 1 0 0 1 1 2 0 
0 0 0 1 1 0 0 1 0 1 1 0 0 2 2 3 2 1 

# Size = 19 | Time = 36811 ms
0 1 1 0 0 0 0 1 0 1 0 0 0 0 1 2 1 1 
1 0 0 0 0 0 1 1 0 0 0 0 0 3 0 0 2 0 
0 1 0 0 1 1 0 0 1 0 0 1 0 3 1 1 3 3 
0 0 0 1 1 0 1 0 1 0 1 0 0 2 1 3 2 0 
0 1 0 0 0 1 0 1 1 0 0 0 0 2 3 2 3 2 
0 0 0 0 0 1 0 0 0 0 1 0 0 1 0 3 3 1 
0 0 1 0 0 0 0 1 0 1 0 0 0 2 2 1 0 1 
0 1 1 1 1 1 1 0 1 1 1 1 0 3 2 3 1 2 
1 0 0 1 1 1 1 1 1 0 0 0 0 3 0 0 3 1 
0 1 1 0 1 1 0 0 0 1 0 1 0 3 0 2 0 0 
0 1 0 1 1 1 1 1 1 0 1 1 0 1 3 1 1 0 
0 0 1 1 1 0 1 0 0 1 0 1 1 3 3 0 2 1 
0 1 0 0 0 1 0 1 0 1 0 0 0 0 0 1 2 2 
1 0 0 1 1 1 1 1 1 0 1 0 1 0 0 0 0 2 
0 0 0 1 1 0 1 0 0 0 1 0 0 1 2 2 2 3 
1 0 0 0 1 1 0 0 1 1 0 1 1 2 0 0 1 3 
0 0 1 1 1 0 0 1 0 1 0 1 1 1 1 0 0 2 
0 0 1 0 0 1 1 1 0 0 0 1 0 0 3 3 0 3 
0 1 1 0 0 0 0 0 1 1 1 1 1 0 2 0 3 0 

# Size = 22 | Time = 44363 ms
0 1 1 0 0 1 1 1 0 1 0 0 0 0 2 1 3 3 
0 0 0 0 1 1 0 0 1 0 1 0 0 1 0 1 2 2 
0 0 0 0 1 1 1 0 0 0 1 1 0 0 3 3 0 2 
0 1 1 0 0 0 1 0 1 1 0 1 0 3 1 3 2 3 
1 0 0 0 0 0 0 0 1 1 1 0 0 0 0 0 2 0 
0 0 1 0 0 0 0 1 1 0 0 0 1 1 3 0 1 3 
0 1 0 1 1 1 1 1 1 0 0 0 0 1 2 3 0 0 
1 0 0 0 0 0 1 0 1 1 1 1 1 2 0 0 0 3 
0 0 0 1 1 0 0 1 0 0 0 0 0 0 1 2 3 3 
0 1 0 0 0 1 1 1 1 1 1 1 0 3 1 1 1 0 
0 0 0 1 1 0 0 1 1 1 1 1 0 3 2 1 0 1 
0 0 1 1 1 0 1 0 1 1 0 0 0 1 2 2 1 1 
1 0 0 1 1 1 0 1 1 0 1 0 1 3 0 0 3 2 
0 0 0 0 0 0 0 1 0 0 1 0 1 1 1 0 2 1 
0 1 1 1 1 1 0 0 0 0 1 1 0 2 0 3 3 1 
0 1 1 0 1 0 1 1 1 1 1 1 0 1 0 2 3 0 
0 1 0 0 0 1 0 0 0 0 0 1 0 2 2 3 1 2 
0 0 0 1 1 1 0 1 0 0 0 0 0 3 3 2 2 0 
0 1 0 1 1 1 0 0 1 0 1 0 1 2 2 0 2 0 
0 0 1 0 0 0 0 1 0 1 1 1 0 2 1 2 0 2 
0 1 1 0 1 1 0 1 0 1 1 0 0 2 3 1 3 1 
1 0 0 0 0 0 1 1 0 0 0 0 1 0 0 0 1 1 

# Size = 23 | Time = 19389 ms
0 1 1 0 0 1 0 1 0 1 0 0 0 2 3 2 3 1 
0 1 1 1 1 1 0 0 1 0 1 0 0 3 0 2 3 2 
0 1 0 0 1 1 0 0 0 1 1 0 0 3 1 1 2 1 
0 0 1 1 1 1 1 1 1 0 0 0 1 2 2 0 0 2 
0 1 0 1 1 1 0 0 0 0 1 1 0 1 1 3 2 2 
1 0 0 1 1 1 0 0 1 0 1 0 0 2 0 0 3 3 
0 1 0 1 1 0 1 1 0 1 1 1 0 0 2 2 2 3 
0 1 0 1 1 0 1 0 0 1 0 0 1 1 1 0 3 3 
0 1 1 0 0 1 1 0 1 0 1 1 0 2 2 1 0 1 
0 1 1 1 1 1 0 0 0 0 0 1 0 0 0 1 3 3 
0 0 1 0 0 0 1 1 1 1 0 1 0 0 1 2 0 2 
0 1 1 0 1 1 1 1 0 0 1 1 0 3 2 3 3 0 
0 0 0 1 1 1 0 0 0 1 1 0 0 1 2 2 1 0 
0 0 1 0 0 1 0 1 1 0 1 0 0 1 0 3 0 1 
0 0 0 0 0 0 0 1 0 1 0 0 0 2 1 3 1 3 
1 0 0 0 0 1 0 0 1 1 0 1 1 0 0 0 0 2 
0 1 0 0 0 1 1 1 0 0 1 1 0 1 3 1 1 2 
1 0 0 0 1 0 1 1 0 0 0 0 1 3 0 0 1 1 
0 0 1 0 1 0 1 1 0 0 0 1 0 1 1 1 0 0 
0 0 1 1 1 0 0 0 0 1 0 0 0 0 3 3 2 0 
0 1 1 0 0 0 0 0 1 1 0 0 1 3 3 0 0 3 
0 0 1 1 1 1 1 1 1 1 1 1 1 0 1 0 1 1 
1 0 0 0 0 1 1 0 1 0 0 1 1 2 0 0 2 0 

# Size = 23 | Time = 22282 ms
0 1 1 0 0 0 0 1 1 1 0 0 1 0 2 0 3 1 
0 1 0 1 1 0 0 1 1 1 0 1 0 1 2 1 2 2 
0 0 1 0 0 1 1 1 1 0 0 0 0 0 1 2 2 0 
1 0 0 0 1 1 1 0 0 1 1 0 1 3 0 0 2 3 
0 0 0 0 1 1 1 1 1 1 1 0 0 2 3 3 2 1 
0 0 0 1 1 1 0 0 1 1 1 0 0 1 3 2 0 1 
0 0 1 1 1 0 0 1 0 1 1 1 0 3 3 1 0 2 
0 1 1 0 0 1 1 1 1 0 1 1 0 0 1 3 1 2 
0 1 0 0 1 0 0 0 0 0 1 0 0 3 1 2 1 3 
0 0 1 1 1 1 1 0 1 0 0 0 0 2 1 1 0 3 
0 1 1 1 1 0 1 1 0 1 0 1 0 2 0 1 1 1 
0 1 0 0 0 0 1 1 0 0 0 1 1 1 1 0 1 0 
0 1 1 0 0 0 0 1 0 1 0 1 0 1 2 3 0 3 
0 0 0 0 1 0 0 1 0 1 0 0 0 0 1 1 3 1 
0 1 0 1 1 1 1 1 1 0 0 0 1 3 3 0 3 3 
0 0 0 1 1 1 1 0 0 1 0 0 0 1 0 2 3 2 
1 0 0 1 1 0 0 1 0 1 0 1 1 0 0 0 0 0 
0 0 1 0 0 0 1 0 0 0 0 1 0 3 2 3 3 0 
1 0 0 0 0 0 0 1 1 0 1 0 1 2 0 0 3 2 
0 1 0 1 1 0 1 0 1 1 0 0 0 0 0 3 1 3 
0 0 1 0 0 1 1 1 1 1 1 0 0 0 3 1 1 0 
1 0 0 0 0 1 0 0 1 0 0 0 0 3 0 0 1 1 
0 0 0 0 1 1 0 0 0 0 1 1 0 2 2 2 1 0 

# Size = 20 | Time = 25867 ms
0 1 1 0 1 0 1 1 1 0 0 0 0 2 2 2 2 1 
1 0 0 0 1 1 0 0 0 1 0 0 1 2 0 0 0 0 
0 1 0 0 1 1 0 0 0 0 0 0 1 3 3 0 0 1 
1 0 0 0 0 0 0 1 0 0 0 0 0 3 0 0 2 2 
0 0 1 0 1 1 0 1 1 0 0 1 0 0 2 3 0 3 
1 0 0 0 0 0 1 1 1 1 1 1 1 0 0 0 3 1 
0 0 0 1 1 1 1 0 0 1 0 0 1 1 2 0 3 2 
0 0 0 0 0 1 0 0 0 0 0 1 0 3 1 2 3 3 
0 0 0 1 1 1 0 0 0 0 0 0 0 0 1 1 2 1 
0 1 1 0 0 1 1 1 1 1 1 0 0 2 1 1 0 2 
0 1 1 1 1 1 1 0 1 0 0 0 0 3 0 3 2 2 
0 0 1 0 1 0 1 1 1 0 1 1 1 0 1 0 2 0 
0 0 1 0 0 0 1 0 1 1 0 0 0 1 3 1 2 3 
0 1 0 1 1 0 0 0 1 0 1 1 0 1 0 2 0 0 
0 1 1 1 1 0 1 1 0 1 0 0 0 2 3 3 3 0 
0 0 0 0 0 0 0 0 1 0 1 0 0 1 1 3 1 1 
1 0 0 1 1 0 1 1 1 1 0 1 1 2 0 0 1 3 
0 1 0 1 1 0 0 1 0 1 1 1 0 0 3 2 1 2 
0 1 0 1 1 1 0 1 1 1 1 1 0 1 0 1 3 3 
0 0 1 0 0 1 1 1 0 1 1 1 0 3 2 1 1 0 

# Size = 19 | Time = 44121 ms
0 1 1 0 0 0 0 0 1 1 0 1 0 2 2 1 0 2 
0 1 1 0 0 0 1 1 0 0 1 0 0 3 0 2 2 2 
0 0 0 0 1 0 1 0 0 0 1 1 0 0 1 1 2 0 
0 1 1 1 1 1 0 0 0 0 1 0 0 3 1 3 0 1 
0 1 0 0 0 0 0 0 0 1 1 0 1 2 3 0 2 1 
0 1 1 0 0 0 1 1 0 1 0 1 0 0 3 3 3 2 
0 1 1 0 0 1 1 1 0 1 0 0 1 1 1 0 1 2 
0 1 0 1 1 0 0 1 1 0 1 1 0 1 0 1 3 1 
0 0 1 0 0 0 1 0 0 0 1 0 0 0 2 2 1 1 
0 1 0 1 1 1 1 0 1 1 0 1 0 2 1 2 3 3 
1 0 0 0 0 0 0 0 1 1 1 0 0 3 0 0 3 0 
1 0 0 0 0 0 1 1 0 0 1 1 1 0 0 0 0 3 
0 0 0 0 0 1 0 0 1 0 1 0 0 1 2 3 2 3 
0 1 1 1 1 0 0 0 0 1 1 1 0 1 3 2 0 0 
0 0 1 0 0 1 0 1 1 0 0 0 0 3 3 1 1 3 
0 1 0 0 0 1 0 1 0 1 0 0 0 2 0 3 1 0 
0 0 1 1 1 1 0 1 1 0 0 1 1 3 2 0 3 0 
1 0 0 1 1 1 1 1 0 0 0 1 0 2 0 0 2 1 
1 0 0 1 1 1 0 0 1 1 1 1 1 0 0 0 1 2 

# Size = 19 | Time = 35447 ms
0 1 0 1 1 0 0 1 1 0 1 0 0 3 0 2 2 0 
0 1 1 1 1 0 1 1 1 1 0 0 1 0 3 0 0 0 
1 0 0 0 1 0 1 1 0 0 1 1 1 2 0 0 1 1 
0 0 0 0 1 1 1 0 1 0 0 0 0 0 1 2 1 3 
0 1 1 1 1 1 1 0 0 0 1 1 0 1 2 1 1 0 
0 0 1 1 1 1 0 0 0 1 1 1 0 1 0 3 0 3 
1 0 0 0 0 1 1 1 1 1 0 0 0 3 0 0 0 0 
0 0 1 1 1 0 0 1 1 0 0 0 0 2 2 2 0 2 
0 1 0 0 1 1 0 1 0 1 1 0 1 3 2 0 3 3 
0 1 0 1 1 0 0 1 0 1 0 1 0 0 0 1 3 2 
0 1 1 1 1 0 0 0 1 0 0 1 0 3 1 1 0 1 
0 0 1 0 0 1 1 0 1 1 0 0 0 0 2 3 2 1 
0 0 0 0 0 0 0 1 0 0 1 0 0 2 3 1 2 3 
1 0 0 1 1 0 0 0 1 1 1 1 0 0 0 0 3 2 
0 1 0 0 0 1 0 0 0 1 1 0 0 3 3 3 1 2 
0 1 1 1 1 0 1 1 0 0 1 1 0 2 1 3 3 0 
0 1 0 0 0 0 1 0 1 1 0 0 1 1 1 0 2 2 
1 0 0 0 0 1 1 0 0 1 0 1 0 2 0 0 2 3 
0 0 0 0 0 1 1 1 0 1 1 1 0 1 3 2 3 1 

# Size = 21 | Time = 45395 ms
0 0 1 1 1 1 0 1 1 0 0 0 0 3 2 1 0 2 
0 1 0 1 1 0 1 0 1 0 0 1 0 1 3 1 1 1 
0 0 0 0 0 1 0 0 1 1 0 1 0 3 1 3 1 2 
0 1 1 1 1 0 1 1 0 0 1 1 0 0 1 2 2 0 
0 0 0 0 0 1 0 1 0 1 1 1 0 3 3 2 3 1 
0 0 1 0 0 1 1 1 0 1 1 1 0 2 2 2 1 3 
1 0 0 1 1 0 0 1 0 0 0 1 1 0 0 0 0 3 
0 0 1 1 1 1 1 1 1 0 1 0 1 1 1 0 3 2 
0 0 0 0 0 0 0 1 0 1 0 1 0 0 0 1 2 0 
0 1 1 0 0 0 1 0 1 0 1 0 0 2 1 1 3 3 
1 0 0 0 1 1 1 1 1 1 0 0 0 3 0 0 3 0 
0 1 0 1 1 1 1 1 1 1 1 0 0 1 0 3 2 3 
0 0 1 0 0 1 1 0 0 0 0 1 0 1 1 2 0 1 
0 1 1 1 1 1 1 1 0 1 0 1 0 0 3 2 2 2 
0 1 0 0 1 0 1 0 0 1 0 0 1 3 3 0 2 3 
1 0 0 0 1 0 0 1 0 1 1 0 1 2 0 0 2 1 
0 1 0 1 1 1 0 1 1 0 1 0 1 1 2 0 2 0 
0 1 1 0 1 0 0 0 1 0 0 1 0 0 2 3 3 1 
0 0 1 0 1 0 1 0 1 1 0 0 0 0 0 2 1 0 
1 0 0 0 0 0 1 0 1 0 0 1 1 2 0 0 1 2 
0 1 1 1 1 1 0 0 0 1 1 1 0 2 3 3 0 0 

# Size = 22 | Time = 49954 ms
0 1 1 1 1 1 1 0 0 0 1 0 1 1 2 0 1 3 
0 1 1 0 1 1 0 0 1 0 0 1 0 0 3 1 0 3 
0 0 0 0 0 0 0 1 1 1 0 1 0 3 3 2 1 0 
0 0 0 1 1 0 0 0 0 1 0 0 0 3 2 3 0 2 
0 0 0 1 1 0 1 1 1 1 0 0 1 0 1 0 2 0 
0 1 1 1 1 1 1 0 1 0 1 0 0 2 3 3 3 0 
0 1 0 1 1 1 1 0 1 0 1 1 0 2 1 1 1 1 
0 0 1 0 0 0 1 1 1 1 1 1 0 0 2 1 3 0 
1 0 0 1 1 1 1 0 1 0 1 0 0 3 0 0 3 3 
0 0 1 0 0 1 0 0 0 1 0 0 0 2 1 2 3 2 
0 1 1 0 1 0 1 0 0 0 1 0 0 3 0 1 2 1 
0 0 1 0 1 0 1 0 0 0 0 0 1 1 3 0 3 1 
0 1 0 0 1 0 1 1 1 0 1 1 0 0 0 2 2 2 
0 1 0 0 0 0 1 1 0 1 1 1 0 3 1 3 0 3 
1 0 0 1 1 1 0 1 1 1 0 1 1 0 0 0 2 1 
0 0 1 0 1 1 0 1 0 1 1 1 0 2 2 2 2 3 
0 1 0 0 0 1 0 1 0 0 1 1 0 0 2 3 1 1 
0 0 0 1 1 1 0 0 1 1 0 0 0 1 1 2 0 1 
0 0 0 0 0 0 1 1 1 0 0 1 0 1 3 1 2 2 
0 0 1 1 1 1 0 0 0 1 0 1 0 1 0 3 2 0 
1 0 0 0 0 1 1 0 1 1 0 0 1 3 0 0 1 2 
1 0 0 0 0 0 1 0 0 1 0 0 1 2 0 0 0 0 

# Size = 23 | Time = 21641 ms
1 0 0 1 1 0 0 0 1 1 1 1 1 2 0 0 2 1 
0 1 1 1 1 1 0 1 1 0 1 1 1 3 0 0 2 2 
1 0 0 0 0 0 1 0 0 1 0 1 1 2 0 0 0 0 
1 0 0 0 0 0 0 1 0 1 0 1 1 0 0 0 3 2 
0 0 0 1 1 1 0 1 1 1 1 1 0 0 2 1 0 1 
0 0 0 0 1 1 1 0 0 1 1 1 0 1 2 3 2 3 
0 0 1 0 0 0 1 1 1 1 1 0 1 1 1 0 1 1 
0 1 1 1 1 1 1 0 0 0 0 0 1 1 2 0 3 0 
1 0 0 1 1 1 0 0 0 0 1 0 0 3 0 0 1 3 
0 1 1 0 0 0 0 1 1 0 1 1 0 3 2 3 1 0 
0 1 0 1 1 0 0 0 1 1 0 0 0 1 0 1 1 3 
0 0 0 0 0 0 0 0 1 1 1 1 0 1 3 2 2 1 
0 1 0 1 1 1 1 0 1 1 0 1 0 0 1 3 3 2 
0 0 1 0 0 0 0 1 1 0 1 0 0 1 3 3 0 2 
0 1 0 0 0 1 0 1 1 0 1 0 0 3 1 2 0 3 
0 1 0 1 1 0 0 1 0 1 1 0 0 2 1 1 2 0 
0 1 0 1 1 0 0 0 0 1 0 0 0 3 0 2 3 1 
0 0 1 0 0 1 1 0 0 0 0 1 0 2 0 3 2 1 
0 0 0 0 1 0 1 0 0 0 1 1 0 2 2 2 1 2 
0 0 1 0 1 0 1 0 1 0 0 0 1 2 3 0 3 3 
0 1 0 0 0 0 1 1 0 1 1 0 0 3 3 1 3 2 
0 0 1 1 1 1 0 1 1 0 0 0 0 0 3 1 2 3 
0 0 1 0 0 0 1 1 1 0 1 0 0 0 3 2 1 0 

# Size = 20 | Time = 23672 ms
1 0 0 1 1 0 1 1 0 1 0 1 1 3 0 0 0 2 
1 0 0 0 1 0 0 0 0 0 1 1 1 3 0 0 2 0 
0 0 0 1 1 0 0 0 1 1 0 1 0 3 3 2 3 0 
1 0 0 0 0 1 0 1 1 0 1 1 1 0 0 0 1 1 
0 1 1 0 0 1 0 1 0 1 1 1 0 1 0 2 1 3 
0 0 1 0 0 1 0 1 1 1 1 0 0 2 0 1 3 1 
0 1 1 1 1 1 1 1 1 1 1 0 1 0 2 0 3 3 
0 0 1 1 1 1 0 1 0 0 0 0 0 1 2 1 0 0 
0 0 0 1 1 0 0 1 1 1 0 0 0 0 1 2 0 1 
0 0 0 0 0 0 1 0 0 1 1 1 0 1 1 3 3 2 
0 1 1 0 0 1 1 0 1 0 0 1 1 1 3 0 2 1 
0 0 1 1 1 1 1 0 1 1 0 0 0 3 3 3 0 2 
0 1 1 0 1 1 1 1 0 0 0 0 0 0 0 3 2 0 
0 1 1 0 0 1 1 0 0 0 0 0 1 2 1 0 1 0 
0 1 0 1 1 1 1 0 0 0 0 1 0 2 2 2 2 2 
0 1 1 0 0 0 0 1 1 0 1 0 0 2 3 3 0 3 
0 1 0 1 1 0 1 0 0 1 0 0 0 3 1 1 2 3 
1 0 0 0 1 0 0 1 1 0 0 0 0 2 0 0 3 3 
0 1 0 1 1 0 0 0 0 0 1 1 0 0 3 1 1 2 
0 0 1 0 0 0 0 1 0 0 0 0 0 3 2 3 1 1 

# Size = 23 | Time = 23732 ms
0 1 1 0 0 1 0 1 0 1 0 0 1 1 1 0 1 0 
0 1 1 0 1 1 1 0 0 1 0 0 1 2 2 0 2 1 
0 0 0 1 1 0 1 1 1 1 1 1 0 0 1 3 2 1 
0 1 0 0 0 0 0 1 0 1 1 1 0 1 0 2 3 1 
0 1 0 1 1 1 0 1 1 0 1 1 0 3 3 2 2 0 
1 0 0 1 1 1 0 1 0 1 0 0 1 2 0 0 0 2 
1 0 0 1 1 0 1 1 1 1 1 0 1 0 0 0 1 3 
0 1 0 0 0 0 0 0 1 0 1 0 0 3 2 1 1 1 
1 0 0 1 1 1 0 0 1 0 0 0 0 3 0 0 2 1 
0 1 0 0 1 0 1 0 0 0 0 1 0 1 2 3 3 2 
0 0 1 0 0 1 0 1 0 0 0 0 0 0 3 2 0 1 
0 0 0 1 1 1 0 1 0 1 1 0 0 0 2 1 3 0 
0 0 0 0 0 0 1 1 1 0 0 1 0 2 3 3 1 1 
0 1 0 1 1 0 1 0 1 1 1 1 0 1 0 3 0 0 
0 1 0 0 1 1 0 0 0 0 1 1 0 3 1 1 0 2 
0 0 1 1 1 0 0 1 0 0 0 1 0 2 1 2 3 3 
0 0 0 0 0 1 1 0 0 1 0 0 0 1 3 1 2 3 
0 0 0 0 0 0 1 0 1 1 0 0 1 3 3 0 3 2 
0 1 1 1 1 1 0 0 0 1 0 1 0 0 0 1 2 2 
0 1 0 0 0 0 0 0 0 1 1 0 0 2 3 1 1 3 
0 1 1 0 1 1 0 0 1 0 1 0 0 3 2 3 0 3 
0 0 0 0 0 1 1 0 0 0 0 0 0 1 2 2 1 2 
1 0 0 0 0 1 1 1 0 0 1 1 1 2 0 0 3 0 

# Size = 21 | Time = 44099 ms
0 1 0 0 1 1 0 0 0 1 0 0 1 2 2 0 3 1 
1 0 0 1 1 0 0 0 0 1 1 1 1 3 0 0 2 0 
0 1 0 1 1 1 1 1 1 1 0 1 0 0 1 1 2 2 
0 0 0 0 0 0 1 0 0 1 1 0 0 0 3 3 3 0 
1 0 0 0 0 0 1 0 1 0 0 0 0 2 0 0 1 3 
0 0 1 0 1 0 1 1 0 1 0 0 0 1 3 2 3 2 
0 0 1 0 1 0 1 0 1 0 0 1 0 2 2 3 2 2 
0 1 1 0 0 0 1 0 0 1 1 1 0 3 2 2 0 3 
0 1 0 1 1 1 0 1 1 0 1 1 0 3 1 3 1 1 
0 0 0 1 1 1 0 1 1 1 1 1 0 0 3 3 2 3 
0 1 0 0 0 0 1 0 0 0 0 1 0 1 0 3 0 0 
0 0 0 0 0 1 0 1 1 1 1 0 0 1 2 1 1 0 
0 1 1 1 1 0 1 1 1 0 1 0 0 0 2 2 1 0 
1 0 0 1 1 0 1 0 1 0 0 0 0 0 0 0 3 1 
1 0 0 0 0 1 0 1 1 1 1 1 1 0 0 0 0 2 
0 1 1 1 1 0 1 0 0 0 0 0 1 1 1 0 0 3 
0 0 0 0 0 1 1 1 0 1 0 1 0 2 1 2 3 0 
0 1 0 1 1 0 0 1 0 0 0 0 0 3 0 1 3 3 
0 1 0 0 0 1 1 1 0 0 1 0 1 3 3 0 1 2 
0 1 1 0 0 1 0 1 0 1 1 0 0 1 0 2 2 1 
0 0 1 1 1 0 0 0 1 1 1 1 0 2 3 1 0 1 

# Size = 22 | Time = 43427 ms
0 0 1 0 0 0 1 1 0 0 0 0 0 1 2 2 1 1 
0 1 1 1 1 0 1 0 1 1 0 0 0 1 0 1 3 0 
0 1 0 0 0 0 1 0 0 0 0 0 0 0 2 3 0 0 
1 0 0 1 1 0 1 1 0 0 0 1 0 0 0 0 1 3 
0 0 1 1 1 1 1 0 0 0 0 1 0 3 0 2 0 3 
1 0 0 1 1 0 1 1 1 0 1 0 1 2 0 0 0 1 
0 1 1 1 1 1 1 0 0 1 0 1 1 1 1 0 2 3 
0 0 1 0 0 1 1 0 0 0 1 0 0 1 1 1 0 2 
0 1 0 0 0 0 1 1 0 0 0 0 0 3 1 1 3 1 
0 1 0 1 1 0 0 0 0 1 1 0 0 2 2 1 1 3 
0 0 1 1 1 1 0 0 1 0 0 1 0 0 3 1 2 1 
0 0 0 0 1 1 1 1 1 1 0 1 0 2 2 2 3 2 
0 1 1 0 0 1 0 1 0 0 1 0 0 0 1 2 2 3 
0 1 1 0 1 1 1 0 0 0 0 0 1 3 3 0 1 2 
0 0 0 1 1 1 0 0 0 1 1 0 0 3 2 3 2 1 
0 1 0 0 1 0 0 0 0 0 1 1 0 2 0 3 2 2 
0 1 1 0 0 1 0 0 1 0 1 0 0 2 1 3 1 0 
0 1 0 0 1 0 0 1 1 0 1 1 0 1 3 3 3 3 
0 1 1 0 0 0 0 0 1 1 1 0 0 2 3 2 0 0 
1 0 0 0 0 0 0 0 0 0 0 1 1 3 0 0 2 0 
0 1 1 0 1 1 1 1 1 0 1 1 1 3 2 0 2 0 
1 0 0 1 1 1 0 1 0 1 1 0 1 0 0 0 3 2 

# Size = 23 | Time = 29308 ms
0 1 1 0 1 0 0 1 1 0 1 1 0 3 3 2 3 1 
0 1 0 0 0 0 0 0 1 1 1 1 0 0 3 2 0 2 
0 0 0 1 1 1 0 0 0 1 0 0 0 3 2 2 0 0 
0 0 1 1 1 0 1 0 1 0 0 1 0 2 1 1 1 1 
1 0 0 0 0 1 1 0 1 1 1 0 1 3 0 0 0 3 
0 1 1 1 1 0 1 1 1 0 1 1 1 1 2 0 3 2 
0 1 1 1 1 0 0 1 0 1 1 0 0 3 0 3 1 2 
0 0 0 1 1 1 0 0 1 1 1 1 0 2 3 3 2 0 
0 1 1 0 0 1 1 0 0 0 1 1 0 2 2 2 1 0 
0 1 1 1 1 1 1 0 0 1 0 0 1 1 3 0 1 1 
1 0 0 1 1 0 1 0 0 0 0 1 1 0 0 0 2 0 
0 0 1 0 0 1 0 1 1 0 0 0 0 1 0 1 0 0 
0 1 1 0 0 1 0 0 0 1 1 0 0 0 2 1 2 1 
0 0 0 0 0 1 0 0 0 0 0 1 0 1 1 3 0 1 
0 0 1 0 1 0 1 1 1 1 1 1 0 0 1 2 1 3 
1 0 0 0 0 1 0 1 0 0 0 0 0 2 0 0 3 2 
0 0 0 0 1 1 0 0 1 1 0 1 1 2 1 0 0 2 
0 0 0 0 1 0 1 0 1 0 0 0 0 0 2 3 3 3 
0 0 0 0 0 1 1 1 0 0 0 0 0 2 3 1 3 3 
1 0 0 0 1 0 1 0 0 0 0 0 1 2 0 0 1 1 
0 1 1 1 1 0 0 1 1 0 1 0 0 3 1 1 2 2 
0 1 1 1 1 1 0 1 1 0 0 1 0 1 0 2 2 3 
0 1 1 1 1 0 0 0 0 1 1 1 1 1 1 0 3 0 

# Size = 23 | Time = 21208 ms
0 1 0 0 0 0 0 0 1 1 1 1 0 3 3 3 3 2 
0 1 0 1 1 1 1 1 1 0 0 1 0 0 3 3 2 3 
0 1 1 0 0 1 1 0 1 1 1 1 0 1 0 3 3 3 
0 1 0 0 0 1 0 1 0 1 0 0 0 0 0 2 0 3 
0 1 0 0 0 0 1 1 0 0 0 1 0 3 2 1 2 3 
0 0 1 1 1 0 1 0 0 0 1 0 0 1 2 1 0 0 
0 0 1 0 0 1 0 0 1 1 1 1 0 1 3 2 0 0 
0 1 0 1 1 1 0 1 1 1 0 1 0 0 1 1 3 1 
1 0 0 1 1 1 0 1 1 1 1 0 1 3 0 0 3 3 
0 0 0 1 1 0 0 1 1 1 1 1 0 3 1 2 2 0 
0 1 1 1 1 1 1 0 1 0 1 1 0 2 3 1 2 1 
0 1 0 0 0 0 0 0 1 0 1 1 1 1 2 0 2 1 
1 0 0 0 0 0 1 1 1 1 1 1 1 2 0 0 0 0 
1 0 0 0 1 1 1 0 0 1 0 1 0 3 0 0 1 1 
0 1 0 1 1 0 0 0 0 0 0 1 0 2 1 3 1 3 
0 0 1 0 1 1 1 1 1 0 1 0 0 3 2 3 0 1 
0 1 1 1 1 0 1 1 1 0 0 0 0 1 1 3 3 0 
0 1 1 0 0 1 1 0 0 0 1 0 0 2 2 2 3 2 
0 1 0 0 0 1 0 1 0 0 0 0 1 0 3 0 1 0 
0 1 1 1 1 0 1 1 1 1 1 1 0 0 2 2 1 1 
0 1 0 1 1 1 0 0 1 0 0 0 0 1 0 1 1 2 
1 0 0 1 1 1 0 0 0 0 0 0 1 0 0 0 2 2 
0 0 1 0 0 1 1 1 0 0 0 0 1 3 1 0 0 2 

# Size = 22 | Time = 43366 ms
0 1 1 1 1 0 0 0 0 0 0 1 1 1 3 0 3 3 
0 1 0 0 1 0 0 0 0 1 0 0 1 0 2 0 2 1 
0 1 1 1 1 1 1 0 0 0 1 1 0 3 3 2 0 0 
0 1 0 1 1 1 1 0 1 1 0 1 0 2 3 3 1 1 
0 0 1 0 1 0 1 1 1 0 0 0 0 0 3 1 0 3 
0 0 0 0 1 0 1 0 1 1 1 0 0 1 0 1 2 0 
0 1 0 0 0 1 1 1 1 1 0 0 0 1 1 2 1 1 
0 0 1 0 1 0 1 0 1 1 1 0 0 2 2 1 1 0 
0 1 1 0 0 0 1 1 1 0 1 0 0 3 0 3 2 0 
0 1 1 0 1 1 1 1 1 1 0 1 0 2 2 3 3 2 
0 0 0 0 1 0 0 0 1 1 1 0 1 2 1 0 0 2 
1 0 0 1 1 1 0 1 1 1 0 1 1 3 0 0 1 3 
1 0 0 1 1 0 0 1 1 0 1 0 1 0 0 0 2 0 
1 0 0 0 1 1 1 0 0 0 1 0 0 2 0 0 0 1 
0 1 1 1 1 0 0 1 1 1 1 1 0 3 1 1 3 1 
0 1 1 0 1 0 1 0 0 0 0 1 0 0 0 2 3 0 
0 1 1 0 0 0 0 1 1 1 1 1 0 1 2 3 0 3 
1 0 0 0 0 0 1 1 0 1 0 0 1 0 0 0 3 2 
0 0 1 0 1 1 1 1 0 0 0 0 0 0 1 3 1 0 
0 0 0 0 0 1 1 1 0 1 1 0 0 1 3 1 2 2 
0 1 0 0 0 0 1 0 1 0 1 1 0 2 1 2 2 3 
0 0 0 1 1 0 0 0 1 0 1 0 0 3 2 2 1 2 

# Size = 21 | Time = 41343 ms
0 0 0 0 0 1 1 0 0 1 1 1 0 3 1 3 3 2 
0 1 0 1 1 0 1 0 1 0 0 0 1 2 1 0 2 3 
1 0 0 1 1 1 0 1 1 0 0 0 0 2 0 0 2 2 
0 1 0 1 1 0 0 1 0 1 1 0 0 3 3 1 2 0 
0 1 1 0 1 1 0 1 0 1 1 1 0 0 1 1 1 1 
1 0 0 0 1 1 1 1 1 1 0 0 1 2 0 0 1 3 
0 1 0 1 1 0 0 0 0 0 0 1 0 2 3 2 3 1 
0 0 1 0 0 1 0 0 0 0 1 0 0 2 0 3 1 0 
1 0 0 0 0 0 0 0 0 1 1 1 1 0 0 0 3 0 
0 1 1 0 0 1 0 1 0 1 0 0 0 0 2 2 2 2 
0 0 0 1 1 0 0 1 1 1 1 1 1 3 2 0 1 0 
1 0 0 0 0 1 1 1 0 1 0 1 1 3 0 0 0 1 
0 0 1 1 1 0 1 0 0 1 0 1 0 1 1 2 0 0 
0 1 0 1 1 0 1 0 0 0 1 1 0 0 3 3 0 3 
0 0 1 0 0 0 1 1 1 1 1 1 0 0 0 1 0 2 
0 0 1 0 0 1 1 0 1 1 0 1 0 1 0 1 3 3 
0 0 1 0 0 1 1 1 1 0 0 0 0 3 2 2 3 3 
0 1 1 0 0 0 0 1 1 0 1 0 0 1 0 2 1 3 
0 0 0 0 0 0 1 1 1 1 0 1 0 1 2 3 2 1 
0 0 1 1 1 1 0 0 1 0 1 0 0 2 2 1 0 1 
0 0 1 0 0 1 1 0 1 0 1 0 1 1 3 0 1 2 

# Size = 19 | Time = 40971 ms
0 1 1 1 1 0 0 0 1 1 1 1 1 0 1 0 1 1 
0 1 0 0 1 1 1 0 0 0 0 0 1 3 2 0 3 3 
1 0 0 0 0 0 0 0 0 0 1 1 1 0 0 0 1 0 
1 0 0 1 1 1 0 0 1 0 0 0 1 2 0 0 2 2 
0 0 1 0 0 1 1 1 1 1 1 1 0 2 3 3 1 3 
0 0 1 0 1 0 1 1 0 1 1 0 0 0 2 3 2 0 
1 0 0 1 1 1 0 0 0 1 1 0 0 3 0 0 0 3 
0 1 1 0 1 1 0 1 1 0 0 0 0 3 0 2 1 0 
0 1 1 1 1 0 1 1 1 1 0 0 0 0 0 1 0 3 
0 0 0 1 1 1 1 1 0 0 1 0 0 0 3 2 3 2 
0 1 1 0 0 1 0 1 1 0 0 0 0 2 1 1 3 0 
0 1 1 0 0 0 0 1 1 1 0 1 0 3 1 3 0 2 
0 1 0 1 1 1 0 1 0 0 0 1 1 1 3 0 0 0 
0 0 1 0 0 0 0 1 1 1 1 0 0 1 2 1 1 2 
0 0 0 0 0 0 1 1 0 1 1 0 0 1 1 2 2 3 
0 1 0 0 0 0 0 0 0 0 1 1 0 3 3 1 2 1 
0 0 0 1 1 0 0 0 0 0 1 1 0 1 0 3 3 1 
1 0 0 1 1 0 1 1 0 1 0 0 0 2 0 0 3 1 
0 1 1 1 1 1 1 0 0 0 1 1 0 2 2 2 0 1 

# Size = 22 | Time = 43848 ms
1 0 0 1 1 1 0 1 0 1 1 1 1 2 0 0 1 1 
0 0 0 1 1 1 0 1 1 1 0 0 1 1 2 0 3 3 
1 0 0 0 1 1 1 0 1 1 0 1 1 3 0 0 0 2 
1 0 0 0 0 0 1 0 0 1 0 0 0 0 0 0 3 0 
0 1 1 1 1 0 1 1 0 1 1 1 1 3 3 0 0 1 
0 0 1 0 0 1 0 1 0 1 1 1 0 0 3 3 1 3 
0 1 0 1 1 0 1 0 1 0 0 0 0 2 2 3 2 2 
0 0 0 0 0 1 0 1 0 0 0 0 0 3 0 2 3 0 
0 1 0 1 1 0 1 1 0 0 0 0 0 2 1 2 0 3 
0 1 1 0 0 1 1 1 1 1 1 0 0 2 3 1 3 2 
0 1 0 1 1 1 1 0 0 0 1 0 1 1 1 0 1 0 
0 0 1 0 1 0 0 0 1 1 1 0 0 0 2 2 1 1 
0 0 1 0 0 1 0 1 1 1 1 0 0 1 0 3 0 0 
0 0 1 0 1 0 1 0 0 0 0 0 0 1 3 2 3 2 
0 1 0 1 1 0 1 0 0 1 0 0 0 0 0 1 1 3 
0 0 1 1 1 1 0 0 1 0 1 0 1 0 1 0 0 2 
0 0 1 0 0 1 1 0 1 1 1 1 0 1 1 1 2 1 
0 0 1 0 0 0 0 1 0 0 0 1 0 2 2 1 0 0 
0 1 1 1 1 1 0 0 0 0 0 1 0 3 1 3 3 1 
0 0 1 1 1 0 0 0 1 0 1 0 0 3 2 1 1 2 
1 0 0 0 0 0 0 1 0 0 0 0 1 3 0 0 2 3 
0 1 0 0 1 1 0 1 1 0 0 1 0 0 3 2 2 0 

# Size = 20 | Time = 33615 ms
0 1 1 1 1 1 1 1 1 1 1 0 1 1 3 0 2 2 
1 0 0 0 0 1 1 0 0 1 1 1 0 0 0 0 2 3 
0 0 1 1 1 1 0 0 1 1 0 0 0 0 0 2 1 3 
0 1 1 0 0 1 1 0 1 0 0 1 0 3 2 2 0 2 
0 0 0 0 1 0 1 1 0 0 0 1 0 3 1 3 2 0 
0 1 0 0 0 1 0 0 1 1 1 1 0 0 3 3 0 1 
0 0 0 1 1 1 1 0 1 0 0 1 0 1 0 1 0 0 
0 0 0 0 0 1 1 1 0 1 1 0 0 3 3 1 3 3 
0 1 0 0 0 0 0 0 0 0 0 1 0 2 2 1 2 1 
0 1 1 0 0 1 1 1 0 0 0 1 0 0 1 1 1 2 
0 1 1 0 0 1 0 1 1 1 1 0 0 1 2 3 1 3 
0 0 0 1 1 0 0 0 1 0 1 1 0 1 1 2 2 3 
0 1 0 0 0 1 0 0 1 1 0 0 1 2 1 0 0 3 
0 0 0 1 1 0 0 0 1 1 1 0 1 0 2 0 3 0 
1 0 0 1 1 1 0 0 1 1 1 0 1 3 0 0 1 1 
1 0 0 1 1 0 0 1 0 0 1 1 1 3 0 0 0 0 
1 0 0 0 0 0 1 1 1 0 0 0 0 2 0 0 3 2 
0 1 0 1 1 1 0 1 1 1 1 1 0 2 0 3 3 2 
0 1 1 1 1 1 1 1 0 1 0 0 0 1 1 2 3 1 
0 1 1 0 0 0 0 0 0 0 0 0 0 2 3 2 1 0 

# Size = 22 | Time = 46901 ms
0 0 0 0 0 0 0 0 0 0 1 0 0 1 1 3 3 2 
0 1 0 0 0 0 0 1 0 0 1 0 0 0 2 2 1 0 
0 0 0 1 1 0 0 0 0 0 1 1 0 3 2 3 0 2 
0 1 1 0 0 1 1 1 1 0 0 0 0 0 0 3 1 3 
1 0 0 0 0 0 1 0 1 0 1 1 1 3 0 0 2 3 
0 1 1 0 0 1 0 0 0 1 0 0 1 1 2 0 0 0 
0 0 1 1 1 1 1 0 1 0 0 1 0 3 1 1 1 0 
0 0 0 0 1 0 0 0 1 1 1 0 0 1 3 2 2 1 
0 1 0 0 0 0 1 1 1 1 0 1 0 0 3 1 0 2 
1 0 0 1 1 1 0 0 1 0 0 1 0 2 0 0 0 1 
0 0 0 0 0 1 1 1 0 1 1 1 0 0 2 1 2 1 
0 1 1 0 0 1 1 1 1 0 0 1 0 3 0 2 3 2 
0 1 0 1 1 1 0 0 1 0 1 0 0 3 3 3 3 1 
1 0 0 0 0 1 1 1 0 1 0 1 1 2 0 0 1 2 
0 1 0 1 1 0 0 1 0 0 1 1 1 1 3 0 1 3 
0 1 1 0 0 0 1 1 1 1 0 1 0 1 0 1 1 1 
0 1 0 1 1 0 1 1 1 0 0 0 0 2 1 2 0 3 
0 1 1 1 1 1 0 0 1 1 0 1 0 3 1 1 2 2 
0 1 1 1 1 1 0 1 0 1 1 1 0 2 3 3 2 0 
1 0 0 1 1 0 1 0 0 1 1 0 1 0 0 0 3 0 
0 1 1 1 1 1 0 0 1 1 1 0 0 2 2 1 3 3 
0 1 1 0 1 0 0 1 0 1 1 0 1 0 1 0 0 1 

# Size = 19 | Time = 46866 ms
0 1 1 1 1 0 0 1 0 1 0 1 0 3 2 3 2 2 
0 1 1 0 1 1 0 0 0 0 1 1 0 0 2 1 3 1 
0 0 1 0 0 0 1 0 1 1 1 1 0 1 1 1 0 2 
0 1 0 0 0 1 0 1 0 1 1 1 1 0 1 0 2 3 
0 1 0 1 1 0 1 0 0 0 1 0 0 0 3 3 0 0 
1 0 0 0 0 1 1 0 0 0 0 0 1 0 0 0 2 2 
1 0 0 1 1 1 0 1 1 1 0 1 1 3 0 0 0 1 
0 0 1 0 0 0 1 0 0 0 1 0 1 2 3 0 3 2 
0 1 1 0 0 1 1 1 1 1 1 0 0 0 0 2 1 2 
0 0 0 0 0 0 1 0 1 0 1 1 1 1 2 0 1 0 
0 1 1 1 1 1 1 1 0 1 0 0 0 1 0 3 3 3 
0 0 0 0 0 0 1 0 1 1 0 0 0 2 1 3 1 1 
1 0 0 0 0 0 0 1 0 0 0 1 1 2 0 0 3 3 
0 1 0 0 1 0 0 1 1 1 1 1 0 1 3 2 2 1 
0 0 1 1 1 0 0 1 1 0 0 1 0 3 1 2 3 0 
1 0 0 1 1 1 0 0 0 1 1 0 0 3 0 0 1 0 
0 1 0 1 1 1 0 1 0 0 0 0 0 2 0 1 2 0 
0 0 0 0 0 0 1 0 0 0 1 0 0 2 2 2 0 3 
0 1 0 0 0 1 1 0 1 0 0 0 0 3 3 1 1 3 

