# Size = 16 | Time = 91627 ms
0 0 1 0 0 0 1 0 1 0 1 0 1 1 1 1 0 0 1 1 0 0 1 1 1 0 0 0 3 0 1 1 1 0 1 0 1 0 0 0 0 0 1 1 1 0 1 1 0 1 0 1 
1 0 1 0 2 0 0 1 0 1 0 0 0 1 0 0 1 0 0 1 2 1 1 0 1 0 0 0 3 1 0 1 1 1 1 1 0 0 1 0 1 1 0 1 1 1 0 0 1 0 0 0 
0 1 0 0 0 1 1 1 0 0 0 1 0 0 1 0 1 1 0 0 1 1 0 0 0 1 0 1 3 1 0 0 0 1 0 0 1 1 1 0 0 0 0 1 1 0 0 1 0 1 1 1 
0 1 0 1 1 1 1 0 0 1 1 0 0 0 1 1 0 0 1 0 2 0 0 1 1 1 0 1 0 0 0 0 1 1 1 0 1 0 0 0 0 1 1 0 0 0 1 0 1 1 0 1 
0 1 1 1 1 1 0 1 1 0 0 0 1 1 1 0 0 1 1 0 3 0 1 1 0 1 1 1 2 1 0 1 0 0 1 1 0 0 0 1 1 0 0 0 0 0 1 0 0 1 0 1 
1 0 1 0 0 1 0 1 1 1 1 1 1 1 0 1 0 1 0 0 2 0 0 0 1 1 1 0 1 0 0 0 0 1 0 1 0 0 0 1 0 1 0 0 0 1 1 1 0 0 1 0 
1 1 0 1 1 0 0 0 1 1 1 0 0 1 0 0 1 1 0 0 1 0 1 1 0 1 1 1 1 1 0 0 1 1 1 0 0 0 0 1 0 0 1 1 0 1 0 1 0 0 1 0 
0 0 0 0 1 1 0 0 0 0 0 1 1 0 1 0 0 0 1 1 2 0 0 0 0 0 1 0 2 1 1 0 0 0 0 1 0 1 1 1 0 0 0 1 1 0 0 1 0 0 1 1 
0 0 1 1 1 1 1 1 1 0 0 0 1 0 0 0 1 1 0 1 3 1 1 1 0 0 1 0 3 0 0 1 1 0 0 0 1 0 1 1 0 0 1 0 0 1 0 0 1 0 1 0 
0 0 1 0 2 1 1 1 1 1 0 0 1 1 0 1 1 0 1 1 1 1 1 1 0 0 0 1 0 0 0 1 0 0 1 0 1 1 0 0 1 1 0 0 0 1 1 0 1 1 1 1 
1 0 0 1 1 1 1 0 1 1 0 0 0 0 0 0 1 0 1 1 0 1 0 0 0 0 1 1 1 0 0 1 1 0 1 0 1 1 1 0 1 0 0 0 0 0 0 0 1 0 1 1 
0 0 1 1 0 1 0 1 1 1 1 1 1 0 0 1 0 0 1 0 1 1 1 1 1 0 0 0 2 0 1 1 1 0 0 1 1 0 0 0 1 0 1 1 1 1 1 0 1 0 0 0 
1 1 1 1 2 0 1 1 1 0 1 1 0 1 1 1 1 1 0 0 0 0 0 0 1 1 1 1 2 0 1 0 1 1 1 0 0 0 0 1 1 1 0 0 0 0 1 1 0 0 0 1 
0 1 0 1 2 0 1 0 0 0 0 0 0 0 1 1 0 1 1 1 3 0 1 1 1 0 0 1 1 0 1 0 1 0 0 1 1 1 1 0 0 0 0 1 1 1 1 1 0 1 0 0 
0 0 1 1 2 0 0 0 0 0 1 1 0 0 1 1 1 1 1 1 0 1 0 0 0 0 1 0 0 1 0 0 0 1 0 1 0 1 1 1 0 0 1 1 1 1 1 0 0 0 0 0 
1 1 0 0 0 1 1 1 1 1 1 1 0 0 0 0 1 0 0 1 3 0 0 0 0 1 0 0 0 0 1 1 1 1 0 0 0 0 0 1 1 1 1 0 0 1 0 1 0 1 1 0 

# Size = 16 | Time = 96536 ms
1 1 0 0 0 0 0 0 1 1 0 1 1 1 1 0 0 1 0 1 1 0 0 0 0 0 0 1 1 0 1 0 0 0 0 1 0 0 1 0 0 0 0 0 0 0 0 0 1 0 1 1 
1 1 1 0 0 1 0 0 0 0 0 0 0 0 0 0 1 1 1 1 3 0 0 1 1 0 0 1 3 1 1 0 0 0 1 0 0 0 0 1 0 1 1 1 1 1 0 1 0 1 1 0 
0 1 0 0 0 0 1 1 0 1 0 1 0 1 1 1 1 1 0 0 2 0 0 1 1 0 0 1 0 1 1 1 1 0 0 1 0 1 0 0 1 0 0 0 0 1 1 1 0 0 0 1 
1 1 0 0 2 1 1 0 0 0 1 0 0 1 1 0 1 1 1 1 2 0 1 1 0 0 0 0 2 0 1 1 0 1 1 1 0 0 0 1 0 1 1 0 0 1 0 0 1 1 1 0 
1 1 0 0 2 1 0 1 0 0 1 0 1 1 0 1 1 0 1 1 1 1 0 0 0 1 0 0 0 0 0 1 0 0 1 1 0 0 1 0 0 1 1 1 1 0 1 1 0 1 1 1 
0 0 1 0 0 1 1 1 1 0 0 0 0 0 0 0 0 0 0 1 2 1 1 0 1 0 1 0 1 1 0 0 0 1 1 0 1 1 0 1 1 0 0 1 1 1 0 0 0 0 0 0 
1 0 1 1 1 0 1 1 0 1 1 1 1 0 0 1 0 0 0 1 3 1 1 0 0 1 1 1 1 0 1 1 1 1 1 1 1 1 1 0 1 1 1 1 1 0 1 1 0 0 1 1 
0 0 0 0 2 1 0 1 0 1 1 0 1 0 1 0 1 0 0 1 0 1 0 1 0 1 0 1 3 1 0 0 0 1 1 0 0 0 0 1 1 0 0 1 1 0 0 0 1 1 1 1 
1 0 1 1 0 0 0 1 1 0 1 0 1 1 0 1 0 0 0 0 0 1 1 0 1 1 1 0 2 1 1 0 1 0 0 1 1 1 1 0 0 1 1 0 0 1 1 1 0 0 1 0 
0 0 0 1 1 1 0 0 1 1 1 0 0 0 0 0 0 0 1 0 3 0 0 1 0 0 1 0 0 1 1 0 1 0 0 0 0 0 0 1 1 1 1 0 0 1 0 0 0 1 0 0 
1 0 1 0 1 1 1 0 0 0 0 1 0 1 1 1 1 1 0 1 0 0 1 1 0 0 0 1 0 1 0 0 0 1 1 0 1 0 1 1 0 1 0 1 0 1 1 0 1 1 1 0 
1 1 1 1 1 1 0 0 0 1 0 1 1 1 0 0 1 1 1 0 2 1 1 1 1 1 1 0 3 0 0 1 0 0 0 0 0 0 1 1 0 0 0 1 0 0 0 1 0 0 0 1 
1 1 0 1 2 1 1 1 1 0 0 0 0 1 1 0 0 0 1 0 3 0 0 1 1 1 0 1 2 0 0 1 1 0 0 0 1 0 0 1 1 0 0 1 1 0 1 0 1 1 0 1 
0 0 1 1 1 0 1 0 0 1 1 1 0 0 0 1 1 0 1 0 1 1 1 1 1 1 1 0 2 1 0 0 1 1 1 0 1 1 0 1 1 1 1 0 0 1 1 0 1 1 0 0 
0 0 1 1 2 0 1 1 1 1 0 0 0 0 1 1 0 1 1 0 1 0 0 0 0 0 0 0 3 0 1 0 1 1 1 1 1 1 0 0 0 0 0 0 0 1 1 0 1 0 1 0 
0 1 1 0 2 1 0 0 1 0 0 1 1 1 1 0 1 1 1 0 0 0 1 1 1 0 1 0 1 0 0 1 1 1 0 0 1 1 1 0 0 0 1 1 1 0 1 0 1 1 0 1 

# Size = 17 | Time = 26650 ms
0 0 1 1 2 0 1 0 1 0 0 0 1 1 1 1 1 1 0 1 2 1 1 1 1 1 0 0 2 0 1 1 1 1 1 0 1 1 1 1 1 1 1 1 1 0 1 1 0 1 0 1 
0 1 0 0 0 0 0 1 0 0 1 0 1 0 1 0 1 0 0 0 1 1 0 0 0 0 0 1 0 1 1 0 0 1 0 0 0 0 1 1 1 0 0 1 0 0 0 1 0 0 0 1 
1 0 0 1 2 0 1 1 0 0 0 0 0 0 1 0 1 1 1 0 1 0 0 1 1 1 0 0 3 0 0 1 1 0 1 1 1 1 0 1 1 0 1 1 0 0 1 0 1 0 1 1 
1 0 1 0 2 1 0 1 0 1 1 0 0 1 0 0 0 0 1 0 3 1 0 0 0 0 0 1 2 0 0 0 0 1 1 1 0 1 0 1 0 1 0 1 1 1 0 0 1 1 0 0 
0 1 0 0 1 0 0 0 1 1 1 0 0 0 1 1 1 1 0 0 0 1 0 0 0 0 0 0 2 1 0 0 0 1 0 0 0 0 0 0 0 0 1 0 0 1 1 0 0 1 0 0 
1 1 1 1 2 1 1 1 1 1 0 1 1 0 1 0 1 0 1 1 0 1 1 1 1 1 1 0 0 0 0 0 0 1 0 0 0 1 1 1 1 1 0 0 0 1 0 0 1 1 1 1 
1 1 0 1 2 0 1 1 1 1 1 1 0 0 0 0 1 1 0 1 2 0 0 0 1 1 0 1 0 0 0 1 1 1 1 1 1 1 1 0 1 0 1 0 0 1 0 0 1 1 0 0 
0 0 0 1 2 1 0 1 0 1 1 1 1 1 1 1 0 0 1 0 1 1 0 1 1 1 1 1 1 1 1 1 0 0 0 1 1 0 1 0 0 0 1 0 0 0 1 0 1 1 1 1 
1 1 1 0 1 0 0 1 1 0 0 1 0 1 0 0 1 1 0 1 1 1 1 0 0 0 1 0 1 1 0 1 0 1 1 0 1 0 1 0 1 1 1 0 0 1 0 0 0 1 0 0 
1 0 0 1 1 1 1 0 1 0 1 0 1 1 1 0 1 0 1 1 0 1 0 1 0 0 0 0 1 0 0 1 1 0 1 1 0 1 0 0 1 0 0 0 0 0 0 0 0 0 0 1 
1 0 0 1 1 1 1 0 0 1 1 0 1 1 1 1 1 0 0 1 3 0 0 0 1 1 1 1 3 1 0 1 0 1 1 0 0 0 1 1 1 0 0 0 0 0 1 1 0 1 0 1 
0 1 1 0 0 1 0 1 0 1 1 0 0 0 0 0 0 1 1 0 0 0 1 1 1 1 0 1 3 0 1 1 0 1 0 1 1 1 1 0 1 1 0 1 1 0 0 1 0 1 0 1 
1 0 1 0 1 0 0 0 0 0 0 0 1 0 0 1 0 1 0 0 2 0 1 0 1 1 0 1 1 1 1 0 1 0 0 0 1 1 1 1 1 0 1 1 1 1 1 1 0 0 1 0 
1 0 0 0 1 0 1 0 1 0 1 1 1 1 0 1 0 0 1 0 3 1 1 1 0 1 1 1 0 1 1 1 1 0 0 0 0 0 0 0 0 0 0 1 1 1 1 0 1 1 0 0 
0 1 0 1 0 0 1 0 1 0 0 0 0 0 0 1 1 1 0 1 3 0 1 0 0 1 1 0 1 1 0 0 1 0 1 1 1 0 0 0 1 1 1 1 0 1 1 1 0 0 1 0 
1 0 1 0 0 0 0 0 1 1 1 1 0 0 0 1 0 0 0 1 1 0 1 1 1 0 1 0 2 1 1 0 1 0 0 0 0 1 0 0 0 0 1 1 1 0 1 1 0 0 1 1 
1 1 1 1 0 1 0 1 1 0 0 1 1 1 0 1 1 0 1 0 2 1 1 1 0 0 1 0 3 0 1 0 0 1 0 1 0 0 0 0 0 1 0 0 0 1 1 0 1 1 0 0 

# Size = 17 | Time = 28086 ms
1 1 1 0 1 1 1 0 1 0 1 0 0 0 0 0 1 0 0 1 0 1 0 1 1 1 1 0 2 1 1 1 1 1 0 0 0 0 0 0 0 0 1 1 1 1 0 0 1 1 1 1 
0 0 0 0 0 0 0 1 0 0 0 0 0 1 0 0 1 1 0 0 0 0 0 0 1 1 1 1 1 0 1 0 0 1 1 0 1 1 1 0 1 1 0 1 1 1 1 1 0 0 0 0 
0 0 1 0 2 0 1 1 0 1 1 1 1 0 0 0 1 0 0 1 2 1 1 0 1 0 1 1 1 0 0 1 1 1 0 1 0 1 0 1 1 1 0 0 0 1 0 1 0 0 0 0 
0 1 1 0 0 0 0 1 0 1 1 1 1 1 0 0 0 0 1 1 0 0 1 0 0 0 1 1 0 1 0 0 0 0 1 0 0 0 1 1 1 1 0 1 1 0 1 0 1 1 0 1 
0 0 0 0 2 0 1 0 1 1 1 0 0 1 1 1 0 0 0 0 1 0 1 1 1 0 0 0 0 0 1 1 1 1 1 0 0 0 1 1 1 1 1 0 0 0 1 0 0 0 1 1 
0 0 1 1 2 0 0 0 1 0 0 0 0 0 0 0 0 1 1 0 2 0 1 1 0 1 1 0 2 0 1 0 0 1 0 0 0 1 1 1 1 0 0 1 1 0 1 0 1 0 0 1 
1 0 1 0 0 1 0 0 0 1 0 0 1 0 0 0 0 1 1 1 3 1 0 1 1 0 1 0 3 1 0 1 0 0 0 0 0 0 0 1 1 1 1 0 0 0 0 0 0 0 0 1 
0 0 0 1 1 1 1 0 0 0 0 0 0 1 1 1 1 0 0 0 3 0 1 0 1 1 0 1 0 1 1 0 0 1 1 1 0 1 0 0 1 0 0 1 1 1 1 1 0 0 0 0 
1 1 0 1 0 0 1 1 0 1 1 1 1 1 1 1 0 0 0 1 1 1 0 0 0 0 0 1 2 0 1 1 0 0 0 1 0 1 1 0 0 0 1 1 1 1 1 0 0 1 0 0 
1 1 1 1 2 0 0 0 1 1 0 1 0 1 1 0 0 0 1 1 3 0 1 1 0 1 0 1 2 1 0 1 0 0 1 0 1 1 1 1 0 1 1 0 0 0 0 1 0 0 0 1 
0 1 0 0 1 1 0 0 1 0 1 0 1 1 1 0 0 1 0 0 2 1 1 1 0 1 0 1 3 1 0 0 1 1 1 1 1 0 0 1 1 0 1 1 0 1 1 0 1 1 1 0 
1 1 0 1 0 0 1 0 1 0 0 0 0 0 1 1 0 1 1 0 2 1 0 0 1 1 1 0 0 1 0 1 1 0 0 0 1 1 1 0 0 0 0 1 1 1 1 1 0 1 0 1 
1 1 0 1 1 1 0 0 0 0 0 0 0 0 0 1 1 0 1 1 1 0 1 0 0 1 0 0 1 1 1 0 1 0 0 1 0 0 0 0 1 1 0 1 1 0 1 1 0 1 0 1 
0 1 0 0 0 0 0 0 1 1 0 1 0 0 0 0 1 0 1 0 1 0 1 0 0 1 0 0 3 0 1 0 1 0 1 1 1 1 1 0 0 1 0 1 1 0 0 1 0 0 1 1 
0 1 1 1 2 1 1 1 1 0 0 1 1 1 1 1 1 0 1 1 0 1 0 0 0 0 0 0 3 0 1 0 1 0 1 1 1 0 1 0 1 1 1 0 0 1 1 0 1 1 1 0 
0 0 0 1 1 1 0 1 1 1 1 1 0 0 1 0 0 0 1 1 3 0 0 1 1 0 0 1 1 0 0 1 1 1 0 1 1 1 1 1 0 0 1 0 0 0 1 0 1 1 1 1 
1 0 1 1 1 0 0 1 0 0 1 1 1 0 1 0 1 1 1 0 1 1 0 1 0 0 1 1 0 1 0 0 0 0 0 1 1 0 1 0 1 1 0 0 0 0 0 0 1 0 1 1 

# Size = 16 | Time = 86474 ms
0 1 1 1 1 0 0 1 0 1 0 1 1 1 1 0 1 1 0 1 3 1 0 0 0 1 1 1 3 0 0 1 1 0 0 1 1 0 0 1 0 0 1 0 0 0 0 1 0 1 0 1 
1 0 1 1 2 0 0 1 0 0 0 1 1 1 0 0 1 1 1 1 1 0 0 1 1 0 0 0 0 1 0 0 1 0 1 0 0 0 1 0 0 1 1 0 0 1 0 0 1 1 0 1 
1 1 0 0 0 1 1 0 0 0 1 0 0 1 1 0 1 1 1 0 3 0 1 0 0 1 0 0 0 1 1 1 0 1 0 1 0 0 1 0 1 0 1 1 0 1 0 1 0 0 1 0 
1 1 0 0 0 1 1 0 1 0 1 1 1 1 1 0 0 0 1 1 0 1 1 1 1 1 1 1 1 1 1 1 1 1 0 1 1 1 1 1 1 0 1 1 1 1 0 1 0 1 0 1 
1 1 0 1 2 1 1 1 0 0 0 1 1 1 1 1 0 1 0 1 2 1 1 0 1 0 0 0 2 1 1 0 1 0 0 1 0 1 1 1 0 0 1 0 0 1 1 1 0 0 1 1 
1 1 0 0 0 1 0 0 0 1 1 1 1 1 0 0 0 0 0 1 2 1 1 1 1 0 0 0 3 0 1 0 0 1 1 1 1 1 0 1 1 1 1 1 1 1 0 0 1 1 1 0 
1 1 0 0 2 1 1 0 1 0 1 0 0 0 0 1 0 1 1 1 1 1 1 0 0 0 1 0 1 0 1 1 1 0 0 1 1 1 0 0 1 1 1 1 1 1 1 0 1 1 1 0 
0 0 1 1 0 0 1 1 1 0 0 0 1 1 1 1 0 1 1 0 1 0 0 1 1 1 0 1 3 1 0 0 0 0 0 1 1 0 0 1 0 0 0 0 0 1 1 0 1 0 1 0 
1 0 0 0 0 1 0 0 1 1 0 0 0 0 0 1 1 0 0 0 3 1 0 1 1 0 1 1 2 0 0 0 0 0 1 0 1 1 0 0 1 1 1 1 1 0 1 1 0 1 1 1 
0 0 1 1 1 0 1 1 0 0 1 0 0 0 0 0 1 1 1 1 0 0 0 0 1 0 1 0 2 0 1 0 1 0 0 0 0 0 0 1 1 1 0 1 1 1 1 0 1 1 0 0 
0 0 0 0 2 0 0 0 0 1 1 0 0 0 0 0 1 1 0 0 0 1 1 1 0 1 0 0 0 0 0 0 0 1 0 0 1 1 1 0 1 1 1 0 0 0 0 0 0 1 0 1 
1 0 0 0 2 1 1 1 1 1 0 0 0 0 1 1 0 0 0 1 0 0 0 0 0 1 1 1 3 1 1 1 1 1 1 0 0 1 1 0 0 1 0 1 0 1 1 1 0 0 1 1 
0 0 0 1 2 0 0 1 0 1 0 0 1 0 1 1 0 0 0 0 3 1 0 1 1 1 0 0 1 1 0 0 0 0 1 0 1 1 1 1 1 1 0 0 0 0 1 0 1 1 0 1 
1 1 1 0 1 0 0 1 0 0 1 0 1 0 0 0 1 1 0 0 2 0 0 1 0 1 1 0 1 1 1 0 1 1 1 0 0 0 0 0 0 0 0 0 0 0 1 0 1 0 0 1 
0 0 1 1 1 1 1 0 1 1 0 1 0 1 1 1 0 0 1 0 2 0 1 0 1 1 1 1 0 0 0 1 1 1 1 0 0 1 0 1 0 0 0 1 1 0 1 0 0 1 0 1 
1 0 0 1 1 0 0 0 0 1 1 1 1 0 0 0 0 0 0 1 1 0 1 0 0 1 0 0 2 0 1 1 0 1 0 0 1 0 1 0 0 1 0 1 1 0 0 1 0 0 1 1 

# Size = 17 | Time = 28675 ms
1 1 0 1 1 1 1 0 1 1 1 0 1 1 1 1 0 0 0 1 2 1 1 0 1 1 1 1 3 0 1 1 0 1 0 0 1 1 1 0 0 1 1 1 0 0 1 0 0 1 1 1 
0 1 0 1 1 0 1 1 1 1 0 0 0 0 1 0 1 1 0 1 0 0 0 0 1 0 1 0 0 1 1 0 0 0 1 0 0 1 0 0 0 1 1 1 1 1 0 0 1 0 1 0 
1 1 1 0 0 1 0 0 1 0 1 0 1 1 0 1 0 0 0 0 3 0 0 0 1 1 1 0 0 0 1 0 0 1 1 1 1 0 0 1 0 1 1 1 1 1 1 0 1 1 0 1 
1 1 0 1 2 1 1 1 0 1 1 0 0 0 1 1 0 0 1 1 3 1 1 0 0 0 1 1 2 1 1 0 1 1 0 0 0 0 1 0 0 1 0 0 0 0 1 1 0 1 1 1 
1 1 0 1 1 0 1 0 0 1 0 0 0 0 0 1 0 1 1 0 1 0 0 0 0 0 1 0 2 0 0 0 0 0 1 1 1 0 0 0 0 1 1 1 1 0 1 0 1 0 0 1 
1 1 1 0 2 0 0 1 0 1 1 0 0 1 0 0 1 1 0 1 0 0 1 1 1 0 0 1 2 1 0 1 1 0 1 0 1 0 0 1 1 0 0 1 0 1 0 0 1 1 0 0 
0 1 0 1 1 0 1 0 0 0 0 0 1 1 1 0 0 1 1 1 3 0 1 1 1 0 0 0 1 0 1 1 1 0 0 0 1 1 0 1 1 0 0 0 0 1 0 1 0 0 1 0 
1 1 0 1 0 1 0 0 0 1 0 1 0 1 1 0 0 0 1 0 2 1 0 1 0 0 0 1 0 1 0 1 1 1 0 1 0 1 1 0 1 0 0 1 1 1 1 1 0 0 1 0 
0 0 0 0 2 1 1 0 1 0 1 1 0 0 0 1 0 0 1 0 1 1 1 1 1 0 1 1 0 1 1 0 1 1 0 0 1 1 0 1 0 1 1 0 0 0 1 0 1 0 1 1 
1 0 0 1 1 0 0 1 1 1 0 1 0 0 0 0 1 1 0 1 3 1 1 1 0 0 1 0 3 0 0 0 1 0 1 0 0 1 0 0 0 1 0 1 1 1 1 0 0 1 0 0 
1 0 0 1 0 0 1 0 0 1 1 1 0 1 1 0 1 1 0 1 1 1 0 0 0 1 1 1 1 1 0 0 0 1 0 0 0 1 1 0 0 0 0 0 0 0 0 1 0 1 0 1 
1 0 1 1 0 0 0 1 0 1 0 1 1 0 0 1 1 1 0 1 1 1 1 1 0 1 0 0 3 0 1 1 1 1 1 1 1 0 1 1 1 0 1 0 0 1 1 0 1 0 0 0 
0 1 1 0 2 0 0 1 0 1 0 0 0 0 0 1 1 0 1 0 2 0 1 1 0 1 0 0 1 0 1 0 1 0 1 1 0 0 1 1 1 1 1 1 1 0 1 0 1 1 0 1 
1 0 1 0 2 1 1 0 0 1 1 1 1 1 1 0 1 0 1 1 0 0 0 1 1 0 1 1 3 0 0 0 0 0 0 1 0 0 0 0 1 0 1 1 1 1 0 1 0 1 1 1 
0 0 0 0 0 1 1 0 0 0 0 0 1 0 1 1 0 1 1 0 0 1 0 1 0 0 0 1 3 1 0 0 0 0 0 0 0 1 0 0 0 1 1 1 1 1 1 0 0 1 0 1 
1 0 1 0 1 1 1 1 1 0 1 1 0 1 0 0 0 1 0 0 0 0 0 0 0 1 0 0 1 0 0 1 0 1 1 0 0 0 1 0 1 0 0 0 0 0 0 1 0 1 1 1 
0 0 1 0 0 1 1 1 1 0 0 1 1 1 1 0 1 1 0 1 2 1 0 0 1 1 1 0 2 0 1 1 1 0 0 1 0 1 0 1 0 0 1 0 0 0 0 0 1 0 0 1 

# Size = 16 | Time = 90265 ms
1 1 1 0 1 0 0 1 1 0 1 1 1 0 0 1 0 1 0 1 3 0 0 1 1 0 1 0 3 0 0 0 1 0 1 0 1 0 0 0 1 1 0 1 1 0 1 0 1 0 1 1 
0 0 0 0 0 1 0 0 0 0 0 1 0 1 0 1 0 1 0 1 2 1 1 1 0 1 0 0 3 1 1 1 0 1 1 1 0 1 0 0 0 0 1 0 0 1 1 0 0 0 1 0 
0 1 0 1 0 1 0 0 1 1 1 1 0 0 0 0 1 0 0 1 1 1 0 0 1 1 1 0 1 0 1 0 1 0 0 1 1 0 1 0 0 0 0 1 1 1 0 0 0 0 0 0 
0 1 1 1 2 0 1 0 1 0 0 1 1 0 1 1 0 1 1 0 2 1 1 1 0 1 1 0 2 0 1 1 0 1 0 1 1 0 1 0 1 1 1 0 0 1 1 0 1 0 0 1 
1 1 0 1 2 1 1 1 1 1 0 0 0 0 0 0 1 1 1 1 2 0 1 1 0 0 1 0 0 1 0 1 1 0 0 1 1 0 1 0 0 1 0 1 1 1 0 1 0 0 1 1 
1 0 0 0 1 0 1 0 0 1 0 0 1 1 0 0 1 0 1 0 3 0 0 0 1 1 1 1 0 0 0 1 1 0 1 0 0 0 1 0 1 1 0 0 0 1 1 0 0 1 0 0 
1 1 1 0 0 0 1 1 0 0 0 0 1 1 1 1 0 1 1 0 0 0 1 1 0 1 1 0 1 0 0 1 0 0 1 0 1 1 0 0 1 1 1 0 0 0 1 1 0 1 0 1 
0 0 0 1 2 1 1 0 1 0 1 0 0 0 1 0 1 0 0 1 3 0 1 0 1 1 0 1 1 0 1 1 0 1 0 0 0 1 0 1 1 1 1 1 0 0 0 0 1 1 0 1 
0 0 0 1 2 0 1 0 0 1 1 1 0 1 1 0 1 0 1 1 0 1 0 0 1 0 0 0 3 1 0 0 0 1 0 1 0 0 1 1 1 0 1 0 0 1 0 1 0 1 0 0 
0 1 0 0 1 1 0 0 0 1 1 0 1 1 0 1 1 0 0 0 2 0 0 0 1 0 0 1 1 1 0 0 0 0 1 0 0 1 1 1 0 0 0 1 1 0 1 1 0 1 1 1 
1 1 1 1 0 0 0 0 1 1 1 0 0 0 0 0 1 0 1 1 3 1 1 0 0 0 1 0 2 1 0 1 0 1 0 1 0 0 1 0 0 0 0 1 1 0 1 1 0 1 0 1 
0 0 1 0 1 1 0 1 1 0 0 0 0 1 1 0 0 1 0 0 1 0 1 0 1 1 1 1 3 0 0 1 0 0 0 1 0 1 0 1 0 1 0 0 0 1 0 1 0 0 1 1 
1 0 1 0 1 0 1 0 0 1 0 1 1 1 1 0 0 0 0 1 1 1 0 1 0 0 0 1 2 0 0 0 0 0 0 0 0 1 0 1 1 1 1 1 1 0 0 0 0 1 0 1 
1 1 0 1 1 1 0 1 1 1 1 0 0 0 1 0 1 0 0 1 0 0 1 0 1 0 0 0 2 0 1 1 1 1 1 1 1 0 0 0 1 1 0 0 0 1 0 1 0 0 1 0 
1 1 1 0 0 1 1 1 0 0 0 1 1 0 0 0 0 0 0 0 0 1 1 1 0 1 0 1 0 1 0 0 1 1 1 1 1 1 0 1 0 0 1 1 1 1 0 0 1 0 0 0 
0 0 1 0 2 0 0 1 0 1 1 1 0 1 1 1 1 1 1 0 1 1 1 1 0 0 0 0 0 1 1 0 0 1 1 0 1 1 0 1 1 0 0 1 1 0 1 0 1 0 0 1 

# Size = 17 | Time = 27426 ms
1 1 0 0 0 0 0 1 0 1 1 1 0 1 0 1 1 0 0 0 0 0 1 0 0 1 0 0 1 0 0 1 0 1 0 0 0 0 1 0 1 1 1 0 0 1 1 0 1 0 1 1 
0 0 0 1 1 1 1 0 0 0 1 0 0 1 1 1 1 1 0 0 2 0 1 1 0 1 1 1 0 0 0 1 1 1 1 1 1 0 1 1 0 0 1 0 0 1 1 1 0 1 0 0 
1 1 0 1 0 1 1 0 1 0 1 1 1 1 1 1 1 1 1 1 1 1 1 0 0 0 1 0 2 1 1 1 1 1 1 1 1 0 0 1 0 0 1 0 0 0 1 0 1 1 1 1 
1 0 0 1 0 0 1 1 0 1 1 1 0 1 0 0 1 0 1 0 2 0 0 0 1 0 0 1 1 1 1 1 0 0 1 1 1 0 0 0 1 1 0 1 1 1 0 0 1 0 1 0 
1 0 1 0 2 1 1 1 1 1 1 0 1 1 0 0 0 0 0 1 2 1 0 0 1 0 0 0 3 0 1 1 0 1 1 1 1 1 1 0 0 0 1 1 0 1 0 1 0 0 1 1 
1 1 1 1 1 1 0 0 1 1 0 0 1 0 0 0 0 1 0 0 0 1 0 0 1 0 1 0 1 1 1 1 1 0 1 1 0 0 1 0 1 1 0 1 1 1 1 1 0 0 1 0 
1 1 1 0 0 0 0 0 0 1 1 0 1 0 0 0 0 0 0 0 1 1 0 1 0 0 0 1 0 0 1 0 0 0 0 1 0 1 0 0 1 0 0 1 1 1 0 0 1 0 0 0 
0 0 0 0 2 1 1 0 0 1 0 0 0 0 1 0 1 0 0 0 1 1 0 1 0 1 0 0 1 0 1 0 1 0 0 1 1 1 1 0 0 0 0 1 0 0 1 1 0 0 0 1 
0 1 0 0 0 0 0 0 1 0 0 0 0 1 1 1 1 0 0 0 3 0 0 1 1 0 0 0 2 0 0 0 1 0 0 0 1 0 1 0 0 0 1 1 0 0 1 1 0 0 0 1 
0 0 0 0 2 0 1 1 0 0 0 0 1 0 1 0 1 1 1 1 0 1 1 0 0 1 0 1 0 1 0 1 1 1 1 0 1 1 1 1 0 1 1 0 0 0 0 1 0 1 0 1 
0 0 1 0 1 1 1 1 1 0 0 0 0 0 0 1 0 1 1 1 0 1 1 0 1 1 0 0 2 0 0 0 0 1 1 0 0 1 0 1 1 1 1 1 1 1 1 0 0 1 0 0 
0 0 1 0 2 1 0 0 1 0 0 1 1 1 1 1 0 0 0 1 3 0 1 1 0 1 1 1 1 1 0 1 0 0 1 1 0 1 1 1 1 1 0 0 0 1 1 1 0 1 0 0 
1 1 0 1 1 0 1 0 0 0 0 1 0 0 1 0 1 1 1 0 3 1 0 0 0 0 0 0 3 1 1 0 1 1 1 0 0 0 1 0 0 1 1 1 1 1 1 0 0 1 0 1 
0 1 0 1 2 0 0 1 0 1 0 0 1 0 1 0 0 1 0 1 2 1 1 0 0 1 0 1 2 0 1 0 1 1 0 0 0 1 0 0 1 1 0 1 1 0 0 1 0 0 0 1 
1 1 1 0 2 0 0 1 1 1 1 1 0 1 0 0 1 0 0 1 3 0 0 1 1 0 0 0 0 1 0 1 0 1 1 0 1 0 0 1 0 0 0 0 0 0 0 0 1 0 1 1 
0 0 0 1 1 0 0 1 0 0 0 1 0 0 1 0 0 0 1 1 1 0 1 0 1 0 1 1 3 0 0 0 0 0 0 0 0 1 0 0 0 1 0 1 0 0 0 0 1 0 1 1 
1 0 1 1 0 1 1 0 0 1 1 0 0 0 1 1 1 1 1 0 0 0 1 1 0 1 0 1 3 1 1 0 0 0 0 0 0 1 0 1 1 0 1 0 0 1 1 0 0 1 1 0 

# Size = 16 | Time = 89577 ms
0 1 0 1 0 1 0 0 0 1 0 1 0 1 1 0 0 0 1 1 0 0 0 1 0 0 1 1 3 1 1 1 1 0 1 0 0 1 1 0 1 0 1 0 0 0 0 1 0 1 0 1 
1 0 1 1 0 1 1 1 0 0 0 0 0 1 1 1 0 0 1 1 3 0 1 0 1 0 1 0 1 0 1 1 0 0 0 0 0 1 1 1 1 1 1 1 1 1 1 0 1 0 1 0 
0 1 0 1 2 1 1 1 1 1 0 1 0 0 1 0 0 1 1 0 1 0 0 0 0 0 1 1 2 1 0 1 0 1 0 0 0 1 0 0 1 1 0 0 0 0 0 1 0 1 1 1 
0 1 0 1 2 1 1 1 1 0 1 0 1 0 0 1 0 1 1 0 0 1 0 1 1 0 0 1 1 1 1 0 0 0 1 1 0 0 0 0 0 1 0 0 0 0 1 1 0 0 0 1 
0 0 0 0 2 1 0 1 0 0 1 1 0 0 0 1 1 0 0 0 3 1 0 0 1 1 1 0 2 1 0 0 0 1 0 0 1 1 1 0 0 0 1 1 1 1 1 0 1 1 1 1 
0 0 1 1 1 1 0 0 0 1 1 1 1 1 0 0 1 0 0 0 0 1 0 1 0 1 1 1 2 0 0 0 1 0 0 1 0 0 0 1 1 0 1 1 1 1 1 0 0 0 1 0 
1 1 0 0 1 1 1 0 1 0 1 1 0 0 0 0 0 1 1 0 3 0 1 0 0 1 0 0 3 0 1 1 0 1 1 1 1 1 0 0 0 1 0 0 0 0 0 0 1 0 0 1 
0 1 1 1 2 1 1 1 0 1 1 1 1 1 0 1 1 1 0 1 2 0 1 0 1 1 1 1 3 1 1 1 1 0 1 0 1 1 0 1 1 1 1 0 0 1 1 1 0 1 1 0 
0 1 1 0 1 0 0 1 1 1 0 1 1 0 1 1 1 0 1 1 3 1 1 1 0 1 0 1 0 1 1 1 1 0 1 1 0 0 1 0 0 1 1 1 1 0 1 1 0 0 1 1 
1 0 1 0 0 0 0 1 0 1 0 0 0 1 0 1 0 0 0 1 1 1 0 1 1 1 1 0 1 0 1 1 0 0 1 1 1 1 0 1 1 0 0 0 0 0 1 1 0 1 0 1 
1 0 0 0 0 0 1 0 0 0 1 0 1 0 1 1 1 1 0 0 0 1 1 0 1 1 0 0 0 1 0 0 0 1 0 1 1 1 1 1 1 0 1 1 0 0 1 0 1 1 0 1 
0 0 1 1 0 1 1 1 1 0 1 0 1 1 0 0 1 1 0 0 1 0 1 1 0 0 1 1 0 1 0 0 1 1 1 0 1 1 1 1 0 1 0 0 0 1 0 1 0 1 1 0 
1 0 1 1 2 0 0 0 1 0 1 0 0 0 1 0 0 0 0 0 2 0 0 1 1 0 1 1 0 0 0 1 0 0 1 0 1 0 0 1 0 1 1 1 0 0 0 0 1 1 0 1 
0 0 1 0 1 0 0 0 1 1 1 0 0 1 1 0 1 1 0 1 1 1 1 1 1 1 0 0 3 0 0 0 1 1 0 0 0 0 0 1 1 0 1 1 1 1 0 0 1 0 0 1 
1 0 0 1 0 0 1 1 1 0 0 0 1 0 0 0 1 1 1 1 2 0 1 0 0 0 0 0 2 1 1 0 0 1 1 1 0 0 0 0 1 1 0 1 1 0 0 0 0 0 0 1 
1 0 0 0 1 0 0 0 1 0 1 1 0 0 1 0 1 0 1 0 2 1 1 0 0 0 0 1 1 0 0 1 1 1 0 0 1 0 1 0 0 0 1 1 1 1 0 0 1 1 0 0 

# Size = 16 | Time = 88997 ms
0 1 0 1 1 0 0 1 0 0 1 0 1 1 0 1 1 1 1 0 2 0 0 0 1 0 0 1 3 1 1 1 0 1 1 0 1 0 0 0 0 0 1 1 0 1 1 1 0 1 0 0 
1 0 0 1 0 1 1 1 1 1 0 0 0 1 1 0 1 1 1 0 3 0 1 0 1 0 1 1 2 1 0 0 0 1 1 0 0 0 1 1 1 0 1 1 1 1 0 1 0 0 1 1 
0 0 1 0 1 1 0 0 1 0 0 1 0 0 1 0 1 0 1 1 3 0 1 1 0 1 0 1 3 0 0 0 0 0 1 1 1 0 0 0 1 1 0 0 0 0 0 0 1 1 0 1 
0 1 1 0 2 0 0 0 1 1 0 1 0 0 1 1 1 1 1 1 2 1 0 0 0 0 1 1 1 1 0 0 1 0 1 1 1 1 1 0 1 1 0 0 0 0 1 0 1 0 1 1 
1 1 0 0 0 0 0 0 1 1 1 1 0 0 1 1 0 1 0 0 0 0 1 1 0 1 0 1 1 0 0 0 0 1 1 0 1 0 0 1 0 0 1 1 1 0 1 0 0 1 0 1 
1 1 1 0 2 0 1 1 1 1 0 1 1 0 1 0 0 1 1 1 1 1 1 1 1 1 0 1 3 1 1 0 1 1 0 1 0 1 0 1 0 1 0 0 0 1 0 0 1 0 1 0 
1 0 1 1 1 0 0 1 1 1 1 1 1 0 1 0 0 0 0 0 2 0 1 1 0 0 1 0 0 1 0 1 0 1 0 1 0 1 0 0 0 0 1 1 1 0 0 0 1 1 0 1 
0 1 0 1 1 1 0 1 0 0 1 0 1 1 0 0 0 0 0 0 1 1 0 0 1 0 1 0 1 0 1 0 1 0 0 1 0 0 0 0 1 0 1 0 0 0 0 1 0 1 1 1 
0 0 1 0 1 0 1 0 0 1 1 0 1 0 0 1 0 1 1 1 3 0 0 1 1 0 1 1 1 1 0 1 1 0 0 0 1 0 0 1 1 0 1 0 0 1 1 1 0 0 0 0 
1 0 0 1 2 1 1 0 1 0 1 1 0 1 0 0 1 0 1 0 0 1 1 0 1 1 0 1 0 1 0 1 0 0 1 0 0 1 1 0 1 1 0 0 0 0 0 1 0 1 1 1 
0 1 0 0 0 1 1 1 0 0 0 0 1 1 0 0 1 0 0 1 2 1 0 0 0 1 0 1 2 0 1 1 0 0 1 1 1 0 0 1 0 1 0 0 0 1 1 0 1 1 1 0 
0 0 1 0 1 0 0 0 0 1 1 0 1 0 1 1 1 1 1 1 0 1 0 0 0 0 1 0 2 1 1 0 1 1 0 1 1 1 1 0 1 0 0 1 0 0 1 0 1 0 0 1 
0 1 1 0 2 0 0 0 0 0 1 0 0 0 0 1 0 1 0 1 3 1 1 0 1 1 1 0 0 0 1 0 1 1 0 0 1 1 1 0 0 0 0 1 1 1 1 1 0 0 1 0 
0 0 1 0 0 1 1 1 1 1 0 1 0 1 0 0 1 0 0 0 0 1 1 1 0 1 1 0 3 1 0 0 1 1 0 0 1 1 1 0 1 0 0 1 1 1 0 1 0 0 1 0 
1 0 0 1 2 1 0 0 0 0 1 1 0 1 0 1 0 0 1 0 1 0 0 1 0 0 1 0 2 1 0 1 1 1 1 0 0 0 1 1 0 1 1 1 0 0 1 0 0 0 0 1 
0 0 1 1 0 0 1 1 1 1 0 0 1 0 0 0 1 0 0 1 1 0 0 0 0 1 0 0 0 0 0 1 0 0 1 0 1 0 0 1 1 1 0 1 1 1 0 0 1 1 0 1 

# Size = 16 | Time = 82581 ms
0 0 0 1 2 0 0 0 1 1 1 0 1 1 1 1 0 0 1 0 2 1 0 0 1 1 0 1 3 0 1 1 0 0 0 0 0 1 0 1 1 1 0 1 1 1 1 0 1 1 0 0 
0 0 0 1 1 1 1 0 0 0 1 0 1 1 0 0 0 0 0 1 1 1 0 1 0 1 0 0 2 1 1 0 0 0 0 1 0 1 1 1 0 1 0 0 0 0 0 0 1 0 0 1 
0 1 1 1 1 0 1 1 0 0 1 0 0 0 1 0 1 1 1 0 3 0 0 1 1 0 1 1 3 1 0 1 0 0 1 1 1 1 1 1 1 0 0 0 0 1 1 0 0 0 1 0 
0 1 0 1 2 0 1 1 1 1 0 1 0 1 1 1 0 1 0 0 2 0 0 0 0 0 1 0 1 1 0 1 1 0 1 0 0 0 1 1 0 0 0 1 1 0 1 0 1 0 1 1 
1 1 1 0 0 1 0 0 0 0 0 1 0 0 0 1 0 0 0 1 2 0 0 1 1 1 0 0 0 1 1 1 1 0 0 0 1 1 1 1 0 1 0 0 0 1 1 1 0 1 1 0 
0 1 0 1 0 1 1 0 0 1 0 0 1 1 0 1 1 0 0 0 0 0 0 1 1 1 1 1 3 1 0 1 0 1 0 1 1 1 0 0 0 1 1 1 0 0 1 1 0 0 1 1 
0 1 1 0 0 1 0 0 0 0 1 0 1 0 1 0 0 0 0 0 3 1 1 0 1 0 0 0 1 0 0 0 1 0 0 1 1 1 0 1 1 1 1 0 0 1 0 0 1 1 0 0 
1 0 0 0 0 0 1 1 1 1 1 1 1 0 1 0 1 1 1 1 1 1 1 1 0 0 1 0 3 1 1 0 1 1 1 1 1 0 1 0 1 0 0 0 0 1 0 0 0 0 1 0 
1 0 1 0 2 0 1 0 0 1 1 0 1 1 0 0 0 0 1 0 0 1 1 0 0 0 1 0 0 1 1 1 1 0 1 1 1 0 1 0 1 0 0 0 0 0 0 1 0 1 0 1 
0 0 0 1 0 1 0 1 0 1 1 0 0 1 0 0 0 0 0 1 3 1 1 0 0 0 1 1 0 0 0 1 1 1 0 1 0 0 1 0 1 0 0 1 1 1 1 1 0 0 0 0 
1 1 1 0 0 0 0 1 1 0 0 1 1 0 1 0 1 0 1 0 0 1 0 0 1 0 0 0 2 0 0 1 0 0 1 1 0 1 1 1 1 1 1 1 1 1 1 0 1 1 0 0 
1 1 1 1 2 1 1 0 1 0 0 1 0 0 0 0 1 1 0 0 1 1 0 1 1 0 1 0 1 0 0 1 0 1 0 0 0 1 1 0 0 0 1 1 1 1 0 1 0 0 1 0 
1 0 0 0 1 1 0 1 1 0 0 1 1 1 1 1 1 1 1 0 1 0 0 0 1 1 0 1 0 1 0 0 0 1 0 1 1 0 0 0 0 1 1 1 0 1 1 0 1 1 1 1 
1 0 0 0 2 1 1 1 1 1 0 1 0 1 1 1 1 1 1 1 3 0 1 1 1 1 1 1 2 1 1 0 0 1 1 0 1 1 0 1 0 1 0 1 1 0 1 1 0 1 1 1 
0 1 0 1 1 1 0 0 0 1 1 1 1 0 1 0 1 1 1 1 2 0 1 1 0 1 0 1 2 0 1 0 1 1 0 1 0 0 0 0 1 0 1 0 0 0 0 0 1 1 0 1 
0 0 0 0 1 1 1 0 0 1 0 1 0 0 0 1 1 1 1 1 0 0 0 1 1 1 0 1 1 0 1 0 0 1 1 0 0 0 0 1 1 0 1 1 1 0 1 1 0 1 0 1 

# Size = 17 | Time = 28448 ms
1 0 1 0 0 0 0 1 1 1 1 1 1 1 1 0 1 0 1 0 1 0 1 0 1 1 0 1 3 1 1 1 0 0 1 0 0 1 0 1 1 0 1 0 0 0 0 0 1 1 0 1 
1 1 1 1 0 0 1 1 1 0 1 0 0 0 0 1 0 0 1 0 1 0 0 0 1 1 0 0 0 0 0 0 1 0 0 1 1 1 1 0 1 0 0 1 1 0 1 0 0 0 0 1 
0 0 1 0 0 1 0 1 1 1 1 1 0 1 1 1 0 1 0 1 3 1 1 0 0 0 1 1 2 0 1 0 0 1 0 1 0 1 1 1 0 1 0 1 0 0 1 0 1 1 0 1 
0 0 1 0 1 0 0 0 0 0 0 0 0 0 0 0 1 1 0 0 1 1 0 1 0 0 1 0 2 1 1 0 1 0 1 0 1 0 0 0 0 0 1 1 1 0 0 1 0 1 0 1 
0 0 1 1 2 0 1 0 1 0 1 0 0 0 0 0 0 0 0 0 0 1 1 1 1 0 1 0 3 1 1 0 0 0 1 0 0 0 1 1 1 0 0 0 0 1 0 0 0 0 0 0 
0 1 0 1 0 1 0 0 0 1 0 1 1 0 1 0 1 0 0 0 0 0 0 0 0 1 1 0 1 1 1 0 1 0 1 0 0 0 1 0 0 0 0 1 1 1 0 1 0 1 1 0 
1 0 1 1 2 1 1 0 0 1 1 0 0 1 0 0 0 0 0 0 2 0 1 0 0 0 1 0 3 0 0 0 0 0 1 0 1 1 0 1 0 1 0 1 1 0 0 0 1 1 1 1 
0 1 0 1 2 1 0 0 1 0 0 0 0 1 1 0 1 0 1 1 3 0 0 0 1 0 1 0 0 0 1 1 0 0 1 1 0 0 1 0 0 0 0 0 0 1 0 0 0 1 1 0 
1 1 0 1 1 1 0 0 0 1 0 1 1 0 1 1 0 1 1 1 0 0 0 1 0 1 1 1 0 0 0 1 0 0 0 1 1 1 1 0 0 1 1 1 0 0 1 0 1 1 1 1 
1 1 0 1 2 0 1 0 0 0 0 0 1 0 1 1 1 0 1 1 2 0 0 0 1 0 1 1 2 0 1 1 1 1 1 1 0 1 1 0 1 1 1 0 0 1 1 0 0 0 1 0 
1 1 0 1 1 1 1 0 0 0 0 0 1 1 0 1 0 0 1 0 3 1 0 1 0 1 1 1 3 1 0 1 1 1 1 0 0 0 0 1 1 0 0 0 0 1 1 1 0 0 1 0 
0 0 0 1 2 1 0 0 0 1 1 0 1 0 1 1 0 1 0 1 1 1 1 1 1 0 1 0 1 0 1 1 0 1 0 0 1 1 1 0 1 1 1 0 0 1 1 0 1 1 1 0 
0 0 0 0 2 0 0 1 1 1 0 0 1 1 0 0 0 1 0 1 0 1 0 1 0 1 0 1 2 1 0 1 0 1 1 1 0 1 0 0 0 1 1 0 0 1 1 1 0 0 1 0 
0 1 1 0 0 1 1 0 0 0 1 0 1 0 1 1 0 1 0 1 3 0 1 0 1 0 0 1 3 0 0 1 0 1 0 1 1 0 1 0 0 1 1 1 1 1 1 1 0 1 1 0 
1 1 0 1 1 0 0 1 1 0 1 1 1 1 0 0 1 1 1 0 2 1 1 0 1 0 0 1 1 1 1 0 1 0 0 0 1 0 1 1 1 0 1 0 0 1 1 0 1 1 0 1 
0 0 1 0 2 0 1 1 0 1 0 1 0 0 0 0 1 1 1 0 3 1 0 1 1 0 1 0 1 1 0 0 1 1 0 1 1 1 0 0 1 1 0 0 0 0 0 0 1 0 0 1 
0 0 0 0 0 0 0 0 0 0 0 1 0 1 0 0 0 1 0 1 2 1 1 1 0 1 0 0 0 1 1 0 1 1 0 0 1 0 0 1 1 1 0 0 0 1 0 1 0 1 0 1 

# Size = 16 | Time = 85830 ms
0 1 1 1 1 0 1 1 1 0 1 0 1 1 1 1 0 0 0 1 0 0 0 0 0 1 1 0 0 1 0 0 1 1 0 1 0 0 0 1 0 1 0 1 1 0 1 0 1 1 0 1 
1 0 0 0 1 1 1 1 0 1 0 1 0 0 1 0 1 1 0 1 1 1 1 0 1 0 1 1 0 1 1 0 0 0 1 0 0 0 1 0 0 1 0 0 0 1 0 1 0 1 0 1 
1 0 1 1 0 1 0 1 0 0 0 0 0 1 1 0 1 1 1 1 3 1 0 1 0 1 1 0 2 0 0 0 1 1 1 0 1 1 0 0 1 0 1 0 0 0 1 0 1 1 0 1 
0 1 1 1 2 0 0 0 1 1 0 0 1 1 0 0 0 0 0 0 3 1 0 1 0 0 1 1 0 1 0 0 1 0 1 0 0 1 1 0 1 0 1 0 0 1 0 1 0 0 1 0 
1 1 1 0 1 1 1 1 1 1 1 0 1 1 0 1 0 0 0 0 1 0 0 1 0 0 1 1 2 0 0 1 1 0 0 0 1 0 0 0 0 1 0 0 0 1 1 0 1 1 1 0 
0 0 0 0 0 1 1 1 1 0 0 1 1 0 1 1 1 0 1 0 2 1 1 0 1 1 0 0 0 0 0 1 0 0 0 1 1 0 1 0 0 0 0 1 1 1 1 1 0 0 1 0 
0 1 0 0 0 0 1 0 1 1 0 1 1 0 0 0 1 1 0 0 0 1 1 0 1 0 0 1 1 1 1 0 0 0 0 0 0 0 0 0 0 1 0 1 0 1 0 0 1 0 1 0 
0 0 0 1 0 1 0 0 0 0 0 0 0 0 1 0 0 1 0 0 2 1 1 1 0 1 1 0 1 0 1 1 1 1 0 1 1 1 1 0 0 0 1 0 0 0 0 0 1 0 1 1 
1 0 1 0 2 1 0 1 0 1 1 1 0 1 0 0 1 1 0 1 0 1 1 0 0 1 0 0 3 0 1 1 0 1 0 1 1 1 0 0 1 0 0 1 1 0 0 0 0 0 1 1 
0 0 0 0 2 1 1 0 1 0 0 1 1 0 0 1 1 0 0 1 3 0 1 0 1 0 1 0 3 0 1 1 0 1 1 0 0 0 1 1 1 1 0 0 0 0 1 0 1 1 0 1 
1 1 1 1 1 1 1 1 1 1 1 1 1 0 1 0 0 1 1 1 2 0 0 1 1 0 0 1 3 0 0 0 1 1 0 0 0 0 0 1 1 0 1 0 0 1 1 1 0 1 1 0 
1 0 1 0 1 0 0 1 1 0 0 0 0 0 0 0 1 1 1 1 0 0 0 1 1 1 0 1 2 0 1 1 0 1 1 1 1 0 1 1 1 1 1 0 0 1 0 1 0 1 0 1 
1 1 1 1 1 1 0 0 0 0 1 0 0 1 1 1 0 1 0 1 3 0 0 1 1 0 0 1 1 0 0 1 0 1 0 1 0 1 1 0 0 1 0 1 1 0 1 1 0 0 1 1 
1 0 0 1 0 0 1 0 0 1 1 0 0 0 1 1 1 1 1 0 1 0 0 0 1 0 0 0 3 1 0 0 0 0 1 0 1 1 1 1 0 1 1 1 1 0 1 1 0 0 0 1 
0 1 0 0 2 0 0 1 0 0 1 1 1 0 1 1 1 0 1 0 1 1 0 1 0 1 1 0 1 1 0 1 0 1 1 1 0 1 1 1 1 0 0 1 1 0 1 0 1 1 0 1 
0 1 0 0 2 0 1 0 0 0 0 1 0 1 0 0 0 0 1 0 2 0 1 0 1 1 1 1 2 1 1 0 0 0 1 1 0 1 0 0 0 1 1 1 1 1 0 0 0 0 0 0 

# Size = 17 | Time = 27473 ms
1 0 1 0 2 1 0 1 0 1 1 0 0 0 0 0 1 1 1 0 3 1 1 0 1 1 0 1 2 1 0 1 1 0 1 1 1 0 1 0 1 0 1 0 0 0 0 1 0 0 0 1 
0 0 0 0 1 0 0 1 0 0 1 0 0 1 1 0 0 0 1 0 2 0 0 1 1 0 0 0 3 0 0 0 1 1 0 1 1 1 0 0 1 0 0 0 0 0 1 0 1 1 0 1 
1 1 0 1 2 1 0 0 0 1 1 1 0 1 0 1 1 1 1 0 2 1 0 1 0 1 1 1 0 1 1 0 1 1 0 0 0 1 1 0 0 1 1 1 0 0 1 1 0 0 0 1 
1 1 0 0 0 1 1 0 0 0 0 1 1 0 0 1 0 0 0 1 2 1 1 1 0 0 0 0 1 1 0 0 1 0 0 0 1 0 1 1 0 1 0 0 0 1 1 1 0 0 1 0 
0 0 1 1 0 0 0 1 1 1 0 0 1 1 1 0 0 0 0 1 2 1 1 1 0 1 0 1 2 0 1 1 0 1 0 1 1 1 0 0 0 0 1 1 1 1 1 1 0 1 0 0 
0 0 1 1 1 1 1 1 1 1 0 0 1 1 1 0 0 0 0 1 1 1 0 0 1 0 1 1 0 0 0 0 0 0 0 1 1 0 0 0 1 0 1 0 0 1 0 0 1 1 1 1 
1 1 1 1 0 0 0 0 1 1 1 0 1 0 1 1 0 0 0 0 0 1 0 0 0 1 0 0 1 0 1 1 1 1 0 0 0 1 0 0 0 1 1 0 0 0 1 0 1 1 0 1 
0 1 1 0 1 0 0 0 1 1 1 1 1 1 1 1 0 0 1 1 3 0 0 0 0 1 0 1 1 1 1 0 0 0 0 1 0 1 1 0 1 0 0 1 1 1 1 0 0 0 0 0 
0 1 0 1 2 0 1 1 1 0 1 1 0 1 1 0 1 1 0 1 1 1 1 1 1 0 1 1 1 0 1 1 0 0 0 0 0 0 1 1 1 0 0 1 1 0 0 1 0 0 0 1 
1 0 1 0 1 1 0 1 1 1 1 0 1 0 1 0 1 1 1 1 0 0 1 0 1 1 1 0 3 1 1 1 0 0 0 1 0 0 0 0 0 0 0 0 0 0 0 1 0 0 1 1 
0 1 0 1 2 1 1 1 0 0 0 1 0 1 1 1 0 1 0 1 3 0 1 0 0 0 0 0 3 0 1 0 1 0 1 1 1 0 0 1 0 1 1 1 1 1 1 0 1 1 0 0 
0 1 0 0 1 0 1 1 1 0 0 1 0 0 0 1 0 1 1 1 0 1 0 1 1 0 1 1 2 0 0 0 0 1 1 1 0 1 0 1 0 0 1 1 1 1 1 1 0 0 0 0 
0 1 0 1 0 0 1 1 0 0 0 1 1 0 0 1 1 1 0 1 3 0 0 1 1 1 1 0 0 0 0 0 1 1 1 0 0 0 0 0 1 0 0 0 0 1 1 0 1 0 1 0 
0 0 1 0 2 1 0 1 1 0 0 0 1 0 1 0 1 0 0 1 2 1 1 0 1 1 1 1 1 1 0 0 1 1 1 1 0 0 0 1 0 1 1 1 1 1 0 0 1 1 1 1 
1 0 1 1 0 1 1 0 0 1 0 1 0 1 0 0 1 1 1 0 1 1 0 1 0 0 0 1 3 0 1 0 1 0 1 0 1 1 1 1 0 1 0 0 0 1 0 0 0 1 1 0 
0 0 1 0 2 0 0 1 0 1 0 0 0 1 0 0 0 0 1 1 0 1 1 1 0 1 0 1 0 1 0 1 1 0 0 0 1 1 1 1 1 0 0 1 1 0 0 0 1 1 0 1 
1 0 0 0 1 1 0 0 0 1 0 1 1 0 0 1 1 1 1 0 1 0 0 0 1 1 1 0 2 1 0 1 0 1 1 0 0 0 0 0 1 1 0 1 1 0 1 0 1 0 1 1 

# Size = 16 | Time = 85542 ms
0 1 0 1 2 0 1 1 0 1 0 0 1 1 0 1 0 0 0 0 0 0 1 1 0 0 0 0 0 0 0 0 0 0 1 0 1 0 1 1 1 0 1 1 1 1 1 0 0 1 0 1 
0 0 1 1 1 0 0 1 0 1 0 1 1 0 1 0 1 1 1 0 1 1 1 0 0 1 1 0 2 0 1 0 1 0 1 1 1 0 0 0 1 0 1 1 0 0 0 0 1 0 1 1 
0 0 1 0 0 1 1 0 0 1 0 1 0 0 1 0 0 1 0 0 1 1 0 1 1 0 0 0 0 0 1 1 1 1 0 1 0 1 1 0 1 0 0 0 0 1 0 0 1 1 0 0 
0 0 1 0 0 0 1 1 1 0 1 1 0 1 0 1 0 1 0 0 0 1 1 0 1 1 1 1 1 0 1 0 0 0 1 1 1 1 1 1 0 1 0 0 0 0 1 0 1 0 0 1 
1 0 1 0 0 1 1 1 1 0 1 0 1 1 0 0 1 0 1 1 3 0 0 0 1 1 1 1 0 0 0 1 1 0 1 0 0 0 0 1 0 1 0 1 1 1 1 1 0 0 1 1 
0 1 0 1 2 1 1 0 1 0 1 1 0 1 1 1 0 0 1 1 1 0 0 1 0 0 0 1 1 0 0 0 1 1 1 0 0 0 1 0 1 1 0 1 0 0 1 1 0 1 1 1 
0 1 1 0 1 0 1 1 1 1 1 0 0 0 0 1 1 0 0 0 3 0 1 1 0 0 0 0 1 0 1 0 0 1 0 1 0 0 0 0 0 0 0 1 1 1 1 0 1 1 0 0 
1 1 1 1 0 1 1 0 0 0 0 0 0 1 1 1 1 0 1 1 2 0 1 1 0 1 0 0 2 1 1 0 0 1 0 0 1 0 0 1 0 1 1 1 1 1 1 1 0 1 0 0 
1 0 0 1 2 0 1 0 1 1 0 1 1 1 0 0 1 1 1 1 3 0 1 0 1 1 0 1 2 1 1 0 0 1 1 1 1 1 1 0 0 1 1 0 0 1 1 1 0 0 1 0 
1 0 0 0 1 1 0 0 0 1 0 1 1 0 0 0 0 0 0 0 2 1 0 0 0 0 1 1 1 1 0 1 1 1 0 1 0 0 1 0 0 1 1 1 1 1 0 0 0 1 1 0 
0 1 1 0 2 0 1 0 0 0 1 1 1 0 1 1 0 1 0 1 2 1 0 0 0 0 1 0 3 0 1 1 0 0 1 0 1 1 0 0 0 1 0 1 1 1 1 0 1 0 0 0 
1 1 1 0 1 1 1 0 1 0 1 0 0 0 1 0 1 1 1 1 0 0 0 0 1 1 0 0 3 1 1 0 1 1 0 0 0 0 1 0 1 1 1 0 0 1 1 1 0 1 1 0 
0 1 0 0 2 1 0 0 0 0 1 1 1 1 1 0 0 1 0 0 0 0 0 1 1 0 1 1 2 0 0 1 0 1 0 0 0 1 0 0 0 0 0 1 1 0 0 0 1 1 0 1 
1 0 0 1 0 0 0 1 1 1 0 0 0 0 0 0 0 0 0 0 1 1 0 1 0 0 1 1 3 1 0 0 0 0 0 1 0 1 1 1 0 0 0 1 1 1 0 1 0 0 1 1 
1 1 0 1 1 1 0 1 0 1 1 0 1 1 1 0 0 0 0 1 3 1 1 1 0 0 1 1 3 1 0 1 0 1 0 0 0 1 0 1 1 0 0 0 0 0 0 0 1 0 1 1 
0 1 1 0 1 1 0 1 1 1 0 1 1 0 0 1 1 1 1 1 2 1 1 0 1 1 0 1 0 1 1 0 1 0 0 1 0 1 0 1 1 0 0 0 0 0 1 0 1 0 1 1 

# Size = 16 | Time = 89632 ms
1 1 1 0 2 0 1 0 0 1 1 1 1 0 1 0 0 1 1 1 1 0 1 0 0 0 1 0 3 0 1 0 0 1 1 0 0 1 0 1 0 0 0 0 0 0 0 1 0 0 0 1 
0 0 0 1 2 1 0 0 1 1 0 1 1 0 0 1 1 1 0 0 0 1 1 0 0 1 0 1 0 0 0 1 1 0 1 1 1 0 0 1 0 1 0 0 0 1 1 1 0 0 1 0 
1 0 0 1 1 0 1 0 1 1 1 1 0 1 1 0 0 1 0 0 0 0 0 1 1 0 1 1 1 0 0 1 0 0 1 0 0 1 0 0 0 1 0 1 1 1 0 1 0 0 0 0 
1 1 1 1 2 1 1 0 1 0 0 0 1 1 0 0 0 1 0 1 3 1 1 0 1 0 0 0 2 0 0 0 0 0 0 0 0 0 1 0 0 1 0 1 1 1 1 0 1 1 1 0 
0 0 1 0 1 1 0 1 1 1 0 1 1 1 0 1 0 1 0 1 1 1 1 1 1 0 0 0 1 0 0 0 1 0 0 0 1 0 1 0 0 0 1 0 0 0 1 0 1 1 1 1 
1 1 0 0 1 1 1 1 0 0 1 0 0 1 0 0 1 0 0 1 0 1 1 1 0 1 1 0 3 1 0 0 1 0 0 0 0 0 1 0 1 1 1 1 1 1 0 0 1 1 1 0 
0 0 1 0 0 0 0 0 0 1 1 1 0 0 1 1 0 0 1 1 0 0 0 0 0 0 1 1 2 0 1 0 0 1 0 1 0 0 1 1 1 0 1 0 0 0 1 1 0 0 0 1 
0 1 0 0 2 0 0 1 0 0 1 0 1 0 0 1 0 0 1 1 3 0 1 1 0 0 1 1 1 1 1 1 0 1 1 0 1 0 1 1 1 0 0 0 0 0 1 0 1 1 0 1 
1 0 0 1 0 1 1 1 1 1 1 1 0 1 1 0 1 1 1 1 3 1 0 1 1 1 1 1 0 0 0 1 1 0 1 0 0 1 0 1 0 0 1 1 1 0 0 0 0 1 0 1 
0 1 1 1 0 1 1 1 1 0 0 0 1 1 0 0 1 0 1 0 2 1 1 0 0 0 0 1 3 1 1 1 1 0 1 0 1 0 0 0 1 1 1 1 0 0 1 0 1 1 1 1 
0 1 1 1 2 0 1 0 0 1 1 0 0 1 0 1 0 0 1 0 2 0 0 1 1 1 0 0 0 1 1 1 1 1 0 1 1 0 0 0 0 0 1 0 0 1 1 0 0 0 0 1 
0 0 0 1 1 0 0 1 1 0 1 1 1 0 1 0 0 1 0 1 2 1 1 1 1 1 0 0 2 0 0 0 1 1 1 0 0 0 1 0 0 0 0 1 1 1 0 1 0 0 0 0 
1 1 0 0 1 1 0 0 0 0 0 1 1 0 1 1 0 0 0 1 1 1 0 1 1 0 1 1 0 1 1 0 0 0 0 1 0 1 1 0 1 0 1 0 0 1 1 0 1 0 1 1 
1 1 1 0 0 1 1 0 0 1 0 1 1 1 0 0 1 0 1 0 2 1 0 0 1 1 1 0 1 0 1 1 0 1 1 1 1 1 1 1 0 1 0 0 0 1 0 1 0 1 0 0 
0 0 0 1 0 0 1 0 1 1 0 0 0 0 1 0 1 0 0 0 1 0 1 1 1 1 0 1 2 1 0 1 1 1 1 1 1 1 0 0 1 1 1 1 1 1 1 1 0 0 1 0 
0 0 0 1 1 1 0 1 0 0 1 1 1 1 1 1 0 1 1 0 3 0 0 0 1 0 1 1 3 1 1 0 0 0 1 1 0 0 0 1 1 1 1 1 1 1 1 1 0 0 1 1 

# Size = 17 | Time = 27478 ms
0 1 1 0 2 0 0 1 0 0 1 0 1 0 0 0 1 0 1 1 3 0 0 1 0 0 0 0 0 0 1 0 0 0 0 0 1 0 1 1 1 1 0 1 1 1 0 1 0 0 0 1 
0 1 0 0 1 1 0 0 1 1 1 0 0 0 0 1 0 1 0 1 1 0 1 1 1 0 1 1 0 1 0 1 1 0 0 0 0 1 0 1 1 0 1 1 1 1 1 1 0 1 1 0 
1 1 1 0 1 0 1 0 1 1 0 0 0 1 0 0 1 1 0 0 0 0 0 0 1 1 1 1 0 0 0 1 1 1 0 1 0 0 1 0 0 1 0 1 1 1 0 1 0 1 0 1 
0 1 1 0 0 0 0 1 0 1 0 0 0 1 1 1 0 0 0 0 0 0 0 1 1 0 1 0 3 0 1 1 0 0 0 0 1 0 1 1 1 1 1 0 0 0 1 0 0 0 1 1 
1 0 0 1 0 0 1 0 0 1 1 0 1 1 1 0 1 1 1 0 1 0 1 1 1 0 0 1 2 0 0 0 1 1 0 1 1 0 0 1 0 1 0 1 0 1 0 0 1 1 0 1 
0 0 1 0 0 1 1 0 1 0 1 1 1 1 0 0 1 0 1 1 2 0 0 0 1 0 1 0 1 0 0 0 0 1 0 1 0 1 0 1 1 0 1 1 0 1 0 0 0 0 1 0 
0 1 1 0 0 0 0 0 1 1 0 0 0 0 1 1 0 0 1 1 3 1 1 0 0 1 0 1 1 0 1 0 0 0 0 0 0 0 1 1 0 1 0 1 0 1 1 1 0 1 0 0 
0 0 1 1 2 1 0 0 0 0 0 0 1 1 0 0 0 0 1 1 0 1 1 1 0 1 1 0 2 1 1 1 0 1 0 1 0 1 0 0 0 1 1 0 0 1 1 0 1 1 0 0 
0 0 1 1 0 0 0 0 1 0 0 0 1 0 1 1 1 0 1 1 2 1 0 0 0 0 1 0 2 0 0 0 0 1 0 0 1 1 1 0 1 1 1 1 1 0 1 0 0 0 0 1 
1 0 1 1 0 0 1 0 1 0 1 1 1 1 0 0 0 0 1 1 2 1 1 0 1 0 0 1 0 1 0 1 0 1 1 0 1 0 0 1 0 1 1 0 0 0 0 1 0 1 0 1 
1 1 0 0 1 0 1 1 0 1 1 1 0 1 0 0 1 0 0 0 3 0 1 1 1 0 0 1 2 0 1 1 1 0 1 0 1 1 0 1 1 0 0 0 0 0 0 1 0 0 1 1 
0 1 0 1 2 1 0 1 0 1 0 0 0 0 1 1 1 1 0 0 2 1 1 1 1 1 0 1 0 1 0 1 1 0 1 1 0 0 1 1 0 0 0 1 1 0 1 0 1 0 1 1 
1 0 1 1 1 1 0 1 0 0 0 1 0 0 1 1 1 1 1 1 1 1 0 0 0 1 1 1 1 1 0 1 1 0 1 0 0 1 1 0 0 0 0 1 1 0 1 0 1 0 0 1 
0 0 0 1 2 1 1 1 1 0 1 1 1 0 1 0 0 1 0 0 0 1 0 1 1 1 0 0 1 1 1 0 0 1 1 1 1 1 1 1 1 0 0 0 0 1 0 1 0 0 1 0 
1 1 0 0 2 1 0 0 0 0 1 0 0 0 0 1 1 0 1 1 1 0 1 0 0 1 0 0 3 1 1 0 0 1 0 0 0 0 0 1 0 1 0 0 0 1 1 1 0 0 1 0 
0 0 0 1 1 1 1 0 0 0 0 1 1 0 1 1 0 1 1 0 3 1 0 1 1 1 1 0 3 1 0 0 1 1 1 1 0 1 0 0 1 0 1 1 1 0 1 0 1 0 1 1 
0 0 0 0 1 1 1 1 1 1 1 1 0 1 1 0 0 0 0 0 2 0 0 0 0 1 0 1 3 0 1 1 0 1 1 1 1 1 1 0 1 1 0 1 0 1 0 0 1 1 0 1 

# Size = 17 | Time = 29402 ms
0 1 0 1 2 0 1 1 1 1 1 1 1 0 0 1 1 1 0 1 2 0 0 1 1 1 0 0 3 0 0 1 0 0 0 1 1 0 1 1 0 1 0 1 1 0 1 1 0 1 0 1 
1 0 0 0 1 1 1 0 1 1 0 0 0 1 1 0 1 1 0 0 0 1 0 0 0 0 1 1 3 0 1 0 0 0 1 1 1 1 1 0 0 1 0 1 0 1 0 1 0 1 0 1 
1 0 0 1 2 1 1 0 0 0 0 0 0 1 1 1 1 0 0 1 1 1 1 0 1 0 1 1 1 1 0 0 1 1 0 0 0 1 1 0 1 0 0 1 1 1 1 1 0 0 0 0 
0 1 1 0 2 1 0 1 0 1 0 0 1 1 0 1 0 1 0 1 2 1 1 0 1 0 1 0 2 1 1 0 1 0 1 1 0 1 0 0 0 1 0 0 0 0 1 0 0 0 1 1 
0 1 0 0 2 0 1 1 1 1 0 0 1 0 1 1 0 1 1 1 3 0 1 0 0 0 1 0 0 1 0 1 0 0 1 0 1 1 1 0 0 1 0 0 0 1 1 0 1 1 0 0 
1 1 0 1 0 0 0 0 0 0 1 1 1 0 0 1 1 1 0 1 0 0 0 1 0 0 0 0 2 1 1 1 1 0 0 0 0 0 1 0 1 1 1 1 1 0 1 0 0 0 0 1 
0 1 0 0 0 1 1 1 0 0 1 1 1 0 0 0 0 1 1 0 1 0 1 1 1 1 0 0 0 0 1 0 1 1 0 0 1 1 0 1 1 0 0 1 1 0 0 1 0 1 1 1 
1 0 1 0 0 0 0 0 0 0 0 0 0 1 1 0 0 0 0 1 3 0 1 0 0 0 0 1 3 1 1 0 0 1 0 0 0 0 0 1 1 0 0 1 1 0 0 0 1 0 0 1 
0 1 0 0 2 0 0 0 0 1 0 0 0 1 1 0 1 0 1 0 2 0 0 1 1 0 1 0 1 1 0 0 1 0 0 0 0 1 0 1 1 1 1 1 0 0 0 1 0 0 1 1 
0 1 1 1 1 0 1 1 1 1 1 0 0 0 0 1 0 0 1 0 1 1 1 0 0 0 1 1 2 0 0 0 0 1 1 0 0 1 0 1 1 1 1 1 1 1 1 0 1 1 0 0 
1 1 0 1 1 1 0 0 1 1 1 1 1 1 0 1 1 1 1 0 3 0 0 1 1 1 1 0 1 0 0 1 1 1 0 1 1 1 1 1 1 0 1 1 1 0 1 0 0 1 1 1 
1 1 1 0 0 1 0 1 0 1 1 1 0 1 0 0 1 0 1 1 1 1 0 1 1 1 1 1 3 1 0 1 1 0 1 1 0 0 1 1 0 1 1 0 0 1 1 1 0 0 1 0 
0 0 1 1 2 1 0 1 0 0 1 0 1 1 1 0 1 0 1 1 0 0 1 1 1 0 0 1 0 0 0 1 1 0 0 1 1 0 0 1 0 1 0 1 0 1 1 0 1 1 1 1 
1 1 1 1 0 1 1 0 1 0 1 1 0 0 1 1 1 0 0 1 2 0 1 1 0 0 0 1 1 0 0 1 0 0 0 1 1 0 0 0 0 0 1 0 0 0 1 0 1 0 1 1 
1 0 1 1 1 1 1 1 0 1 0 0 1 0 1 0 0 0 0 1 3 1 0 0 1 1 1 0 2 1 1 0 0 1 1 0 1 1 1 1 0 0 1 1 0 1 0 1 0 0 1 1 
1 0 0 0 1 1 1 1 1 0 0 1 0 0 1 0 0 1 0 0 0 0 0 1 0 1 1 0 1 0 1 0 1 1 1 0 0 0 1 1 0 0 0 0 0 1 0 0 0 1 0 0 
1 0 1 1 1 0 0 0 1 1 1 1 0 0 0 0 0 0 0 1 2 1 0 0 1 1 0 0 0 0 1 1 1 1 1 1 0 0 1 0 1 1 1 0 0 1 0 0 1 0 1 0 

# Size = 17 | Time = 26633 ms
0 0 1 0 1 0 1 0 1 1 1 0 1 1 0 1 1 0 1 0 0 1 1 1 1 1 1 1 0 0 0 1 1 1 0 0 1 1 1 1 0 0 1 1 1 1 1 0 1 0 1 0 
0 0 1 1 2 0 0 0 0 0 0 1 1 1 0 1 0 1 1 1 1 0 1 0 1 1 0 0 3 1 1 1 1 1 0 1 1 0 0 0 1 0 0 1 1 0 1 1 0 0 1 1 
1 0 1 0 0 0 1 1 0 1 1 0 0 1 0 0 1 0 0 1 2 1 0 1 1 1 0 1 1 1 1 0 1 0 1 1 1 1 0 0 0 0 1 1 1 1 0 1 0 1 0 0 
1 1 0 1 2 1 1 1 1 1 1 0 0 1 0 0 0 1 1 0 0 1 1 1 0 0 1 1 3 0 1 0 0 1 1 0 0 0 0 0 1 1 1 1 1 1 0 0 0 1 1 0 
1 1 0 0 2 0 1 1 1 0 0 1 0 0 0 1 1 1 1 0 0 0 1 1 0 0 0 0 1 1 0 1 0 1 0 1 1 1 0 1 1 0 0 0 0 0 1 0 1 1 0 1 
0 1 0 0 1 1 0 0 0 0 0 0 1 0 1 1 0 1 0 0 2 1 1 0 0 0 0 1 2 1 1 0 0 0 1 1 1 0 1 1 0 0 0 1 1 1 1 0 1 0 1 0 
0 1 1 1 2 0 0 1 0 0 0 1 0 0 1 0 1 1 0 1 2 1 0 0 1 0 0 0 0 0 1 0 1 0 0 1 1 0 1 0 0 1 1 0 0 0 0 0 1 0 1 1 
1 1 0 1 0 1 1 0 0 1 1 0 1 0 0 1 0 0 0 0 3 0 0 0 1 1 1 0 0 0 0 1 0 0 0 1 0 1 0 0 1 1 0 1 1 1 1 1 0 1 0 0 
0 1 1 1 0 0 0 1 0 0 0 0 1 0 0 1 1 0 1 0 3 0 1 1 0 0 1 0 3 1 1 0 1 0 0 0 0 0 1 1 1 0 1 0 0 0 1 0 1 0 0 1 
1 0 1 0 0 1 1 0 0 1 1 1 0 0 1 0 1 1 0 1 1 1 0 1 0 1 0 0 0 1 0 1 0 0 1 0 1 0 0 1 1 1 1 0 0 1 1 0 0 1 1 0 
0 0 1 0 2 0 1 1 1 0 0 1 0 1 1 0 0 1 0 0 0 1 0 1 1 0 1 0 2 0 1 1 0 0 0 1 1 1 1 0 1 0 0 1 0 0 1 0 0 0 0 1 
1 0 1 1 2 1 0 0 1 1 1 1 0 1 1 0 1 0 1 1 3 0 1 1 1 1 1 1 2 0 0 1 0 1 1 0 1 0 1 0 0 1 0 0 0 0 0 1 0 1 0 1 
0 0 0 1 1 1 1 1 0 0 1 0 0 0 1 0 0 0 1 1 1 0 0 0 0 0 1 1 1 0 0 0 0 0 1 0 0 1 1 1 0 1 1 0 0 1 0 0 1 0 0 1 
0 0 0 0 0 1 0 1 0 0 1 0 0 1 0 0 1 0 0 1 0 0 1 0 1 0 1 0 3 0 1 0 0 1 1 0 1 1 0 0 0 1 0 1 0 0 1 1 0 1 1 1 
1 0 0 0 1 1 1 0 1 1 1 1 1 1 1 0 0 0 1 0 2 0 0 0 0 0 1 0 3 0 0 1 0 1 1 0 0 1 0 0 1 0 1 0 0 1 1 1 0 1 0 1 
1 1 1 0 0 0 1 1 1 0 0 1 0 0 0 1 1 1 0 0 1 1 0 0 1 0 1 1 2 1 1 0 1 1 0 1 0 0 0 1 1 0 1 1 1 1 1 0 0 0 1 0 
0 0 0 0 1 1 0 0 1 1 0 0 1 1 0 0 1 1 1 1 3 1 1 0 0 1 0 1 1 1 1 1 1 0 0 0 0 0 1 1 0 0 0 1 0 0 0 1 0 1 1 1 

# Size = 16 | Time = 105831 ms
1 0 1 1 0 0 0 1 0 1 0 0 0 1 1 0 0 1 0 0 3 1 1 0 0 0 1 1 0 0 1 0 1 1 1 0 0 0 1 1 1 0 0 0 0 1 0 0 0 0 0 0 
0 1 1 0 1 1 0 0 1 1 0 0 0 0 1 0 0 1 0 0 3 1 0 0 0 1 0 1 1 0 1 1 0 0 0 1 0 0 1 0 0 1 0 0 0 0 0 1 0 1 1 1 
0 1 1 1 0 1 0 1 1 1 0 0 0 1 1 1 1 0 1 1 3 0 0 1 1 1 1 0 2 1 1 1 0 0 1 1 1 1 0 0 0 0 1 1 1 0 1 0 1 0 1 1 
1 0 1 0 0 1 1 1 1 1 1 0 0 0 1 1 1 1 1 1 2 0 0 1 0 1 1 1 3 0 0 1 0 1 0 1 1 1 1 0 1 0 1 1 1 1 1 1 0 0 1 0 
0 0 1 1 1 0 0 0 0 1 1 1 0 0 0 0 0 0 0 1 1 0 0 0 0 0 1 1 0 0 0 0 0 0 1 1 1 1 1 0 0 1 1 1 1 0 0 0 1 1 0 1 
1 1 0 1 1 0 1 1 1 0 1 0 0 1 1 0 1 1 1 1 0 1 1 0 0 0 1 1 2 1 0 0 1 0 0 1 1 0 1 1 1 0 0 0 0 1 0 0 1 1 0 0 
0 0 1 1 2 1 1 1 1 1 0 0 0 0 0 1 0 1 1 1 0 0 0 1 1 1 0 0 0 1 0 1 0 0 0 1 0 1 1 1 1 1 1 1 1 0 1 1 0 1 0 1 
0 1 0 1 0 0 0 1 0 1 0 1 1 0 0 0 0 0 0 1 0 1 0 1 1 1 1 0 3 0 0 1 1 1 1 1 1 0 0 0 0 1 0 1 0 1 0 0 1 0 1 0 
1 1 1 1 2 1 1 1 0 0 0 0 0 0 0 0 1 0 0 1 1 0 1 1 1 1 1 0 1 0 0 0 1 1 0 1 1 0 0 1 1 0 1 1 1 1 0 1 0 0 1 0 
1 0 0 0 0 1 1 0 0 0 0 0 1 0 1 1 0 1 0 0 1 1 1 1 1 0 0 0 2 1 1 1 0 0 0 1 1 1 1 0 0 1 0 0 0 1 1 0 1 0 1 1 
0 0 1 1 2 0 0 1 0 0 1 1 1 0 0 0 0 0 0 0 2 1 0 0 1 0 1 1 2 0 1 1 0 1 1 0 0 1 0 0 1 1 0 0 0 1 1 1 0 1 0 0 
1 1 0 1 0 1 1 1 1 0 1 0 0 1 0 0 1 1 0 1 2 0 1 1 1 0 1 0 1 0 0 1 1 0 1 1 0 0 0 0 0 1 0 1 1 0 0 1 0 1 1 1 
1 1 0 0 1 1 1 0 1 0 0 1 1 1 1 0 1 0 1 0 2 0 1 1 0 1 0 1 0 1 0 0 1 0 1 1 0 0 0 1 0 0 0 1 1 1 1 0 1 0 1 0 
0 1 1 0 1 0 0 1 1 1 0 1 0 1 0 1 1 0 1 1 1 1 1 0 1 1 1 0 3 1 1 0 1 1 1 0 0 0 0 1 1 0 1 0 0 0 1 1 0 0 0 1 
0 0 1 0 2 0 1 0 0 1 0 1 1 1 1 1 1 0 1 0 0 0 1 1 0 1 0 0 1 1 1 0 1 1 0 0 1 1 1 0 1 0 1 0 0 0 1 0 1 1 0 1 
0 1 0 0 2 1 1 0 0 0 1 1 1 1 0 0 0 1 0 0 3 1 0 0 1 0 0 0 3 0 0 1 0 0 1 0 1 1 1 0 0 1 1 1 1 1 1 1 0 1 1 0 

# Size = 17 | Time = 29224 ms
1 1 1 0 1 0 1 0 1 1 0 0 0 1 0 0 0 1 0 1 1 1 0 1 0 0 0 1 2 1 0 0 0 1 0 1 1 1 1 0 1 0 0 0 0 0 0 0 1 1 0 1 
1 0 0 0 0 0 0 1 0 0 1 1 0 0 1 1 0 0 1 0 0 1 0 1 1 1 1 1 2 1 1 1 0 0 1 0 0 0 0 0 0 1 1 0 0 1 1 1 0 0 1 0 
0 1 0 1 1 1 1 0 1 0 0 0 0 1 0 0 1 1 1 1 0 0 0 1 0 1 0 0 1 1 1 0 0 1 1 0 1 0 1 1 0 1 1 1 1 1 0 0 1 1 0 1 
0 1 1 1 2 0 1 0 1 0 0 0 1 1 0 1 0 0 0 0 3 0 0 0 1 0 1 0 1 0 1 0 1 1 1 1 0 1 0 1 1 1 1 0 0 1 1 1 0 0 0 1 
0 1 0 1 1 1 1 1 0 0 1 1 0 0 1 0 1 1 0 0 3 1 0 1 0 1 0 0 2 0 1 1 1 0 0 0 1 0 1 0 0 0 0 1 1 1 0 1 0 0 0 0 
0 0 1 1 1 1 1 1 1 1 0 1 1 0 0 0 0 0 1 0 0 0 1 0 0 1 0 1 3 0 1 1 1 1 0 0 0 0 0 0 1 0 0 1 0 0 1 0 1 0 1 1 
0 1 0 1 0 1 0 0 0 1 0 1 1 1 0 0 0 1 0 1 1 1 1 0 0 0 1 1 0 1 1 0 0 1 1 1 0 0 1 1 1 1 0 1 1 1 1 0 1 1 1 0 
1 0 1 1 2 1 0 0 0 0 0 0 0 0 1 1 0 0 0 0 0 0 1 0 0 0 0 0 0 0 0 0 1 0 0 1 0 1 1 0 0 1 1 1 0 0 1 1 0 1 0 1 
1 1 1 0 1 0 0 0 1 0 1 1 1 0 0 0 0 1 0 1 3 0 0 1 1 0 0 0 0 1 1 0 1 0 1 1 1 0 1 0 0 1 1 1 1 1 0 0 1 0 0 0 
0 0 1 0 1 1 1 1 1 0 1 1 0 0 0 1 1 0 0 0 2 1 0 0 1 1 1 1 1 1 0 0 0 0 1 1 1 0 0 1 1 0 1 1 1 0 1 0 0 0 1 1 
1 1 0 0 0 1 1 1 0 0 1 1 0 0 1 1 1 0 1 0 1 0 1 0 1 1 1 0 1 0 0 1 1 1 1 0 1 1 1 1 1 1 1 1 1 1 1 1 0 0 1 0 
1 0 0 0 0 1 1 0 0 1 1 0 1 0 0 0 1 1 1 1 3 1 1 0 1 0 0 1 3 1 0 0 0 0 0 1 1 1 0 0 0 1 1 0 0 0 0 1 0 1 1 1 
0 1 1 0 0 0 0 0 1 1 0 0 1 1 1 0 1 0 1 1 2 1 0 0 1 0 0 0 1 1 1 0 1 1 0 1 0 0 1 0 0 0 0 0 0 0 0 0 0 0 0 1 
0 1 0 0 2 1 1 1 1 1 1 1 0 1 0 0 1 1 1 0 2 1 1 1 0 1 0 0 0 1 0 1 0 1 0 0 0 0 0 0 0 0 0 0 0 1 1 1 0 0 0 1 
1 1 0 0 2 1 0 1 0 0 1 0 0 1 1 1 0 1 1 1 2 0 0 0 0 0 1 1 3 0 0 1 1 1 1 0 0 1 1 1 1 0 1 1 1 1 1 0 1 0 1 0 
1 0 0 1 2 0 0 1 0 0 0 0 1 0 1 0 1 1 0 1 2 0 1 0 0 1 1 1 2 1 0 1 0 0 0 1 1 0 0 1 0 1 1 0 0 0 0 1 0 1 0 1 
1 0 0 1 2 0 0 0 0 1 1 1 0 1 1 1 1 0 0 0 1 0 1 1 1 0 1 0 3 0 1 1 0 0 1 1 0 0 0 0 0 0 0 1 0 1 1 0 0 1 0 1 

# Size = 16 | Time = 100884 ms
1 0 0 1 0 0 0 1 1 1 1 1 0 0 1 1 0 1 0 0 3 0 0 1 1 1 1 1 2 0 0 1 0 0 1 0 1 0 1 0 0 0 1 1 0 0 1 0 1 0 1 1 
0 1 1 0 2 1 1 0 0 0 1 0 1 0 1 1 1 0 1 1 1 0 1 0 1 1 0 1 2 1 1 0 1 0 0 1 1 1 0 1 0 1 0 1 1 0 1 1 0 0 0 1 
0 1 0 1 0 0 1 0 1 1 0 0 0 0 0 1 0 0 1 1 0 1 0 0 0 0 0 0 2 1 0 1 0 0 0 0 0 1 0 0 1 1 0 0 0 1 1 0 1 0 1 0 
0 0 1 0 1 1 0 1 1 0 1 0 0 1 0 0 0 0 0 0 2 1 1 1 0 1 1 0 2 0 0 1 0 1 0 1 0 0 1 1 1 0 0 1 0 1 0 0 0 1 1 1 
1 0 0 0 0 0 1 0 1 1 1 1 1 0 1 1 0 1 0 1 2 0 1 0 1 1 0 0 0 1 1 1 1 1 0 0 1 0 1 1 0 0 0 1 1 0 1 0 1 0 1 1 
1 1 1 0 1 1 0 1 1 1 1 0 1 1 1 1 0 0 1 1 0 0 0 1 0 1 0 1 1 1 0 0 1 0 1 1 1 0 1 1 1 1 1 1 1 0 1 1 0 1 1 1 
1 1 1 0 0 0 1 0 0 1 1 1 0 0 0 0 0 0 0 0 2 0 0 1 1 1 1 1 3 1 0 1 1 1 0 1 0 1 1 0 1 0 1 0 0 0 1 1 0 0 1 1 
1 0 0 0 1 0 0 1 0 0 0 1 0 1 0 1 1 0 1 0 3 1 1 0 0 0 0 0 1 0 0 1 1 1 1 0 0 1 0 0 1 1 1 0 0 1 1 1 0 1 0 0 
1 1 1 0 0 1 0 0 0 1 0 0 1 1 0 0 1 1 1 0 1 0 0 1 0 0 0 1 0 0 1 0 0 0 1 1 0 0 0 1 0 1 0 0 0 0 0 0 0 1 1 1 
0 0 0 0 2 0 1 0 0 0 1 1 0 1 0 0 1 0 1 1 0 1 0 0 1 1 1 1 0 0 0 1 0 1 0 0 1 1 0 0 0 0 1 0 0 0 0 1 0 0 0 1 
1 0 1 0 2 1 0 1 1 0 0 0 0 1 1 0 1 1 0 0 0 0 1 1 0 0 1 1 3 1 1 0 1 1 1 0 0 1 1 0 1 1 0 1 1 0 0 0 1 1 1 1 
0 0 0 1 2 1 1 0 0 1 0 1 0 0 0 0 1 1 1 0 2 0 1 0 1 0 0 0 1 0 1 0 1 0 1 1 1 0 0 0 0 1 0 1 1 1 0 0 0 0 0 0 
1 1 1 1 1 1 0 1 1 0 1 1 1 1 1 0 0 0 1 0 3 1 1 1 0 0 1 1 0 1 0 0 1 1 1 1 0 0 0 0 1 0 0 1 0 1 1 0 1 0 0 0 
1 0 1 1 1 1 1 0 1 1 0 0 1 0 0 1 0 1 0 0 1 0 1 0 1 0 0 1 3 1 1 0 0 0 0 0 1 0 0 1 0 1 1 1 1 1 1 1 0 1 1 1 
0 1 0 0 2 0 1 0 1 0 1 0 1 1 0 0 0 1 1 1 3 1 0 0 1 0 1 0 3 0 1 0 1 1 0 1 1 0 0 1 1 0 1 1 1 1 0 0 0 1 0 0 
1 0 0 0 0 0 1 1 0 0 0 1 0 1 1 0 1 0 0 0 1 1 1 0 1 1 1 0 1 1 0 1 0 1 0 0 0 1 1 0 1 0 0 0 0 1 0 0 1 0 0 0 

# Size = 17 | Time = 27334 ms
1 0 0 0 0 1 0 0 1 1 1 1 0 1 1 1 0 1 1 1 0 1 0 1 0 0 1 0 1 0 1 0 0 1 1 1 0 0 0 1 0 0 0 1 1 0 1 1 0 0 1 1 
0 0 1 1 2 1 0 1 0 1 1 0 1 1 0 1 1 1 1 0 3 1 0 0 1 0 0 1 1 0 0 1 0 0 0 1 1 0 0 0 0 0 0 1 0 0 1 0 1 0 0 1 
1 0 0 1 2 1 0 1 0 0 0 1 0 0 0 1 0 0 1 1 2 0 0 0 0 1 1 0 1 0 0 0 1 0 1 1 1 0 1 1 1 1 1 1 1 1 1 0 0 1 1 0 
1 1 1 0 2 0 0 0 1 1 0 0 0 0 1 1 0 0 1 1 1 0 1 0 1 1 1 0 3 0 1 1 0 1 1 1 0 1 0 0 1 1 1 1 1 1 1 0 1 0 1 0 
1 0 0 0 0 0 1 0 0 1 1 0 0 1 0 0 0 1 1 0 2 1 0 1 0 1 0 1 3 0 1 1 1 1 0 0 1 1 0 0 0 1 1 1 1 0 0 0 0 0 0 1 
0 0 1 1 0 0 1 1 0 0 0 0 1 0 0 0 1 0 0 0 0 0 1 0 1 1 1 0 3 1 1 0 0 0 0 1 0 0 1 0 0 0 0 1 0 1 0 1 0 1 0 0 
1 1 1 0 1 1 1 1 0 0 1 0 1 0 1 1 1 1 0 0 1 0 1 0 0 1 0 0 2 0 1 1 1 1 1 1 1 0 1 0 0 0 1 0 0 1 1 1 0 0 1 1 
0 0 0 1 0 1 1 1 0 0 1 0 1 1 0 1 1 1 1 0 1 1 1 1 1 0 1 1 1 1 0 0 0 1 1 0 1 0 1 0 1 1 1 0 0 1 1 0 1 0 1 0 
0 1 0 1 0 0 0 0 0 1 0 0 1 1 0 0 1 1 0 0 2 0 1 1 0 0 0 1 2 1 0 0 1 1 1 0 0 1 0 0 1 0 1 0 0 0 0 1 0 1 0 1 
1 1 1 1 1 1 1 1 1 0 1 0 1 0 1 0 1 0 1 1 2 0 0 1 1 0 1 0 0 1 1 1 0 0 1 0 0 0 0 1 0 1 0 0 0 1 0 0 1 1 0 0 
0 1 1 1 1 0 1 0 0 0 0 1 1 0 0 0 0 0 0 0 1 1 1 1 0 0 0 0 1 1 0 1 0 0 0 0 0 1 0 1 1 0 0 1 1 0 0 1 0 1 0 1 
0 1 0 0 2 0 0 0 1 0 0 1 1 1 0 1 0 0 1 1 0 0 1 1 0 0 1 1 2 0 0 1 1 1 0 0 1 0 1 1 1 1 1 0 0 1 1 0 1 0 0 1 
1 0 1 0 2 0 1 0 1 0 0 1 0 0 0 0 1 0 0 1 3 1 0 1 1 0 0 0 2 1 1 1 0 0 1 1 0 1 0 0 0 0 0 1 1 1 0 0 1 1 0 0 
0 0 0 1 1 1 0 0 1 0 1 1 0 0 1 1 0 1 0 0 3 0 0 0 0 0 1 0 3 0 0 0 1 1 0 1 0 0 0 1 1 1 1 0 0 0 1 0 0 1 1 1 
0 0 0 1 1 0 0 0 1 1 1 1 0 1 1 0 0 0 0 1 0 1 0 1 1 1 0 1 0 0 1 1 1 1 0 0 1 1 1 0 1 1 0 1 1 1 1 1 0 0 0 0 
0 1 0 1 0 1 0 1 1 0 0 1 1 0 0 0 0 1 0 1 3 0 1 0 1 1 0 0 0 1 1 1 0 0 1 0 1 1 1 1 0 1 1 1 1 1 0 1 0 0 1 0 
0 1 1 0 2 0 1 1 0 1 0 0 1 0 1 1 1 0 0 0 1 0 0 1 0 0 0 1 0 0 0 0 0 0 1 1 0 1 1 0 0 0 0 0 0 0 1 1 0 1 0 1 

# Size = 17 | Time = 28673 ms
0 0 1 0 0 1 0 1 0 1 0 0 1 0 0 1 0 0 0 0 3 0 0 1 1 1 1 1 0 0 0 1 1 0 0 1 1 1 0 1 0 0 0 0 0 1 1 0 1 0 1 0 
1 0 0 0 0 0 1 0 1 0 1 1 0 0 0 0 0 1 1 0 3 1 0 0 1 0 1 1 2 0 1 1 1 0 1 0 0 0 1 1 1 0 0 1 1 0 0 1 0 1 0 1 
0 1 0 1 2 0 1 1 1 0 1 1 0 1 1 1 1 1 0 1 3 1 1 1 0 1 0 1 1 1 0 0 1 1 1 0 0 0 0 1 1 0 1 0 0 0 1 1 0 1 0 1 
1 0 0 1 2 1 0 0 0 1 0 0 1 1 1 0 0 0 1 0 2 1 1 0 1 1 0 0 1 1 0 1 1 0 0 0 1 1 1 1 0 0 0 1 1 0 0 1 0 1 0 1 
0 1 0 1 1 0 0 1 1 0 1 1 0 0 0 1 1 1 1 0 2 0 0 0 0 0 0 1 0 1 0 0 1 0 0 1 1 1 0 0 0 1 1 1 0 0 1 0 1 1 0 1 
1 0 1 0 2 0 0 0 0 1 0 1 1 0 0 1 1 1 1 1 0 0 1 1 0 1 1 1 0 1 1 0 0 1 1 0 0 0 0 0 1 1 1 0 0 1 1 0 0 0 0 0 
1 1 1 1 2 1 0 1 0 0 0 1 1 0 0 1 1 1 0 1 0 1 1 1 0 0 1 1 0 1 1 0 1 1 1 0 1 0 1 1 0 0 1 0 0 1 1 0 1 1 0 1 
0 1 0 0 0 1 1 0 1 0 1 0 0 1 1 0 1 0 0 0 0 0 0 1 1 0 1 0 1 1 1 1 0 1 1 0 0 0 0 0 0 1 1 0 0 1 1 0 1 0 1 0 
1 1 1 0 1 0 0 1 1 0 1 0 0 0 0 0 0 1 1 1 1 1 1 0 0 0 1 0 1 0 1 0 0 0 1 1 0 1 1 0 1 0 1 0 0 1 0 1 0 0 1 0 
0 0 0 1 2 1 0 1 1 1 0 1 1 0 0 0 1 1 1 1 1 0 0 0 1 1 1 1 3 0 1 1 1 1 0 1 0 1 0 1 1 0 1 1 1 0 1 1 0 0 1 1 
0 1 0 1 0 1 1 0 1 1 0 1 1 0 1 0 0 1 0 1 2 1 1 1 0 1 1 1 3 0 0 1 0 0 1 0 0 0 0 1 1 0 0 0 0 1 0 0 1 1 1 0 
0 1 0 1 1 1 1 0 1 0 1 1 1 0 1 1 0 0 1 0 1 1 0 1 0 1 0 0 2 1 0 1 0 1 0 1 0 0 1 0 0 1 0 1 1 1 1 0 1 1 0 0 
0 0 0 0 0 1 0 0 1 0 1 0 1 0 0 1 0 1 0 0 0 1 1 1 0 1 0 0 3 1 1 0 0 0 0 1 1 1 0 1 1 0 0 1 1 1 1 1 0 0 0 0 
0 1 1 0 0 1 1 1 0 1 0 1 0 1 1 0 1 0 0 1 1 1 1 1 1 1 0 0 0 1 1 1 0 0 1 0 1 0 1 1 0 1 0 1 1 0 0 1 0 1 0 1 
0 1 0 1 1 1 0 1 0 1 1 1 0 0 0 0 0 0 1 1 0 0 0 0 1 0 1 1 2 0 0 0 0 1 1 1 1 0 0 1 1 1 1 1 1 0 0 0 0 0 1 1 
0 1 1 0 2 1 1 0 1 1 0 0 1 1 0 0 1 0 0 0 2 0 1 1 0 1 1 0 2 0 1 0 1 1 0 1 1 1 0 0 1 0 1 0 0 1 1 0 1 0 1 1 
1 0 1 1 1 0 0 1 0 0 0 1 0 1 0 0 0 0 0 0 3 0 1 0 1 0 0 0 3 0 1 1 0 0 0 0 0 1 1 0 0 1 0 1 1 1 0 1 0 0 1 0 

# Size = 16 | Time = 102663 ms
1 1 1 0 0 0 1 0 1 0 0 0 0 1 0 0 0 1 0 1 2 0 0 0 1 0 0 1 3 1 0 0 0 1 1 1 1 0 1 1 0 0 0 0 0 1 0 1 0 1 0 0 
1 0 1 1 1 0 0 1 0 1 1 0 0 1 1 1 1 1 1 1 2 0 0 1 1 1 1 1 0 1 1 1 0 1 1 1 0 1 0 0 0 1 1 0 0 0 1 0 1 0 0 1 
0 0 0 1 2 1 1 1 1 0 1 1 0 1 1 0 0 1 1 1 2 1 0 1 0 0 0 1 2 1 1 1 0 0 1 0 1 1 1 0 1 0 1 1 1 1 0 1 0 0 1 1 
0 1 0 1 0 0 0 1 0 0 0 0 0 1 1 1 0 0 0 1 3 1 1 1 0 0 0 0 0 0 1 1 1 0 0 0 1 0 1 0 0 1 1 1 1 1 1 0 0 0 1 0 
0 0 0 1 1 0 0 1 0 0 0 0 1 0 1 0 0 0 1 1 1 0 1 0 0 0 0 1 3 1 1 1 1 1 1 1 0 0 0 0 1 0 0 1 1 0 1 0 1 0 0 1 
1 1 1 0 2 1 0 0 0 0 1 0 1 0 1 1 0 0 1 0 2 1 1 0 0 1 1 0 1 0 0 0 1 0 0 0 0 0 0 1 0 0 0 1 1 1 1 0 0 0 0 1 
0 0 1 1 1 1 1 1 1 1 1 1 0 0 0 0 1 1 1 1 1 0 1 1 1 0 0 0 1 1 1 0 0 0 1 0 0 1 1 1 1 1 1 0 0 0 1 0 1 1 1 1 
1 1 0 0 1 1 1 0 0 1 0 0 1 0 0 0 1 1 0 1 3 1 0 0 0 0 1 1 2 1 1 1 0 0 0 0 1 1 1 1 0 1 0 1 0 0 0 0 1 1 0 1 
1 1 0 0 2 0 0 0 1 1 1 1 1 0 0 1 1 1 0 0 3 1 1 1 1 0 1 0 3 1 0 1 0 1 0 0 0 1 0 0 1 0 1 1 0 1 1 0 1 0 1 0 
1 1 0 0 0 1 0 0 0 1 1 1 1 1 0 1 1 0 0 0 1 0 1 0 1 1 1 0 2 0 1 0 1 1 1 1 1 0 0 0 1 1 1 1 1 1 1 0 1 1 0 0 
1 1 1 1 2 0 1 1 1 0 1 1 0 1 1 1 0 1 0 0 0 0 0 0 0 1 1 0 0 0 0 0 1 0 1 1 1 1 0 0 1 1 0 1 1 0 1 1 0 0 1 1 
0 1 0 0 0 1 0 1 1 0 0 1 0 0 0 0 1 0 1 1 0 1 0 1 0 1 1 1 3 0 1 1 1 0 0 1 0 0 0 0 0 1 0 0 0 1 0 0 0 1 0 0 
1 0 0 0 1 0 0 0 0 0 0 1 0 1 0 0 0 1 0 1 0 0 0 1 0 0 0 1 1 0 0 1 0 1 0 0 1 1 1 1 0 0 0 1 0 1 0 1 0 0 0 0 
0 0 0 0 2 1 0 0 0 1 0 1 1 0 0 0 1 1 0 0 1 1 0 1 0 1 0 1 0 0 0 1 0 1 0 0 0 0 1 1 0 0 0 0 0 0 0 1 0 1 0 1 
0 0 1 1 0 0 1 0 0 1 1 1 1 0 1 1 0 0 1 0 3 0 1 1 0 1 1 1 1 0 0 0 0 0 1 1 1 1 0 0 1 1 1 0 0 0 1 1 0 1 0 1 
1 0 1 1 1 0 1 1 1 1 1 0 1 0 1 0 1 0 1 0 0 1 1 0 1 0 0 0 2 1 0 0 1 0 0 0 0 1 1 1 0 0 1 0 0 1 0 0 1 1 0 1 

# Size = 17 | Time = 27147 ms
0 0 1 1 0 0 0 0 1 1 1 1 1 1 0 0 0 1 0 1 0 0 1 1 0 1 1 1 0 0 0 0 0 0 0 0 0 0 0 1 1 0 0 1 0 1 0 1 0 0 1 0 
1 1 1 1 0 1 0 1 1 0 1 0 0 0 1 1 1 0 1 0 2 0 1 1 0 0 1 1 0 1 1 1 0 0 0 1 1 0 0 1 1 0 1 0 0 1 1 0 1 1 0 1 
0 0 0 1 2 1 1 0 1 1 0 1 0 0 1 1 0 0 1 0 0 1 0 0 1 0 0 1 2 1 0 1 1 1 0 1 0 1 1 0 0 0 0 1 1 0 1 0 0 1 1 1 
0 1 0 0 2 1 1 1 1 1 0 1 0 1 1 0 1 1 1 1 3 1 1 1 1 1 1 0 0 1 1 1 1 0 0 1 0 1 1 0 0 0 0 1 1 0 1 1 0 0 0 1 
1 0 0 1 2 0 1 1 0 1 1 0 1 1 0 0 1 0 1 0 0 0 1 0 1 0 0 1 3 1 1 0 1 0 1 1 0 0 1 1 0 1 1 0 0 1 0 0 1 0 1 1 
0 1 1 0 1 1 0 1 1 0 1 1 0 0 0 0 1 0 0 0 0 1 0 0 1 1 1 0 1 1 0 1 0 1 0 1 1 0 1 1 1 0 1 1 1 1 0 0 0 1 0 0 
0 1 0 1 0 1 1 0 1 0 0 1 1 1 0 0 1 1 0 0 1 1 0 0 0 1 1 0 3 1 0 1 1 1 0 0 0 1 0 1 1 0 1 1 1 0 0 1 0 1 0 1 
0 1 0 0 2 1 0 0 1 0 0 1 0 0 1 1 1 0 1 0 2 1 1 1 0 0 0 0 3 0 1 1 1 1 0 0 1 0 1 0 1 0 0 1 0 1 1 0 1 0 1 0 
1 0 1 1 0 1 0 0 0 0 1 1 0 0 0 1 0 1 1 0 3 1 1 0 0 0 1 0 2 0 0 0 0 1 0 0 0 1 0 0 0 1 1 0 0 0 1 1 0 0 1 1 
1 0 0 0 1 0 1 0 0 0 0 0 0 1 0 1 1 0 1 1 3 0 0 1 0 1 0 1 1 0 1 0 0 0 1 1 1 0 0 1 1 0 0 0 0 0 1 0 1 1 0 1 
0 0 0 0 2 0 0 0 0 1 0 1 1 1 1 1 0 0 0 0 1 1 1 1 1 1 1 1 2 1 0 1 0 0 0 1 1 1 0 0 1 0 0 1 1 0 1 1 0 1 0 1 
1 1 1 1 2 1 0 1 1 1 1 0 0 1 1 1 0 1 0 1 1 1 1 1 1 0 1 1 1 0 1 1 1 0 1 0 0 0 1 1 0 1 1 0 0 1 1 0 1 0 1 0 
0 0 0 0 0 1 0 1 0 1 0 0 1 0 0 1 0 1 0 0 2 0 0 1 1 1 1 0 1 0 0 0 0 0 1 0 0 1 0 0 1 1 1 1 1 0 1 1 0 1 1 1 
1 1 1 1 1 0 1 0 0 0 0 1 0 1 1 0 0 1 1 1 2 0 1 0 0 0 0 1 2 0 1 1 1 1 1 1 0 1 0 0 0 0 0 1 1 1 0 1 0 1 0 0 
0 0 1 1 0 0 0 1 0 1 0 0 0 0 0 0 1 0 0 1 3 0 0 0 1 1 0 0 2 0 0 1 0 1 1 0 0 0 1 1 1 1 0 0 0 0 0 0 1 1 0 1 
0 1 1 1 1 1 0 1 0 0 1 1 0 0 1 0 1 1 1 1 1 0 0 0 1 1 0 0 0 0 0 0 0 1 1 0 1 1 0 0 0 1 0 0 0 1 0 1 0 0 1 0 
0 1 1 0 1 1 1 0 1 1 1 0 1 0 1 0 0 0 0 1 3 1 0 1 0 0 1 1 3 0 1 1 0 1 0 0 1 1 1 1 1 0 0 1 1 1 1 0 1 1 1 0 

# Size = 16 | Time = 87346 ms
1 1 0 1 2 1 0 0 0 1 1 1 1 1 0 0 0 0 1 1 3 1 1 0 1 0 1 1 2 0 1 1 1 0 1 1 1 0 1 1 0 0 1 1 1 0 0 1 0 1 1 1 
1 0 0 1 0 0 1 1 0 1 1 1 1 0 0 1 0 1 0 0 2 1 0 1 0 1 1 1 1 0 1 1 1 1 0 1 0 0 0 1 1 1 0 1 1 1 1 0 0 0 1 1 
0 0 1 0 2 1 1 0 0 1 1 0 0 1 0 1 0 1 1 1 2 0 0 1 0 1 1 0 3 0 1 1 0 0 0 0 0 1 1 1 1 1 0 1 0 0 1 1 0 1 1 1 
0 1 1 1 0 1 1 0 1 0 1 0 1 0 1 0 0 1 0 1 1 0 1 1 1 1 0 0 3 1 0 1 1 0 1 0 1 1 1 0 0 1 1 1 1 1 1 1 0 0 0 0 
0 0 0 0 1 0 1 0 1 0 1 1 1 1 1 0 1 1 1 0 2 1 1 1 1 0 1 1 0 1 0 0 0 1 1 1 1 0 0 0 0 0 1 1 1 1 0 0 1 1 0 0 
0 1 1 0 2 1 0 1 1 0 0 1 1 1 1 1 1 0 1 0 1 1 1 0 0 0 0 1 1 0 0 0 1 1 0 1 1 1 0 1 0 1 1 0 0 0 1 1 0 1 1 1 
0 0 0 0 1 0 0 1 1 0 0 0 0 0 0 1 0 1 1 0 1 0 0 0 0 0 1 0 2 0 1 0 1 1 0 1 0 0 0 0 1 0 0 1 0 1 1 0 1 0 0 0 
1 1 1 0 0 1 1 1 0 0 1 0 1 1 1 0 0 1 1 1 0 1 1 1 1 0 1 0 2 1 1 1 0 0 0 0 1 1 1 1 0 0 1 1 0 0 0 0 1 1 1 1 
0 0 1 0 2 0 0 1 0 1 0 1 0 0 0 0 0 0 0 1 0 0 0 1 1 0 0 1 1 1 0 0 0 0 1 1 0 0 1 0 0 1 0 1 1 1 0 0 1 0 0 0 
1 1 1 1 0 0 0 0 0 1 0 1 0 1 0 1 1 0 0 1 2 1 0 0 1 1 0 0 2 0 0 0 1 0 1 1 1 1 0 1 1 1 1 0 0 1 1 0 0 1 0 0 
1 1 1 1 1 1 1 0 1 0 1 0 0 0 0 0 1 0 0 0 3 0 1 0 1 1 1 0 1 1 0 1 1 0 1 0 0 1 1 1 1 0 0 1 1 1 0 0 0 1 0 0 
1 1 0 0 0 0 0 1 0 0 1 0 0 1 1 0 1 0 1 0 3 0 0 1 0 0 0 1 3 1 1 0 1 1 0 1 0 0 1 1 1 1 1 0 0 1 0 0 1 0 0 0 
0 0 0 1 2 0 1 1 0 1 0 0 0 0 1 1 0 1 0 1 3 1 0 1 0 1 0 1 0 0 1 1 0 1 0 0 0 0 0 0 0 1 0 0 0 0 1 0 1 1 0 1 
0 1 1 0 1 1 0 0 0 1 1 1 0 1 0 0 1 1 1 1 0 1 1 0 0 0 0 1 0 0 1 1 1 1 0 0 1 1 1 1 0 1 0 1 1 1 0 1 0 0 1 0 
0 1 0 1 1 1 1 1 1 1 0 1 0 1 0 1 1 1 1 0 0 1 1 0 0 1 0 1 3 1 1 0 0 1 1 1 0 1 0 1 1 0 0 0 0 0 1 0 0 0 1 1 
1 0 0 0 0 0 1 1 0 1 1 1 0 1 1 0 1 0 1 1 1 0 0 0 0 0 1 0 0 1 0 0 0 0 0 0 1 1 0 0 1 0 1 0 0 1 0 1 0 0 1 1 

# Size = 16 | Time = 83146 ms
1 0 1 1 1 0 0 0 1 0 0 1 1 0 1 1 1 1 1 1 0 1 1 1 0 1 1 0 2 1 0 1 1 1 0 0 0 0 0 0 0 1 1 0 0 1 1 1 0 0 1 0 
0 0 0 0 0 0 1 1 0 0 1 0 0 1 1 1 0 1 1 1 1 1 0 0 1 1 1 1 1 1 0 1 0 1 0 1 0 0 0 1 0 1 1 0 0 0 1 1 0 1 0 1 
0 1 0 1 1 1 0 0 0 1 1 0 0 1 0 1 1 0 0 1 3 1 1 1 1 1 1 0 0 1 0 0 0 1 0 1 1 0 1 0 0 1 0 0 0 1 1 1 0 0 0 0 
1 0 0 0 0 0 1 0 1 0 1 0 1 0 1 0 1 1 0 0 1 0 1 0 0 0 0 0 0 0 1 0 1 1 1 0 1 1 1 1 1 0 0 1 1 1 0 1 0 0 1 0 
0 1 0 0 2 1 1 0 1 0 0 1 0 0 1 0 0 1 1 1 3 1 0 0 0 1 0 0 3 0 0 1 0 0 1 0 1 0 1 1 0 1 1 1 1 1 0 1 0 1 1 0 
0 0 1 0 1 1 0 1 1 1 0 0 1 1 1 1 0 0 0 1 1 0 1 1 1 0 0 0 3 0 1 1 0 1 0 0 1 0 0 0 0 0 0 1 0 0 1 0 1 1 1 1 
1 0 1 0 2 0 0 1 1 1 1 1 1 0 0 0 1 0 0 1 3 0 0 1 0 0 0 1 1 1 0 1 0 1 0 1 0 1 0 0 1 0 0 0 0 1 0 0 1 1 0 0 
0 1 0 1 2 1 0 0 1 0 1 1 1 0 0 1 0 1 0 1 1 1 1 0 1 1 0 0 2 0 1 0 0 0 1 0 0 1 0 0 0 0 1 0 0 1 1 0 0 0 1 1 
1 1 0 1 1 0 0 0 1 1 0 0 1 0 0 0 1 1 1 0 2 0 1 1 1 0 1 0 1 0 0 0 0 0 1 0 0 1 0 1 0 0 1 1 1 1 1 1 0 0 0 0 
1 0 0 0 1 1 1 1 0 0 1 1 1 1 0 0 0 0 0 1 0 1 0 0 1 0 0 1 1 1 1 1 1 1 1 0 1 0 1 1 1 0 0 1 0 0 0 0 0 0 1 1 
0 1 0 1 0 0 1 1 1 1 0 1 0 0 0 1 1 0 1 1 0 1 1 0 1 0 0 1 0 1 0 1 0 0 1 1 0 1 1 0 1 0 0 1 1 0 1 0 1 1 0 1 
1 0 1 1 0 0 1 0 0 1 1 1 0 1 1 1 0 1 1 0 2 0 0 1 1 0 0 1 3 1 1 0 1 0 1 0 1 1 0 0 1 1 0 0 0 1 1 0 0 0 1 0 
0 0 1 1 2 1 0 0 1 0 0 0 0 0 0 1 1 0 1 0 0 0 1 0 1 0 1 1 3 0 1 0 0 1 1 1 0 1 0 0 1 1 0 1 1 0 1 0 1 0 0 1 
0 0 1 0 0 1 0 0 0 1 1 1 1 1 0 0 1 1 1 0 3 0 1 0 0 0 1 1 2 0 1 1 1 0 1 0 0 1 1 1 1 1 0 1 1 0 0 0 1 0 0 1 
0 1 1 0 2 0 0 1 0 0 0 1 0 1 0 1 0 0 0 1 2 0 0 0 0 1 1 1 0 0 0 1 1 1 1 0 0 1 0 0 0 1 1 0 0 0 1 0 1 1 0 1 
0 1 1 1 1 1 1 1 0 1 0 0 0 0 0 0 1 0 0 0 2 1 0 0 0 1 1 0 2 0 1 0 1 0 0 1 1 0 1 0 1 0 1 1 1 1 0 0 1 1 1 0 

# Size = 17 | Time = 32014 ms
1 0 1 1 0 0 1 0 0 1 0 1 1 1 0 0 1 1 1 0 1 0 0 0 0 0 1 0 0 1 0 0 0 0 1 0 0 0 1 0 0 0 1 1 1 0 1 0 1 1 0 1 
0 0 0 0 1 1 0 1 0 1 1 0 1 1 0 0 1 0 0 1 0 0 1 1 0 0 1 0 1 0 1 1 0 1 1 0 1 0 0 1 0 0 0 0 0 0 1 0 1 0 0 1 
0 0 0 0 2 0 0 0 1 0 0 1 0 1 1 0 1 0 1 1 3 1 0 0 0 0 0 0 0 0 0 0 1 1 0 1 1 0 1 1 1 1 1 1 0 1 1 0 1 1 0 0 
1 0 1 1 2 0 0 0 1 0 0 1 1 0 1 1 0 0 0 1 0 0 0 1 0 0 0 1 0 1 0 0 1 1 1 1 0 0 0 0 1 1 1 1 1 1 1 0 1 0 1 0 
0 1 0 1 0 0 0 1 0 1 1 0 0 1 0 1 0 1 1 1 2 1 0 1 1 0 1 0 1 1 1 0 0 0 1 0 0 1 0 0 1 0 0 1 0 0 1 0 1 0 0 1 
0 0 1 0 1 1 0 0 1 1 1 0 1 1 0 0 0 1 1 1 3 1 1 1 0 1 1 0 2 1 1 1 0 1 0 1 0 1 1 1 1 1 1 1 1 1 0 1 0 0 1 0 
0 0 1 0 0 0 1 1 1 0 1 0 0 0 0 0 0 1 0 1 3 0 0 1 1 1 0 1 3 1 1 0 0 1 1 0 1 1 0 1 0 0 0 0 0 1 1 1 0 0 1 0 
0 1 1 0 0 1 1 1 0 0 1 0 1 0 1 1 0 0 1 0 1 1 1 0 0 0 0 0 1 0 0 1 1 1 1 1 0 0 1 1 0 1 1 1 1 1 1 0 1 1 1 0 
1 1 1 1 2 1 1 0 1 1 0 1 1 0 0 0 0 0 1 1 1 0 0 1 1 1 1 1 2 1 1 1 1 1 0 0 1 0 1 0 1 0 0 0 0 0 0 0 1 0 0 1 
1 1 0 1 1 0 1 0 1 0 0 0 0 0 0 0 1 1 0 1 3 1 1 0 1 1 1 1 1 1 1 0 1 0 0 1 0 1 1 0 0 1 0 1 1 1 0 0 1 0 1 1 
1 0 0 1 0 0 0 1 1 0 1 0 0 1 1 1 1 1 1 0 0 1 1 0 1 0 1 1 2 0 0 1 0 0 0 0 0 1 1 0 0 0 1 0 0 1 1 1 0 1 0 0 
1 0 1 0 2 1 0 0 1 0 0 1 1 0 1 1 1 1 1 0 2 0 1 0 0 0 1 0 3 1 0 1 0 0 1 1 0 0 0 0 1 1 0 0 0 0 1 1 0 1 1 1 
1 1 1 1 0 0 1 1 0 0 1 1 1 1 1 0 1 0 1 1 0 1 0 0 1 1 0 1 3 0 0 0 1 0 1 1 0 1 1 1 0 0 0 0 0 0 0 0 1 1 0 1 
1 1 0 1 1 1 0 0 0 1 0 1 0 0 0 1 0 0 0 0 1 1 0 0 0 0 1 1 3 0 0 1 1 0 0 1 1 1 0 0 0 0 1 1 1 0 1 1 0 1 0 1 
0 0 1 1 2 1 1 0 0 0 1 0 1 1 1 0 1 0 0 0 2 1 1 0 1 0 0 1 2 1 0 0 0 1 1 0 1 1 0 0 1 1 1 1 1 1 0 0 0 1 1 1 
0 1 0 0 1 1 1 1 0 1 1 0 1 0 1 0 1 1 1 0 2 0 1 1 1 1 0 1 0 0 1 1 1 0 0 0 0 1 1 1 0 0 0 0 0 1 0 1 0 1 1 0 
1 1 1 1 2 1 0 1 0 1 0 1 1 1 1 1 1 0 0 0 3 0 1 0 0 1 1 1 1 0 1 1 0 1 0 0 1 0 0 0 0 0 1 0 0 0 1 1 0 0 1 1 

# Size = 16 | Time = 97103 ms
1 0 1 0 1 0 0 0 1 0 1 1 0 0 0 0 1 0 0 1 0 1 1 0 1 1 0 1 3 1 0 0 0 1 1 0 0 1 1 0 0 0 0 0 0 1 1 0 1 1 0 0 
0 1 0 1 0 0 1 1 1 1 0 0 0 1 1 1 0 0 0 1 2 0 0 1 0 0 0 0 3 1 1 0 0 0 0 1 1 1 0 1 1 1 1 1 1 0 1 1 0 0 1 1 
1 0 0 0 0 1 1 1 0 0 1 1 0 0 0 0 0 1 0 1 3 0 1 1 1 1 1 1 0 0 1 0 0 1 0 0 1 0 1 1 0 0 1 0 0 1 1 1 0 0 0 0 
0 0 1 1 2 1 1 0 0 0 0 0 1 0 1 0 1 1 1 0 3 0 0 1 1 1 1 1 3 0 0 1 1 1 1 0 1 0 1 0 1 1 1 0 0 1 0 1 0 0 1 0 
0 1 0 0 0 0 0 0 1 1 0 1 0 1 0 0 0 1 1 0 1 0 1 0 1 0 1 0 1 1 0 0 0 0 1 0 0 1 1 1 0 0 0 1 1 1 1 0 0 0 1 0 
1 1 0 1 1 1 0 1 0 0 1 0 0 1 0 1 0 0 1 1 3 1 0 1 0 1 1 0 1 0 0 0 1 1 1 1 1 1 1 1 0 1 0 1 1 1 1 0 1 1 1 0 
0 0 0 1 2 1 0 1 0 1 0 0 1 1 1 1 1 1 1 1 0 1 1 0 0 0 1 1 0 0 0 0 1 1 1 1 1 1 1 1 1 0 0 1 1 0 1 0 1 1 0 1 
0 0 1 1 0 0 1 1 0 0 1 1 1 0 0 0 1 0 0 0 2 1 1 0 1 0 1 1 1 0 1 1 1 0 0 1 0 0 1 0 0 1 1 0 0 0 0 0 1 1 0 1 
0 1 1 0 0 0 1 1 1 0 1 1 0 1 0 0 1 0 1 0 0 0 0 1 1 0 0 1 2 0 1 1 1 0 0 0 1 1 1 1 1 1 0 1 1 1 0 1 0 0 1 0 
1 1 0 1 2 0 0 0 0 0 1 0 1 0 0 1 0 1 0 0 2 0 1 0 1 1 1 1 2 0 0 1 0 0 0 0 0 0 1 0 1 0 0 1 1 1 1 0 1 1 0 0 
0 1 1 1 0 0 1 0 1 0 1 0 1 1 0 1 1 0 0 1 1 1 0 0 0 1 0 0 0 1 1 0 0 0 0 1 0 0 0 0 1 1 0 0 0 1 1 1 0 1 0 0 
1 1 0 0 1 0 1 1 1 1 0 1 1 0 0 1 1 1 1 1 3 1 1 0 1 0 0 0 2 1 1 1 1 0 1 0 0 0 0 1 0 0 0 0 0 0 1 1 0 0 1 1 
0 0 1 0 1 1 1 1 0 1 1 1 1 0 0 0 1 0 0 0 1 1 1 0 0 1 0 1 3 0 0 1 0 0 0 0 1 1 1 1 1 1 1 1 0 1 0 0 0 0 1 1 
1 1 0 0 1 1 0 0 1 0 1 0 1 1 1 0 1 0 1 0 2 0 0 0 0 0 1 0 0 0 0 1 1 1 1 0 1 1 0 0 1 0 0 1 0 1 0 0 0 1 1 1 
1 0 1 0 2 1 0 0 0 0 1 0 1 0 1 0 0 0 0 1 1 0 0 1 0 1 1 1 2 1 1 0 1 1 1 1 0 0 0 0 0 0 1 1 1 0 0 0 1 0 1 1 
1 0 1 1 2 0 0 1 1 1 0 1 0 0 1 1 0 0 1 0 0 0 1 0 0 0 0 0 1 1 1 0 1 0 0 0 0 0 0 0 1 1 1 0 0 1 1 1 0 0 0 1 

