# Size = 19 | Time = 5182 ms
0 0 0 0 1 1 0 0 0 0 0 1 1 1 3 0 1 0 
0 1 1 0 0 1 0 1 1 0 1 1 0 0 2 3 1 3 
1 0 0 0 0 0 1 0 1 1 0 0 0 0 0 0 1 2 
0 0 0 0 0 0 0 0 1 0 0 0 0 1 1 1 0 3 
1 0 0 1 1 1 0 0 1 0 1 0 1 2 0 0 0 0 
0 0 1 1 1 1 1 0 0 0 0 0 0 0 3 1 2 1 
0 1 1 1 1 1 0 1 1 0 1 0 0 2 3 3 0 2 
0 0 0 0 0 0 1 0 1 1 1 1 0 3 3 2 3 3 
0 1 0 0 0 0 1 0 0 1 0 0 1 3 2 0 0 1 
0 0 0 0 0 1 1 1 0 0 0 0 0 1 0 3 3 1 
1 0 0 1 1 1 0 1 1 0 0 1 1 3 0 0 3 1 
0 1 1 1 1 0 0 1 1 1 1 0 0 1 2 2 2 2 
0 1 1 1 1 0 0 0 0 0 1 1 0 3 0 1 1 2 
0 0 1 1 1 0 0 0 0 0 1 0 0 2 1 2 1 1 
0 1 1 0 0 1 0 1 1 1 0 0 1 0 1 0 3 2 
0 0 0 0 0 1 0 1 1 1 1 0 0 2 2 1 3 0 
0 1 1 1 1 1 0 1 1 1 0 1 0 0 0 2 0 0 
0 1 1 0 0 0 1 0 1 1 1 1 0 3 1 3 2 0 
1 0 0 1 1 1 1 0 0 0 0 1 1 2 0 0 2 3 

# Size = 21 | Time = 4494 ms
0 0 1 0 0 1 0 1 0 1 0 0 0 0 1 2 3 2 
0 0 1 0 0 1 0 0 0 1 1 0 1 3 2 0 2 2 
1 0 0 1 1 0 0 0 1 0 1 1 1 0 0 0 1 1 
0 1 1 1 1 1 1 1 1 1 1 1 0 1 2 2 3 1 
0 1 1 1 1 0 0 1 1 1 0 1 0 2 0 3 1 2 
0 0 0 0 0 0 1 0 0 0 1 0 0 1 0 2 1 3 
1 0 0 1 1 0 1 1 1 1 0 0 1 3 0 0 3 3 
0 0 0 0 0 1 1 1 0 1 0 0 0 1 3 3 3 0 
0 1 0 1 1 1 1 1 1 0 0 1 0 3 1 1 1 3 
1 0 0 1 1 0 0 0 0 1 1 0 1 2 0 0 0 2 
0 1 0 0 0 1 0 0 1 0 1 0 0 0 2 3 0 3 
0 1 1 0 0 0 0 0 1 0 0 0 0 2 1 1 3 1 
0 0 1 0 0 1 1 0 1 0 1 1 1 1 1 0 0 0 
0 1 1 0 1 1 1 1 0 0 0 1 0 2 3 2 2 3 
0 1 1 0 1 0 1 1 1 0 0 0 1 2 3 0 1 2 
1 0 0 0 0 1 0 1 1 0 0 1 0 0 0 0 2 0 
0 1 0 0 0 0 0 0 1 0 0 0 0 3 3 2 0 0 
0 1 1 1 1 1 1 1 1 1 1 1 0 0 3 1 0 1 
0 0 1 1 1 0 0 1 0 1 0 1 0 2 2 1 1 0 
0 0 0 0 1 1 0 1 0 0 0 1 0 1 0 1 2 2 
0 0 0 1 1 0 1 1 0 1 0 0 0 3 1 3 2 1 

# Size = 22 | Time = 4961 ms
1 0 0 0 1 0 1 1 1 1 0 1 0 0 0 0 2 1 
0 0 1 0 1 1 1 0 1 0 0 1 0 1 3 2 1 0 
1 0 0 1 1 1 0 0 0 0 1 1 1 0 0 0 3 2 
0 1 0 0 0 0 1 1 0 1 0 1 0 3 1 3 3 0 
0 1 1 0 0 1 0 0 0 0 1 0 1 2 2 0 3 0 
0 0 1 0 1 0 0 0 1 0 1 1 1 0 3 0 2 0 
0 1 1 0 1 1 1 0 1 1 0 1 0 1 0 1 2 2 
0 1 1 0 0 0 1 0 0 1 0 1 0 0 2 2 0 1 
1 0 0 1 1 1 1 1 0 1 1 0 1 3 0 0 0 0 
1 0 0 0 0 0 0 1 1 0 0 1 1 2 0 0 1 3 
0 1 1 0 0 0 0 0 0 1 0 1 0 2 3 1 0 2 
0 0 1 0 0 0 1 1 0 1 1 0 0 0 1 1 1 3 
0 1 0 1 1 0 0 1 0 0 0 1 0 1 2 1 2 0 
0 0 0 0 0 0 0 0 1 0 0 0 0 3 2 2 2 3 
0 0 1 0 1 1 0 0 1 0 1 0 0 1 0 2 3 0 
0 1 1 0 0 1 0 1 0 0 0 0 0 1 0 3 0 3 
0 1 0 0 0 0 0 0 0 1 1 1 0 3 2 3 1 2 
0 0 1 1 1 0 0 1 1 1 1 0 0 2 1 2 0 2 
0 0 0 1 1 0 1 1 1 1 1 0 0 2 1 3 2 1 
0 1 0 1 1 1 1 0 0 0 1 0 1 1 1 0 1 1 
0 1 1 1 1 1 0 0 0 0 0 1 0 3 3 1 3 1 
0 1 0 1 1 1 0 1 1 1 0 0 0 0 3 3 3 3 

# Size = 21 | Time = 4380 ms
0 0 1 0 1 1 1 0 0 1 1 0 0 0 3 3 3 3 
0 1 0 0 0 0 1 1 0 1 1 0 0 0 2 1 0 0 
0 0 0 0 0 0 1 0 0 0 1 1 0 0 1 1 2 1 
0 1 0 1 1 1 0 1 0 1 1 1 0 1 2 3 2 2 
1 0 0 0 1 1 1 1 1 1 1 1 0 2 0 0 1 0 
1 0 0 1 1 0 1 0 1 1 1 0 1 0 0 0 3 2 
0 1 0 1 1 0 1 0 1 0 1 1 0 1 0 1 2 3 
0 0 0 1 1 1 0 1 1 0 0 0 1 2 2 0 1 3 
0 1 1 0 0 1 1 1 0 1 1 0 0 3 0 3 1 2 
0 1 1 0 0 1 0 1 0 1 0 0 1 1 1 0 3 0 
1 0 0 0 0 1 0 0 1 1 0 1 1 3 0 0 2 1 
0 1 0 0 0 0 0 1 1 1 0 0 0 2 1 3 0 1 
0 1 1 0 0 0 0 0 0 1 0 1 0 0 0 2 1 3 
1 0 0 0 0 1 0 0 0 0 1 1 1 0 0 0 0 3 
0 1 1 0 1 0 1 0 0 0 1 1 0 3 3 3 0 0 
0 0 1 1 1 1 1 1 0 1 1 0 0 2 3 2 2 0 
0 1 0 0 0 1 0 1 1 1 1 0 0 3 1 1 1 3 
0 0 0 1 1 0 0 0 1 0 1 1 0 1 1 2 0 2 
0 1 0 0 1 1 0 0 0 0 1 1 1 1 3 0 1 1 
0 1 1 1 1 0 1 0 0 1 0 0 0 3 2 2 3 1 
0 0 1 0 0 0 0 0 1 0 0 1 0 2 3 1 3 2 

# Size = 23 | Time = 2303 ms
0 1 0 1 1 1 1 0 1 1 1 0 0 3 2 1 3 3 
0 0 0 1 1 1 1 1 0 0 0 0 1 1 3 0 0 3 
0 0 1 1 1 0 1 1 1 1 1 0 0 2 2 2 2 3 
0 1 1 0 1 0 1 1 1 0 1 1 0 2 3 1 2 1 
0 0 0 0 0 1 0 0 0 0 1 0 0 3 1 2 0 2 
0 1 1 1 1 0 1 0 1 1 0 1 0 2 0 3 3 2 
1 0 0 0 1 1 1 0 1 1 0 0 1 2 0 0 1 2 
0 1 1 0 1 0 1 1 1 0 1 0 0 3 1 1 1 3 
0 0 1 0 0 0 0 0 0 0 1 1 0 3 3 3 1 3 
0 0 1 0 0 1 1 0 1 1 1 0 0 0 3 2 3 1 
0 0 1 0 1 1 0 1 1 1 1 0 1 1 2 0 1 1 
0 1 1 1 1 1 0 1 0 0 1 0 0 2 2 3 2 0 
0 0 0 0 0 0 0 0 1 0 0 1 0 0 2 3 0 2 
1 0 0 1 1 1 0 1 0 1 1 1 0 3 0 0 0 1 
1 0 0 0 1 1 1 0 0 0 0 1 1 3 0 0 2 0 
0 1 1 0 0 1 1 0 0 0 1 1 0 2 0 1 0 0 
0 1 0 1 1 0 0 1 0 1 0 1 0 1 0 2 1 0 
0 1 0 0 0 1 1 1 0 0 0 1 0 1 1 1 2 2 
0 1 1 0 1 1 0 1 0 0 0 0 0 2 1 3 3 1 
0 1 1 1 1 1 1 1 0 1 0 1 1 0 1 0 2 0 
1 0 0 0 0 0 0 0 1 0 0 0 1 0 0 0 3 3 
0 0 1 1 1 0 0 1 0 1 1 0 0 0 3 1 1 2 
0 1 1 0 0 0 1 0 1 1 1 0 0 1 3 3 3 0 

# Size = 20 | Time = 3449 ms
0 1 0 0 1 0 1 0 0 0 1 1 0 1 2 2 1 1 
1 0 0 0 0 0 0 0 1 0 0 1 1 0 0 0 1 3 
0 1 1 1 1 0 1 1 0 0 0 0 0 2 2 3 2 3 
0 0 0 0 0 1 1 0 1 0 0 1 0 0 2 1 3 0 
0 1 0 1 1 0 1 1 0 1 1 0 1 2 3 0 3 1 
0 0 1 0 1 1 0 1 0 0 0 0 0 0 3 2 2 2 
1 0 0 0 0 0 1 0 1 1 1 1 1 3 0 0 2 2 
0 0 1 0 0 0 1 1 0 0 0 0 0 2 0 2 0 0 
0 1 0 0 0 1 0 0 0 1 1 0 1 3 2 0 0 2 
0 0 0 1 1 1 0 0 0 1 0 0 0 0 1 3 1 2 
1 0 0 1 1 1 1 0 0 0 0 0 0 3 0 0 0 1 
0 0 0 1 1 1 0 1 0 1 0 0 0 1 0 3 3 2 
0 1 1 1 1 0 1 0 1 1 0 1 1 1 1 0 2 0 
0 0 0 1 1 0 0 0 1 0 1 1 0 2 1 1 1 2 
0 1 0 0 0 1 1 1 1 1 1 1 0 0 1 3 0 1 
1 0 0 1 1 1 0 1 0 0 0 0 1 2 0 0 3 0 
0 0 0 0 0 1 0 0 0 1 1 0 0 1 3 1 0 3 
0 1 1 0 1 0 0 1 1 1 0 0 0 3 0 1 2 1 
0 1 1 1 1 0 0 0 1 1 0 1 0 3 1 2 3 3 
0 1 1 1 1 0 0 1 1 1 1 1 0 3 3 3 1 0 

# Size = 19 | Time = 5438 ms
0 1 1 1 1 1 0 1 0 1 0 1 0 3 2 1 2 2 
0 0 1 0 1 0 0 0 0 0 1 1 0 2 1 1 3 1 
0 1 0 0 0 0 0 0 1 1 0 1 0 1 0 1 1 3 
0 0 1 0 1 0 1 1 0 0 1 0 1 1 2 0 0 1 
0 1 1 1 1 1 1 0 0 1 1 0 0 0 0 3 2 1 
0 1 1 1 1 1 1 1 0 0 1 0 0 1 1 2 2 0 
1 0 0 0 0 1 1 1 1 0 1 1 1 0 0 0 2 1 
0 1 0 0 0 0 1 1 0 1 0 0 1 0 1 0 1 2 
0 0 1 0 0 0 0 0 1 1 0 1 0 2 0 2 0 2 
0 0 0 1 1 0 0 1 1 0 1 0 0 3 1 3 0 3 
0 0 0 0 0 1 0 0 1 1 0 0 0 0 2 2 3 3 
1 0 0 1 1 0 0 0 0 1 0 0 1 3 0 0 3 0 
0 1 1 1 1 0 1 0 0 1 1 0 1 2 3 0 2 3 
0 1 0 0 0 1 1 1 1 1 1 0 0 0 3 1 0 0 
1 0 0 1 1 1 1 1 0 0 0 1 1 3 0 0 0 3 
0 1 1 1 1 1 0 1 0 1 0 1 0 2 2 3 1 0 
1 0 0 0 0 0 0 0 0 0 1 0 0 2 0 0 1 2 
0 1 0 0 0 0 1 1 0 0 1 1 0 1 3 3 3 2 
0 0 1 0 0 0 0 0 0 0 0 0 0 3 3 2 1 1 

# Size = 21 | Time = 5243 ms
0 1 1 1 1 1 0 1 0 1 1 0 0 1 2 3 1 0 
1 0 0 1 1 0 0 0 1 1 0 1 0 3 0 0 2 1 
0 1 1 0 0 1 1 0 1 0 1 0 0 2 1 2 1 2 
0 0 1 1 1 1 1 0 1 1 0 0 0 3 3 1 1 1 
0 0 0 0 0 1 0 1 0 0 1 1 0 0 2 2 3 1 
1 0 0 1 1 0 0 0 0 0 1 0 1 2 0 0 3 0 
0 1 1 0 1 0 1 0 0 0 1 0 0 0 3 3 2 2 
1 0 0 1 1 1 0 1 0 1 1 1 0 3 0 0 0 2 
0 0 0 0 0 1 1 0 1 1 0 1 0 3 1 3 3 3 
1 0 0 0 0 1 1 1 1 0 0 1 1 0 0 0 1 3 
0 1 1 0 1 1 1 0 1 1 0 1 0 3 2 2 2 0 
0 1 1 0 1 0 0 0 1 1 0 0 0 1 0 1 3 2 
0 1 0 1 1 0 0 1 1 1 1 1 0 0 1 1 0 0 
0 0 1 0 1 0 0 0 1 0 0 0 0 2 3 3 3 1 
0 1 1 0 0 1 0 1 0 0 0 0 0 2 2 1 2 3 
0 0 1 0 0 0 1 1 0 1 0 0 1 0 2 0 0 2 
0 1 1 0 1 1 0 0 0 1 1 1 0 2 0 3 0 1 
0 1 0 0 0 0 0 0 0 0 0 1 1 3 3 0 1 0 
0 1 0 0 1 0 0 0 0 0 1 1 1 1 1 0 2 1 
0 0 1 1 1 1 0 1 0 0 1 0 0 0 0 2 2 3 
0 0 1 0 0 0 1 1 0 0 0 1 0 1 3 2 0 3 

# Size = 22 | Time = 4848 ms
0 1 0 1 1 0 1 0 1 0 1 1 0 3 1 3 1 0 
0 1 1 0 1 1 0 1 1 1 0 0 0 0 2 3 0 3 
0 0 1 0 0 0 1 0 0 1 1 1 0 1 3 1 0 0 
1 0 0 1 1 0 0 0 0 1 1 0 0 0 0 0 1 1 
0 1 0 0 0 0 1 1 0 0 0 1 0 0 2 2 2 0 
1 0 0 1 1 0 0 1 0 0 0 1 1 2 0 0 0 2 
0 0 1 1 1 0 1 0 0 1 0 1 0 2 2 1 1 2 
0 0 1 1 1 1 1 1 1 0 1 0 0 0 0 1 2 1 
0 0 0 0 0 1 0 0 0 1 1 0 0 1 0 3 3 2 
0 0 0 1 1 1 1 1 0 0 0 1 0 1 0 2 1 3 
0 0 1 0 1 0 0 0 0 1 0 0 0 2 1 2 3 3 
0 1 0 1 1 0 1 1 0 1 1 1 0 0 1 1 3 2 
1 0 0 0 0 1 0 0 0 1 1 0 1 3 0 0 2 3 
0 0 0 1 1 0 0 0 0 1 0 1 0 2 3 3 3 1 
0 0 0 0 0 0 1 0 1 0 1 0 0 3 1 2 0 1 
0 1 0 0 0 1 0 0 1 1 1 1 0 2 0 3 2 0 
0 0 1 0 0 1 0 1 1 1 1 0 0 3 3 2 2 2 
0 1 0 0 0 0 0 1 0 0 1 1 1 1 2 0 2 1 
0 0 0 1 1 1 1 0 1 1 0 0 1 1 1 0 2 3 
0 0 1 0 0 0 0 0 0 0 0 1 0 3 2 1 3 3 
1 0 0 0 1 1 1 0 1 1 1 0 1 2 0 0 3 0 
0 1 1 0 0 1 0 0 1 0 1 0 1 0 3 0 1 3 

# Size = 20 | Time = 2736 ms
0 1 0 1 1 0 1 0 0 1 1 1 0 1 1 2 1 0 
0 0 0 1 1 1 0 1 1 1 0 0 0 3 2 1 1 3 
0 0 0 1 1 0 0 1 1 1 0 1 0 1 3 3 3 3 
0 1 1 0 0 1 0 0 1 0 0 0 0 0 0 2 0 3 
0 1 0 1 1 1 1 0 1 1 0 1 0 2 1 3 0 1 
0 0 0 0 0 1 1 1 1 0 0 1 0 2 3 1 0 0 
0 0 0 0 0 1 1 0 0 0 1 0 0 2 2 2 3 1 
1 0 0 1 1 0 1 0 1 1 0 1 1 2 0 0 3 2 
1 0 0 0 0 1 1 1 0 1 0 0 1 0 0 0 1 0 
1 0 0 0 1 0 0 0 1 0 1 1 0 2 0 0 2 3 
0 1 1 0 0 0 0 0 0 0 0 0 0 0 1 1 3 2 
0 1 1 1 1 0 1 0 0 1 1 0 0 0 2 3 2 0 
0 0 0 1 1 1 1 1 0 0 1 1 1 3 1 0 2 3 
0 0 0 0 0 0 0 1 0 1 1 1 1 0 3 0 1 1 
0 1 0 0 1 0 0 1 0 1 0 1 0 3 3 2 2 2 
1 0 0 1 1 0 1 0 0 0 1 0 1 3 0 0 0 1 
0 0 1 0 0 1 1 1 1 1 1 0 0 1 0 1 2 1 
0 0 1 0 1 1 1 1 0 0 0 1 0 2 0 3 1 2 
0 1 1 0 1 1 1 1 1 0 1 1 1 1 2 0 0 2 
0 0 1 0 0 1 0 0 1 1 1 0 0 3 3 3 3 0 

# Size = 20 | Time = 3680 ms
0 1 1 0 0 1 1 1 1 0 1 0 0 3 2 1 3 3 
0 0 0 1 1 0 0 0 0 1 1 0 0 1 1 3 3 2 
0 1 1 0 1 1 1 0 0 0 1 1 0 1 0 2 1 3 
0 1 0 0 0 0 1 1 0 0 0 1 0 0 3 2 3 0 
0 0 0 1 1 1 0 1 1 1 0 0 0 3 1 2 0 1 
0 0 1 0 0 1 1 1 1 1 0 1 0 0 2 3 1 1 
0 1 0 0 0 1 0 0 1 0 0 1 1 0 1 0 2 3 
0 1 1 1 1 0 1 1 0 1 1 1 0 3 3 0 0 1 
1 0 0 1 1 0 1 1 0 0 0 0 1 3 0 0 0 2 
0 1 1 1 1 0 1 0 1 0 1 1 0 0 0 1 0 2 
0 1 1 0 0 1 0 1 1 1 0 1 0 3 0 3 2 0 
0 0 1 1 1 0 1 1 0 1 0 0 0 2 1 1 1 0 
0 0 0 1 1 0 1 1 1 0 0 1 0 2 3 3 0 3 
1 0 0 0 1 0 1 1 0 1 1 1 1 2 0 0 3 1 
1 0 0 0 1 0 0 1 0 1 1 0 1 0 0 0 2 3 
1 0 0 0 0 1 1 0 1 0 1 0 0 3 0 0 1 0 
0 0 1 0 0 0 0 1 0 0 1 1 1 1 2 0 0 0 
0 0 0 0 0 0 0 1 1 1 0 0 1 2 3 0 1 2 
0 0 0 0 0 1 0 0 1 0 0 0 0 1 3 1 2 1 
0 1 0 1 1 1 1 0 1 1 1 0 0 2 2 2 2 2 

# Size = 22 | Time = 5297 ms
1 0 0 0 0 0 0 0 1 1 1 1 1 3 0 0 3 3 
0 0 1 0 0 0 0 0 1 0 1 1 0 3 1 1 2 1 
0 1 0 1 1 0 0 0 1 0 0 0 1 0 2 0 1 3 
0 1 0 1 1 0 1 0 1 1 1 0 0 2 3 1 3 3 
1 0 0 1 1 1 1 0 0 0 0 1 1 2 0 0 0 0 
0 0 0 0 0 0 1 1 0 1 0 0 0 3 3 2 2 0 
0 1 1 1 1 1 1 1 0 0 0 0 0 2 2 2 1 1 
0 1 1 0 1 1 0 0 0 1 1 0 1 2 1 0 3 0 
0 1 1 0 1 0 0 0 0 1 0 0 0 1 0 1 2 3 
0 1 1 0 0 0 0 1 0 1 1 0 0 0 2 1 1 0 
0 1 1 0 1 1 1 1 1 1 1 0 0 0 0 2 3 2 
1 0 0 0 0 0 0 1 1 0 0 0 0 3 0 0 1 2 
0 1 1 1 1 1 1 1 1 1 1 1 0 3 2 3 0 0 
0 0 1 0 0 1 0 1 1 1 1 0 0 0 3 3 0 1 
0 0 0 1 1 0 0 0 1 0 0 0 0 1 1 1 0 2 
1 0 0 1 1 1 0 1 1 0 1 1 1 0 0 0 2 1 
0 0 0 1 1 1 0 0 0 1 1 0 0 1 2 1 3 1 
0 0 0 0 1 0 1 1 0 0 0 1 0 0 1 3 1 3 
0 1 0 0 0 1 1 0 0 0 1 1 0 2 2 3 2 2 
0 0 0 0 0 1 0 1 1 0 0 1 1 1 3 0 1 2 
0 0 0 0 0 1 0 0 0 1 0 1 0 1 1 2 0 3 
0 0 0 1 1 1 1 0 1 0 0 0 0 1 0 3 3 0 

# Size = 22 | Time = 5685 ms
0 0 0 0 1 1 1 0 0 0 1 1 0 2 3 2 0 1 
0 0 0 0 1 1 0 0 0 1 0 1 1 1 1 0 0 2 
0 1 0 0 0 0 0 1 1 0 0 1 0 3 3 3 1 2 
0 1 0 1 1 1 1 0 0 1 1 0 1 2 2 0 3 3 
0 1 0 1 1 1 0 1 0 1 0 1 0 0 1 2 2 3 
1 0 0 1 1 1 0 1 0 1 1 1 1 3 0 0 0 0 
0 1 1 0 0 0 1 1 0 1 0 1 0 3 3 1 3 0 
0 1 1 1 1 0 1 0 1 1 1 0 0 1 2 2 1 0 
0 1 1 0 0 0 1 1 1 0 1 0 0 1 0 2 2 2 
1 0 0 0 0 1 0 0 1 1 0 1 0 2 0 0 2 3 
0 1 1 0 0 0 0 1 1 0 0 0 1 0 3 0 2 0 
0 0 1 0 0 1 0 0 0 0 0 1 0 0 2 3 0 1 
1 0 0 1 1 0 1 0 0 1 1 0 1 0 0 0 1 1 
0 0 0 1 1 1 1 0 0 0 0 0 0 3 0 3 1 3 
0 1 0 1 1 1 0 1 0 0 1 1 0 2 2 1 1 2 
0 1 1 1 1 0 0 0 1 1 1 0 0 0 0 1 0 3 
0 0 1 1 1 0 1 1 0 1 1 0 0 1 3 3 3 3 
0 1 1 0 0 0 0 1 1 1 1 0 0 2 1 3 2 0 
0 0 1 0 1 1 0 1 1 0 1 0 0 3 2 1 2 1 
1 0 0 0 0 0 1 0 1 0 1 0 1 0 0 0 3 2 
0 1 0 1 1 1 0 0 0 1 1 0 0 3 1 2 3 1 
0 0 1 0 0 0 1 1 0 0 1 0 0 1 1 1 1 1 

# Size = 21 | Time = 4182 ms
0 1 1 0 0 1 0 0 1 0 1 1 0 3 2 2 3 3 
0 0 0 1 1 0 1 1 0 1 1 0 0 2 2 1 3 2 
0 0 1 0 1 0 0 1 0 0 0 0 0 2 1 0 2 0 
0 0 1 1 1 1 1 1 1 1 1 0 1 1 3 0 3 3 
1 0 0 0 1 0 1 1 0 1 0 1 0 2 0 0 0 1 
1 0 0 1 1 1 0 0 1 0 1 0 1 3 0 0 2 2 
0 0 0 0 0 1 0 0 0 0 0 0 1 2 2 0 1 1 
0 1 0 0 0 0 1 0 0 0 1 0 0 0 3 3 1 2 
0 1 1 1 1 1 1 1 0 1 0 1 0 1 2 3 2 0 
0 0 1 1 1 1 1 1 1 1 1 1 0 0 1 2 1 0 
0 1 0 0 0 0 0 0 0 0 0 1 0 0 1 1 2 3 
1 0 0 0 1 1 1 1 1 0 0 0 1 3 0 0 1 3 
1 0 0 0 0 0 0 0 1 1 0 1 1 0 0 0 3 0 
0 0 1 0 1 0 0 0 1 1 1 1 0 3 1 3 3 1 
0 1 1 0 1 1 0 0 0 1 0 1 0 3 3 1 0 0 
0 1 0 0 1 1 1 0 1 0 0 1 0 1 0 1 1 1 
0 0 0 0 0 0 0 1 0 1 1 1 0 2 3 2 2 1 
0 1 0 0 0 0 0 1 1 0 0 1 1 1 1 0 0 2 
0 1 1 1 1 0 0 1 1 1 0 1 0 0 2 2 0 1 
0 1 0 0 1 0 1 0 1 1 1 1 0 2 0 3 0 3 
0 1 1 1 1 1 1 1 1 1 1 0 0 1 0 2 0 2 

# Size = 23 | Time = 3158 ms
1 0 0 0 1 0 0 0 0 0 0 0 0 0 0 0 2 2 
0 1 1 0 1 1 1 1 1 0 0 0 0 0 1 2 1 0 
0 0 1 0 1 1 0 1 1 0 0 0 0 3 2 1 2 0 
1 0 0 0 0 1 0 1 1 1 1 0 1 2 0 0 3 1 
0 0 1 0 0 0 0 0 0 1 1 1 1 1 1 0 0 1 
0 1 1 0 1 0 0 0 0 1 0 1 0 1 2 3 1 2 
0 0 1 0 1 1 0 1 1 1 1 0 0 1 0 2 2 3 
1 0 0 0 0 0 1 1 1 0 0 1 1 3 0 0 1 3 
0 1 0 1 1 1 0 1 1 1 1 1 0 0 0 3 2 0 
1 0 0 1 1 1 0 1 0 1 1 1 1 3 0 0 0 0 
0 1 1 0 0 0 1 1 1 0 1 0 0 0 0 1 1 3 
0 1 0 1 1 1 0 0 1 0 0 1 0 0 1 1 3 2 
0 1 0 0 0 1 0 1 1 0 0 0 0 3 3 3 0 2 
0 1 0 1 1 1 1 1 1 1 1 0 0 1 1 1 0 3 
0 0 1 0 1 0 1 0 0 0 1 1 1 2 2 0 2 0 
0 0 1 0 1 0 0 1 1 0 0 0 0 3 1 3 2 1 
0 0 1 0 1 0 1 0 0 0 0 1 0 2 3 3 3 3 
0 1 0 0 0 0 0 0 0 1 0 1 0 0 2 2 0 1 
0 1 1 1 1 1 0 0 1 1 1 1 0 3 2 2 3 3 
0 1 0 1 1 0 1 1 1 1 1 0 0 2 1 2 0 2 
0 0 1 0 0 0 1 1 1 0 1 0 0 1 3 2 3 0 
0 1 1 0 0 1 0 0 0 1 1 0 1 0 3 0 2 2 
0 1 1 1 1 1 1 1 0 1 0 0 0 2 3 1 1 1 

# Size = 19 | Time = 4424 ms
0 1 0 0 0 1 1 1 0 1 0 0 0 0 1 2 3 0 
0 0 1 1 1 0 1 0 1 0 0 1 0 2 0 2 2 3 
0 1 1 1 1 1 1 0 1 0 1 0 0 1 0 3 3 2 
0 1 1 0 1 0 1 1 0 0 1 1 1 3 3 0 3 3 
0 0 1 0 0 0 0 1 1 0 1 1 0 0 2 3 0 3 
0 0 1 0 1 1 0 0 1 1 1 0 0 3 1 3 2 1 
0 1 1 1 1 1 0 1 0 1 0 1 0 2 2 1 3 1 
0 0 0 0 0 1 1 1 0 0 0 0 0 2 3 3 1 0 
0 0 0 0 0 0 1 1 0 1 0 0 1 1 2 0 2 0 
0 0 1 1 1 1 0 0 0 1 1 0 0 3 2 2 1 2 
0 1 1 0 0 1 0 1 1 1 0 0 0 1 3 2 0 1 
0 1 1 1 1 0 0 1 1 0 0 1 1 2 1 0 0 2 
1 0 0 0 0 0 1 1 0 0 1 0 1 0 0 0 1 1 
0 1 0 1 1 0 0 0 1 1 0 0 0 0 3 1 2 2 
0 0 1 0 1 1 1 1 0 0 1 0 0 3 0 1 0 0 
0 1 1 0 0 1 0 0 1 0 0 1 0 1 1 1 1 3 
1 0 0 0 0 1 1 0 0 1 1 0 0 3 0 0 0 3 
1 0 0 1 1 0 0 0 1 1 0 1 1 3 0 0 3 0 
1 0 0 0 0 1 1 1 1 1 1 0 1 2 0 0 2 2 

# Size = 23 | Time = 2334 ms
0 1 0 0 0 0 0 1 0 1 0 0 0 2 3 1 1 3 
0 1 0 1 1 1 1 0 1 0 1 1 1 3 1 0 1 3 
0 1 0 0 0 1 1 1 1 1 1 1 0 0 1 2 2 1 
0 0 1 0 0 0 1 0 1 1 0 1 0 1 3 2 0 2 
0 0 0 1 1 0 1 0 0 0 0 0 0 1 1 1 1 1 
1 0 0 0 0 1 1 1 1 1 0 0 0 3 0 0 2 2 
0 0 1 1 1 1 1 0 1 1 0 0 0 3 3 3 3 1 
0 1 1 1 1 0 0 0 0 0 1 0 0 1 0 3 2 3 
0 0 1 1 1 0 1 1 0 1 0 0 0 3 2 2 2 3 
0 0 1 0 1 1 1 0 0 0 0 0 0 1 0 2 1 0 
0 0 0 1 1 1 0 0 0 0 0 0 1 0 3 0 3 3 
0 0 1 0 0 0 1 1 0 0 0 0 1 1 2 0 3 1 
0 0 1 0 1 1 0 0 0 0 1 1 0 2 1 3 0 2 
0 1 0 1 1 1 1 0 0 0 1 1 0 3 2 1 3 2 
0 0 1 0 0 1 1 0 1 1 1 0 0 0 2 3 1 2 
1 0 0 0 0 1 1 1 0 1 1 0 1 0 0 0 0 3 
1 0 0 0 1 1 0 1 1 0 1 1 1 3 0 0 3 1 
1 0 0 1 1 0 0 0 0 0 1 1 1 2 0 0 1 0 
0 0 1 1 1 0 1 0 1 0 0 0 0 2 0 1 0 1 
0 0 1 0 0 1 0 1 0 1 1 1 1 2 2 0 2 2 
0 1 0 0 0 0 1 0 1 1 1 0 0 0 3 1 2 0 
0 1 0 1 1 0 0 1 1 1 0 1 0 3 2 3 0 0 
0 0 0 1 1 1 0 1 1 0 1 0 0 2 1 2 3 0 

# Size = 22 | Time = 5093 ms
0 1 0 0 1 0 1 0 0 0 1 1 0 2 3 1 1 2 
0 0 0 0 0 1 0 1 0 1 1 0 0 1 0 2 0 1 
0 1 0 0 1 1 1 1 1 0 0 0 0 1 1 1 0 3 
1 0 0 0 0 1 1 0 1 1 1 0 1 3 0 0 3 3 
0 0 1 1 1 0 0 1 0 1 1 0 0 0 2 3 1 3 
0 0 1 1 1 0 0 1 1 1 1 0 0 2 2 3 0 2 
0 0 1 0 1 1 1 1 1 1 0 1 0 3 1 2 1 0 
0 1 0 1 1 1 0 1 0 1 1 0 0 3 1 3 3 2 
0 1 0 0 0 1 0 1 1 0 0 1 1 1 2 0 1 2 
0 1 0 1 1 1 0 0 1 1 1 0 0 1 3 3 2 0 
0 0 1 1 1 0 1 0 0 1 1 1 0 2 3 2 2 3 
0 1 1 0 0 1 1 0 1 0 0 1 0 0 0 3 2 1 
0 0 1 1 1 0 0 1 0 1 1 1 0 3 2 1 2 1 
0 0 1 1 1 1 1 0 0 1 1 1 1 2 1 0 2 1 
0 1 1 1 1 1 1 0 0 1 0 0 0 2 2 2 3 0 
0 0 0 0 0 1 0 0 0 0 0 1 1 3 3 0 0 0 
0 1 0 0 1 1 1 1 0 1 1 1 0 0 3 1 3 1 
0 1 1 0 0 0 1 0 1 0 0 0 0 1 0 1 3 0 
1 0 0 1 1 0 0 1 0 1 0 1 0 0 0 0 2 0 
1 0 0 1 1 0 0 0 1 0 1 1 1 0 0 0 0 2 
0 0 1 0 0 0 1 0 1 0 1 1 0 0 1 2 2 2 
1 0 0 0 0 0 0 0 0 0 0 1 1 2 0 0 1 1 

# Size = 21 | Time = 4230 ms
0 1 1 1 1 1 1 0 1 1 0 1 0 1 2 2 2 2 
0 1 1 0 0 0 0 1 1 1 1 1 0 1 0 3 2 0 
0 0 0 1 1 0 1 0 1 0 0 1 0 0 3 2 0 0 
0 0 0 0 0 1 0 1 1 0 0 0 0 2 2 1 3 0 
0 0 1 0 0 0 0 0 0 0 0 0 0 1 0 1 3 3 
0 1 1 0 0 1 0 1 1 1 1 0 0 3 3 2 1 3 
0 1 1 0 0 1 0 0 0 0 1 0 0 0 2 3 1 1 
1 0 0 0 0 0 1 0 1 0 1 0 1 2 0 0 1 2 
1 0 0 1 1 1 0 1 0 1 1 0 1 0 0 0 0 3 
0 1 1 1 1 0 0 0 0 1 1 1 0 2 1 2 3 1 
1 0 0 1 1 1 1 0 0 1 1 1 0 3 0 0 2 1 
0 1 0 0 0 1 0 0 1 0 1 1 0 3 0 2 0 2 
0 1 0 0 1 0 1 0 0 1 0 0 1 3 2 0 0 3 
1 0 0 1 1 1 0 1 1 0 0 1 1 0 0 0 3 0 
0 1 0 0 1 0 1 1 0 0 1 0 0 0 1 1 2 2 
0 0 1 0 0 1 1 1 1 0 0 1 1 1 1 0 1 1 
0 0 1 0 1 1 1 1 1 0 0 1 0 2 1 3 0 3 
0 1 1 1 1 1 1 0 0 0 0 0 0 3 1 1 1 0 
0 1 0 0 0 0 1 0 0 1 1 1 0 1 3 1 0 1 
0 1 0 1 1 0 1 0 0 1 1 0 0 3 3 3 3 2 
0 0 1 0 1 0 1 0 0 1 1 1 1 2 3 0 2 3 

# Size = 22 | Time = 5175 ms
0 1 0 0 0 0 0 0 0 1 1 1 0 0 2 3 1 2 
0 1 0 0 0 1 0 1 1 1 0 1 0 2 3 1 0 3 
1 0 0 1 1 0 0 0 1 1 1 1 1 3 0 0 2 1 
0 1 1 0 0 1 1 0 1 0 1 0 0 2 0 3 0 1 
0 1 1 1 1 1 0 0 1 0 0 1 0 3 2 2 0 3 
0 0 0 0 1 1 1 0 0 1 1 0 0 1 0 2 2 3 
0 1 0 0 0 0 0 1 1 0 1 1 0 3 0 1 2 2 
1 0 0 0 0 0 1 0 0 0 1 1 1 2 0 0 1 0 
0 0 1 0 1 0 0 0 1 0 1 0 0 2 1 2 3 2 
0 0 1 0 1 1 1 0 1 0 1 1 0 1 3 3 2 0 
0 1 0 0 1 1 1 0 0 1 1 1 1 3 3 0 3 0 
0 0 1 0 1 0 0 1 1 0 1 0 0 0 3 2 0 0 
0 0 0 1 1 0 0 0 1 1 0 0 0 1 1 1 1 1 
1 0 0 0 1 1 0 1 1 0 0 0 0 2 0 0 0 2 
0 1 1 0 0 1 1 1 0 1 1 1 0 1 2 1 3 1 
0 0 1 1 1 0 0 1 0 0 1 0 1 2 2 0 2 0 
0 0 0 0 0 0 1 1 1 0 0 0 0 3 1 3 1 3 
0 0 1 0 0 1 0 0 0 0 0 1 0 0 3 2 1 1 
0 1 1 1 1 0 0 0 1 0 0 1 0 0 3 3 3 2 
0 1 0 0 0 1 1 1 0 0 0 1 0 0 1 1 2 0 
1 0 0 0 1 0 0 1 1 0 1 1 1 0 0 0 3 3 
0 0 0 1 1 0 1 1 0 1 0 0 1 1 1 0 0 2 

# Size = 19 | Time = 5064 ms
0 1 1 1 1 0 0 1 1 0 1 0 1 1 2 0 2 2 
0 1 0 1 1 1 1 0 0 0 1 0 0 2 2 1 1 3 
0 0 0 0 0 0 0 1 1 1 1 1 0 2 1 2 2 0 
0 1 0 1 1 1 1 1 1 0 0 0 0 3 3 1 2 1 
0 0 0 0 0 0 0 0 1 0 0 1 0 1 0 1 0 0 
0 1 1 0 0 1 0 0 0 1 0 0 0 3 0 2 1 2 
0 0 1 1 1 1 1 1 1 1 0 1 0 3 2 3 3 0 
1 0 0 0 0 0 0 1 1 0 0 1 1 2 0 0 3 1 
0 1 1 1 1 0 1 0 1 1 0 0 0 0 1 1 3 2 
0 1 1 0 0 1 1 1 0 0 0 1 0 0 2 2 0 1 
1 0 0 1 1 1 1 0 1 0 0 1 1 3 0 0 1 2 
1 0 0 0 1 0 0 0 1 0 1 0 1 0 0 0 2 3 
0 0 1 1 1 1 1 0 0 1 1 0 0 1 3 2 3 3 
1 0 0 0 0 0 0 1 0 1 0 0 0 3 0 0 0 0 
0 1 0 0 0 1 0 1 0 0 0 0 0 0 0 3 2 3 
0 1 1 0 0 0 1 1 0 1 0 1 1 0 3 0 1 0 
0 1 1 0 1 0 0 1 0 0 1 1 1 3 1 0 0 3 
0 0 1 1 1 1 0 0 0 1 1 1 0 1 1 3 1 1 
0 1 1 1 1 0 0 0 1 1 1 1 0 2 3 3 0 2 

# Size = 21 | Time = 3612 ms
0 1 0 1 1 0 0 1 1 1 0 0 0 3 0 1 1 2 
0 1 1 1 1 0 0 0 1 0 0 1 0 1 3 1 3 1 
0 1 0 0 0 1 1 0 0 1 1 0 0 3 3 3 2 0 
1 0 0 0 1 0 1 1 0 0 1 1 1 2 0 0 2 1 
0 0 1 0 0 0 0 0 0 1 0 0 1 1 2 0 1 0 
0 1 1 0 0 1 1 1 0 1 1 1 0 3 2 2 0 1 
0 0 0 1 1 1 1 0 1 0 0 1 0 0 2 1 2 3 
0 0 1 0 0 1 0 1 0 1 0 0 0 0 3 2 3 2 
0 1 1 0 0 0 0 0 0 1 0 0 0 2 1 1 0 0 
0 0 0 0 1 0 1 1 1 0 0 1 1 1 1 0 2 2 
0 0 0 1 1 0 0 0 1 0 1 0 0 0 1 3 1 1 
0 0 0 0 1 1 0 0 1 0 0 1 0 3 1 2 3 3 
0 0 1 0 1 1 0 1 0 0 0 0 0 1 0 3 0 3 
0 1 1 1 1 1 1 1 0 0 0 1 0 2 3 2 1 0 
0 0 0 0 0 1 0 1 1 0 1 1 0 2 2 3 3 2 
1 0 0 1 1 0 1 0 0 1 0 1 0 2 0 0 0 2 
1 0 0 1 1 1 0 0 1 1 0 1 1 0 0 0 3 0 
0 0 1 0 0 0 0 0 1 0 1 1 0 1 0 2 2 3 
1 0 0 0 0 0 0 0 0 1 1 0 1 3 0 0 1 3 
0 1 0 0 1 0 1 1 1 0 1 0 0 2 1 1 3 3 
0 1 1 1 1 0 0 1 1 1 0 1 1 0 3 0 0 3 

# Size = 21 | Time = 4621 ms
0 1 1 0 1 0 1 1 1 1 0 0 0 2 0 2 1 3 
0 1 1 1 1 1 0 0 0 0 1 1 0 3 1 1 1 2 
0 1 1 1 1 0 0 0 1 0 1 1 0 0 1 2 0 0 
0 1 0 0 0 1 1 1 1 1 1 1 0 2 2 1 0 1 
0 1 1 0 1 1 1 0 1 1 0 0 0 1 0 1 3 0 
0 0 0 1 1 1 1 0 1 1 0 1 0 3 3 3 0 0 
0 1 0 0 0 0 0 1 1 0 0 0 0 1 3 2 1 2 
0 1 0 1 1 1 0 0 1 1 0 1 0 2 1 3 3 2 
1 0 0 0 0 0 0 1 0 0 0 1 1 3 0 0 1 1 
0 0 1 0 0 0 1 0 1 1 0 1 0 0 3 1 2 3 
0 0 1 1 1 1 0 0 1 0 0 1 0 3 0 3 2 1 
1 0 0 0 1 0 1 0 1 0 1 1 1 2 0 0 2 0 
0 0 1 0 0 1 1 0 0 0 1 1 1 2 3 0 3 1 
0 0 0 0 0 1 1 1 0 0 0 0 1 0 1 0 3 1 
0 0 0 0 0 0 0 1 0 0 1 0 0 0 2 3 1 0 
0 1 0 1 1 1 1 0 0 0 0 0 0 1 1 3 2 3 
1 0 0 1 1 1 0 0 0 1 0 0 1 0 0 0 0 2 
0 0 1 0 0 1 0 0 0 1 1 1 0 1 2 2 3 1 
0 1 0 0 1 0 0 1 1 1 0 1 1 1 2 0 0 3 
0 0 0 1 1 1 1 1 0 0 1 0 0 3 2 2 2 2 
1 0 0 0 0 0 0 0 1 0 1 1 0 3 0 0 3 3 

# Size = 21 | Time = 5216 ms
0 1 1 1 1 0 1 1 0 0 1 0 0 3 2 3 3 2 
1 0 0 0 1 0 0 1 0 0 1 1 0 0 0 0 0 2 
0 1 0 0 0 0 1 0 1 0 0 0 1 1 1 0 2 2 
0 0 0 1 1 0 1 1 1 1 1 1 0 0 1 1 1 2 
0 1 0 0 0 1 0 1 1 0 0 0 0 3 3 1 3 0 
0 1 1 0 1 1 0 1 1 0 1 1 0 0 1 2 3 1 
0 1 1 0 0 0 0 1 0 1 1 1 0 3 1 1 0 3 
1 0 0 0 0 0 1 0 0 1 0 0 1 2 0 0 1 0 
0 1 1 1 1 1 0 0 0 0 0 0 0 1 2 2 0 3 
0 0 1 1 1 1 1 1 0 1 1 1 0 1 0 1 2 3 
1 0 0 0 1 0 0 1 1 1 0 1 1 2 0 0 3 3 
0 0 1 0 0 1 1 0 0 1 1 1 1 1 3 0 0 1 
0 0 0 1 1 0 1 0 1 0 1 0 0 1 0 2 3 0 
0 1 0 1 1 1 0 1 0 0 1 1 0 2 3 2 2 2 
1 0 0 1 1 1 1 1 1 1 1 1 1 3 0 0 2 1 
0 1 1 0 1 1 0 0 1 0 0 0 0 1 0 3 1 1 
0 0 1 0 0 1 0 0 1 1 1 1 0 2 1 3 0 0 
0 1 0 0 1 1 1 0 1 1 1 0 0 0 3 3 2 3 
0 0 0 0 0 0 0 0 0 1 1 1 0 3 3 2 1 3 
0 0 0 0 0 0 0 0 1 1 0 1 1 0 2 0 2 0 
0 0 0 1 1 0 1 0 1 0 0 0 0 2 2 1 1 1 

# Size = 20 | Time = 3554 ms
0 0 1 1 1 0 0 0 0 0 0 0 0 1 0 1 3 2 
0 1 0 0 1 1 0 1 1 0 0 0 0 2 1 1 1 1 
1 0 0 0 0 0 1 0 0 1 1 0 0 3 0 0 0 2 
1 0 0 1 1 0 0 0 1 1 1 0 0 3 0 0 2 1 
0 1 0 1 1 1 0 0 0 0 1 1 0 0 2 1 2 0 
0 0 0 0 0 0 0 0 0 0 1 1 0 0 1 2 0 2 
0 1 1 0 0 1 1 1 1 1 0 1 0 3 0 2 2 1 
1 0 0 1 1 1 0 0 1 0 0 1 1 0 0 0 1 3 
0 0 1 0 0 1 1 0 0 1 1 0 0 1 3 2 1 0 
0 0 1 1 1 1 1 0 0 0 0 1 1 3 1 0 3 0 
0 1 1 1 1 0 1 0 0 0 0 0 0 0 3 3 3 1 
0 1 0 0 0 1 0 0 1 1 1 0 1 2 3 0 2 2 
0 1 0 0 0 1 1 0 0 1 1 1 0 3 3 1 0 3 
0 1 1 1 1 0 1 1 1 0 0 0 1 1 2 0 0 1 
0 1 0 0 0 1 0 1 0 1 0 1 0 3 2 3 1 2 
0 0 1 1 1 0 0 1 0 1 1 0 0 0 3 2 1 3 
0 0 1 1 1 1 0 1 1 1 0 0 0 2 2 2 3 3 
0 0 0 0 1 0 1 0 1 0 1 0 0 2 0 3 0 0 
0 0 0 0 0 1 1 1 1 1 0 1 0 1 1 3 2 3 
1 0 0 0 0 1 0 1 0 0 1 1 1 2 0 0 3 0 

# Size = 22 | Time = 5295 ms
0 1 1 0 0 1 0 1 1 1 1 1 1 1 2 0 3 3 
1 0 0 0 0 1 0 1 1 0 1 0 0 2 0 0 3 1 
1 0 0 1 1 1 1 0 0 1 1 1 0 3 0 0 0 0 
0 1 1 1 1 1 1 1 1 1 0 0 0 0 3 2 0 3 
0 0 0 1 1 0 1 1 1 0 0 1 0 2 2 1 2 0 
0 1 0 0 1 0 1 0 0 0 0 1 0 1 0 1 0 1 
0 0 1 0 0 1 1 0 0 1 0 0 1 2 1 0 0 1 
0 1 1 0 0 0 0 1 1 1 1 0 0 0 1 3 2 3 
0 1 1 0 1 0 0 0 1 1 0 0 0 3 2 3 0 2 
0 0 0 1 1 0 0 0 0 1 1 0 0 0 2 1 0 1 
0 0 0 0 0 1 0 0 0 0 1 1 0 2 1 2 2 1 
1 0 0 0 0 1 0 0 1 0 0 0 1 3 0 0 2 3 
0 1 1 1 1 0 1 1 0 1 1 1 0 2 0 3 2 2 
0 1 1 1 1 1 0 0 0 0 1 1 0 1 3 2 2 2 
0 0 0 0 0 1 1 0 1 1 1 0 0 3 2 2 1 1 
0 1 1 0 0 0 0 1 0 1 1 0 0 2 3 1 1 3 
0 1 1 0 0 0 1 0 1 1 0 0 0 0 0 2 3 0 
0 1 0 0 0 1 0 1 1 0 0 1 0 3 1 1 3 2 
0 0 0 1 1 1 1 0 1 0 0 0 0 1 1 3 1 0 
0 0 0 1 1 0 0 1 0 0 0 1 1 0 3 0 3 0 
0 1 0 0 1 0 1 1 0 1 0 0 0 3 3 3 3 1 
1 0 0 0 1 0 0 0 1 0 0 1 1 0 0 0 1 2 

# Size = 20 | Time = 2531 ms
0 1 0 1 1 1 1 1 1 0 0 0 1 3 1 0 3 1 
0 0 1 0 1 1 0 1 1 0 0 1 0 3 2 3 0 3 
0 1 1 0 0 0 1 0 0 0 1 0 0 0 1 2 1 3 
0 1 1 0 1 0 0 1 1 1 1 1 0 0 2 1 2 1 
0 0 0 1 1 0 1 0 0 0 1 0 0 3 3 2 2 0 
0 1 0 0 0 1 1 0 0 0 0 1 0 1 1 3 2 2 
0 0 0 1 1 1 0 1 0 0 0 1 0 3 0 1 1 2 
1 0 0 1 1 0 1 0 0 0 0 0 1 2 0 0 2 3 
0 1 1 0 1 1 0 1 0 1 1 0 0 1 0 2 0 1 
0 1 1 1 1 1 1 1 1 1 0 1 1 0 3 0 0 2 
0 0 0 1 1 1 0 1 0 0 1 1 1 1 2 0 1 0 
0 1 0 0 0 1 0 0 0 0 1 1 0 2 3 3 1 1 
1 0 0 0 0 0 0 1 0 1 1 0 1 3 0 0 0 1 
0 1 1 1 1 0 1 1 0 1 1 0 0 0 0 3 3 0 
0 1 1 0 0 0 1 0 0 1 1 0 0 2 2 2 3 2 
0 1 0 0 0 1 1 0 0 0 1 0 0 2 1 1 0 0 
0 0 0 0 1 0 1 0 0 1 1 1 0 1 3 1 3 3 
1 0 0 1 1 1 1 1 1 1 1 1 0 2 0 0 1 2 
0 0 0 0 0 1 0 0 1 1 0 1 0 1 1 2 1 0 
1 0 0 1 1 0 0 0 0 1 1 0 0 0 0 0 3 0 

# Size = 22 | Time = 5283 ms
0 0 0 1 1 0 0 1 1 0 0 1 0 2 1 1 2 0 
0 1 0 1 1 1 1 0 1 0 1 0 0 1 1 2 3 3 
0 0 1 0 0 1 0 0 0 0 0 1 0 3 2 1 2 3 
0 0 1 1 1 1 1 0 1 0 1 1 0 2 3 3 1 3 
0 1 1 0 0 0 1 0 0 0 0 1 0 3 1 2 1 1 
0 0 1 1 1 0 0 1 1 0 0 0 0 2 2 2 3 2 
0 0 0 1 1 0 1 0 1 1 0 0 0 1 2 3 0 1 
0 0 0 0 0 0 1 0 1 1 1 1 1 3 1 0 0 2 
1 0 0 0 1 1 1 1 1 0 1 1 0 3 0 0 2 1 
0 1 1 0 1 1 1 0 0 0 1 1 0 1 3 2 2 0 
0 1 1 0 0 0 0 0 0 1 0 1 1 2 3 0 2 1 
0 0 0 0 0 0 1 0 0 0 0 0 0 0 3 1 3 1 
1 0 0 1 1 1 1 1 0 0 0 0 1 2 0 0 0 0 
1 0 0 0 1 1 0 0 0 0 0 1 1 0 0 0 3 2 
0 0 1 0 0 1 0 1 1 1 0 1 1 1 3 0 3 3 
0 1 0 0 1 0 0 1 1 1 1 1 1 0 2 0 1 0 
1 0 0 0 0 0 1 1 1 1 1 1 0 2 0 0 1 3 
0 1 0 1 1 0 1 0 1 1 0 0 0 3 3 1 0 2 
0 1 0 0 1 0 0 1 1 0 1 0 0 0 1 3 2 2 
0 1 1 0 0 0 1 1 0 1 0 1 0 3 0 3 3 0 
0 0 1 1 1 1 0 0 0 0 1 0 0 1 0 1 1 2 
0 0 1 1 1 1 0 1 1 1 1 0 0 0 0 2 0 3 

# Size = 20 | Time = 3093 ms
0 1 1 0 1 0 1 0 1 1 0 0 0 2 3 1 1 0 
0 1 1 1 1 0 0 1 0 1 0 1 0 1 2 1 0 0 
1 0 0 1 1 0 1 0 1 1 1 1 0 2 0 0 1 3 
0 1 1 1 1 1 0 0 0 0 1 1 0 2 1 3 0 1 
0 0 0 0 0 0 0 1 0 0 1 0 1 1 1 0 2 3 
0 1 1 1 1 0 1 0 1 1 0 1 1 0 2 0 1 1 
0 1 1 1 1 0 1 0 1 1 1 0 1 1 3 0 3 2 
0 1 1 0 0 0 0 0 1 0 0 1 0 0 3 3 2 0 
0 1 0 0 0 0 0 1 1 0 1 0 0 3 2 3 3 3 
0 1 1 1 1 0 0 1 0 0 0 1 0 1 0 2 1 1 
0 1 0 0 0 1 1 1 0 0 1 0 0 3 3 2 0 3 
0 0 0 1 1 0 1 0 0 1 1 0 0 3 3 1 2 1 
1 0 0 1 1 0 0 0 1 1 0 0 1 0 0 0 0 2 
0 1 1 0 1 1 1 1 0 1 0 0 0 0 0 1 3 3 
1 0 0 0 0 0 0 1 0 0 0 1 1 2 0 0 3 1 
1 0 0 0 0 1 1 0 0 0 0 1 1 3 0 0 2 0 
0 0 0 0 0 1 1 0 1 1 1 0 0 1 0 3 1 2 
0 0 1 0 0 1 0 1 1 0 0 0 0 3 1 1 1 2 
0 0 1 0 1 1 0 0 0 0 0 1 0 2 2 2 2 2 
0 1 1 1 1 0 1 1 1 1 1 1 0 0 1 2 3 0 

# Size = 20 | Time = 3647 ms
0 0 0 1 1 1 0 1 0 1 0 1 0 1 3 2 0 1 
1 0 0 0 0 0 1 1 1 0 1 1 1 2 0 0 0 2 
0 1 1 0 0 0 1 1 1 0 1 0 1 3 3 0 0 0 
0 0 1 0 1 1 0 0 0 0 1 0 0 2 0 2 3 2 
0 1 1 1 1 0 0 1 1 0 1 0 1 1 1 0 2 2 
1 0 0 0 1 1 1 0 0 0 0 1 1 3 0 0 2 1 
0 0 1 0 0 0 1 1 1 1 1 0 1 2 2 0 1 1 
0 1 0 0 0 0 1 0 1 0 0 1 0 0 2 2 2 0 
0 1 0 0 1 1 1 0 0 1 0 0 0 1 3 1 3 1 
0 1 1 1 1 1 0 0 0 1 0 1 0 2 3 3 2 3 
0 1 0 0 0 1 1 0 1 0 0 0 0 0 1 3 0 1 
0 0 1 1 1 0 1 1 1 1 1 1 0 2 1 1 3 0 
0 1 1 0 0 0 0 0 0 1 1 1 0 1 0 3 1 0 
0 1 0 1 1 1 1 0 0 1 1 1 0 3 1 2 1 3 
1 0 0 1 1 1 0 1 1 0 0 1 0 3 0 0 1 0 
0 1 1 1 1 1 1 1 1 0 0 1 0 1 2 1 0 3 
0 0 0 0 0 1 1 0 0 0 0 1 0 3 0 1 2 3 
0 0 0 0 0 0 0 1 0 1 0 1 0 3 2 3 3 2 
0 0 1 1 1 0 0 0 0 1 0 0 0 0 3 1 1 2 
1 0 0 0 0 0 1 1 0 1 1 0 1 0 0 0 3 3 

