# Size = 17 | Time = 15093 ms
1 1 0 1 0 0 0 0 0 1 1 1 1 0 1 1 0 0 1 1 3 0 1 1 1 1 1 1 1 1 1 0 0 0 1 0 1 1 0 0 1 1 1 0 0 0 1 1 0 0 1 1 
0 0 0 1 2 0 0 0 0 1 0 0 1 1 0 0 1 1 0 1 3 0 0 0 1 0 1 1 0 0 1 0 1 0 0 1 1 1 0 1 0 0 0 0 0 1 0 0 1 1 0 0 
0 0 0 1 2 0 0 0 1 1 1 1 0 1 1 1 0 0 0 0 2 1 0 0 0 0 0 1 0 0 0 0 0 1 1 1 1 0 1 0 0 0 1 1 0 0 1 0 1 0 0 1 
1 1 0 1 1 0 0 0 1 1 0 1 0 1 0 1 0 0 1 0 0 0 0 1 0 1 0 0 3 1 0 0 1 1 1 1 0 1 0 1 0 0 0 0 0 1 1 0 1 1 0 0 
1 0 0 0 2 1 1 0 1 0 1 1 1 1 1 0 1 0 1 0 0 1 1 1 1 1 1 1 3 1 1 1 0 1 0 0 1 0 0 1 1 0 0 1 0 0 1 1 0 0 1 1 
1 1 1 1 1 0 1 1 0 1 1 1 1 0 1 1 0 1 1 0 2 1 1 0 1 1 0 1 2 1 1 0 0 1 0 1 1 1 0 1 0 1 1 1 0 0 1 1 0 1 0 1 
1 1 1 0 1 1 1 1 0 0 0 0 1 0 0 1 1 0 0 0 0 1 1 0 0 1 1 1 0 0 0 1 0 0 1 1 0 0 1 0 1 0 1 1 1 0 1 1 0 1 1 1 
0 0 1 0 0 1 1 0 0 1 0 1 0 0 1 0 1 1 0 0 0 1 1 0 0 0 0 1 1 1 1 0 0 0 1 0 1 1 0 1 0 1 0 0 0 0 0 0 1 0 0 1 
1 1 1 0 0 1 1 1 0 0 0 0 1 0 1 0 0 1 0 0 2 0 0 1 0 0 1 0 3 0 1 1 1 0 0 0 0 0 1 1 1 1 1 1 1 1 0 0 1 1 1 0 
0 1 0 1 0 1 0 0 0 0 0 1 0 0 0 0 1 0 1 1 1 1 0 1 1 0 0 0 0 1 0 0 1 0 0 0 0 0 1 0 1 1 0 1 1 0 0 1 0 0 1 1 
0 1 0 0 0 1 0 0 1 0 1 0 0 1 1 0 1 0 0 1 3 0 0 1 0 1 0 0 2 1 0 1 0 1 0 1 0 1 1 0 1 0 0 0 0 0 0 1 0 1 0 1 
1 0 1 0 2 0 0 1 0 0 1 0 1 0 1 0 0 1 1 0 1 1 0 1 0 1 1 0 2 0 1 1 1 0 1 0 0 0 0 1 0 0 1 1 0 1 1 0 0 0 0 0 
0 1 1 0 1 0 1 1 1 1 0 0 0 1 0 0 1 0 0 0 3 1 1 1 1 1 1 1 3 0 1 1 1 0 1 1 1 0 1 1 1 0 0 1 1 1 0 0 0 1 0 0 
0 0 1 1 1 1 1 1 1 1 0 0 0 0 0 0 0 1 0 1 1 0 1 0 1 0 1 1 3 0 0 1 0 0 1 1 1 0 1 0 0 1 1 0 0 1 1 0 1 0 0 0 
0 1 1 1 2 1 0 1 0 0 1 0 1 1 0 1 1 0 0 1 1 0 0 0 1 0 1 0 1 1 0 1 1 1 0 1 1 1 0 1 1 1 1 1 1 0 1 1 0 1 1 1 
0 0 0 1 0 0 0 1 0 0 0 1 0 1 0 1 1 0 1 1 0 1 1 1 1 0 1 0 2 1 0 0 0 0 1 0 1 0 1 0 0 1 0 1 1 1 1 0 1 0 1 1 
1 1 1 0 1 0 0 0 1 1 0 0 0 1 0 1 1 0 1 1 2 1 0 1 1 0 0 1 1 0 0 1 0 0 1 0 0 0 1 0 1 0 0 0 0 1 1 1 0 0 0 0 

# Size = 16 | Time = 39017 ms
1 1 1 0 1 0 1 1 1 1 0 0 1 1 0 1 0 0 1 0 0 0 1 1 1 1 0 1 3 0 0 1 0 1 0 1 1 1 0 0 0 1 1 1 1 1 1 0 0 0 1 0 
1 0 0 1 1 1 0 0 1 0 0 0 1 0 1 0 1 1 1 1 1 1 1 1 0 1 0 0 3 0 0 0 0 1 1 1 0 0 1 1 1 0 1 0 0 1 0 0 1 0 0 0 
1 0 0 1 1 1 1 0 1 1 1 0 1 0 0 0 1 1 1 0 2 0 0 1 0 1 0 1 1 1 1 1 0 0 1 0 0 1 0 1 1 0 0 1 1 0 0 1 0 0 1 1 
1 1 0 1 0 1 0 1 0 0 0 0 0 1 0 1 1 1 1 1 0 1 1 0 0 1 0 1 0 1 1 1 1 1 0 1 0 0 1 0 1 0 1 0 0 0 1 1 0 0 1 1 
0 1 1 1 1 1 1 0 1 1 1 0 1 0 1 0 1 0 1 1 1 0 1 0 1 0 1 0 0 0 1 1 1 0 0 0 1 0 0 0 1 1 1 1 1 1 0 0 1 1 1 0 
0 1 0 0 2 1 1 1 1 0 1 1 1 0 1 0 1 0 0 1 0 1 1 0 1 1 0 1 1 0 0 1 0 1 1 1 0 1 1 1 1 0 0 0 0 0 0 0 1 1 0 1 
0 0 1 0 0 0 0 1 0 0 1 0 0 1 1 0 0 0 1 1 2 1 0 0 1 0 0 1 3 1 1 1 0 1 0 0 1 0 0 1 0 1 0 1 1 0 0 0 1 1 0 1 
1 0 0 0 2 0 1 1 1 1 0 1 1 1 0 1 1 1 1 0 1 1 0 0 0 1 1 1 2 1 1 1 0 1 1 0 1 0 0 1 0 0 1 0 0 0 1 1 0 1 0 1 
1 1 1 0 0 0 0 0 1 0 1 1 1 0 1 1 1 1 1 1 3 0 0 0 1 0 1 0 1 1 0 0 0 1 1 0 1 0 0 1 0 1 1 1 1 1 1 1 0 1 0 1 
1 0 0 0 2 1 1 0 0 0 0 1 0 1 1 1 0 0 0 0 2 0 0 1 0 1 1 0 0 0 0 0 0 1 0 0 0 0 1 0 0 1 1 1 1 0 1 0 0 1 1 1 
1 0 0 0 0 0 0 1 0 1 0 0 0 1 0 0 0 1 0 0 1 0 0 0 0 0 1 1 1 0 0 0 1 0 0 0 0 1 1 0 0 1 0 0 0 1 0 0 0 1 0 0 
0 1 0 1 1 0 1 0 0 1 0 1 0 0 1 0 0 1 0 0 3 1 0 0 0 1 0 1 2 0 1 0 0 1 1 0 1 0 1 0 1 1 0 1 0 0 0 0 1 0 1 1 
0 0 0 1 1 0 0 0 1 1 1 0 0 1 0 1 1 1 1 1 3 1 0 0 0 0 0 0 0 1 0 0 0 0 1 1 0 1 1 1 1 0 0 1 0 1 1 0 1 1 0 0 
1 0 1 0 0 1 1 0 1 1 1 1 0 0 0 1 0 0 0 0 0 1 0 1 1 0 1 0 2 1 0 0 0 0 0 0 0 0 0 1 1 0 1 1 1 1 1 1 0 0 1 0 
0 1 0 0 2 1 0 0 0 0 1 0 1 1 0 1 1 0 0 1 2 0 1 1 1 0 1 0 2 1 1 1 1 0 1 1 1 1 0 1 1 0 0 0 0 1 1 0 0 0 1 0 
0 1 1 1 2 1 0 1 1 0 0 1 0 1 0 0 1 0 0 1 3 1 1 1 0 0 1 0 3 0 0 1 1 0 0 1 0 0 1 0 0 0 0 0 0 1 1 1 0 1 0 0 

# Size = 16 | Time = 47552 ms
1 1 1 0 2 1 0 0 0 0 1 0 0 0 1 1 1 1 0 0 1 1 0 0 1 0 0 1 1 1 1 0 0 0 0 1 1 1 0 0 0 1 0 1 0 1 1 1 0 1 1 1 
0 1 1 1 0 1 0 1 1 0 1 1 1 1 0 0 1 0 0 1 0 1 0 0 0 0 0 1 2 0 1 1 0 1 1 0 0 1 1 0 0 0 0 0 0 1 0 1 0 0 0 1 
0 1 0 0 2 1 1 0 1 0 1 0 1 1 1 1 0 0 0 1 3 0 1 0 0 0 1 1 2 1 0 0 0 1 0 0 1 1 1 0 1 0 1 1 0 1 1 0 0 0 0 0 
0 0 0 1 2 0 1 1 1 0 1 0 1 1 1 0 0 0 1 0 2 0 1 1 0 1 1 0 1 0 0 1 0 1 0 0 0 0 0 1 1 0 1 0 0 0 0 0 1 0 1 1 
0 1 0 1 1 1 0 0 0 1 0 1 0 0 0 1 0 0 1 0 1 0 0 1 0 1 0 1 2 0 1 1 1 1 1 1 1 0 0 0 1 0 1 0 0 0 1 0 1 0 1 1 
0 1 1 1 1 0 0 1 1 0 0 0 1 1 1 0 1 1 0 1 2 1 0 0 1 0 0 1 0 0 1 0 1 1 1 1 0 1 0 1 0 0 1 1 0 1 0 0 1 1 0 0 
1 0 0 0 1 1 0 1 0 0 0 1 1 0 0 1 1 1 1 0 0 1 1 1 0 0 1 0 0 1 0 1 1 0 1 1 1 1 1 1 1 1 1 1 1 0 1 0 1 1 1 1 
1 1 0 0 0 0 1 1 1 1 0 0 0 0 0 0 1 1 1 1 0 0 1 0 0 1 0 1 1 1 1 1 1 1 0 1 0 0 0 1 1 0 0 1 1 1 0 0 1 1 0 0 
1 1 1 0 1 1 0 0 1 0 0 1 0 1 0 1 1 0 0 0 3 0 0 1 0 0 1 1 3 0 1 1 1 1 0 0 0 1 1 1 0 1 1 0 0 0 1 1 0 1 1 1 
1 0 0 0 0 0 0 1 1 1 1 1 0 0 1 1 1 1 0 0 2 0 1 1 1 0 1 0 2 1 0 0 1 0 1 1 1 0 1 1 0 1 0 1 1 0 1 1 0 1 0 1 
0 1 1 1 1 1 1 1 0 1 1 1 1 1 1 0 1 1 0 0 3 1 1 0 1 0 0 0 1 0 1 0 0 1 1 1 1 0 1 0 0 0 0 1 1 0 0 0 1 0 1 1 
1 0 1 0 0 0 1 1 0 1 1 1 1 0 1 0 0 1 1 1 3 1 1 0 0 1 0 0 0 0 1 0 0 0 0 0 0 0 0 1 0 1 1 0 0 0 1 1 0 0 1 1 
0 1 1 1 0 1 1 0 0 1 0 1 1 0 0 0 0 0 0 1 2 0 0 0 1 1 1 0 3 1 1 1 0 0 1 1 1 1 1 0 0 1 1 0 0 1 1 1 0 0 1 0 
0 0 0 1 0 0 0 1 0 0 0 1 1 1 1 0 0 1 0 1 1 0 1 1 1 1 1 1 3 1 0 1 1 0 0 0 0 1 0 1 0 0 0 1 1 0 0 0 1 0 1 1 
0 0 1 1 2 0 1 0 1 1 0 1 0 1 0 0 0 0 1 0 1 0 0 1 0 1 1 0 0 0 1 0 1 0 1 1 0 0 1 0 1 1 0 1 1 1 0 1 0 1 0 0 
1 1 1 1 2 1 1 0 0 0 1 0 0 1 1 1 0 0 1 0 0 1 0 0 1 1 0 1 3 0 0 0 1 0 0 1 0 0 1 1 1 0 0 1 0 0 1 0 0 0 0 1 

# Size = 17 | Time = 12003 ms
1 0 1 0 2 1 0 1 1 0 0 0 1 1 0 1 0 1 0 0 2 0 1 1 0 1 0 0 2 0 0 1 0 1 0 0 0 0 1 1 1 0 1 1 0 1 1 0 1 1 0 1 
0 1 1 1 0 0 1 0 1 0 0 1 1 0 0 1 1 1 1 1 1 1 1 0 0 0 0 1 1 1 1 1 0 0 1 0 1 1 1 1 1 1 1 0 0 1 1 1 0 1 0 0 
0 1 1 0 1 1 0 1 0 1 0 1 0 1 1 1 0 1 1 0 2 0 1 0 1 1 0 1 0 1 0 1 1 1 0 0 1 1 0 0 0 1 0 0 0 0 1 1 0 0 1 1 
0 1 1 1 0 1 1 0 1 1 0 1 0 1 1 1 0 1 1 0 1 1 1 0 0 1 1 1 3 1 0 1 1 0 1 1 1 0 1 1 0 0 0 0 0 0 1 1 0 1 1 1 
1 0 1 1 2 0 0 0 0 1 1 0 0 0 1 1 0 1 0 0 3 1 0 0 1 1 1 0 1 1 0 0 1 1 0 1 1 0 1 1 1 1 0 0 0 0 1 1 0 0 0 1 
1 0 0 0 2 0 0 0 0 1 0 0 0 1 1 0 1 1 1 1 2 1 1 0 0 0 0 1 1 0 0 1 0 0 1 1 1 1 0 0 0 0 0 1 1 1 1 0 1 0 1 0 
1 1 0 1 1 0 0 0 1 0 0 0 1 0 1 1 0 0 1 1 1 1 0 0 0 0 1 1 0 1 1 0 1 1 0 1 1 0 0 1 1 0 0 0 0 1 1 0 1 1 0 0 
0 1 1 0 2 1 1 0 0 0 0 0 1 0 1 0 1 0 1 1 0 0 0 0 1 1 0 1 3 1 1 1 0 1 1 0 1 1 1 0 0 0 0 0 0 1 0 0 1 0 0 0 
0 1 0 1 0 0 0 1 1 1 1 1 0 0 1 0 1 1 0 1 0 0 0 0 0 0 1 1 2 0 0 0 0 0 0 1 0 1 0 0 1 1 1 1 0 0 1 0 1 1 0 1 
0 0 1 0 2 0 0 0 1 0 1 1 1 1 0 0 0 0 0 0 1 0 1 0 1 1 0 1 2 1 1 1 0 0 1 0 0 0 1 0 1 0 0 0 0 0 1 1 0 0 1 1 
0 1 0 1 1 1 0 0 1 0 0 1 0 0 0 0 0 1 0 1 3 1 1 1 1 0 1 0 3 1 1 0 1 1 0 0 1 0 0 0 0 1 0 1 1 1 1 0 1 1 1 0 
1 0 1 0 2 1 0 1 1 0 1 0 0 1 0 1 0 1 0 0 0 1 1 0 1 1 1 0 0 1 0 1 1 0 1 1 0 1 1 1 1 0 1 1 1 0 1 1 0 0 1 1 
0 0 0 1 1 1 1 1 0 1 0 0 1 1 0 0 1 0 1 1 1 1 1 1 0 0 1 0 2 0 1 0 0 1 0 1 0 0 1 1 1 1 1 1 1 1 0 0 0 0 0 0 
0 1 1 0 0 1 1 1 1 1 0 1 1 1 0 0 1 1 1 1 3 0 0 1 1 1 0 0 0 0 1 1 0 0 1 1 0 1 1 1 0 0 1 0 0 0 0 0 1 1 1 1 
1 0 0 1 0 0 1 1 0 0 1 0 0 0 0 0 0 0 1 0 2 0 0 0 0 1 1 0 3 0 1 0 1 1 0 1 0 0 0 0 1 1 1 1 1 1 0 1 0 0 0 0 
1 0 0 1 1 0 1 0 0 0 1 1 1 1 1 1 1 0 0 0 3 1 0 1 0 1 0 1 2 1 1 0 1 1 1 1 1 1 0 1 0 0 1 1 0 0 1 1 0 0 0 1 
0 1 1 0 1 1 0 1 0 0 0 1 1 0 0 0 1 0 0 0 0 0 0 1 1 0 0 0 1 0 0 0 0 0 1 1 0 0 1 0 1 0 0 0 0 0 0 0 0 1 0 1 

# Size = 16 | Time = 47588 ms
0 1 0 0 1 0 0 0 0 1 1 1 0 0 0 1 0 0 0 1 3 0 0 1 1 1 0 1 2 1 0 0 0 1 1 0 1 1 1 0 0 1 0 1 1 0 1 1 0 0 1 1 
1 1 0 0 1 1 1 1 0 1 1 1 1 0 1 0 0 1 1 0 0 1 1 1 0 1 1 1 1 0 0 1 0 1 0 0 0 1 0 0 1 0 1 1 1 0 1 1 0 1 0 1 
1 0 1 1 1 0 1 0 0 0 1 1 1 1 1 1 1 0 0 0 1 0 1 0 0 1 1 1 3 1 1 1 1 1 1 0 1 0 0 1 0 0 0 0 0 1 1 1 0 0 1 1 
1 0 0 1 1 0 0 1 0 0 1 0 0 1 0 0 0 1 1 0 2 1 0 0 1 0 0 0 2 0 1 1 1 0 0 1 0 0 0 1 1 0 1 0 0 0 1 0 0 0 1 1 
1 0 0 0 2 1 0 1 1 0 1 0 1 1 1 0 0 0 1 1 3 1 0 0 1 1 1 1 3 0 1 1 1 0 0 1 1 0 1 1 1 0 1 1 1 1 0 0 1 1 1 1 
1 0 1 1 2 1 0 0 0 0 0 1 0 0 0 0 1 0 0 0 2 1 1 0 0 1 0 0 0 0 0 0 0 0 1 0 0 1 1 1 0 0 1 1 1 0 0 1 0 1 0 1 
1 1 1 0 0 0 0 1 0 0 0 1 0 1 0 1 1 0 0 0 3 0 1 1 0 0 0 0 1 1 0 0 1 1 1 1 1 0 1 1 1 0 0 0 0 0 1 0 1 1 0 1 
1 1 1 1 2 0 1 0 1 1 0 1 0 1 0 1 1 1 1 1 3 1 1 1 1 0 0 1 0 1 1 0 1 1 0 1 0 0 0 0 1 0 0 0 0 1 1 0 1 0 1 0 
0 1 1 0 2 1 0 0 1 0 0 0 0 0 0 0 0 1 0 0 1 1 0 1 1 0 0 1 1 0 0 0 1 0 1 1 1 0 0 0 0 0 0 0 0 1 0 1 0 1 0 0 
0 0 0 1 0 1 1 0 1 1 0 0 0 1 1 1 1 1 1 1 2 1 0 0 0 0 1 1 1 1 1 0 0 0 0 1 1 0 1 0 0 1 0 1 0 1 1 1 0 0 1 0 
0 1 0 1 0 1 0 1 0 1 0 0 0 1 0 0 0 0 0 0 1 0 0 0 1 1 0 0 2 1 1 1 0 1 0 0 0 1 1 1 1 1 1 1 1 0 1 0 1 1 0 1 
0 1 1 1 1 0 0 0 1 1 0 1 0 0 0 1 0 1 1 0 0 1 0 1 1 0 0 0 3 0 1 0 1 0 1 0 0 1 0 1 1 1 1 0 0 0 1 0 1 0 0 1 
1 0 1 1 2 1 1 1 1 0 0 1 1 1 1 0 1 1 0 0 0 0 1 1 0 1 1 1 2 0 0 1 0 0 0 1 0 0 1 0 0 1 0 0 0 1 0 0 1 1 1 0 
0 1 1 0 1 1 1 1 1 1 0 1 1 0 0 0 0 0 1 1 1 0 0 1 0 0 1 0 0 1 0 1 1 1 1 0 1 0 1 1 1 1 0 0 0 1 0 1 0 0 1 0 
0 1 0 1 0 1 0 1 1 0 1 0 1 1 1 0 0 0 1 1 0 0 1 0 1 0 1 0 0 1 0 0 1 1 0 1 1 1 0 1 0 0 1 1 1 1 0 0 1 0 0 0 
0 1 0 0 0 0 0 0 0 1 0 1 1 0 1 0 0 0 1 1 2 0 0 1 1 1 0 0 3 0 0 0 0 1 0 1 0 1 1 0 0 0 0 1 1 1 0 0 1 0 1 0 

# Size = 17 | Time = 11599 ms
0 1 0 0 1 0 0 1 0 0 0 1 0 1 1 1 1 1 1 0 2 1 1 0 1 1 0 0 3 1 0 0 1 0 1 0 0 0 1 1 1 1 0 0 0 0 1 0 1 0 0 1 
1 0 0 0 0 1 0 0 0 1 0 0 1 0 0 0 1 1 0 0 0 0 0 0 0 0 1 1 3 0 0 1 0 1 1 1 0 0 1 1 0 0 0 1 1 0 0 0 1 1 1 1 
0 1 0 1 0 1 1 0 1 1 0 1 1 0 0 0 0 0 1 1 2 0 0 0 0 0 0 1 1 1 1 0 0 0 0 0 1 1 0 0 0 0 1 1 0 0 0 0 1 0 1 1 
1 0 1 1 1 1 1 1 1 1 0 1 1 1 1 1 0 1 0 1 3 1 0 1 1 0 1 1 3 0 1 1 0 0 0 0 1 0 0 1 1 1 0 0 0 1 1 1 0 0 1 1 
0 0 1 1 2 0 0 1 1 1 1 0 1 0 1 0 1 0 1 0 0 0 0 1 1 0 1 0 2 0 0 1 1 1 1 0 1 0 1 0 1 0 1 1 1 1 1 0 0 0 1 0 
1 0 1 0 2 0 0 1 0 1 1 0 0 1 0 0 0 1 0 0 1 1 0 0 1 1 0 1 1 0 0 1 1 0 1 1 0 1 1 1 1 1 0 1 1 1 0 1 0 1 0 0 
0 1 1 1 2 1 0 0 1 0 1 0 0 0 1 1 1 0 0 0 1 1 1 0 1 0 1 0 3 0 1 0 1 0 0 0 0 1 1 0 0 0 1 0 0 1 1 1 0 0 0 0 
1 1 0 0 1 1 1 1 0 0 1 0 1 1 0 1 1 1 1 0 3 0 0 0 0 1 0 1 0 0 0 1 1 0 1 1 1 1 0 1 0 0 0 1 1 1 1 1 0 0 1 0 
1 1 1 1 2 0 1 1 1 1 0 0 1 0 1 1 0 1 1 1 0 1 1 1 0 1 0 0 0 1 1 0 0 0 1 1 1 0 0 0 1 0 0 0 0 1 1 1 0 1 0 1 
0 1 1 0 1 0 1 1 0 0 1 1 0 1 1 0 1 0 0 1 0 1 1 0 1 1 1 1 1 0 1 1 1 0 0 0 1 1 1 0 1 1 0 0 0 0 1 1 0 0 1 1 
0 1 1 0 1 0 0 0 0 0 0 1 0 0 1 0 0 0 1 1 3 0 0 1 1 0 1 1 2 1 0 1 0 1 0 0 0 0 1 1 0 1 0 0 0 1 0 1 0 1 0 0 
1 1 1 1 2 1 1 1 0 1 1 1 1 0 1 0 1 0 0 1 3 0 1 0 0 1 0 0 2 0 1 0 1 1 0 0 0 1 0 0 0 0 0 1 1 1 0 0 1 0 0 0 
1 0 0 0 1 1 0 0 1 1 1 0 0 0 1 0 0 0 1 0 1 1 0 1 0 1 0 1 2 1 1 1 1 1 1 1 0 1 0 1 1 1 1 1 0 0 1 0 1 1 1 1 
1 1 1 1 0 0 0 0 1 1 1 0 0 1 0 1 0 1 0 1 2 1 1 1 1 1 1 1 2 1 0 1 1 0 0 1 0 0 1 1 1 0 1 1 1 1 1 1 0 0 1 0 
0 0 0 1 0 1 1 1 0 1 0 0 0 1 0 1 1 0 1 1 3 0 0 1 0 1 0 0 1 1 1 0 0 1 0 1 1 0 1 0 1 1 1 0 0 0 1 0 0 1 1 1 
0 0 0 0 2 1 0 0 0 0 1 1 0 0 1 0 1 0 1 1 2 0 1 0 1 0 1 1 0 0 0 1 0 1 0 1 0 0 1 0 0 1 1 0 0 0 0 0 1 1 0 1 
1 0 0 0 0 0 1 0 1 0 0 1 1 0 1 1 0 1 0 1 1 0 0 1 1 0 0 0 0 0 1 0 0 0 0 0 1 0 0 1 0 0 0 1 1 1 1 1 0 1 0 1 

# Size = 17 | Time = 15204 ms
0 0 0 1 1 1 1 0 1 0 1 1 1 0 1 0 1 0 1 0 3 1 1 1 0 0 1 0 1 1 1 1 0 1 1 1 1 0 0 1 0 0 0 1 1 1 0 1 0 0 0 1 
0 0 1 0 2 1 0 0 1 1 0 0 1 0 1 0 0 0 1 1 1 1 0 0 0 0 0 0 2 1 0 0 1 1 1 1 0 0 1 0 0 0 0 1 1 0 0 1 0 0 1 1 
0 0 0 0 0 1 1 1 0 1 1 0 0 1 1 0 0 1 0 1 0 1 0 1 0 1 1 0 0 1 0 0 0 1 0 0 0 1 1 1 1 0 0 0 0 0 0 0 1 1 0 1 
1 0 0 0 1 0 0 1 0 0 1 0 0 1 0 0 1 1 0 1 1 0 0 0 0 1 1 1 1 0 1 1 0 0 0 1 0 1 1 1 1 0 0 1 1 0 1 0 1 1 0 1 
1 0 0 0 2 0 0 0 0 1 1 0 0 1 0 0 1 1 0 1 2 1 0 0 0 1 1 1 3 1 1 0 0 1 0 1 0 0 1 1 1 1 1 1 0 1 1 0 0 0 1 0 
0 0 1 1 0 1 0 1 1 1 0 1 1 1 1 0 0 1 1 1 2 0 0 1 1 0 0 1 0 0 0 1 1 1 0 1 0 0 1 0 0 1 0 1 1 1 0 0 1 1 0 0 
1 1 0 1 1 0 1 0 1 1 0 0 1 1 0 1 1 0 1 1 3 0 0 0 1 1 0 0 0 1 1 1 0 0 1 1 0 0 0 1 1 1 1 1 0 0 1 1 0 0 1 1 
1 1 1 0 2 1 0 1 0 1 1 1 0 0 1 0 0 0 0 1 3 0 1 1 1 1 1 1 2 0 1 1 0 1 0 0 0 1 0 0 0 1 1 0 0 1 0 1 0 1 1 0 
0 1 1 1 1 0 0 1 0 0 0 0 1 0 1 1 0 0 0 0 0 1 1 0 1 0 0 1 3 1 0 1 0 0 0 0 0 0 0 0 0 1 1 0 0 1 1 0 1 0 0 0 
1 1 1 0 1 0 0 1 1 1 1 1 0 1 0 1 1 1 1 0 0 0 0 1 0 1 1 0 3 0 0 0 1 1 1 0 0 0 0 1 0 0 0 1 1 0 1 0 0 0 0 1 
0 1 0 1 2 0 0 0 0 1 1 1 0 0 0 0 1 1 0 1 0 0 0 1 1 0 0 1 1 0 0 1 1 1 1 0 1 0 0 1 1 1 0 0 0 0 0 1 0 0 0 1 
1 1 0 0 0 0 1 0 0 0 0 0 0 1 0 1 1 1 1 1 0 0 1 1 0 1 1 0 2 1 1 0 0 1 0 1 1 1 0 0 1 1 0 0 0 0 1 0 1 0 1 1 
0 1 1 1 1 1 1 0 0 1 1 0 0 0 0 0 1 1 0 0 2 1 0 0 1 1 0 0 2 0 1 1 0 0 0 0 1 0 0 1 0 1 0 0 0 0 0 1 0 1 0 1 
1 1 1 1 0 1 0 1 0 0 0 1 1 0 1 1 0 0 1 0 2 0 1 0 0 1 1 1 1 1 1 0 0 0 1 1 1 1 1 0 1 0 1 1 0 1 1 1 0 0 1 0 
1 0 1 0 2 1 1 1 1 0 1 1 1 0 0 1 0 0 0 0 1 0 1 1 1 0 1 1 0 0 1 0 1 0 1 1 1 1 0 1 1 0 1 1 1 1 1 0 1 0 1 0 
1 1 1 1 0 0 1 0 1 0 0 1 1 0 0 0 0 0 0 0 1 0 0 1 0 0 0 0 3 0 1 1 1 1 1 0 1 1 1 1 1 1 0 0 0 1 0 1 0 0 1 1 
1 1 1 1 0 1 1 0 0 0 0 1 0 1 1 1 1 1 1 1 3 0 1 0 0 0 1 0 3 0 0 0 1 0 1 0 1 1 1 0 0 0 1 1 1 1 1 0 1 1 1 0 

# Size = 17 | Time = 12190 ms
1 1 1 0 2 1 1 1 0 0 0 1 0 1 0 0 1 1 1 1 1 0 1 0 0 0 1 0 2 0 1 0 1 1 0 0 0 0 0 1 1 0 0 0 0 1 0 0 0 0 0 0 
0 0 1 0 2 1 0 1 0 1 1 0 1 0 1 0 0 0 1 1 1 1 0 0 1 1 0 1 0 0 1 0 0 1 0 0 0 0 0 0 1 0 0 1 0 0 0 0 1 1 0 1 
1 0 0 1 2 0 0 0 0 0 0 0 1 0 0 1 0 0 0 1 3 0 0 0 1 1 0 0 3 1 0 1 0 0 1 0 1 0 1 0 1 1 1 1 1 0 1 0 0 1 0 1 
0 0 0 0 0 0 0 1 0 0 0 1 1 0 1 0 1 1 0 0 0 0 1 0 0 1 0 1 1 0 0 0 0 1 1 0 0 0 0 1 1 1 0 1 0 0 0 0 1 0 0 1 
0 1 1 0 1 1 1 1 1 0 0 1 0 1 1 1 1 0 1 1 3 0 1 0 1 0 0 0 1 0 0 0 1 0 1 1 0 0 1 1 0 0 1 1 0 0 1 1 0 0 0 1 
0 0 0 1 0 1 0 0 0 0 1 0 1 0 1 1 1 1 1 0 2 1 0 1 1 1 1 0 2 1 1 0 0 0 1 0 1 0 0 1 0 0 1 1 0 1 1 0 1 0 1 0 
0 1 0 1 1 1 1 1 0 1 0 1 1 1 0 0 0 1 0 0 1 1 1 0 1 1 0 0 3 1 1 1 1 0 0 0 0 1 1 0 0 0 0 1 1 0 1 0 1 1 1 1 
0 0 0 0 1 0 1 1 1 1 1 1 0 0 0 0 1 1 1 0 3 1 0 1 0 1 1 1 0 0 1 0 1 1 0 0 1 1 0 1 0 1 0 0 0 0 0 0 1 0 1 1 
0 0 1 0 1 1 0 1 0 1 1 0 0 1 0 0 1 0 0 1 2 0 0 0 1 0 0 1 3 0 0 0 0 1 0 1 1 1 0 1 1 1 1 0 0 1 0 0 0 0 1 0 
1 1 0 1 0 0 1 0 1 1 0 1 0 1 1 0 0 0 1 0 0 0 0 1 0 1 1 1 3 1 1 0 0 1 0 0 0 0 1 1 1 1 0 0 0 1 1 1 0 0 0 1 
1 1 1 1 0 0 1 0 1 0 0 0 1 1 0 1 0 0 1 1 1 0 0 1 0 1 1 1 1 1 0 1 0 1 1 1 1 1 0 1 0 1 1 1 1 1 1 1 0 0 1 0 
0 1 0 1 0 0 0 0 0 1 1 1 0 0 0 0 1 1 0 1 3 1 0 0 1 0 1 1 2 1 0 1 0 0 0 0 0 1 0 0 1 1 1 0 0 1 0 1 0 1 0 0 
1 0 0 1 0 0 1 0 0 1 0 1 1 1 1 1 0 0 1 0 2 0 1 0 1 0 1 0 0 1 0 1 1 0 1 1 1 0 0 1 0 0 0 1 1 0 1 1 0 1 0 1 
1 1 0 0 2 1 0 1 0 1 1 1 1 0 1 1 0 1 1 0 2 1 0 0 0 1 1 1 1 0 1 1 1 0 0 1 0 1 1 0 0 0 1 0 0 0 1 1 0 1 1 1 
1 1 1 0 2 1 0 0 1 0 1 0 0 1 1 1 1 1 0 0 0 1 0 1 0 1 0 0 0 1 0 0 1 0 0 1 0 1 1 0 0 1 1 1 1 1 1 0 0 0 1 0 
1 1 1 0 2 0 1 0 1 0 1 0 0 1 0 0 0 1 0 0 2 1 1 1 0 0 0 1 2 0 0 1 1 1 1 1 0 1 1 0 0 1 0 1 1 1 0 0 1 1 0 0 
1 0 0 1 1 0 0 0 0 0 1 0 1 1 0 0 0 0 1 1 0 0 1 0 1 0 0 1 2 0 0 1 1 0 1 1 1 0 0 1 1 0 1 0 0 0 1 1 0 1 0 1 

# Size = 17 | Time = 14070 ms
1 1 1 0 0 0 0 0 1 0 0 0 0 0 1 0 0 1 0 0 3 1 1 0 1 0 0 0 3 1 1 0 1 0 0 1 0 0 1 1 0 1 1 1 1 1 0 0 1 1 0 0 
1 0 1 1 2 0 1 1 0 0 1 1 1 1 0 0 1 0 0 0 1 0 1 1 0 0 0 0 3 1 0 1 1 1 1 0 1 0 1 1 0 0 1 1 1 1 1 1 0 0 0 0 
1 0 1 0 1 1 1 1 1 0 0 1 0 1 0 0 0 1 0 1 3 0 0 0 1 0 0 0 0 1 0 1 1 1 1 1 1 0 0 0 1 0 0 0 0 0 1 1 0 1 1 1 
0 0 0 1 2 0 1 1 0 1 1 1 1 0 1 0 0 1 1 1 3 0 0 1 0 0 0 1 1 0 1 0 0 1 1 1 0 1 0 0 0 1 1 1 1 0 1 0 1 0 1 1 
1 0 1 0 1 1 1 0 1 0 1 0 1 1 0 0 0 0 1 0 2 1 0 0 1 0 1 0 1 0 0 1 0 1 1 0 0 1 1 0 0 0 0 0 0 0 0 1 0 1 0 1 
0 1 1 0 0 1 0 1 1 1 0 1 1 1 0 1 0 1 1 0 0 1 0 1 0 0 0 0 2 0 1 1 0 1 1 0 0 0 1 0 0 0 0 0 0 1 1 0 1 1 1 0 
0 1 1 1 1 0 0 1 0 1 0 0 1 1 0 1 1 0 0 0 0 1 1 0 0 1 0 1 0 1 0 1 0 0 0 0 1 1 0 1 1 1 0 1 1 1 1 1 0 0 0 0 
0 1 0 0 0 0 0 1 1 0 0 0 0 1 0 0 1 0 0 1 2 1 1 1 0 0 0 1 2 1 0 0 0 0 0 1 1 0 0 1 1 1 1 1 0 0 0 1 0 0 0 1 
1 0 0 0 2 1 1 0 0 1 0 1 0 0 1 0 0 1 0 0 0 0 1 1 1 0 1 1 1 0 0 1 1 0 0 1 1 0 0 0 0 1 1 1 1 0 0 0 0 0 1 1 
1 1 1 0 2 1 1 1 0 1 0 0 1 0 1 1 1 0 0 1 3 1 0 0 1 1 1 0 2 0 1 1 1 1 0 0 1 0 0 0 1 0 0 0 0 1 1 0 0 0 0 1 
1 1 0 0 2 1 0 1 1 0 1 1 1 1 1 0 1 0 1 1 2 0 1 1 0 0 1 1 0 0 0 0 1 1 1 1 1 0 0 0 0 0 1 1 0 1 1 0 1 1 1 0 
1 1 1 1 0 1 1 0 0 1 1 0 0 0 1 0 1 0 0 0 1 0 0 0 0 1 0 1 0 0 1 0 0 0 0 0 0 1 1 0 1 0 0 0 0 1 0 1 0 1 0 0 
1 0 1 0 1 0 0 0 1 0 1 1 1 0 0 1 0 0 1 1 1 1 1 0 0 1 0 1 2 1 1 1 0 0 1 1 1 1 1 1 0 1 0 0 0 0 1 0 1 0 1 1 
1 1 1 1 1 1 0 1 0 0 1 1 1 0 0 1 0 0 0 1 2 0 1 1 0 1 1 1 2 1 1 0 0 1 1 0 0 1 0 1 1 1 1 1 1 0 1 0 1 1 1 1 
0 0 0 1 1 1 0 1 0 0 1 0 0 0 1 0 0 1 1 1 0 1 1 0 1 1 1 1 3 1 0 0 1 1 1 0 0 1 0 0 0 1 1 0 0 1 0 0 0 0 1 0 
1 0 0 1 0 0 1 1 1 1 1 0 0 0 1 1 0 1 0 1 2 0 0 0 0 0 1 0 3 0 1 0 0 0 0 1 0 0 1 1 1 1 0 1 1 0 1 0 0 0 1 1 
0 1 0 1 0 1 0 0 1 0 0 1 0 0 0 1 1 1 1 1 1 0 1 1 1 1 1 1 1 1 1 0 0 0 0 1 1 1 0 1 1 1 1 1 0 1 1 0 1 0 1 0 

# Size = 16 | Time = 41191 ms
0 1 1 1 2 1 0 0 1 1 0 0 0 0 1 0 0 0 0 1 3 1 0 0 1 1 1 0 3 1 0 0 0 0 1 1 0 1 1 1 1 0 1 1 1 0 0 1 0 1 0 1 
1 1 1 0 0 1 0 1 0 1 1 0 1 1 0 1 0 1 0 0 3 1 0 1 0 0 0 0 0 0 1 1 0 1 0 1 0 1 0 0 0 0 0 1 0 1 1 0 1 1 0 1 
1 1 0 1 2 1 1 0 1 1 1 1 0 0 0 0 1 0 0 1 2 0 0 0 1 0 1 0 2 0 0 0 1 1 0 1 1 0 0 0 0 0 1 0 0 1 0 0 1 0 1 0 
1 0 0 0 1 0 1 1 1 0 1 1 1 1 1 0 1 1 1 0 3 0 1 1 0 0 0 1 2 1 1 0 1 0 0 0 1 0 1 1 1 1 1 0 0 1 0 1 0 0 1 0 
1 1 0 1 2 0 1 0 0 1 1 0 0 1 0 1 0 0 1 1 0 1 0 1 0 1 1 0 3 1 0 1 0 1 0 0 0 0 0 1 0 0 0 1 1 1 1 0 1 1 0 0 
0 1 1 0 0 0 1 0 0 1 0 0 1 0 1 0 1 0 1 0 0 0 1 0 0 1 0 1 2 0 0 1 0 0 1 0 1 1 1 0 1 1 0 1 1 1 0 1 0 0 0 0 
1 1 1 0 2 1 1 0 0 0 0 1 0 1 0 0 0 1 0 0 1 1 1 1 1 1 1 0 1 0 1 1 0 0 1 0 1 1 0 0 0 1 0 0 0 1 0 0 1 0 0 0 
1 1 0 1 2 1 1 1 1 0 0 0 1 0 0 1 1 0 1 0 3 1 0 0 1 0 0 0 1 1 1 0 0 1 1 0 1 0 0 0 0 1 0 0 0 0 1 1 0 1 1 1 
0 0 1 1 0 1 0 1 1 1 1 0 0 1 0 1 1 0 1 1 0 0 1 0 0 0 0 1 1 1 0 1 1 1 0 0 1 1 1 1 1 0 1 1 1 0 1 0 0 0 1 1 
1 0 1 1 2 1 1 1 0 0 1 0 1 0 0 0 0 0 1 1 2 1 0 1 0 1 1 1 0 1 1 0 0 0 1 1 0 1 0 0 0 1 1 1 1 1 0 1 0 1 1 1 
1 0 1 0 1 1 0 0 0 0 0 0 1 0 0 0 1 0 0 0 1 1 1 0 0 0 0 1 3 0 1 1 1 0 1 0 1 1 0 0 1 1 0 0 0 0 0 0 1 0 1 1 
0 1 1 0 1 0 0 1 1 0 1 1 0 1 1 1 0 1 0 0 2 0 1 1 0 1 0 1 1 1 0 1 1 0 0 1 0 0 1 1 0 0 0 0 0 1 1 0 1 1 0 0 
0 0 1 1 1 1 0 0 0 0 0 1 0 0 1 1 1 1 0 1 0 1 1 0 1 1 0 0 0 0 1 0 1 1 0 1 0 0 0 1 1 1 0 0 0 1 1 0 0 0 0 0 
0 0 0 1 0 0 1 1 1 0 1 0 0 1 0 0 0 1 0 0 1 0 0 0 1 1 1 0 0 0 0 0 0 1 1 0 1 1 1 1 1 1 1 1 1 0 0 1 0 0 1 1 
1 0 1 0 1 1 0 0 0 1 1 1 1 0 1 1 0 0 1 1 1 1 0 1 1 1 1 1 2 1 1 1 0 0 0 1 0 0 0 0 1 0 1 1 1 0 1 1 0 1 1 1 
1 0 0 1 0 0 0 1 0 0 0 1 1 1 0 0 1 1 0 0 2 0 0 1 1 1 1 0 3 0 1 0 0 0 1 0 1 0 1 1 1 1 1 0 0 0 1 1 0 1 0 1 

# Size = 16 | Time = 39581 ms
0 0 1 0 1 1 0 1 0 1 0 0 0 1 0 0 1 1 1 1 3 0 1 0 0 0 1 0 2 1 0 1 1 1 0 0 0 0 1 0 0 0 1 1 1 1 0 0 1 0 0 1 
0 1 0 0 1 1 0 1 1 1 1 1 0 0 0 1 1 0 0 0 0 1 0 1 1 1 1 0 3 0 1 1 0 0 1 0 1 0 1 0 1 0 1 0 0 0 1 1 0 1 0 1 
0 0 1 1 0 0 1 1 1 1 0 0 1 1 1 0 1 1 0 0 2 0 0 0 1 1 1 1 2 0 1 0 0 0 0 1 1 1 1 1 1 0 1 0 0 1 0 1 0 1 0 0 
0 0 0 1 2 1 0 1 1 1 1 1 0 1 0 0 0 0 1 0 0 1 1 1 0 0 0 1 2 1 1 0 1 0 1 1 1 1 0 1 0 1 1 1 1 0 0 0 0 0 1 1 
0 0 1 1 0 1 1 1 0 1 0 1 0 0 1 0 1 0 1 1 1 1 0 1 1 0 1 1 3 0 0 0 1 1 0 1 0 0 0 1 0 1 1 1 0 0 1 1 0 0 1 1 
0 0 0 0 0 0 0 1 1 0 0 1 0 0 1 0 1 1 1 0 0 0 1 0 1 0 0 0 0 1 0 1 0 1 0 0 1 0 1 0 0 1 0 1 1 0 0 0 1 0 0 1 
1 1 1 0 2 0 1 0 0 0 1 0 1 1 1 0 1 0 0 0 2 0 1 0 0 0 1 1 0 1 0 1 1 1 1 1 0 0 1 0 0 1 0 0 0 0 1 1 0 1 0 1 
1 0 0 0 1 1 1 1 0 1 1 1 1 1 1 0 0 1 0 0 1 0 1 1 0 1 0 1 1 1 0 0 0 0 0 1 0 1 1 1 1 1 1 1 1 1 0 1 0 1 0 1 
1 1 1 0 1 1 0 0 0 0 1 1 0 1 0 1 0 1 1 1 2 0 0 0 0 1 0 1 3 0 0 0 1 1 0 0 0 0 1 1 0 0 1 1 1 1 1 0 1 1 1 0 
1 1 1 1 0 1 1 1 0 1 1 0 0 0 0 1 0 1 0 0 3 1 0 1 0 0 0 1 0 0 1 0 0 0 0 0 1 1 0 0 1 0 1 0 0 1 1 1 0 1 1 0 
1 1 1 0 2 0 1 0 0 0 0 0 1 0 0 1 0 0 1 1 0 0 0 0 0 1 1 1 1 0 1 0 1 0 1 0 0 0 0 1 1 0 1 1 1 1 1 0 1 0 0 0 
0 0 0 1 0 1 0 0 1 0 1 0 1 0 1 1 1 1 1 1 2 1 1 1 0 0 1 0 1 1 0 1 1 1 1 1 0 0 0 0 1 1 0 1 0 0 1 0 0 0 0 1 
1 1 0 1 2 1 0 0 1 0 0 0 0 0 0 1 1 0 0 0 1 1 0 1 0 1 0 0 2 1 0 0 1 0 1 0 1 1 1 0 1 0 0 0 0 1 1 0 1 1 1 0 
1 1 1 0 2 0 0 1 0 0 0 0 1 1 1 0 0 0 1 1 3 0 1 1 1 1 0 0 3 1 0 0 0 0 1 1 0 1 0 1 0 0 0 0 0 0 0 0 1 0 1 1 
0 0 0 1 2 1 0 0 1 1 1 1 0 0 1 0 0 1 0 0 3 1 1 0 1 0 0 1 1 0 0 1 0 0 0 0 1 1 0 1 0 1 1 0 0 1 1 0 1 1 1 0 
0 1 0 1 1 0 1 0 0 1 0 0 0 1 1 0 1 0 0 1 1 1 0 0 1 1 0 0 0 0 1 1 1 1 0 1 1 1 0 1 1 1 0 1 0 1 0 0 1 0 1 1 

# Size = 16 | Time = 47431 ms
0 1 1 0 0 0 0 1 1 1 0 1 1 0 1 0 0 1 0 0 0 1 1 0 1 0 1 0 3 0 1 1 0 0 1 1 1 1 1 1 1 0 1 1 1 0 0 0 0 1 0 1 
1 0 1 1 1 1 0 1 1 1 1 1 1 0 0 0 0 1 0 1 2 0 0 0 1 1 0 0 2 0 0 1 0 1 0 0 1 0 0 0 0 1 1 0 0 1 1 1 0 0 1 1 
0 1 1 1 0 0 0 0 1 1 0 0 0 0 0 0 0 1 0 1 3 1 0 1 1 0 1 1 1 0 1 1 1 0 0 1 0 1 1 1 0 0 1 0 0 1 0 0 0 0 0 0 
0 1 0 0 1 0 1 1 0 0 1 1 1 0 1 1 0 0 0 1 0 1 1 0 1 1 0 1 1 1 0 1 0 0 0 0 1 0 0 0 1 1 1 1 1 1 1 0 1 0 1 0 
1 0 1 1 2 1 1 0 0 0 0 1 1 0 0 0 1 1 1 1 1 0 1 1 0 0 0 0 1 0 0 1 0 1 0 1 0 0 1 0 1 1 0 0 0 1 0 1 0 1 0 0 
1 0 0 0 2 1 1 0 0 1 0 1 1 1 0 1 0 0 0 0 3 1 0 1 0 1 0 0 2 1 0 1 0 0 1 0 0 0 1 1 0 0 0 1 1 1 1 0 1 0 1 0 
0 1 0 0 1 1 0 0 1 1 0 1 0 0 0 0 1 0 1 1 1 1 1 0 1 0 1 1 0 0 1 0 0 1 1 0 1 1 1 1 0 1 1 1 1 1 0 0 1 1 1 1 
1 1 0 1 2 0 1 1 1 0 1 1 0 0 0 0 1 0 1 0 2 1 1 1 0 1 0 1 3 1 1 0 1 1 1 1 0 1 1 1 0 0 1 1 0 1 0 1 0 0 0 1 
0 0 1 0 0 1 0 1 1 0 0 0 1 0 0 1 1 0 1 1 0 1 0 1 0 0 0 1 2 0 1 0 1 1 1 1 0 1 1 0 0 0 1 0 0 0 1 1 0 0 1 1 
1 0 0 1 2 0 0 0 1 1 1 0 0 1 0 0 0 1 0 0 0 0 0 1 1 1 0 0 0 0 0 0 0 0 0 0 1 1 0 1 0 1 0 0 0 1 1 0 1 0 0 0 
0 0 1 0 2 1 1 1 1 0 0 1 1 1 1 1 1 0 0 1 3 0 0 0 1 0 1 1 0 0 1 1 0 0 1 1 0 0 0 0 0 1 1 0 0 0 1 1 0 1 0 1 
0 1 0 1 2 0 0 1 0 0 1 0 0 1 1 0 1 0 1 0 1 0 1 0 0 0 1 0 2 1 1 1 1 0 1 1 1 1 0 0 1 0 0 1 1 0 0 1 0 1 0 1 
0 0 0 1 1 1 0 0 1 0 0 1 0 1 1 1 0 0 1 0 2 1 1 0 0 1 1 1 1 1 0 0 1 1 1 1 0 0 0 0 1 0 0 0 0 0 1 0 1 1 0 1 
0 0 0 1 0 1 1 1 0 0 1 1 0 1 0 1 0 0 0 1 1 0 0 0 0 1 0 1 3 1 0 0 0 0 1 0 0 0 0 0 0 1 0 1 0 1 1 0 1 0 0 0 
1 1 1 0 0 1 1 0 0 1 0 0 1 0 0 1 0 0 1 1 2 0 0 1 0 0 1 0 0 1 0 0 1 0 1 1 1 0 0 0 1 0 1 1 1 1 1 0 1 1 1 0 
1 1 0 1 1 1 1 0 0 0 1 0 0 0 1 1 1 1 1 1 3 1 1 1 0 1 0 0 3 1 1 0 1 1 0 0 1 0 0 1 1 1 1 0 0 0 1 1 0 1 1 1 

# Size = 17 | Time = 12482 ms
0 0 0 0 2 0 0 1 0 0 0 1 0 0 1 0 1 0 1 0 1 1 0 1 1 1 0 0 2 1 0 0 1 1 1 1 1 1 1 0 1 1 1 1 0 0 0 0 1 1 0 1 
1 1 1 0 0 1 1 0 0 1 0 1 0 1 1 0 1 0 0 0 3 0 0 1 0 0 1 0 2 1 0 1 1 1 1 0 0 0 0 0 0 0 0 1 1 0 0 0 1 0 0 1 
1 1 1 0 1 0 0 1 0 0 0 1 1 1 0 0 1 1 0 1 3 0 1 1 1 1 1 1 3 1 0 0 0 1 1 1 1 0 1 1 1 1 0 1 1 1 1 1 0 1 0 1 
1 0 1 1 0 0 0 1 0 1 1 0 1 0 0 1 0 0 1 1 0 1 1 0 1 1 1 1 0 0 1 0 0 0 0 1 1 1 1 0 0 1 0 0 0 0 1 0 1 0 1 1 
1 1 0 1 2 0 1 0 1 0 0 0 1 0 0 0 1 1 1 1 0 1 1 0 0 0 1 0 1 1 0 1 1 1 1 1 0 1 1 1 0 0 0 1 0 1 0 0 0 0 1 0 
1 0 1 1 1 0 1 1 0 1 0 1 1 0 1 1 1 1 0 0 2 1 0 0 1 1 1 0 2 0 0 0 0 1 0 1 1 1 0 1 0 0 0 1 1 0 1 1 0 0 1 1 
1 1 0 1 0 0 1 0 1 1 1 0 1 0 1 0 0 0 1 1 1 1 0 0 1 0 0 1 3 0 0 1 0 0 1 0 1 0 1 0 1 1 1 1 1 1 0 1 0 1 0 0 
0 0 0 1 2 0 1 0 1 0 0 0 0 0 0 0 0 1 1 1 3 1 1 1 1 1 1 1 2 0 1 1 0 1 0 1 1 0 0 0 0 1 1 0 0 1 1 1 0 0 1 0 
1 1 1 1 2 0 0 1 1 1 1 1 0 1 0 0 0 1 1 0 2 0 1 1 0 0 0 1 3 1 1 1 1 1 1 1 0 1 1 1 0 0 0 0 0 1 0 0 1 0 1 0 
0 0 1 0 1 1 0 0 1 1 0 1 0 0 0 1 0 1 0 0 1 0 0 1 1 0 1 0 1 0 1 0 1 0 0 1 1 0 0 1 1 0 0 0 0 1 1 1 0 0 0 0 
0 1 0 0 0 1 0 0 1 0 1 0 0 1 1 0 1 0 1 1 2 0 0 0 0 1 1 1 1 1 1 1 1 0 0 1 0 0 1 0 1 1 1 1 1 0 0 1 0 1 0 1 
0 1 0 0 1 1 1 1 1 0 1 1 0 0 0 1 1 0 1 1 2 0 1 0 1 0 0 0 0 0 0 1 0 0 1 0 0 0 1 1 0 0 0 1 1 1 1 1 0 1 1 0 
0 0 0 0 0 1 0 0 0 1 1 1 1 1 1 0 1 1 0 0 1 0 1 1 0 0 0 1 0 0 1 0 1 1 1 0 0 1 0 1 0 0 1 0 0 1 0 0 0 1 1 0 
0 0 0 1 2 1 1 1 0 1 1 1 0 1 0 1 1 1 0 0 0 0 0 0 0 0 0 0 3 1 0 1 1 0 0 0 1 0 0 0 1 1 1 1 1 0 1 1 0 1 1 1 
1 0 1 0 1 0 0 1 0 1 1 0 0 1 1 0 1 0 1 1 0 1 0 1 0 1 1 1 2 0 0 0 1 0 0 0 1 1 0 1 1 0 1 0 0 1 0 0 0 0 0 1 
0 0 1 0 2 1 1 0 0 1 0 0 1 1 0 1 1 1 0 0 3 1 0 0 0 1 0 1 0 1 0 1 1 1 1 1 1 1 1 0 1 0 0 0 0 1 1 0 1 1 0 0 
0 1 0 1 1 1 0 1 0 0 1 0 1 1 1 0 1 0 0 0 3 0 1 1 0 0 0 0 1 1 0 1 0 0 1 0 0 0 1 0 1 0 1 0 0 1 1 0 1 1 0 0 

# Size = 16 | Time = 38211 ms
0 1 0 0 0 1 1 1 0 1 0 1 0 1 0 0 1 0 0 1 3 1 1 1 1 1 0 0 2 1 0 1 0 0 1 0 1 0 0 0 0 0 0 0 0 1 0 0 0 1 0 0 
1 1 0 0 2 0 0 1 0 0 0 1 0 0 1 1 1 1 1 0 0 0 1 1 1 0 1 0 1 1 0 0 0 1 1 0 0 0 1 0 1 1 1 1 0 1 1 1 0 0 1 0 
0 0 0 1 2 0 1 0 1 0 1 0 1 0 1 1 0 0 1 1 3 0 0 0 1 1 0 0 1 0 1 1 0 0 1 1 0 0 1 1 1 1 1 1 1 1 1 0 1 0 1 0 
0 1 1 1 2 1 0 0 1 1 1 1 1 0 1 0 1 1 0 1 0 1 0 1 1 0 1 1 2 1 1 1 1 1 0 1 0 0 1 1 0 1 0 1 1 1 1 0 1 1 1 0 
1 1 0 0 0 1 1 1 0 1 0 0 0 1 0 0 0 0 0 0 1 0 0 0 0 0 1 1 1 1 1 0 1 0 0 0 0 1 0 1 1 1 0 1 1 0 0 1 0 1 0 1 
1 0 0 1 1 1 0 0 1 0 1 1 1 1 1 0 0 0 0 0 0 1 0 0 0 1 1 1 0 0 1 0 1 1 0 0 1 1 1 0 0 0 1 0 0 0 0 0 1 0 0 1 
1 0 1 1 1 0 1 1 0 0 0 0 1 1 1 1 1 1 1 1 2 0 0 0 1 0 1 1 2 1 1 0 0 0 1 0 1 0 0 1 1 1 0 1 1 1 1 1 0 1 0 1 
0 1 1 0 1 0 0 1 1 1 1 0 1 1 0 1 1 0 0 0 2 1 0 0 0 0 0 0 1 1 0 1 0 0 0 0 1 1 0 1 0 0 0 0 0 0 1 1 0 0 1 1 
1 0 0 1 2 1 0 1 1 1 1 1 0 1 0 1 1 1 0 1 1 0 1 0 0 1 0 0 3 1 1 1 1 1 1 1 1 0 0 1 0 0 0 1 0 0 1 0 0 1 1 1 
1 0 0 0 0 0 1 0 0 1 0 0 0 0 0 1 0 0 0 0 0 1 0 1 0 0 0 0 3 0 1 1 1 0 1 1 0 1 0 0 1 0 1 1 1 1 1 1 0 0 1 0 
1 0 1 1 2 0 0 1 1 0 1 1 0 0 0 1 0 1 1 0 3 1 1 1 0 0 0 1 0 1 0 0 1 1 0 1 1 1 0 0 0 1 1 0 0 1 1 1 0 0 1 1 
1 1 0 1 1 1 1 1 1 1 0 0 1 0 1 0 1 0 1 1 1 1 1 1 1 1 0 1 0 0 1 1 0 1 1 1 0 1 0 1 1 0 1 0 0 1 1 0 0 1 1 0 
0 0 1 1 0 0 0 0 1 0 1 1 1 0 0 0 0 1 1 0 1 1 0 1 0 1 1 1 2 0 0 0 1 1 1 1 0 1 1 0 1 0 1 1 0 0 0 0 1 0 0 1 
0 1 0 0 0 1 1 0 0 0 1 1 0 0 1 0 0 1 0 1 2 0 1 1 0 1 0 0 0 0 1 0 1 0 0 0 0 0 0 1 1 0 0 1 1 0 1 1 0 1 0 1 
0 1 1 1 2 1 1 0 1 0 0 1 1 0 1 0 1 0 1 0 2 0 0 1 0 1 1 0 3 0 0 0 0 1 0 1 0 0 1 0 1 1 1 0 0 1 0 0 1 1 0 0 
0 1 1 0 1 0 0 1 0 1 1 1 0 0 0 0 1 0 1 1 3 0 1 0 1 0 1 1 3 1 0 0 1 1 0 0 1 0 0 1 1 1 0 1 1 0 0 0 1 0 1 1 

# Size = 16 | Time = 39001 ms
0 0 0 0 1 0 1 0 1 1 0 1 0 1 1 1 0 0 1 1 3 0 1 0 1 0 1 1 0 0 1 1 1 0 1 1 1 1 0 0 1 1 1 0 0 1 1 0 0 0 1 1 
0 1 1 0 0 1 1 1 1 1 0 1 0 1 0 1 0 0 1 1 1 0 0 1 0 0 1 1 2 1 0 1 0 1 0 0 0 1 0 0 1 1 0 1 1 0 1 1 0 0 0 1 
0 0 0 1 0 0 1 0 0 1 0 1 1 1 1 1 0 1 0 0 0 0 0 0 1 0 1 0 1 1 1 0 1 1 1 1 0 1 1 0 0 0 1 1 0 1 1 1 0 1 0 0 
0 1 0 0 2 1 0 0 0 0 0 0 0 1 1 1 0 0 0 1 2 0 1 1 1 0 1 0 3 1 0 0 1 0 1 1 0 0 1 1 0 1 0 0 0 0 1 1 0 1 0 1 
1 1 1 1 2 0 1 1 1 0 0 1 1 0 1 1 0 0 1 1 0 1 0 1 0 0 1 1 2 0 0 0 1 0 1 0 0 0 0 1 0 0 1 0 0 0 1 0 0 1 0 1 
1 0 0 0 2 1 0 1 1 1 1 0 0 0 1 0 0 1 1 0 1 1 0 0 0 0 1 0 3 1 1 0 0 1 1 0 1 0 1 0 0 1 1 1 1 1 0 0 1 0 0 1 
1 0 1 0 1 0 0 0 0 0 1 0 0 1 1 0 0 0 0 0 1 0 1 1 1 1 1 0 1 0 1 0 0 0 1 1 1 0 0 1 1 1 1 1 0 1 0 1 0 1 0 0 
1 0 0 1 2 0 1 1 1 0 1 1 1 0 0 0 1 1 1 1 3 1 1 0 1 0 0 1 1 1 1 1 0 1 1 0 1 0 0 0 0 0 0 0 0 0 1 1 0 0 1 1 
1 0 1 0 1 1 1 1 0 0 0 1 1 0 1 0 1 1 0 0 3 0 0 1 1 0 1 1 3 0 0 0 0 0 0 1 0 1 0 1 0 0 0 1 1 0 0 0 1 1 0 1 
0 1 0 0 1 1 0 0 0 0 1 0 0 0 0 0 0 0 0 1 0 1 0 1 0 1 0 0 0 1 0 0 1 1 0 0 1 0 1 0 0 0 1 1 1 0 0 0 1 1 1 1 
0 1 1 0 0 1 1 0 1 0 1 0 1 0 1 0 1 0 0 0 2 1 1 0 0 1 1 1 1 0 0 1 0 0 0 0 1 1 1 1 1 0 0 1 1 1 0 0 1 0 1 0 
0 1 1 1 2 1 0 1 1 1 1 0 1 0 0 0 1 0 1 0 1 1 1 1 0 1 0 1 0 1 1 1 1 1 0 0 0 1 1 1 1 0 0 0 0 1 0 0 1 1 1 0 
0 1 0 0 0 0 0 0 0 0 1 0 1 1 0 0 0 1 1 0 3 0 1 1 0 1 0 0 2 1 0 1 0 1 0 1 0 1 1 1 0 1 0 1 1 1 0 1 0 0 1 0 
1 1 1 1 0 0 0 1 0 0 0 0 1 0 0 0 1 1 0 0 0 0 1 1 1 1 0 1 3 1 0 1 0 0 1 1 0 0 0 1 1 1 0 0 0 1 1 0 1 0 1 0 
1 0 1 1 0 0 0 1 0 1 0 0 1 1 0 1 1 1 1 1 2 0 0 0 1 0 0 0 0 0 0 0 0 1 1 1 0 0 0 1 1 1 1 0 0 1 1 1 0 0 0 0 
0 0 1 1 1 1 0 0 0 1 1 1 0 1 1 1 1 0 0 1 2 1 1 0 1 1 0 1 2 0 1 1 1 0 1 1 1 0 0 0 1 1 0 1 1 0 1 0 1 1 0 1 

# Size = 16 | Time = 46287 ms
1 1 0 1 1 1 1 1 0 1 0 0 0 1 1 0 0 0 1 1 0 1 0 0 1 1 0 0 2 1 1 1 1 1 1 0 0 1 1 0 0 0 0 1 0 0 1 1 0 1 0 1 
1 1 1 0 1 0 1 0 0 0 0 1 1 0 0 0 0 1 1 0 3 0 1 0 0 0 1 1 0 1 0 1 1 1 1 1 0 0 1 0 1 1 0 0 0 0 0 1 0 1 0 1 
0 0 0 0 2 0 0 1 1 1 0 0 1 0 1 0 0 0 0 0 0 0 1 1 1 0 0 0 1 0 1 0 0 1 0 1 1 0 1 0 0 1 1 1 1 1 0 0 1 0 0 0 
0 1 0 0 1 1 1 0 0 0 0 1 0 0 0 0 1 1 0 1 2 1 1 0 0 0 1 1 1 1 1 0 1 0 1 1 0 1 0 1 1 0 1 1 1 0 0 1 0 0 1 1 
1 0 0 1 2 1 0 0 1 0 0 1 0 1 1 0 1 1 1 1 3 0 1 1 1 1 0 0 1 0 1 1 1 0 0 0 1 0 1 1 0 0 0 0 0 1 1 1 0 0 1 1 
1 0 1 0 2 0 0 1 0 1 1 0 1 0 1 0 0 0 1 1 1 1 0 1 1 0 1 1 0 1 1 0 1 1 1 1 1 0 0 0 1 0 1 1 1 0 0 0 1 0 1 1 
1 1 1 0 0 1 1 0 1 1 0 0 0 1 0 1 0 1 0 0 2 1 1 1 0 1 0 0 0 1 1 0 0 0 0 0 1 0 1 1 0 1 0 0 0 0 1 0 1 1 1 1 
1 1 1 1 1 1 0 0 1 0 0 1 1 1 0 1 1 0 0 1 1 1 0 0 1 0 1 1 3 1 0 0 0 1 1 0 0 1 0 1 1 1 0 1 1 1 1 0 1 1 1 1 
0 0 1 0 2 0 0 0 1 1 1 0 0 0 1 1 1 0 1 0 2 1 1 1 1 0 0 1 3 0 0 1 0 0 0 0 0 0 1 0 1 1 0 1 1 0 1 0 1 1 0 1 
0 1 0 0 2 1 1 1 0 1 0 1 1 0 0 1 1 0 1 0 3 1 1 0 0 1 1 1 3 0 1 0 1 1 0 0 1 1 0 1 0 0 1 1 1 1 1 1 0 1 1 0 
0 0 1 0 0 1 0 1 1 1 1 1 0 1 1 1 0 0 1 1 1 1 0 0 1 1 0 0 1 0 0 1 1 0 1 0 0 1 1 1 1 0 1 0 0 1 1 0 0 1 0 1 
1 1 0 1 0 1 0 1 1 0 1 1 1 0 1 0 0 1 0 1 2 0 0 1 0 1 1 1 2 1 1 1 0 1 1 0 1 1 0 1 0 0 1 1 0 1 1 1 0 0 0 0 
0 0 0 1 2 1 1 1 0 0 1 0 1 0 1 0 0 1 0 0 1 0 1 0 0 0 1 1 2 1 0 1 1 0 0 0 1 0 0 1 0 0 0 0 0 1 0 1 0 1 0 0 
0 0 1 0 0 0 0 0 0 0 1 0 1 1 0 1 1 0 0 0 3 1 0 1 0 0 1 0 2 0 1 0 0 0 1 1 0 1 0 1 1 1 1 1 1 0 1 0 1 0 1 1 
0 1 1 1 0 0 1 0 0 1 0 1 0 1 1 0 0 1 1 0 0 0 0 1 0 1 1 0 3 0 0 1 0 0 1 1 0 1 1 0 0 0 1 0 0 1 0 0 1 0 1 0 
0 0 0 1 1 0 0 1 0 0 1 0 1 1 0 1 1 1 0 0 0 0 0 1 1 0 0 1 0 0 0 0 0 0 0 1 1 1 0 1 1 1 1 1 0 1 1 0 0 0 0 0 

# Size = 17 | Time = 14171 ms
0 1 1 1 2 1 1 1 0 0 0 0 1 1 0 1 0 1 1 1 0 1 1 1 0 1 0 1 0 1 0 1 0 1 0 1 1 0 1 1 0 1 0 0 0 1 1 0 0 0 1 0 
0 0 0 0 0 0 0 1 1 0 1 1 0 0 0 0 0 0 0 0 1 0 0 0 1 1 1 0 0 0 1 1 1 1 1 1 1 0 0 1 0 0 1 0 0 1 0 1 0 0 1 1 
1 1 0 1 1 1 0 0 1 1 1 0 0 0 0 1 1 1 1 0 2 0 0 1 1 1 0 1 2 1 1 1 1 0 1 0 0 0 0 0 0 1 1 1 0 1 1 1 0 1 1 0 
0 1 1 0 1 1 1 1 0 1 0 1 1 1 1 0 0 0 0 0 1 1 0 0 0 1 0 1 2 0 0 0 1 1 0 0 0 0 1 0 1 0 1 1 1 0 0 1 0 0 0 1 
1 0 1 1 2 0 1 0 1 1 1 1 0 0 1 0 0 1 0 1 3 0 0 1 1 1 0 1 0 1 0 0 0 0 0 0 0 1 0 1 1 0 0 1 1 1 1 1 0 0 1 1 
1 1 1 0 2 0 0 1 1 0 1 0 1 0 1 0 1 1 1 1 0 1 0 0 0 0 1 0 2 1 1 1 1 1 0 1 1 1 1 1 0 1 0 0 0 0 0 0 1 1 0 1 
1 0 1 1 1 0 1 0 0 0 0 1 0 0 0 0 1 0 0 0 2 0 1 1 1 0 0 1 0 0 0 0 0 1 0 1 0 1 1 0 1 0 0 0 0 0 0 0 1 1 0 1 
1 1 1 1 0 1 0 0 0 0 0 0 0 0 1 1 1 1 1 0 3 1 1 1 1 0 1 0 1 1 0 0 0 0 1 1 1 1 1 1 0 0 1 1 1 1 1 0 0 1 1 1 
1 0 1 1 1 1 0 0 0 0 1 0 0 1 0 0 1 1 0 0 0 0 1 0 0 1 1 0 1 1 1 0 1 1 1 0 1 0 1 1 0 0 0 1 1 1 1 1 0 0 0 0 
0 0 0 0 2 1 1 0 0 0 0 0 0 1 1 0 0 0 0 0 3 0 1 0 1 0 0 1 1 1 1 1 1 0 0 1 1 1 0 0 1 0 1 1 1 0 1 0 1 0 0 1 
1 0 0 0 0 1 1 1 1 1 1 0 1 1 0 0 0 0 1 1 3 1 1 1 0 1 1 0 2 0 0 1 0 1 1 0 0 1 1 0 1 1 0 1 0 1 0 0 0 1 0 0 
0 0 0 1 1 1 1 0 0 0 0 1 0 1 0 0 1 1 0 0 3 1 0 0 0 1 0 0 3 0 0 1 1 1 1 0 1 0 0 1 0 0 0 0 0 1 1 0 1 1 0 0 
0 1 1 0 2 1 1 1 1 1 0 1 1 0 1 0 1 1 0 1 2 0 0 0 1 0 1 0 1 0 0 1 0 1 0 0 0 1 0 0 1 1 0 0 0 0 0 0 0 0 0 1 
0 0 0 1 1 0 1 0 0 1 0 0 1 0 0 1 1 0 0 1 1 1 1 0 1 0 1 1 1 1 1 0 0 1 0 0 0 1 0 0 0 1 1 1 1 1 1 0 1 1 0 0 
1 1 1 1 0 0 0 1 1 1 1 0 0 1 1 1 0 0 1 1 2 1 1 0 0 1 0 1 3 0 0 0 0 0 0 1 1 1 1 1 0 0 1 1 1 1 1 0 1 0 1 0 
1 0 1 0 2 1 0 1 0 1 0 1 1 0 1 0 1 1 1 0 1 0 1 1 1 0 1 0 3 1 0 1 0 0 1 1 0 0 0 0 0 1 0 0 0 1 0 1 0 0 0 0 
1 0 0 0 0 0 0 1 1 1 0 1 0 1 1 1 1 0 0 1 0 0 0 1 1 0 0 1 3 0 1 0 1 0 1 1 0 1 0 0 1 1 1 0 0 0 1 1 0 0 1 1 

# Size = 17 | Time = 11851 ms
0 0 0 1 1 1 1 0 0 1 1 1 1 1 1 0 0 0 1 1 0 1 1 0 1 0 0 1 1 1 1 1 1 0 0 0 1 0 0 1 0 0 0 0 0 1 0 0 1 1 0 0 
0 1 0 1 0 1 0 1 0 1 1 0 0 1 0 1 0 1 1 1 0 1 0 1 0 0 1 0 0 0 1 0 1 0 1 1 0 1 1 0 1 1 1 0 0 0 1 1 0 0 0 1 
0 1 1 1 2 1 0 0 1 0 0 0 1 1 0 0 1 1 1 0 3 0 0 0 0 0 0 0 0 1 1 1 0 1 0 1 1 0 0 0 0 1 1 1 1 0 0 0 1 1 1 1 
0 1 1 0 1 0 1 1 1 0 1 0 0 0 1 1 1 1 0 0 0 0 0 0 1 1 1 1 2 0 0 0 0 0 0 1 0 1 1 1 0 0 1 1 1 0 1 0 0 0 1 1 
1 0 1 1 1 1 1 0 0 0 0 0 1 0 0 1 1 0 1 0 3 1 1 1 1 0 1 1 3 0 0 0 1 1 1 0 1 0 0 0 1 1 1 0 0 1 1 0 1 1 1 0 
1 0 1 0 1 0 1 0 1 0 1 0 1 0 1 0 0 0 0 1 2 0 1 1 0 1 1 1 0 1 0 0 1 0 0 1 0 1 1 1 1 0 0 1 0 1 0 1 0 0 1 0 
1 0 1 1 2 0 1 1 0 0 1 0 1 1 0 0 0 0 1 1 1 1 1 1 1 0 1 0 3 1 0 1 0 0 1 0 0 1 1 1 0 0 1 1 1 0 0 1 0 1 0 1 
0 1 0 1 1 1 0 1 1 0 1 1 0 1 0 1 1 1 0 1 1 0 0 0 1 1 1 0 1 0 0 0 0 1 0 1 1 1 1 0 0 0 1 1 1 1 1 1 0 1 1 0 
0 0 0 0 2 1 0 0 1 1 0 0 0 1 1 1 1 0 0 0 1 0 0 1 0 0 0 0 2 1 0 1 1 0 0 1 1 1 0 0 0 1 0 0 0 0 1 0 1 0 0 1 
0 1 1 1 0 0 0 1 1 1 0 1 0 0 1 0 1 1 0 0 2 0 0 0 0 1 0 1 3 0 0 1 0 0 1 1 0 1 0 0 0 0 1 1 1 0 0 0 1 1 0 1 
1 1 1 0 2 1 0 1 1 0 1 0 0 0 0 0 1 0 1 1 2 0 1 1 0 0 1 1 1 1 1 0 0 0 0 1 1 0 1 1 1 1 0 0 0 0 1 0 1 0 0 1 
0 1 1 1 0 1 1 0 1 0 0 1 1 0 1 0 0 0 1 0 1 1 1 0 1 1 0 1 0 1 1 0 1 1 0 0 1 0 1 0 1 0 0 1 1 0 0 1 0 0 1 1 
0 1 0 1 2 0 1 1 1 1 1 0 1 0 0 0 1 1 0 0 2 0 0 1 0 1 0 0 2 1 0 0 1 1 0 1 1 0 1 1 0 1 0 1 1 1 0 1 0 0 1 0 
1 0 1 1 0 0 0 1 0 1 0 1 0 1 1 0 0 1 0 0 3 1 0 1 0 1 0 0 1 1 0 1 1 1 1 1 0 1 1 1 0 0 1 0 0 1 0 0 1 0 0 0 
1 1 0 0 0 1 1 1 0 1 1 1 1 0 0 0 0 1 1 1 3 1 1 1 0 0 0 0 2 1 1 1 0 0 1 0 0 1 0 1 1 1 0 1 0 1 1 1 0 1 0 1 
1 0 0 0 2 0 1 1 0 0 0 0 0 1 1 1 0 1 0 1 0 0 0 0 1 0 0 0 3 0 1 0 0 1 0 0 0 0 1 0 0 1 0 1 1 1 1 0 1 0 0 1 
1 0 1 1 2 1 0 0 0 1 0 1 0 1 1 1 0 0 0 1 2 1 0 1 1 1 0 1 3 1 1 0 0 0 0 0 1 1 1 1 1 0 0 1 0 1 1 0 0 0 0 0 

# Size = 16 | Time = 40102 ms
1 1 1 1 0 1 1 1 1 0 0 1 0 0 1 1 1 0 1 0 0 0 0 1 1 0 0 0 1 1 1 1 0 0 1 0 1 0 1 0 0 0 1 0 0 1 1 0 1 0 0 0 
1 1 1 0 1 1 1 0 0 1 1 0 1 0 1 0 1 1 1 0 3 1 0 0 0 1 0 1 0 1 0 1 0 0 0 1 1 1 0 1 1 1 1 0 0 1 1 1 0 1 1 0 
1 0 1 1 0 1 1 0 0 0 0 1 0 0 1 0 1 0 1 0 1 1 0 1 0 1 1 1 3 1 1 0 1 1 1 1 1 0 0 1 1 1 0 0 0 0 0 1 0 1 1 1 
0 0 0 0 1 1 0 0 0 0 0 0 1 0 0 0 1 0 1 1 1 0 0 0 1 0 1 0 1 0 0 1 1 0 0 0 0 1 1 1 0 0 1 1 1 1 1 0 0 0 1 1 
0 0 1 1 0 1 0 1 0 0 0 1 0 1 0 1 1 0 0 0 1 0 1 1 1 1 1 1 0 1 0 1 1 1 0 0 0 1 1 0 0 0 1 1 0 1 1 0 1 0 1 0 
0 0 0 1 2 0 1 1 1 1 0 0 1 1 1 0 0 0 1 1 2 1 0 1 1 0 0 0 0 1 0 0 1 0 1 0 1 1 1 0 0 1 1 1 1 0 0 1 0 0 0 1 
1 0 0 1 0 0 0 1 1 1 0 1 1 0 0 1 0 1 0 1 3 0 1 1 0 1 1 1 1 1 1 0 0 1 1 0 0 1 0 0 1 1 0 1 1 0 1 1 0 1 0 1 
0 1 0 1 1 0 1 0 1 0 1 1 0 1 0 0 0 0 0 0 3 0 1 1 1 0 0 0 3 0 1 1 1 0 1 0 0 1 1 1 0 0 0 1 1 0 0 0 1 0 1 1 
1 0 0 0 0 0 1 0 0 0 1 0 0 0 0 1 0 1 0 0 2 0 0 0 0 0 1 1 2 0 1 1 0 0 0 1 0 0 0 1 0 1 1 1 0 0 1 1 0 0 1 1 
1 0 1 1 2 0 1 0 0 0 1 0 1 1 1 0 0 0 0 1 0 1 0 0 1 1 1 1 0 0 1 0 0 0 0 0 0 0 0 0 0 1 0 1 1 1 0 0 1 0 1 0 
0 1 1 0 1 1 0 0 0 1 1 0 1 1 1 1 1 1 1 0 2 0 1 0 0 1 1 0 3 1 0 0 0 1 1 0 1 0 0 0 1 0 0 0 0 1 1 0 1 0 0 0 
0 1 0 1 2 0 0 1 0 1 1 0 0 1 1 1 0 1 1 1 0 1 1 0 0 1 1 0 3 0 0 1 1 1 0 1 0 0 1 1 0 0 1 1 1 1 1 1 0 1 0 1 
1 1 0 0 2 0 1 0 1 0 0 1 0 1 0 0 1 1 1 1 3 0 0 0 1 1 1 0 2 1 0 0 1 0 1 0 1 0 1 0 1 0 0 1 1 1 1 1 0 1 0 0 
0 1 1 0 1 1 1 1 1 0 0 0 1 0 0 0 0 0 0 1 0 0 0 1 1 0 0 0 2 1 1 0 0 1 1 1 0 1 1 0 1 0 0 0 0 0 0 0 1 0 1 1 
1 1 1 0 2 1 1 0 0 0 1 1 0 1 0 0 1 1 0 0 2 1 1 1 0 0 0 1 1 0 0 0 1 1 0 1 1 1 0 1 0 1 1 0 0 0 0 0 1 1 1 1 
0 1 0 1 2 0 0 0 1 1 1 1 0 0 1 0 0 1 0 0 1 1 1 0 0 1 0 0 2 0 0 1 0 0 0 0 1 0 0 1 1 1 1 0 0 1 0 0 1 1 0 1 

# Size = 17 | Time = 13767 ms
0 1 1 1 2 1 0 0 0 0 1 1 1 1 0 1 0 0 1 0 3 1 1 0 0 0 1 0 2 1 0 1 0 1 1 0 0 1 0 1 0 0 1 1 1 0 1 1 0 1 1 1 
1 1 1 1 1 0 0 0 1 0 0 0 0 1 1 0 1 1 1 1 2 1 1 0 0 0 0 0 3 1 0 1 0 0 1 0 0 0 1 0 1 0 1 1 1 1 1 1 0 0 1 0 
0 1 0 0 1 1 1 0 0 1 0 1 0 0 1 0 0 0 0 0 2 0 1 1 1 1 0 1 0 1 0 1 0 1 0 1 0 1 1 0 0 1 1 0 0 0 0 1 0 1 1 1 
0 1 0 0 1 0 1 1 0 0 1 1 0 1 1 0 1 1 1 1 3 0 1 0 1 1 0 1 1 1 1 1 0 0 1 1 0 0 1 1 0 0 0 0 0 1 0 0 1 0 0 1 
1 1 0 0 2 0 1 0 0 0 0 0 0 1 0 0 1 0 1 0 3 1 1 0 0 1 1 1 3 0 1 1 0 1 1 1 1 1 0 0 1 1 1 1 1 1 0 1 0 1 0 0 
1 0 1 1 1 1 0 1 0 1 0 0 1 0 0 1 0 1 0 1 3 1 0 1 1 1 0 0 2 0 1 0 1 0 1 0 1 1 0 1 1 1 1 1 1 1 1 0 0 0 1 0 
1 1 0 1 1 1 0 0 0 0 1 0 0 0 0 1 1 1 0 1 0 1 1 0 1 0 0 1 1 0 1 1 1 0 0 0 1 1 0 0 1 1 1 0 0 1 1 1 0 1 0 0 
0 0 0 1 0 0 0 1 1 1 1 1 1 1 0 1 1 0 1 0 3 1 1 1 0 0 0 0 0 1 1 0 1 1 0 0 1 0 0 1 0 1 1 1 0 1 1 0 1 0 0 0 
0 1 0 1 1 1 0 0 0 0 0 0 1 1 1 0 1 1 1 0 1 1 0 0 1 0 1 0 0 0 1 0 1 0 1 1 1 1 0 0 1 1 1 1 0 1 1 0 1 1 1 1 
1 0 0 0 0 0 1 0 1 1 0 1 0 1 1 1 0 0 1 1 1 1 1 1 0 0 1 0 1 0 0 1 0 1 0 1 0 1 1 0 1 0 0 1 1 0 1 1 0 1 0 1 
1 0 0 1 2 1 0 1 0 1 0 0 0 1 0 0 0 0 0 0 1 0 0 1 0 1 0 1 2 1 0 1 1 0 0 1 0 1 1 0 0 0 0 0 0 1 0 0 1 0 1 0 
0 0 1 0 2 0 0 0 1 1 1 1 1 1 0 0 1 1 0 0 2 0 0 0 0 0 1 1 1 0 1 0 1 1 1 1 1 1 0 0 1 0 1 0 0 1 0 1 0 0 1 1 
1 0 1 0 0 0 1 1 0 1 0 0 0 1 1 1 1 0 1 0 2 1 0 0 1 0 0 1 2 0 0 0 0 0 0 1 1 0 1 1 0 0 0 0 0 1 1 0 1 1 0 1 
0 1 1 0 0 0 1 1 0 1 1 1 1 0 0 1 1 0 0 1 1 0 1 0 1 1 0 1 3 1 1 1 0 1 0 0 0 0 1 1 0 1 0 0 0 1 1 1 0 1 0 1 
1 0 1 0 0 1 1 0 1 0 1 0 0 0 1 0 0 1 1 1 0 1 0 1 0 1 1 0 3 0 1 0 1 1 0 1 1 0 0 1 1 1 1 1 0 0 1 0 1 1 0 1 
1 0 1 1 2 1 1 1 1 1 0 1 0 0 1 1 0 1 1 1 0 0 0 0 1 1 1 0 0 1 0 1 0 0 0 1 1 0 0 0 1 0 0 1 1 0 1 0 1 0 1 1 
0 1 1 1 0 0 0 1 1 0 1 1 1 1 0 0 1 0 1 0 0 0 1 1 0 1 1 0 2 1 1 0 0 1 1 0 0 1 1 0 0 0 1 0 0 0 0 0 1 0 1 1 

# Size = 17 | Time = 11981 ms
0 1 0 1 2 0 1 0 1 1 0 1 1 0 0 1 0 1 0 0 3 0 0 1 0 1 1 0 1 1 0 0 0 1 0 1 0 0 0 1 1 1 1 0 0 1 1 0 1 0 0 0 
1 1 1 1 0 1 1 1 0 1 0 1 0 0 1 0 1 0 1 0 0 1 1 0 0 1 1 1 0 0 1 1 0 0 1 0 1 0 1 1 0 1 1 0 0 0 0 0 1 1 1 1 
0 1 1 0 1 0 0 0 0 1 1 0 0 1 1 0 1 1 0 0 2 0 0 0 1 1 0 0 1 1 0 0 0 0 1 1 1 1 0 0 1 0 1 0 0 0 0 0 1 0 0 1 
1 0 0 1 1 1 0 0 1 0 1 0 1 1 1 1 1 1 1 1 1 0 1 0 1 0 0 1 2 1 0 1 1 0 1 0 1 1 0 1 0 0 0 1 1 0 1 0 1 0 1 1 
0 0 0 1 1 1 0 1 1 0 0 0 0 1 1 1 1 0 1 0 3 0 0 1 1 1 1 1 0 1 1 1 0 1 1 1 0 0 0 1 1 0 0 1 1 1 1 0 0 1 1 0 
0 1 0 1 0 1 1 1 0 1 0 0 1 1 1 0 0 1 1 0 1 1 1 0 1 0 1 1 1 0 0 0 0 1 1 0 1 0 1 0 0 0 0 1 1 0 0 1 0 1 0 1 
0 0 1 1 2 0 1 0 0 0 0 0 1 1 0 1 0 0 0 0 1 0 1 1 0 0 0 0 0 0 0 1 1 0 1 1 0 0 0 0 1 1 1 1 1 0 1 0 1 1 0 1 
1 1 1 1 2 1 1 1 1 0 1 1 1 0 0 1 1 0 1 1 2 1 1 0 0 0 1 1 0 1 0 0 0 0 1 0 1 1 1 1 1 1 1 1 1 0 1 1 0 1 1 1 
1 0 1 0 1 0 1 1 1 0 1 1 0 0 1 1 1 1 1 0 1 1 0 0 1 1 1 1 3 0 1 0 1 1 0 1 0 0 1 0 1 0 0 0 0 1 1 1 0 0 1 0 
1 1 1 0 0 1 1 0 1 1 1 0 0 0 0 0 0 0 0 0 3 1 0 0 1 0 0 0 2 1 0 1 1 0 0 0 1 1 1 0 1 1 0 1 1 0 0 1 0 0 0 1 
1 0 0 0 0 0 0 0 0 1 0 1 0 1 1 0 1 1 0 1 0 0 0 0 0 1 0 1 0 1 0 0 1 1 0 0 0 1 0 1 1 1 0 1 1 1 1 0 1 0 1 0 
1 0 1 0 0 1 1 1 1 0 0 1 0 1 0 1 1 1 0 0 2 0 1 1 0 1 0 0 3 0 0 1 1 1 0 0 0 0 1 1 1 1 0 0 0 1 1 1 0 1 1 0 
1 0 1 0 0 1 0 1 0 0 0 0 0 1 0 0 0 0 1 1 0 0 1 1 0 0 1 1 1 0 1 1 1 0 1 1 0 0 1 1 1 0 0 1 0 1 1 0 1 1 1 1 
0 1 1 1 1 0 0 1 0 0 0 0 0 1 0 0 0 0 0 1 0 0 0 1 0 0 1 0 2 1 1 0 0 1 1 1 0 0 1 0 0 1 0 0 0 1 0 1 0 1 0 0 
0 1 1 1 2 1 0 1 1 1 1 0 1 1 0 1 0 0 1 1 0 1 1 0 1 0 0 0 3 1 1 1 0 0 1 1 0 1 0 1 1 0 0 1 1 0 1 0 1 1 1 1 
0 0 0 1 2 1 0 0 0 1 1 1 0 0 1 0 1 0 0 1 3 1 1 0 0 0 1 0 3 0 1 0 1 0 0 0 1 0 0 1 0 1 1 1 1 1 0 1 0 0 0 0 
1 1 0 0 2 1 1 0 1 1 1 1 1 0 1 0 0 1 1 0 2 1 0 1 0 1 0 0 2 0 1 0 1 0 0 1 1 1 0 0 0 0 1 1 1 1 1 0 1 1 1 0 

# Size = 16 | Time = 45021 ms
1 0 1 0 1 1 0 0 1 0 0 1 1 0 0 1 1 0 1 0 0 1 0 1 0 1 0 0 2 0 1 1 1 0 0 1 0 0 0 1 0 0 1 1 1 0 1 1 0 0 0 1 
1 0 1 1 1 0 0 0 0 1 1 0 0 0 1 0 0 0 1 0 3 1 1 1 0 0 0 0 3 1 0 1 0 0 0 0 1 0 1 1 0 1 0 1 1 0 1 0 1 0 1 1 
0 0 1 0 2 1 0 0 0 0 0 1 0 0 0 1 1 1 1 0 0 1 1 1 1 1 1 0 0 1 1 1 0 1 0 0 0 1 0 0 1 0 1 1 1 0 1 0 1 1 1 1 
1 1 0 0 0 0 0 1 1 0 0 0 1 1 1 0 0 1 0 1 0 0 0 0 1 1 1 1 3 0 1 1 0 1 1 1 1 1 0 1 0 1 0 0 0 1 0 1 0 0 1 0 
0 0 0 1 2 0 0 0 0 1 1 1 1 1 0 1 1 0 1 0 2 0 0 0 0 1 1 0 3 0 1 0 0 0 0 1 0 0 0 0 0 0 1 0 0 0 1 0 0 0 1 1 
1 0 0 1 1 1 0 0 1 0 1 1 0 1 0 0 0 0 1 1 3 0 1 0 0 1 1 0 1 1 1 0 1 1 1 0 0 0 0 0 1 0 1 0 0 1 1 1 0 1 1 0 
1 0 0 0 2 1 1 1 1 0 0 1 1 0 1 1 0 1 0 0 2 0 0 1 0 0 0 0 1 0 0 1 1 0 0 0 0 0 1 1 1 0 0 1 1 0 1 1 0 1 1 1 
1 0 1 1 2 1 1 0 0 1 0 1 1 0 1 0 0 1 0 0 1 0 0 1 0 1 1 1 1 0 0 0 0 0 1 1 1 1 1 0 0 0 1 1 1 1 0 1 0 0 1 0 
0 0 1 0 0 0 1 1 1 1 0 0 1 0 1 0 0 1 0 0 3 0 0 0 1 0 0 1 0 0 1 1 1 0 0 1 1 1 0 0 0 0 1 0 0 0 0 1 0 1 0 1 
0 1 1 1 0 0 1 0 1 1 1 0 1 0 0 0 1 0 0 1 0 1 1 1 1 0 1 1 1 0 0 0 0 1 1 1 0 0 1 1 1 1 0 1 1 1 0 0 1 0 0 1 
0 1 0 1 1 0 0 0 1 1 1 0 1 1 1 1 1 0 1 0 2 1 1 0 1 0 0 1 0 1 0 0 0 0 1 1 0 0 0 0 1 1 0 1 0 1 1 1 0 0 0 0 
0 1 0 0 1 0 0 1 1 0 1 1 0 1 0 0 1 1 0 0 1 1 0 0 0 0 0 1 2 0 0 1 1 1 0 1 1 1 0 0 1 1 0 1 0 1 0 0 1 0 1 0 
0 1 1 1 0 1 1 1 0 1 1 0 0 1 1 0 0 1 1 1 2 1 0 1 1 1 1 0 2 1 0 0 1 1 1 0 1 1 0 0 0 1 0 0 0 0 0 0 1 0 1 1 
1 1 0 0 2 0 1 0 0 1 1 0 1 1 0 1 1 0 0 1 3 0 1 0 1 0 0 1 2 1 1 0 0 1 0 1 1 1 1 1 1 1 1 1 1 1 1 1 0 1 0 0 
1 1 0 1 0 0 1 1 1 0 1 1 0 1 0 1 1 0 1 1 1 0 0 0 0 0 0 1 0 1 1 0 1 0 0 0 1 0 1 1 1 1 1 0 0 1 1 0 1 0 0 1 
0 1 0 1 1 1 1 1 1 0 0 0 1 1 1 0 1 1 1 1 1 0 1 0 1 1 0 0 3 0 0 0 1 1 0 1 0 1 0 0 1 0 0 1 1 0 0 1 0 1 0 1 

# Size = 16 | Time = 44699 ms
1 1 1 0 1 1 0 0 1 1 1 1 0 0 0 0 1 0 0 0 2 1 1 0 1 0 0 0 1 0 0 1 1 1 0 1 0 0 1 1 0 1 1 0 0 1 1 0 1 0 1 0 
1 0 0 0 0 0 0 0 0 1 1 0 0 0 1 0 1 0 1 1 2 1 0 1 0 0 0 0 0 0 0 1 0 1 0 1 1 0 0 1 0 1 1 0 0 1 0 1 0 0 0 1 
1 1 1 1 1 0 1 1 0 0 1 1 1 0 0 1 1 0 0 0 0 0 0 0 1 1 1 1 3 0 0 1 0 0 0 0 1 0 1 0 1 1 0 0 0 1 1 0 1 0 0 0 
0 1 1 0 2 0 0 0 1 1 0 0 0 1 1 0 0 0 1 0 3 1 0 0 0 1 0 0 3 1 0 0 1 0 0 1 0 0 0 0 1 1 0 0 0 0 0 0 0 0 0 1 
1 0 1 1 0 0 0 1 0 1 1 1 1 0 1 1 1 0 0 1 3 1 1 1 0 0 1 1 1 0 1 1 1 0 1 0 1 1 1 0 1 0 1 0 0 0 1 0 0 0 1 1 
1 1 0 1 2 0 0 0 0 0 0 1 1 0 0 0 1 1 1 1 1 1 0 0 0 1 0 1 1 0 0 1 0 1 1 1 1 1 1 1 0 0 0 0 0 1 0 1 0 1 0 0 
1 1 1 0 2 1 1 1 0 1 0 0 0 1 1 0 0 1 0 0 0 0 0 1 1 1 0 1 2 0 0 0 1 0 0 0 1 0 0 0 1 0 1 1 0 0 0 0 0 1 1 1 
1 0 1 1 2 1 1 0 1 1 0 0 1 0 0 1 1 1 1 0 2 1 0 0 1 0 0 0 3 1 1 1 1 0 1 0 0 1 0 0 1 0 1 1 1 0 1 0 1 1 0 1 
0 1 0 1 0 0 0 1 1 0 1 1 1 1 1 1 0 0 0 1 2 0 1 0 1 1 1 1 2 0 1 0 1 1 1 1 0 0 0 0 1 1 0 1 0 1 1 0 1 0 0 0 
0 1 0 0 0 1 0 1 1 0 0 0 1 1 1 1 0 1 0 1 1 0 1 1 1 1 0 1 3 1 1 1 1 1 0 0 0 1 1 1 0 1 1 1 1 0 1 1 0 1 1 1 
0 1 1 1 2 0 1 1 0 1 1 0 0 0 0 0 1 1 0 0 1 1 1 1 0 1 1 0 0 0 1 0 0 0 0 0 0 1 0 0 0 0 1 0 0 1 0 0 1 1 0 0 
1 1 0 1 1 1 0 0 0 0 0 1 0 1 0 0 1 1 1 0 3 0 1 1 1 1 0 0 0 0 0 0 0 0 1 1 1 0 1 1 1 1 0 1 1 0 1 0 1 0 1 1 
1 1 0 0 1 1 1 1 1 0 1 0 0 0 1 0 1 0 1 0 3 0 1 0 0 0 1 1 2 1 1 0 0 1 0 1 1 1 1 1 0 1 0 1 1 1 0 1 0 1 0 0 
0 0 1 0 0 0 1 1 1 0 0 0 0 1 0 1 0 0 1 0 0 0 1 1 0 1 1 0 1 1 1 0 0 0 0 1 0 1 0 0 0 1 0 1 1 1 1 1 0 0 0 1 
1 1 0 0 2 0 0 0 1 0 1 1 1 1 0 1 0 0 1 1 0 1 0 0 0 0 0 1 0 1 1 1 1 1 1 1 0 0 0 1 1 0 1 0 0 1 1 1 0 0 1 1 
0 0 0 1 1 0 1 0 0 0 1 1 1 0 0 1 0 0 0 1 1 1 1 0 0 0 1 0 2 1 1 1 0 1 1 1 1 0 0 1 1 0 1 0 0 1 1 1 0 0 1 0 

# Size = 16 | Time = 45057 ms
0 1 1 1 1 0 1 0 1 1 0 0 0 0 0 1 0 1 0 1 0 1 1 0 0 0 0 1 2 1 0 1 1 1 0 0 1 0 0 1 0 1 0 0 0 1 1 0 1 0 0 0 
1 0 0 0 2 1 0 1 0 0 1 1 1 0 1 0 1 0 1 1 0 1 1 1 0 1 0 1 1 0 1 1 0 1 1 0 1 1 0 1 0 1 0 1 1 0 0 1 0 1 1 1 
0 1 0 0 1 1 1 1 0 0 0 1 1 1 1 0 0 0 0 1 1 1 1 1 1 0 1 0 3 1 1 1 0 0 0 1 1 1 1 0 0 0 0 1 1 1 0 1 0 0 0 0 
0 0 1 1 2 0 1 1 1 0 1 0 0 0 0 0 1 0 0 0 2 1 1 0 0 1 1 0 1 0 1 0 1 0 0 0 0 0 1 0 0 0 0 1 1 1 0 1 0 0 1 0 
1 1 0 0 1 0 1 1 1 1 1 1 1 0 1 0 1 1 1 0 3 0 1 0 1 0 1 0 1 1 0 0 1 0 0 0 0 0 1 1 1 0 0 0 0 1 1 0 1 1 0 0 
1 1 1 1 0 0 0 1 0 0 0 1 0 1 1 1 0 1 1 1 2 1 1 1 1 0 0 0 0 1 0 0 0 1 1 0 1 0 1 1 1 0 1 0 0 1 1 1 0 0 0 0 
0 1 1 0 0 1 1 1 1 1 0 0 0 1 1 0 1 1 0 0 0 1 0 0 1 1 1 1 3 0 1 1 1 1 0 1 1 1 1 0 0 0 1 1 1 1 1 0 1 0 0 1 
1 0 1 1 1 1 1 0 0 0 1 1 1 1 0 1 1 1 0 0 3 0 0 1 0 0 0 1 2 0 0 1 0 0 1 1 0 1 1 0 0 1 1 1 1 1 1 1 0 1 1 0 
0 1 1 0 2 1 1 1 0 1 0 0 1 1 1 1 0 0 1 1 2 0 1 1 1 1 0 0 2 0 0 0 1 1 0 1 0 1 1 1 1 0 1 0 0 0 1 1 0 0 1 1 
1 0 0 0 0 1 0 0 1 0 1 0 1 1 1 0 0 1 0 0 1 0 1 0 0 0 1 1 2 1 1 0 0 1 0 0 1 1 1 0 0 1 0 1 0 0 0 0 1 1 0 1 
0 1 1 1 0 1 0 0 1 1 0 0 0 1 0 1 0 1 1 0 1 0 0 1 0 1 1 0 1 1 1 0 1 0 1 1 0 0 0 1 1 0 1 0 0 1 1 0 1 1 1 0 
1 0 1 0 1 1 0 1 0 1 1 0 1 1 1 0 1 1 0 0 0 0 1 0 0 1 0 0 0 1 0 0 1 0 0 1 0 1 0 1 1 1 0 0 0 1 0 0 1 1 1 0 
1 0 1 1 0 1 0 1 1 0 1 0 0 0 0 0 0 0 0 1 3 1 0 1 0 1 1 1 0 1 1 1 0 1 1 1 0 0 1 0 0 0 1 1 1 0 0 0 0 0 0 1 
0 0 0 1 2 0 0 0 0 0 0 1 0 0 1 1 0 1 1 1 3 0 0 0 1 1 0 0 3 1 1 0 0 0 1 1 1 1 0 0 1 0 0 0 0 1 1 0 0 0 0 0 
0 0 0 1 2 0 1 0 0 1 1 1 0 0 0 0 1 1 1 1 1 0 0 0 1 0 0 1 0 0 0 0 0 0 0 1 0 0 1 0 0 1 0 1 1 0 0 0 1 1 0 1 
1 0 0 0 1 1 0 0 0 1 1 0 0 0 0 0 0 0 0 0 2 0 0 0 0 1 1 1 3 0 0 1 0 0 0 0 0 0 0 1 1 1 1 1 1 0 1 0 1 1 1 1 

# Size = 16 | Time = 39387 ms
1 1 0 1 1 1 0 0 1 0 1 0 0 1 0 1 1 1 0 0 0 0 0 1 1 1 1 0 2 1 1 0 0 1 0 0 0 0 1 0 1 1 1 1 1 1 1 1 0 1 0 0 
1 0 0 0 0 1 1 1 1 0 1 1 0 0 0 1 1 0 1 1 0 1 0 1 0 0 1 1 1 0 0 0 1 0 1 1 1 1 1 1 1 1 0 0 0 1 1 0 1 0 1 0 
1 1 0 0 0 1 1 0 0 0 0 0 1 0 1 1 0 0 1 1 3 0 0 1 0 0 0 0 0 0 0 1 1 1 0 0 1 1 1 0 1 0 0 1 1 1 1 0 1 1 0 0 
0 1 1 0 2 0 1 1 0 1 1 1 0 0 1 0 0 1 0 1 3 1 1 0 1 1 1 1 2 1 1 0 1 1 1 1 0 1 0 0 0 0 0 0 0 1 0 1 0 0 1 1 
1 0 0 1 2 0 0 1 0 1 1 1 1 1 1 1 1 0 0 0 0 0 0 0 1 0 1 1 0 0 1 0 1 1 1 0 1 0 1 0 0 1 0 1 0 1 1 0 0 0 1 0 
1 0 1 1 0 0 1 0 0 0 1 1 1 1 1 1 1 1 1 0 1 0 1 1 0 0 0 0 3 0 1 0 1 0 0 0 1 0 0 0 1 0 0 0 0 1 1 0 1 0 0 0 
1 0 0 0 2 1 0 1 1 0 1 0 1 1 0 1 0 0 1 0 1 1 0 1 1 1 1 1 2 0 0 1 1 0 1 1 1 1 1 1 1 1 1 1 1 0 1 0 1 1 1 1 
0 1 1 1 1 1 1 1 1 1 0 0 1 1 0 0 0 0 0 1 0 1 1 1 1 1 0 1 3 0 1 1 1 1 1 1 0 0 0 1 1 0 0 1 1 0 0 1 0 1 1 1 
0 0 1 1 2 0 0 1 1 0 0 0 1 1 1 0 0 1 1 0 2 0 0 0 1 1 0 0 1 0 0 1 0 1 0 0 0 1 0 1 1 0 1 1 1 1 0 1 0 1 0 0 
0 1 1 1 0 0 1 1 0 1 0 0 1 0 0 0 0 1 0 1 1 0 1 0 1 0 1 0 1 1 0 0 0 1 0 1 1 0 1 1 0 1 1 1 1 1 0 1 0 0 1 0 
1 0 1 0 1 0 0 0 0 0 0 0 0 0 1 0 1 1 0 0 1 1 1 0 0 1 0 1 0 1 0 1 1 0 1 1 0 0 1 1 0 1 1 0 0 0 1 1 0 1 0 1 
0 1 1 1 0 1 0 0 0 0 0 1 0 1 1 1 0 0 0 1 2 0 0 0 0 0 0 0 2 1 1 0 0 0 1 0 0 0 1 1 1 1 0 0 0 0 1 0 1 1 0 1 
0 1 0 0 2 0 1 0 1 0 1 0 0 1 0 0 1 1 1 0 3 1 0 0 0 0 0 0 3 1 0 0 0 0 0 1 1 0 1 1 1 1 1 0 0 0 1 0 0 0 1 1 
1 0 0 1 1 1 0 0 1 1 1 1 0 0 0 0 0 1 1 0 3 1 1 0 1 1 0 1 1 0 1 1 1 0 0 0 0 1 0 0 0 0 0 0 0 0 0 0 1 0 0 1 
1 0 0 0 1 1 0 1 1 1 1 1 1 0 0 0 1 1 1 0 2 1 1 1 0 0 1 1 3 0 1 1 1 1 1 1 1 1 0 0 0 0 1 1 1 0 0 0 1 0 0 1 
0 0 1 1 0 0 1 1 1 1 0 1 1 1 0 0 0 0 1 1 2 1 1 0 0 1 0 1 0 1 1 0 0 0 0 0 1 1 0 0 1 1 0 1 0 1 0 0 0 0 1 1 

# Size = 17 | Time = 11977 ms
1 0 1 1 1 1 1 0 1 0 0 1 1 0 0 1 0 1 1 0 0 1 0 0 1 1 0 1 2 0 1 1 0 0 0 1 0 1 1 1 1 1 0 0 0 1 1 0 0 0 1 0 
0 1 1 0 0 0 1 1 1 1 1 0 0 1 1 0 1 1 0 1 2 0 0 1 0 1 0 0 1 0 1 1 0 1 1 1 1 0 0 1 0 0 0 0 0 1 0 0 1 1 0 0 
1 1 1 0 1 1 0 0 0 0 0 1 0 1 0 1 1 0 1 1 2 0 0 1 1 1 0 1 1 1 0 0 0 1 1 0 1 1 0 0 0 0 1 0 0 1 1 1 0 0 0 0 
1 1 1 0 0 0 1 0 1 1 0 1 0 1 1 0 1 0 1 1 1 0 0 0 0 0 0 1 0 0 0 1 0 1 1 0 0 1 1 1 0 0 0 1 1 1 0 1 0 1 0 0 
0 1 0 0 0 0 0 0 0 0 1 0 1 0 0 0 0 1 1 1 3 0 1 0 0 0 0 1 2 1 1 1 1 0 0 0 1 1 1 0 0 1 0 1 1 0 0 1 0 0 1 1 
0 0 0 1 0 1 0 0 0 0 1 0 1 1 0 0 1 1 1 1 0 1 1 1 0 0 0 0 1 1 0 0 1 1 0 0 1 0 1 0 1 1 1 1 1 1 1 0 1 1 1 1 
1 1 0 0 2 0 0 0 1 1 1 0 1 0 1 0 1 1 0 1 2 1 0 0 0 1 1 0 2 1 0 1 1 1 0 1 0 1 0 0 1 1 1 1 0 1 0 1 0 0 1 0 
0 0 0 0 1 0 0 0 1 0 0 1 1 1 0 0 0 1 0 0 1 0 0 1 0 1 0 1 3 0 0 0 1 0 0 0 1 0 0 1 1 1 0 1 1 1 0 0 1 0 1 1 
1 1 1 1 1 1 1 1 0 1 1 1 0 0 0 1 1 0 1 0 3 1 0 0 0 1 0 1 3 0 1 0 0 1 0 1 0 1 1 0 1 0 0 1 0 0 1 0 1 1 0 1 
1 0 1 1 1 0 1 1 0 0 1 0 1 1 1 1 0 0 0 1 0 0 1 1 0 0 1 0 0 1 0 0 1 0 1 1 0 0 1 1 1 1 0 1 1 0 1 1 0 0 1 1 
0 1 0 1 2 0 1 0 1 0 0 1 0 0 0 0 1 1 1 0 2 1 1 1 0 0 1 1 0 1 1 1 0 0 0 0 1 1 1 0 0 1 1 1 1 0 0 0 1 1 0 1 
1 0 0 1 2 1 0 0 1 1 1 1 0 1 1 0 1 1 0 0 3 1 0 1 1 1 1 0 0 1 1 1 1 1 0 0 0 0 0 1 0 0 1 0 0 0 0 0 0 1 1 1 
1 1 0 1 2 0 1 0 0 1 1 0 1 0 0 0 0 1 0 0 1 1 1 0 0 0 0 0 1 1 1 1 0 1 1 1 1 0 0 1 1 1 1 1 0 0 0 0 1 1 0 1 
1 1 1 0 2 0 0 0 0 1 1 0 0 0 0 0 1 0 1 1 0 0 1 0 1 1 1 0 3 1 0 1 1 0 0 0 1 0 0 1 0 0 0 1 1 1 0 1 0 0 0 0 
0 0 1 0 0 0 0 0 1 0 1 1 0 1 1 1 0 0 0 0 2 0 0 1 1 0 0 0 3 0 0 1 1 1 1 1 0 0 0 1 1 1 1 0 0 1 1 0 0 0 0 1 
1 1 0 1 0 0 1 0 1 1 0 0 1 1 0 1 0 0 0 0 3 0 0 1 1 1 1 0 1 1 0 1 0 0 1 0 0 0 1 1 0 0 1 1 1 1 1 1 0 0 0 0 
1 0 0 0 2 1 0 1 1 0 0 0 0 1 1 1 0 0 0 1 1 0 1 1 1 0 1 0 2 0 0 0 1 1 1 0 1 0 1 0 1 0 1 0 0 0 1 0 1 1 0 1 

# Size = 16 | Time = 39429 ms
0 0 1 1 2 0 0 1 1 0 1 0 1 0 0 1 0 1 0 1 3 0 0 1 0 0 0 1 0 0 0 0 1 1 0 0 1 1 0 1 1 0 1 0 0 0 1 1 0 0 0 1 
0 0 1 0 1 0 0 0 0 1 0 1 0 1 0 0 0 0 1 0 0 1 0 0 1 0 0 1 2 1 1 1 1 0 0 0 1 0 0 0 1 0 0 1 1 0 0 1 0 1 0 1 
1 1 0 1 1 1 1 0 1 0 0 0 0 1 1 0 1 1 0 1 0 0 1 1 0 1 1 0 0 1 1 0 0 0 1 0 0 1 1 0 0 0 1 1 1 1 0 0 0 1 0 0 
0 1 1 0 2 0 0 0 0 0 1 0 0 1 1 1 1 1 1 0 0 0 0 0 0 1 1 1 3 0 0 1 0 0 0 0 0 0 1 0 0 1 0 1 1 1 1 1 0 0 1 0 
0 1 1 0 2 0 0 0 0 1 0 0 0 0 0 0 0 1 1 0 1 1 0 1 0 0 1 1 1 0 0 0 0 1 0 0 1 0 1 0 0 0 0 1 1 1 0 0 1 0 1 0 
1 1 0 1 2 1 1 1 1 0 1 0 1 1 1 1 1 0 0 0 2 0 1 1 0 1 1 1 2 1 0 1 1 0 1 0 0 0 1 1 1 0 1 0 0 0 1 1 0 0 1 1 
1 1 0 1 0 1 1 0 0 1 0 1 0 0 0 0 0 0 1 0 3 1 1 0 1 0 1 0 3 0 0 0 1 1 0 0 1 0 1 0 1 1 1 0 0 1 1 0 1 1 1 0 
1 0 0 0 1 0 0 1 0 1 0 1 0 0 0 0 0 1 1 1 2 1 1 1 1 0 0 0 0 0 0 1 0 0 1 1 0 1 0 0 1 1 0 0 0 0 0 0 1 0 1 1 
0 0 0 0 1 1 1 1 1 1 0 1 1 1 1 1 1 1 0 1 1 1 1 1 1 0 0 0 3 1 1 1 1 1 1 1 0 1 0 1 1 1 0 0 0 1 1 0 0 0 0 1 
0 1 1 0 0 1 0 0 0 1 0 1 1 0 0 0 1 1 1 0 2 1 1 0 0 0 1 0 3 0 1 0 1 1 1 0 1 0 0 0 0 0 1 0 0 0 0 0 0 1 1 1 
1 0 1 0 0 1 1 1 1 0 0 0 1 0 0 0 1 0 0 0 0 1 0 0 1 1 0 0 1 0 0 1 0 1 0 1 0 0 0 1 0 1 0 0 0 1 0 0 1 1 1 0 
1 0 1 1 0 0 1 1 0 1 1 0 1 1 1 1 1 0 0 0 2 1 0 1 0 0 0 1 1 0 1 1 1 1 0 1 0 1 0 1 1 1 0 1 1 1 1 1 0 1 0 0 
0 0 0 0 1 1 0 0 0 0 1 1 0 0 1 0 1 0 1 1 3 0 1 1 1 0 0 0 1 1 0 0 1 0 1 1 0 1 1 1 1 0 1 1 1 0 0 1 0 1 0 1 
0 0 0 1 0 0 0 1 1 1 0 1 1 0 1 0 1 0 1 0 1 0 0 0 0 1 1 0 0 1 0 0 1 0 1 1 1 0 0 0 0 0 1 1 0 1 1 1 0 1 0 0 
1 0 0 0 2 1 0 1 0 0 1 1 1 1 1 1 0 1 1 0 3 0 1 0 1 1 0 0 2 0 1 1 0 1 1 1 1 1 1 0 0 0 0 1 0 1 1 0 1 1 1 0 
1 1 1 0 0 1 0 1 0 0 1 0 1 0 0 0 0 0 0 1 1 1 0 0 0 0 0 1 2 1 0 0 0 1 1 1 1 0 1 0 1 1 0 1 1 0 0 0 1 0 0 1 

# Size = 16 | Time = 41279 ms
1 1 0 0 2 0 0 0 0 1 0 1 0 0 1 0 1 1 0 1 0 1 1 1 0 0 0 0 3 1 1 1 0 0 1 0 1 0 1 1 1 0 1 0 0 0 0 0 1 0 1 1 
0 0 1 1 0 1 0 1 1 0 0 1 1 1 0 0 0 1 1 0 1 1 0 0 1 0 0 1 0 1 0 1 0 1 0 0 1 0 0 1 1 1 1 0 0 1 0 1 0 0 1 0 
0 1 0 1 0 0 1 1 0 0 1 1 1 1 0 1 0 1 1 1 0 0 0 1 0 0 0 1 2 0 1 1 1 0 1 0 0 0 0 0 0 1 0 0 0 0 1 0 0 1 0 1 
0 0 1 1 0 1 1 1 1 1 1 0 1 0 1 1 0 1 1 0 2 0 1 1 1 0 1 1 3 0 1 1 0 1 0 1 0 1 1 0 0 1 0 0 0 1 1 0 1 1 0 0 
0 1 0 0 1 1 0 1 1 1 1 0 1 0 1 0 1 0 1 0 0 0 1 1 0 1 1 1 0 0 0 1 1 0 0 1 1 0 1 0 0 0 0 1 1 1 0 0 0 1 1 1 
1 0 1 0 0 1 0 1 0 1 0 0 1 1 0 1 1 0 1 0 0 0 0 0 1 1 0 0 1 1 0 0 1 1 0 1 1 1 0 1 0 0 0 1 1 1 1 1 0 1 1 0 
0 1 1 1 2 1 1 1 1 1 0 1 0 1 1 0 0 1 0 0 1 1 1 0 0 0 1 1 1 1 1 0 1 1 1 0 0 0 1 0 0 1 0 1 0 1 0 0 1 0 1 1 
0 0 0 0 1 0 1 0 0 0 1 1 0 0 1 1 0 0 0 1 3 0 1 1 0 1 0 0 1 0 0 1 0 0 1 1 1 1 0 0 0 1 1 0 0 1 1 0 1 0 0 0 
1 0 1 1 1 1 0 1 1 0 1 0 0 1 0 0 1 0 1 1 3 0 0 0 1 0 1 0 3 0 1 1 0 0 0 1 0 1 0 1 1 1 1 1 0 1 1 0 1 0 0 1 
1 1 1 0 1 0 0 0 1 0 0 0 0 1 1 1 1 1 0 1 2 1 0 0 0 0 0 1 2 0 0 0 1 0 1 0 1 1 0 1 0 0 1 0 0 0 1 1 0 0 0 1 
1 0 0 0 2 0 1 0 1 0 1 0 0 0 1 0 0 0 1 1 1 0 1 0 1 1 1 0 2 0 0 0 0 0 1 1 0 1 0 0 1 0 1 0 0 0 0 1 0 0 0 1 
0 0 0 0 1 1 0 1 0 0 0 1 0 0 0 0 1 1 1 0 2 1 0 0 0 1 1 1 1 1 1 1 0 0 1 0 1 1 1 0 1 0 1 1 1 0 0 1 0 0 1 1 
1 1 0 1 0 0 1 0 1 1 0 0 0 0 0 1 1 1 0 0 3 1 1 1 1 0 0 0 0 0 1 0 1 0 0 0 0 1 1 1 1 1 0 1 1 0 1 1 0 0 1 1 
0 1 0 1 2 1 1 1 1 1 1 1 1 0 0 0 0 1 1 0 3 1 1 1 0 0 0 1 2 1 1 1 1 1 0 0 1 0 1 0 1 0 1 1 1 1 0 0 1 1 1 0 
1 0 0 1 2 0 0 1 0 1 0 0 0 1 1 1 1 0 1 1 2 1 0 0 0 0 0 0 0 1 1 0 1 1 1 1 0 0 0 1 1 0 1 1 1 0 1 0 1 1 0 1 
1 0 1 1 1 1 0 0 0 0 1 0 1 1 1 1 1 0 0 0 1 0 0 1 1 1 1 0 3 0 0 0 1 1 0 0 1 0 1 1 1 1 0 1 1 1 1 1 0 1 0 1 

# Size = 17 | Time = 15280 ms
0 1 1 1 2 1 1 1 0 1 1 0 1 0 0 1 1 1 0 1 0 1 1 0 0 1 0 0 2 0 0 1 0 0 0 1 0 1 0 1 0 1 1 1 1 1 1 0 1 1 1 1 
0 1 0 0 1 0 0 1 1 1 0 1 0 1 1 0 1 1 0 1 0 1 0 0 0 1 1 0 3 0 1 0 0 0 0 1 1 0 1 0 0 1 1 0 0 1 1 1 0 0 1 0 
0 0 0 0 2 0 0 1 0 0 0 0 1 0 1 1 1 1 0 0 1 1 0 0 1 1 0 0 0 1 1 0 0 0 0 1 1 0 0 0 1 0 0 0 0 0 1 0 1 0 1 1 
1 0 0 1 2 1 0 1 0 0 1 0 1 0 1 1 0 1 1 0 0 1 0 1 0 0 1 1 1 0 1 1 1 1 1 0 0 0 1 0 0 1 0 1 0 1 1 0 1 1 1 1 
1 0 1 0 0 0 1 1 0 1 1 0 0 1 0 0 0 1 1 1 2 1 1 1 1 1 1 1 0 0 0 0 0 1 0 0 1 1 1 0 1 0 0 1 1 0 1 1 0 0 1 1 
1 0 1 0 1 1 0 0 1 0 1 0 0 0 1 0 0 0 1 0 1 1 1 1 0 0 1 1 2 0 1 1 1 1 1 1 0 1 1 0 0 0 1 0 0 0 0 1 0 0 1 1 
0 0 0 1 1 1 1 0 1 0 0 0 0 1 0 0 0 1 0 1 1 0 0 0 1 1 0 0 1 0 1 0 1 1 1 1 1 1 1 1 0 0 1 1 1 1 0 0 1 0 1 0 
0 1 1 0 0 1 0 0 1 1 0 0 1 1 1 1 1 0 0 0 2 0 1 0 0 1 1 0 2 1 1 0 0 1 1 1 0 0 0 1 1 0 1 1 1 1 1 1 0 0 0 0 
0 1 1 1 1 1 0 0 1 0 1 1 1 1 0 0 0 0 0 1 0 0 1 0 1 0 1 1 0 1 0 0 1 0 1 0 0 0 0 1 0 1 0 1 1 1 0 1 0 1 1 0 
1 1 0 0 2 0 0 0 1 1 0 1 0 0 1 1 1 1 0 0 3 1 0 1 1 0 0 1 2 1 0 1 0 0 0 0 1 0 0 1 1 1 0 1 0 0 1 0 1 0 0 1 
1 0 1 1 2 0 0 1 0 0 0 1 0 1 0 0 1 0 0 0 2 1 0 1 0 0 0 1 3 1 1 1 1 1 1 1 0 1 0 1 1 0 1 0 0 1 0 0 1 0 1 0 
0 0 0 0 1 1 1 0 1 1 1 1 0 0 0 0 0 0 0 0 2 1 1 1 0 0 0 0 1 1 1 0 0 0 0 0 1 0 1 1 0 1 1 0 0 0 1 0 0 1 0 1 
1 1 0 1 0 1 1 1 0 1 0 1 1 0 0 1 0 0 0 0 1 0 1 0 1 1 0 0 3 1 0 1 1 1 1 0 0 1 0 0 1 1 1 1 0 1 1 0 1 1 0 0 
0 1 1 0 0 0 1 0 0 0 0 1 0 0 0 0 1 0 1 0 3 0 0 0 0 1 0 0 0 1 1 1 1 0 0 1 1 1 0 1 0 1 1 0 0 1 0 1 0 0 0 0 
1 0 0 1 1 0 1 0 0 0 1 0 1 0 1 1 0 1 1 1 3 0 0 1 1 1 0 1 3 1 0 1 1 0 0 1 1 0 1 1 1 0 0 1 1 0 1 0 1 1 0 1 
0 0 1 0 2 1 1 1 1 1 0 1 1 1 0 0 1 1 1 1 3 0 1 0 1 1 1 0 1 0 0 0 0 1 1 0 0 1 1 0 1 1 0 0 0 1 0 1 0 1 1 1 
0 1 1 0 0 0 0 0 0 1 1 0 0 1 1 0 0 0 0 0 0 0 0 1 0 0 0 0 1 0 0 0 0 0 1 1 1 1 0 1 1 0 1 1 1 0 0 0 0 0 0 1 

# Size = 16 | Time = 39477 ms
1 1 1 0 2 0 1 0 0 0 0 0 0 0 1 1 0 1 0 1 2 0 0 1 1 1 1 1 0 0 1 0 0 1 1 1 0 1 1 1 0 0 1 1 0 1 1 0 1 1 0 0 
0 1 0 1 2 0 1 0 0 0 1 1 0 0 1 0 1 0 1 0 1 1 1 1 1 1 1 0 3 1 1 1 0 1 1 0 0 0 0 0 0 1 1 1 1 1 1 1 0 1 0 0 
0 1 0 1 1 0 0 0 0 0 0 1 1 1 0 1 1 1 1 0 3 1 0 0 1 1 1 1 3 0 1 0 0 1 0 1 1 0 0 1 0 1 0 0 0 0 1 0 1 0 0 1 
0 0 0 0 0 1 1 1 1 1 0 0 0 1 0 0 0 0 1 1 3 0 0 1 0 1 1 1 1 1 0 0 1 1 1 1 0 1 1 1 1 0 1 1 1 0 0 0 1 1 1 1 
0 0 1 0 1 1 1 0 0 1 1 1 0 0 0 1 1 1 1 0 3 1 1 0 1 1 0 0 0 1 1 1 0 0 1 0 1 1 1 0 0 1 0 1 1 1 1 1 0 0 0 0 
1 0 1 0 0 0 1 1 1 1 1 1 1 0 0 0 1 1 0 1 0 0 0 0 0 0 1 1 3 0 1 1 1 0 0 0 1 1 1 1 0 1 0 1 1 0 0 0 1 0 1 1 
1 0 0 1 2 1 0 0 0 1 0 0 1 1 1 0 1 0 1 1 2 1 1 0 0 1 1 1 1 1 0 1 0 0 0 0 1 0 1 1 1 1 0 1 1 1 0 0 0 0 1 1 
0 0 1 1 0 0 1 1 1 0 0 0 1 1 1 0 1 0 1 0 1 0 0 0 0 1 0 0 0 1 0 0 1 0 1 1 0 1 0 0 0 1 1 0 0 1 0 0 1 0 1 0 
0 1 0 0 1 1 0 1 1 1 1 1 0 1 1 1 1 0 1 1 2 0 0 1 0 0 1 0 2 0 1 0 1 1 0 0 1 0 0 0 0 1 0 1 0 1 1 0 1 1 1 0 
1 0 1 0 0 1 0 1 0 1 1 0 1 0 0 1 0 0 1 0 2 0 1 0 1 0 0 0 3 1 0 0 0 0 0 0 1 0 0 0 1 0 1 0 0 0 1 1 0 1 0 1 
1 0 0 0 2 0 0 1 1 1 0 0 0 0 0 1 0 1 1 1 1 1 1 0 1 0 0 1 2 1 1 1 1 1 0 1 0 1 0 1 1 1 0 1 0 0 1 0 0 1 0 1 
0 1 1 1 0 1 1 0 0 0 1 1 1 0 1 0 0 0 0 0 0 1 1 0 0 1 1 1 2 1 0 0 0 1 1 1 0 1 0 0 1 0 1 1 1 1 0 0 1 1 1 1 
1 0 1 1 1 0 1 0 0 1 0 0 0 0 1 1 1 0 1 1 0 1 1 0 1 0 0 0 1 0 0 0 1 0 0 0 0 0 0 1 1 0 1 0 0 1 1 1 0 1 0 0 
1 1 0 0 1 1 0 0 1 0 1 1 1 1 1 0 0 1 0 0 1 1 0 0 1 1 0 1 1 0 1 0 1 1 0 1 1 0 1 0 0 0 1 1 1 0 0 1 0 0 1 1 
1 1 0 0 2 0 0 0 1 1 1 1 0 0 1 0 0 1 0 1 3 1 1 1 0 0 1 0 2 0 0 1 0 0 1 1 1 0 1 1 1 0 0 0 0 1 0 1 0 0 0 1 
1 1 0 0 2 0 0 0 1 0 0 1 1 1 0 0 0 1 0 0 0 0 1 1 1 0 0 0 0 0 0 0 1 1 0 0 0 0 0 1 1 0 1 1 1 0 1 0 0 0 0 1 

