# Size = 22 | Time = 5243 ms
0 1 0 0 1 0 1 1 1 0 0 0 1 1 2 0 3 3 
0 1 1 0 0 0 1 1 0 0 1 0 0 3 3 2 3 2 
0 1 0 1 1 0 1 0 0 0 1 0 0 2 1 1 3 1 
1 0 0 0 0 1 0 0 0 1 0 1 1 3 0 0 1 1 
1 0 0 0 0 1 1 1 1 1 0 1 1 0 0 0 3 0 
0 1 1 1 1 1 0 1 0 1 1 1 0 3 0 1 2 0 
0 1 1 0 0 1 0 0 1 0 1 0 0 3 2 2 0 0 
1 0 0 1 1 0 0 0 1 0 0 0 1 2 0 0 0 2 
0 1 0 1 1 1 0 1 0 1 0 1 0 1 0 2 1 3 
0 0 1 0 0 1 1 1 1 1 1 1 0 0 2 1 0 3 
0 1 0 1 1 0 1 0 0 1 0 1 0 3 1 3 2 3 
0 0 1 1 1 1 0 0 0 0 0 0 0 3 0 3 3 2 
0 0 1 0 0 1 0 0 1 1 1 0 0 1 1 3 0 1 
0 0 0 0 1 0 1 1 1 0 0 0 0 0 3 3 1 0 
0 1 1 0 1 1 1 1 0 1 1 1 1 1 3 0 2 0 
1 0 0 0 1 1 1 0 0 1 1 1 0 0 0 0 2 3 
0 0 1 0 0 1 0 1 0 1 1 0 0 2 1 2 1 0 
0 1 1 1 1 0 0 0 0 1 0 0 0 2 3 1 0 3 
0 1 1 0 0 0 0 1 0 1 0 1 0 1 2 1 1 2 
0 1 1 0 0 1 0 0 1 1 1 1 1 0 1 0 2 2 
0 0 1 1 1 1 1 0 0 0 1 0 0 0 3 2 2 1 
0 1 0 1 1 1 0 1 1 0 0 1 0 2 2 3 2 1 

# Size = 20 | Time = 2784 ms
0 0 0 0 0 0 1 1 0 1 0 0 0 2 1 2 1 1 
0 1 0 1 1 1 0 0 0 0 1 0 0 2 2 1 3 2 
1 0 0 1 1 1 1 1 0 1 1 1 1 3 0 0 3 0 
0 1 1 0 0 0 1 0 1 1 0 1 0 3 1 1 0 0 
0 0 1 1 1 0 0 0 0 0 0 0 1 0 1 0 2 2 
0 1 0 1 1 0 1 0 0 1 1 0 0 0 1 3 1 1 
0 1 1 0 1 1 0 1 1 1 1 1 0 3 0 3 1 2 
0 1 0 1 1 1 0 0 0 0 1 0 0 1 3 2 0 2 
0 0 0 1 1 0 0 1 0 1 1 1 0 1 0 1 2 1 
0 1 1 0 0 0 0 0 1 1 0 0 0 0 3 1 1 3 
0 1 1 1 1 0 1 1 1 1 0 1 0 2 3 3 2 0 
1 0 0 0 0 1 1 1 0 0 0 0 0 3 0 0 2 2 
0 1 1 1 1 0 0 1 1 1 0 1 1 1 2 0 1 0 
0 1 0 1 1 0 0 0 0 0 1 0 0 0 0 2 3 0 
0 0 0 0 0 1 1 1 1 0 1 1 0 0 2 3 0 1 
1 0 0 0 1 1 0 0 1 1 0 1 1 2 0 0 0 3 
0 1 0 0 0 1 1 1 0 1 1 0 0 1 1 3 3 3 
1 0 0 0 0 0 1 1 0 0 0 1 1 0 0 0 1 1 
0 0 1 1 1 0 1 0 1 1 0 1 1 3 3 0 3 1 
0 0 1 1 1 1 1 0 1 0 0 1 0 3 2 2 2 3 

# Size = 21 | Time = 4506 ms
0 0 0 0 1 0 1 0 1 0 1 0 0 0 0 2 0 2 
0 0 1 0 0 0 0 0 0 1 0 1 0 2 1 2 2 0 
1 0 0 1 1 0 0 1 1 0 1 0 1 3 0 0 3 1 
0 1 0 0 0 1 0 1 0 0 1 1 0 3 2 2 1 1 
0 0 1 1 1 0 1 0 0 1 0 0 0 1 3 2 3 3 
0 1 0 1 1 1 1 1 1 1 1 1 0 2 3 3 2 1 
1 0 0 0 0 1 0 0 0 1 0 1 0 2 0 0 1 2 
0 1 0 1 1 1 0 0 1 0 1 0 0 1 0 3 1 0 
0 0 0 0 0 1 0 1 0 0 0 0 0 3 3 1 0 0 
0 0 1 0 1 1 0 0 1 0 1 1 1 2 2 0 3 0 
0 1 1 1 1 1 0 1 1 1 1 0 1 0 3 0 1 2 
0 0 1 1 1 1 1 0 0 1 0 1 0 1 2 1 2 2 
0 1 1 0 0 1 1 1 0 0 1 1 1 1 1 0 0 1 
0 1 0 0 1 0 1 0 1 1 1 1 0 2 1 1 1 3 
1 0 0 0 0 1 1 0 1 1 1 1 1 3 0 0 2 3 
0 1 1 0 0 1 0 0 1 0 0 0 0 3 1 3 3 2 
0 0 1 0 1 0 0 0 0 0 1 0 0 0 2 3 0 3 
0 0 1 1 1 0 1 0 1 0 0 0 0 2 3 1 0 1 
1 0 0 1 1 0 1 0 0 1 0 1 1 0 0 0 0 0 
0 1 1 1 1 0 0 1 0 0 1 0 1 0 1 0 2 3 
0 0 1 0 0 0 1 1 0 1 0 0 0 0 0 1 3 1 

# Size = 22 | Time = 5459 ms
0 0 1 0 0 0 1 0 1 1 1 0 0 0 0 3 2 1 
0 1 1 0 0 0 0 0 1 1 1 1 0 0 1 1 3 0 
0 0 1 1 1 1 1 0 0 1 0 1 0 3 3 3 3 3 
0 1 0 0 1 1 0 1 0 0 1 0 0 2 1 3 3 2 
0 0 1 1 1 0 1 0 1 1 1 0 0 2 2 2 3 1 
0 0 1 0 1 0 0 0 1 0 1 1 0 0 3 2 1 2 
0 1 0 0 0 1 0 0 0 1 0 1 0 1 0 2 3 2 
0 1 1 1 1 1 0 0 1 0 0 0 1 2 3 0 2 0 
1 0 0 0 1 1 1 0 1 1 1 0 1 3 0 0 0 2 
0 1 0 0 0 0 0 1 0 0 0 0 0 1 3 3 0 3 
0 1 1 0 0 0 0 0 0 0 1 0 0 3 2 3 1 0 
0 0 1 0 1 0 0 1 0 1 1 1 0 3 1 2 2 3 
1 0 0 1 1 1 1 0 0 1 1 0 1 2 0 0 3 0 
0 0 0 0 0 1 1 1 0 0 0 0 0 3 3 1 0 1 
0 1 0 0 0 1 1 0 0 1 0 1 1 2 1 0 0 1 
0 0 1 1 1 0 0 1 1 0 1 0 0 1 2 2 0 0 
1 0 0 1 1 0 1 0 1 0 0 1 0 0 0 0 1 3 
0 1 0 1 1 0 0 1 1 1 1 1 0 1 2 1 2 2 
0 1 0 1 1 1 1 1 0 0 0 1 1 0 2 0 0 3 
0 1 0 1 1 1 1 1 0 0 1 1 0 2 0 1 1 3 
1 0 0 0 0 0 0 1 1 0 0 1 0 2 0 0 2 1 
0 1 0 1 1 0 1 1 0 1 0 0 1 1 1 0 1 1 

# Size = 22 | Time = 4947 ms
0 1 1 1 1 0 1 0 1 1 1 0 1 3 3 0 3 0 
1 0 0 1 1 1 0 0 0 1 0 0 0 3 0 0 0 3 
0 0 0 0 0 1 1 1 1 0 0 0 0 3 1 2 3 1 
0 1 1 0 0 1 1 0 1 1 0 1 0 0 3 3 0 3 
0 1 1 1 1 0 1 0 1 1 1 0 0 0 2 1 0 0 
0 0 1 0 0 1 0 0 1 1 0 0 0 2 1 1 0 2 
1 0 0 0 0 1 0 1 1 1 1 1 1 3 0 0 1 2 
0 1 1 1 1 0 0 0 0 1 1 1 1 0 1 0 2 3 
1 0 0 0 0 1 1 0 0 0 1 0 1 2 0 0 2 0 
0 0 1 0 0 0 0 0 0 1 0 1 0 0 0 1 2 1 
0 0 1 1 1 1 0 1 0 1 0 1 0 3 0 1 3 2 
0 1 1 0 1 1 0 1 0 0 0 0 0 0 2 2 1 2 
0 1 0 0 1 1 0 0 0 0 1 1 0 1 0 3 3 0 
0 0 0 1 1 0 1 0 0 0 0 0 0 2 2 2 3 3 
0 0 0 1 1 1 0 1 0 1 1 0 0 1 3 2 2 2 
0 0 1 0 0 0 1 1 1 0 0 1 0 3 2 3 2 2 
1 0 0 1 1 0 1 1 1 0 1 1 0 0 0 0 3 1 
0 1 0 0 1 0 1 1 1 0 0 1 0 2 3 3 1 1 
0 1 0 0 0 1 1 0 1 1 0 1 1 1 2 0 0 1 
0 0 0 0 1 0 1 1 0 0 0 0 0 1 3 1 1 3 
0 1 1 1 1 0 0 1 0 0 1 1 0 0 0 2 0 0 
0 1 1 1 1 0 1 0 1 0 0 0 0 1 1 3 1 0 

# Size = 23 | Time = 2136 ms
0 1 0 1 1 1 1 1 1 1 1 1 0 3 1 1 0 2 
0 1 1 0 0 1 1 0 1 0 0 0 1 3 3 0 0 0 
0 1 1 1 1 0 0 0 0 0 1 1 0 2 2 2 0 3 
0 0 0 0 0 1 0 0 1 1 1 0 0 1 0 2 0 0 
0 0 0 0 1 1 1 0 1 1 1 1 0 0 1 3 3 0 
0 0 1 0 0 0 0 0 1 0 0 1 0 3 2 3 2 3 
0 0 0 0 1 1 0 1 0 1 1 1 0 2 3 1 2 1 
0 0 1 0 0 1 0 1 0 0 0 1 0 2 3 2 1 2 
1 0 0 0 0 0 0 1 0 1 1 1 0 0 0 0 0 1 
0 1 0 1 1 0 1 0 0 0 1 1 0 0 2 1 1 0 
0 1 1 1 1 1 0 1 0 0 1 1 0 1 2 3 3 2 
0 0 0 0 0 0 0 0 1 1 1 0 1 1 2 0 2 1 
0 1 1 0 0 1 0 1 1 0 0 0 0 1 0 1 3 3 
0 0 1 0 0 1 1 0 0 0 0 0 0 3 1 2 3 1 
1 0 0 0 1 0 1 0 0 1 0 0 1 0 0 0 2 2 
0 0 0 0 0 0 0 1 0 1 0 0 0 2 1 3 0 3 
0 0 1 1 1 0 1 0 0 0 1 0 1 1 1 0 1 1 
0 1 1 1 1 0 0 1 0 1 1 1 0 3 1 2 2 0 
1 0 0 1 1 1 0 0 1 1 1 1 1 3 0 0 1 3 
0 0 1 1 1 0 1 1 0 0 0 0 0 0 3 2 3 3 
0 1 1 0 1 0 1 0 1 0 1 0 0 0 0 3 3 1 
1 0 0 0 0 0 1 1 1 0 0 0 1 2 0 0 3 0 
0 1 0 0 0 0 1 0 1 0 1 0 0 1 3 3 1 1 

# Size = 20 | Time = 2675 ms
1 0 0 1 1 1 1 1 1 0 0 1 0 2 0 0 2 0 
0 1 1 1 1 0 0 1 0 1 1 0 0 2 2 1 3 0 
0 1 1 0 1 1 1 0 1 0 0 0 0 1 0 2 3 1 
1 0 0 0 0 1 1 1 1 1 0 1 1 2 0 0 3 2 
0 0 1 0 1 0 0 0 1 0 0 0 1 2 1 0 0 3 
0 0 1 1 1 1 1 0 0 1 1 0 0 2 1 3 2 1 
1 0 0 0 0 0 0 0 0 0 0 0 1 3 0 0 1 3 
0 0 0 1 1 1 1 0 1 0 1 0 0 1 1 1 1 3 
0 0 0 0 0 0 1 0 1 1 1 1 0 1 2 3 0 2 
0 1 1 0 1 0 1 0 0 0 0 1 0 0 1 2 0 0 
0 1 1 0 0 0 1 1 0 1 0 1 0 3 3 1 0 1 
0 0 1 0 0 1 0 1 1 1 1 0 0 3 1 3 3 2 
0 0 1 1 1 0 0 0 1 0 1 0 0 0 3 3 3 3 
0 1 0 0 0 0 0 1 0 1 1 1 1 1 3 0 2 0 
0 1 1 0 0 1 1 1 1 0 0 0 1 0 2 0 1 1 
0 0 0 1 1 1 0 1 0 1 1 1 0 2 3 2 1 2 
1 0 0 1 1 1 0 0 0 1 1 0 1 0 0 0 0 1 
0 1 0 0 0 1 0 1 1 1 1 1 0 3 2 2 2 3 
0 1 0 0 0 0 0 1 1 0 1 1 0 0 0 1 2 2 
0 1 0 1 1 0 0 0 0 0 0 1 0 3 0 3 1 0 

# Size = 23 | Time = 2055 ms
1 0 0 0 1 0 0 0 1 0 0 0 1 0 0 0 3 1 
0 0 1 0 0 1 1 1 1 0 0 1 0 0 0 1 0 3 
1 0 0 1 1 0 0 1 0 1 1 0 0 3 0 0 1 0 
0 1 0 0 0 0 0 1 1 0 0 0 0 1 0 3 3 1 
1 0 0 0 0 1 1 0 0 1 1 0 1 2 0 0 2 3 
0 1 0 0 1 0 0 0 0 0 1 1 1 1 3 0 1 3 
1 0 0 0 0 1 1 0 1 1 0 1 0 3 0 0 0 2 
0 1 1 1 1 1 1 1 0 1 0 0 0 3 1 1 2 2 
0 0 0 1 1 0 0 1 1 1 1 0 1 1 2 0 1 2 
0 1 1 1 1 1 1 0 1 0 0 0 1 0 3 0 2 2 
0 0 0 0 0 0 1 0 0 1 0 1 0 0 1 2 1 0 
0 1 1 1 1 0 0 1 1 0 1 0 0 1 0 2 2 2 
0 1 1 0 0 1 0 0 0 0 1 1 0 0 2 3 2 0 
0 0 0 0 1 0 1 1 1 1 0 1 0 2 1 3 3 2 
0 0 0 1 1 0 0 1 0 0 0 0 0 1 3 1 3 0 
0 1 1 1 1 0 0 0 1 1 0 0 1 2 2 0 0 0 
0 1 1 0 0 0 0 1 1 1 1 0 0 3 3 3 1 1 
0 1 0 1 1 0 0 1 0 0 1 0 0 2 3 2 0 1 
0 1 1 1 1 0 0 1 1 1 0 0 0 1 1 3 0 3 
0 0 0 0 1 1 0 0 1 0 1 1 0 2 2 1 1 1 
0 0 0 0 0 0 1 0 0 1 1 1 1 3 1 0 3 3 
0 1 1 1 1 1 1 1 1 0 0 1 1 1 1 0 2 1 
0 0 1 1 1 1 1 0 0 0 1 0 0 3 2 2 3 3 

# Size = 20 | Time = 2582 ms
1 0 0 0 1 0 1 0 0 1 0 1 0 0 0 0 2 0 
0 1 0 0 0 1 1 1 0 1 1 0 0 2 2 3 3 0 
0 0 1 0 1 0 0 0 0 0 1 0 0 3 1 1 2 0 
0 1 0 0 0 1 0 0 0 0 0 0 1 2 1 0 0 2 
0 0 1 1 1 1 1 0 1 1 1 1 0 1 1 3 1 1 
0 1 1 1 1 0 0 0 1 0 0 1 0 3 3 3 0 3 
1 0 0 1 1 1 1 0 0 1 1 0 0 2 0 0 0 3 
0 1 1 1 1 1 1 1 1 0 0 1 0 0 0 3 2 2 
0 1 1 0 0 0 0 0 1 0 1 1 0 2 3 2 2 1 
1 0 0 1 1 1 1 1 0 1 0 1 1 3 0 0 3 1 
0 0 0 1 1 1 1 1 1 1 0 0 0 1 0 2 0 0 
0 0 1 0 0 0 0 0 1 0 1 0 0 0 2 1 0 1 
0 1 0 0 0 1 0 0 0 1 1 0 0 1 3 1 3 2 
0 0 0 0 0 0 1 1 1 0 1 1 1 0 3 0 1 0 
0 1 1 0 0 1 0 1 1 0 1 0 0 0 1 2 3 3 
0 1 1 1 1 0 1 1 0 0 0 1 1 1 2 0 2 3 
0 1 1 1 1 0 0 0 0 0 0 0 0 3 2 2 1 2 
0 0 1 0 1 0 1 1 0 1 1 1 0 3 3 1 3 1 
0 0 0 1 1 0 1 1 1 0 0 0 0 2 0 1 1 3 
1 0 0 0 0 1 0 0 1 0 1 1 1 3 0 0 1 2 

# Size = 21 | Time = 4551 ms
0 1 0 1 1 1 0 1 0 0 0 0 0 2 2 3 3 3 
0 0 0 0 0 1 0 1 0 1 0 0 0 0 3 1 3 1 
0 1 1 1 1 0 0 1 0 0 1 1 0 1 0 1 0 3 
0 0 0 1 1 0 1 1 0 1 0 0 0 2 1 1 2 1 
0 0 0 0 1 1 1 0 0 1 0 0 1 0 2 0 0 0 
0 1 1 0 1 1 0 0 1 1 0 1 0 1 3 3 2 0 
0 1 1 0 0 1 0 0 1 0 0 0 0 1 2 2 1 1 
0 0 1 1 1 1 1 0 0 0 1 1 0 3 2 1 2 2 
0 1 1 1 1 0 1 1 1 0 1 1 0 2 1 1 1 0 
1 0 0 0 0 0 0 0 1 1 1 1 1 2 0 0 2 1 
1 0 0 1 1 0 0 1 0 1 0 0 1 3 0 0 0 2 
0 1 0 1 1 1 0 1 0 1 0 0 0 0 1 2 2 3 
0 1 1 1 1 1 1 1 1 1 1 1 1 3 3 0 1 3 
1 0 0 0 0 0 0 0 1 0 0 1 1 2 0 0 3 3 
1 0 0 0 1 1 1 0 0 0 1 0 0 0 0 0 1 0 
0 1 0 0 0 0 1 0 0 0 0 1 0 1 2 0 0 3 
0 1 0 0 0 0 1 1 0 1 1 0 0 3 1 3 0 1 
0 0 1 0 0 0 1 1 1 0 1 1 0 0 0 3 1 2 
0 1 0 1 1 0 1 0 1 0 1 0 0 2 3 2 0 2 
0 0 0 0 0 0 0 1 1 1 0 1 0 3 0 2 3 0 
0 0 1 0 0 1 1 0 0 1 1 1 1 1 1 0 3 2 

# Size = 23 | Time = 2675 ms
0 0 1 0 0 0 1 1 1 0 1 1 0 3 3 1 2 2 
0 1 1 0 0 0 0 1 1 0 1 0 0 2 1 1 1 1 
0 1 0 1 1 0 0 0 1 1 1 1 0 2 1 2 0 3 
0 0 0 0 1 0 0 0 0 0 0 0 1 1 3 0 0 3 
0 1 0 0 1 0 0 1 0 1 1 1 0 1 2 1 3 2 
0 0 1 1 1 0 1 0 0 0 1 1 0 1 1 2 1 2 
0 1 1 1 1 0 0 0 1 0 0 1 0 3 0 2 1 3 
0 0 1 1 1 1 0 1 1 1 0 0 0 2 2 3 2 3 
0 0 1 1 1 0 0 1 0 0 0 0 0 0 2 3 0 2 
1 0 0 0 0 1 0 1 0 0 1 1 1 2 0 0 3 2 
0 0 1 1 1 0 0 1 1 1 0 0 0 0 0 1 0 0 
0 1 1 0 1 1 1 0 0 0 0 0 1 1 2 0 3 2 
1 0 0 0 0 1 1 1 0 1 0 0 1 3 0 0 0 1 
0 0 0 0 0 1 1 0 1 0 1 0 0 1 0 3 2 0 
0 1 0 1 1 0 1 1 0 0 1 1 1 3 2 0 1 0 
0 0 0 1 1 0 1 1 0 1 0 0 1 0 1 0 2 1 
0 1 0 0 0 1 1 1 1 1 0 0 0 2 3 2 2 0 
0 1 1 0 1 1 1 1 1 1 0 0 0 3 1 3 3 0 
1 0 0 1 1 0 1 0 1 1 0 1 0 0 0 0 1 0 
1 0 0 0 0 0 1 0 1 0 0 0 1 0 0 0 2 3 
0 1 1 0 0 1 1 0 0 1 1 1 0 0 2 2 3 1 
0 0 0 0 0 1 1 0 0 1 0 1 0 1 3 3 1 1 
0 1 1 1 1 1 1 0 1 1 0 0 0 0 3 1 3 3 

# Size = 22 | Time = 5197 ms
1 0 0 0 1 0 1 0 1 1 1 1 1 0 0 0 1 3 
0 0 0 1 1 0 1 1 0 1 0 0 0 1 2 3 0 1 
0 1 0 1 1 0 1 0 1 1 0 1 0 3 2 2 2 3 
0 0 0 1 1 1 0 1 1 1 1 0 0 3 2 1 3 0 
0 1 1 0 0 1 1 1 0 0 0 0 1 0 2 0 0 0 
0 0 0 0 0 1 0 1 0 0 0 0 0 1 1 3 3 3 
0 1 1 0 0 1 1 0 0 0 0 1 1 3 1 0 1 1 
1 0 0 0 1 0 0 0 0 0 0 1 1 3 0 0 3 2 
0 0 0 0 1 1 0 0 1 0 0 1 0 2 0 3 1 0 
0 1 1 0 1 1 0 0 0 1 1 1 0 0 3 3 0 2 
0 0 1 1 1 0 0 0 1 1 0 1 1 1 3 0 1 2 
0 1 1 0 0 1 0 1 0 1 1 1 0 1 1 2 2 0 
0 1 1 1 1 0 1 0 1 0 1 0 0 0 1 1 2 2 
0 0 0 0 0 1 0 1 1 0 1 0 0 2 2 2 1 2 
0 1 1 0 1 1 0 1 1 1 0 0 0 0 0 2 3 1 
0 1 1 0 1 1 1 0 0 1 1 1 0 1 0 1 1 2 
0 1 1 1 1 0 0 1 0 1 0 0 0 0 3 2 0 3 
0 1 1 0 0 0 1 1 0 0 1 0 0 2 1 1 0 3 
0 0 0 0 0 0 1 0 0 0 0 0 0 2 3 1 3 1 
0 1 0 0 1 0 0 0 0 0 1 0 0 3 3 3 2 0 
1 0 0 1 1 0 1 1 0 1 1 1 1 2 0 0 2 1 
1 0 0 0 0 1 1 0 1 0 0 0 0 3 0 0 0 0 

# Size = 20 | Time = 4443 ms
0 0 1 1 1 0 0 0 1 0 0 1 1 3 2 0 2 2 
1 0 0 1 1 0 0 1 1 0 0 0 0 2 0 0 0 0 
0 0 0 1 1 0 0 1 1 1 1 0 0 1 1 3 3 2 
0 1 1 0 0 1 1 0 0 1 1 1 1 1 3 0 0 1 
0 0 1 0 0 0 1 0 0 1 0 1 0 1 0 1 2 0 
1 0 0 0 1 1 0 1 0 1 0 1 0 3 0 0 1 2 
0 1 0 1 1 1 0 0 1 0 1 1 0 3 0 3 1 1 
0 1 1 1 1 0 1 0 0 0 0 1 0 0 1 2 2 1 
0 1 0 0 0 0 1 0 0 1 1 0 0 3 3 2 3 0 
1 0 0 0 1 1 0 0 1 1 1 0 1 0 0 0 3 3 
0 0 0 0 0 0 1 1 1 1 1 1 0 0 2 2 2 3 
0 1 1 1 1 0 0 1 0 0 0 0 0 1 2 2 1 3 
0 1 1 0 0 1 1 1 1 0 0 1 0 2 3 3 2 3 
0 0 0 0 0 1 0 1 0 0 1 0 0 0 2 3 0 0 
0 1 0 0 1 1 0 1 0 1 1 0 0 3 1 1 0 3 
0 0 1 1 1 1 0 0 1 1 1 1 0 0 3 1 1 2 
0 1 1 0 0 1 1 0 1 0 0 0 0 2 0 2 0 2 
0 1 1 0 0 0 0 0 0 0 0 1 0 2 2 1 3 1 
0 0 0 0 0 0 1 1 0 1 1 1 1 2 1 0 1 0 
1 0 0 0 0 1 1 1 1 0 0 0 0 3 0 0 2 1 

# Size = 22 | Time = 5074 ms
0 0 0 0 1 0 0 0 1 0 0 1 0 3 1 2 0 2 
0 1 0 0 0 1 1 1 1 0 1 0 1 2 3 0 2 3 
0 1 0 0 1 1 1 1 1 1 0 1 0 2 0 2 1 1 
0 1 1 1 1 1 0 1 1 0 1 1 0 3 2 3 2 1 
1 0 0 0 1 1 0 0 1 0 0 1 0 3 0 0 0 3 
0 1 1 0 0 0 1 1 0 1 0 0 1 3 0 0 3 2 
1 0 0 1 1 1 0 1 0 1 0 0 1 0 0 0 3 2 
0 1 1 1 1 0 0 1 1 1 1 0 0 1 3 3 1 2 
0 0 1 0 1 1 1 1 0 1 1 1 1 1 1 0 2 1 
0 1 1 0 1 0 1 0 0 1 1 0 0 3 0 3 0 3 
0 1 1 1 1 1 0 0 1 1 1 0 0 1 2 2 3 3 
1 0 0 0 1 0 1 0 0 0 0 1 1 3 0 0 1 0 
1 0 0 0 0 0 0 0 1 0 1 0 1 2 0 0 2 1 
0 0 1 0 0 0 0 1 0 1 0 0 0 2 2 1 2 2 
0 1 1 1 1 1 0 1 1 1 0 1 0 2 1 3 3 0 
0 0 1 0 0 0 0 1 0 0 0 0 0 0 3 2 2 0 
0 1 1 0 0 1 0 0 1 0 0 0 0 0 1 1 1 3 
0 0 0 0 0 0 0 1 0 0 0 1 0 1 0 1 0 0 
0 0 0 1 1 1 1 1 1 0 1 0 0 0 3 1 0 1 
0 1 1 0 0 0 0 0 0 1 1 1 1 2 2 0 0 0 
0 0 0 0 0 1 1 1 0 1 1 1 0 0 2 3 1 1 
0 1 0 0 0 1 0 0 1 0 0 1 0 3 3 1 3 1 

# Size = 22 | Time = 5608 ms
1 0 0 1 1 1 1 1 0 0 1 1 1 2 0 0 1 1 
1 0 0 0 0 0 1 0 0 1 1 0 0 0 0 0 0 0 
0 0 1 0 1 1 0 1 0 1 1 0 1 0 3 0 2 2 
0 1 1 1 1 1 1 1 0 1 0 0 0 3 2 1 1 3 
0 1 1 1 1 1 1 1 1 0 0 1 0 0 2 1 2 0 
0 1 0 0 0 1 1 1 1 1 1 0 0 3 2 3 0 2 
0 0 1 0 0 1 1 0 1 0 1 1 0 2 0 3 2 3 
0 1 1 1 1 1 1 1 0 0 0 0 0 2 3 1 0 1 
0 0 1 0 1 1 1 0 1 1 1 1 0 1 3 3 1 3 
0 1 0 1 1 1 1 1 1 1 0 0 0 1 0 1 3 1 
1 0 0 0 0 1 1 0 1 0 1 1 1 2 0 0 3 3 
0 0 1 0 1 1 1 0 1 0 0 1 0 0 0 2 1 3 
0 1 0 0 0 0 1 0 0 1 0 0 0 3 1 2 2 1 
1 0 0 0 1 1 0 1 1 1 0 1 1 3 0 0 2 2 
0 1 0 1 1 0 0 0 0 1 0 0 0 2 1 3 1 0 
0 0 1 0 1 0 0 0 0 1 0 1 1 1 1 0 0 3 
0 0 1 0 0 0 0 0 1 0 0 1 0 0 2 3 3 1 
0 0 0 0 0 0 0 0 1 0 1 0 0 0 1 1 1 2 
0 0 1 1 1 1 0 1 1 0 0 1 0 2 2 2 0 2 
0 1 0 0 0 0 1 1 0 0 1 1 0 3 3 2 3 0 
0 1 1 0 0 1 0 1 0 0 1 0 0 1 1 2 3 2 
0 1 1 1 1 0 0 1 1 0 1 0 1 1 2 0 2 0 

# Size = 20 | Time = 2978 ms
1 0 0 0 0 1 1 0 0 1 1 0 1 3 0 0 1 3 
0 0 0 1 1 0 0 0 0 1 1 1 0 3 1 1 3 1 
0 1 0 0 0 0 0 0 1 0 0 1 1 1 3 0 2 1 
0 1 1 0 0 0 0 1 1 1 1 0 0 2 2 1 3 2 
0 0 0 1 1 0 1 0 1 1 1 0 0 0 3 3 3 3 
1 0 0 1 1 0 1 0 0 0 1 1 0 2 0 0 2 0 
1 0 0 1 1 0 1 1 1 0 0 0 0 0 0 0 0 1 
0 0 1 1 1 1 0 0 1 0 1 0 0 2 1 2 2 3 
0 1 0 1 1 1 0 0 0 1 0 0 0 0 0 1 2 2 
0 1 1 1 1 1 0 1 0 0 0 1 0 2 3 1 1 0 
0 1 0 0 0 1 1 0 0 1 1 1 0 3 3 2 0 2 
0 1 1 1 1 1 1 0 0 1 1 0 0 0 2 2 1 1 
0 0 0 0 1 1 1 0 1 1 1 0 0 1 2 1 0 3 
0 0 1 0 0 0 1 1 0 0 0 0 0 1 0 2 3 0 
0 1 1 0 0 0 1 1 0 0 0 1 1 3 2 0 0 3 
0 1 1 0 1 1 0 1 1 1 0 1 0 3 2 3 2 0 
1 0 0 1 1 1 0 0 1 0 0 1 1 2 0 0 3 2 
0 0 1 1 1 0 1 1 1 0 1 1 0 1 1 3 1 2 
0 1 1 0 0 0 0 1 0 1 1 0 0 2 0 3 0 1 
0 1 1 0 0 0 0 1 1 1 0 1 1 0 1 0 0 0 

# Size = 20 | Time = 3821 ms
0 0 1 1 1 1 1 1 0 1 1 1 0 0 1 3 3 2 
1 0 0 1 1 0 0 1 0 1 1 1 1 0 0 0 3 0 
0 1 0 0 0 1 1 0 1 0 1 0 0 0 3 1 2 0 
0 0 0 1 1 1 1 0 0 1 1 1 0 2 2 1 3 3 
1 0 0 1 1 1 0 1 1 0 0 1 1 2 0 0 1 1 
0 0 1 0 0 0 0 0 0 0 0 1 0 3 2 3 0 0 
0 1 1 0 1 0 1 1 1 1 0 0 0 3 3 2 3 1 
0 0 1 0 1 1 0 1 1 1 0 1 0 1 2 2 2 2 
1 0 0 0 1 0 1 1 0 0 1 0 1 3 0 0 2 2 
0 1 1 0 0 0 0 1 0 0 0 1 0 3 0 1 1 2 
0 1 1 0 0 0 0 1 0 0 1 0 0 1 1 1 0 1 
0 0 0 0 1 0 0 0 0 1 1 0 0 2 1 2 1 0 
0 1 0 1 1 0 1 0 0 1 1 0 0 1 3 3 1 3 
0 0 0 0 0 0 1 1 0 0 0 1 0 0 2 2 1 1 
1 0 0 0 0 0 0 0 1 1 0 0 0 0 0 0 0 3 
0 0 1 1 1 1 1 1 1 0 0 0 1 3 1 0 2 3 
0 0 0 0 0 1 0 0 1 1 1 1 1 2 3 0 0 2 
0 1 1 1 1 0 0 0 1 1 1 1 0 2 0 3 2 1 
0 1 0 1 1 1 1 0 0 1 1 1 0 1 0 2 0 3 
0 1 0 0 0 0 1 1 0 0 0 0 1 1 2 0 3 0 

# Size = 19 | Time = 5379 ms
1 0 0 1 1 0 1 0 1 0 0 1 0 0 0 0 1 2 
0 1 0 1 1 1 1 0 0 1 1 1 0 3 1 2 0 1 
1 0 0 1 1 0 1 1 1 0 0 0 0 2 0 0 2 1 
0 1 1 1 1 1 1 1 1 0 0 0 0 2 2 2 3 0 
0 1 1 1 1 1 1 1 0 1 1 1 1 2 1 0 2 2 
0 0 1 0 0 0 1 0 1 0 0 0 0 2 3 3 0 3 
0 1 0 1 1 0 1 1 0 0 1 1 0 3 0 3 3 2 
1 0 0 0 0 1 0 0 0 0 1 0 1 3 0 0 3 3 
0 0 1 0 0 1 1 1 0 1 0 1 0 1 0 2 2 3 
0 0 1 0 0 1 0 0 1 1 1 0 0 0 2 3 2 1 
0 1 0 1 1 1 1 0 0 0 0 1 1 3 2 0 1 3 
0 0 1 0 1 1 0 0 0 0 0 0 0 1 1 3 1 0 
0 0 1 1 1 1 1 0 1 0 1 1 0 3 3 1 2 0 
1 0 0 0 0 0 1 1 0 1 0 1 1 0 0 0 0 0 
0 1 0 1 1 0 0 1 1 1 1 0 0 1 2 1 0 2 
0 0 1 0 1 1 0 1 0 1 1 0 0 2 0 1 1 1 
0 1 0 1 1 0 0 1 1 0 0 1 1 1 3 0 3 1 
0 1 0 0 0 0 0 0 0 1 1 1 0 0 3 2 1 2 
0 0 1 0 0 0 0 0 1 1 0 1 0 0 1 1 3 3 

# Size = 23 | Time = 2151 ms
0 1 0 1 1 1 1 1 1 0 1 0 0 0 0 3 2 2 
0 1 1 0 0 1 1 0 0 1 0 0 0 3 1 1 1 2 
0 0 0 0 1 1 0 1 1 1 1 1 0 1 3 3 0 2 
0 1 1 1 1 1 1 0 0 0 0 0 0 2 3 2 2 3 
0 0 1 0 1 1 0 1 0 1 1 1 0 1 1 2 1 0 
0 0 0 1 1 0 1 1 1 0 1 0 1 2 2 0 0 2 
0 1 0 0 0 1 0 0 1 0 0 1 0 3 0 2 0 0 
0 1 1 0 0 0 1 1 1 0 0 0 1 1 1 0 3 3 
0 0 0 0 0 1 1 1 0 0 0 1 1 1 1 0 3 0 
0 0 1 1 1 0 0 1 0 0 0 1 0 1 0 1 0 1 
1 0 0 0 0 1 1 0 1 0 1 0 1 2 0 0 1 1 
0 1 0 0 1 0 1 0 0 1 1 1 0 2 2 1 3 1 
1 0 0 1 1 0 0 1 1 1 1 0 1 3 0 0 2 0 
0 1 0 0 1 0 1 1 0 0 0 1 0 3 2 3 1 3 
0 0 0 0 0 1 0 0 0 0 1 1 0 0 1 2 2 1 
0 0 0 1 1 0 0 1 1 1 1 0 0 2 1 3 0 0 
0 0 1 0 0 0 0 0 1 1 1 1 0 3 3 3 3 1 
1 0 0 1 1 1 1 0 1 0 0 1 0 0 0 0 3 2 
1 0 0 0 0 0 0 0 0 0 0 0 1 3 0 0 0 3 
0 1 0 0 0 0 1 0 0 1 0 0 0 0 2 2 3 2 
0 0 1 1 1 1 0 0 1 0 0 1 0 1 2 1 2 0 
0 0 0 1 1 0 0 0 0 0 1 1 1 0 3 0 1 0 
0 0 1 0 1 0 1 1 0 1 1 1 0 0 3 1 0 3 

# Size = 19 | Time = 5184 ms
0 1 1 0 0 0 0 0 0 0 1 1 0 0 3 3 0 2 
0 0 0 1 1 0 0 0 0 0 0 1 0 0 1 1 3 3 
0 1 1 0 1 1 0 1 1 0 1 0 0 2 2 1 0 0 
1 0 0 1 1 1 0 0 0 0 0 0 1 2 0 0 0 3 
1 0 0 0 1 0 0 0 0 1 1 1 1 0 0 0 1 0 
0 0 1 0 0 1 0 0 0 1 0 0 0 3 2 3 1 3 
0 1 1 0 0 0 1 1 0 0 1 1 0 3 0 1 2 2 
1 0 0 1 1 1 1 0 1 1 1 0 0 3 0 0 3 2 
0 1 0 0 0 1 1 1 1 0 0 1 0 2 1 2 1 2 
0 1 0 0 0 0 1 0 0 1 1 1 1 1 2 0 3 2 
0 0 1 1 1 1 0 0 0 0 1 0 0 1 0 2 0 3 
0 1 1 1 1 0 0 1 1 1 1 1 0 2 0 3 3 1 
0 1 1 0 0 1 1 1 1 0 1 0 1 2 3 0 2 3 
0 0 0 0 0 1 1 1 1 0 0 0 0 1 1 3 2 0 
0 0 1 1 1 0 1 0 1 1 1 0 0 0 2 2 2 1 
0 1 1 0 0 1 1 0 0 1 1 1 1 3 1 0 0 1 
0 1 0 1 1 0 0 1 0 1 0 0 0 1 3 1 1 1 
1 0 0 0 0 1 0 1 0 0 0 0 1 0 0 0 2 1 
0 0 0 1 1 1 1 0 1 0 1 0 0 3 3 2 3 0 

# Size = 21 | Time = 4441 ms
1 0 0 0 0 1 1 1 1 0 0 1 1 0 0 0 1 3 
1 0 0 0 0 0 1 0 0 1 0 0 1 2 0 0 2 0 
0 0 0 0 0 1 0 1 0 1 0 0 1 3 1 0 3 0 
0 1 0 1 1 0 0 1 1 0 0 1 0 2 2 3 2 0 
0 1 1 0 0 1 1 0 0 0 1 1 0 3 1 3 1 2 
1 0 0 1 1 0 0 0 1 1 1 1 0 0 0 0 3 1 
0 0 1 0 1 0 1 0 1 0 1 0 0 3 2 1 3 3 
0 1 1 1 1 1 0 0 0 1 1 0 1 1 2 0 1 2 
0 0 0 1 1 0 0 0 0 0 1 1 0 0 0 3 3 0 
0 1 0 0 1 1 0 1 1 1 1 0 0 2 3 1 0 3 
0 0 0 1 1 0 0 0 1 0 1 1 0 1 1 2 2 3 
0 1 0 1 1 0 1 0 0 0 1 1 1 3 3 0 2 1 
0 0 1 0 1 0 1 1 1 1 0 0 0 1 3 3 3 1 
0 1 0 0 0 1 1 1 1 1 0 1 0 0 2 2 0 1 
1 0 0 0 0 1 0 0 1 0 0 0 1 3 0 0 0 2 
0 1 1 0 0 0 0 1 0 1 1 1 0 2 0 2 3 2 
0 1 1 0 0 0 0 1 0 1 1 0 0 3 3 2 1 0 
0 0 1 0 0 1 0 0 1 0 1 1 0 2 1 1 1 1 
0 1 1 1 1 0 1 0 0 1 0 0 0 0 1 3 0 3 
0 1 1 0 0 0 0 1 1 0 1 0 0 1 0 1 0 0 
0 0 1 1 1 1 1 1 0 0 0 0 0 0 3 1 2 2 

# Size = 21 | Time = 5678 ms
0 1 0 1 1 1 0 0 0 0 0 0 0 3 1 2 3 1 
0 1 0 0 0 0 0 0 0 0 0 1 1 3 2 0 0 2 
0 0 0 0 1 0 0 0 1 0 0 0 0 1 1 3 0 2 
1 0 0 0 1 1 0 1 0 0 0 0 0 0 0 0 3 2 
0 0 1 1 1 0 1 0 1 1 0 0 0 1 0 2 1 3 
0 0 1 0 0 0 0 0 1 1 1 0 0 0 2 2 0 0 
0 0 0 1 1 0 1 0 0 1 1 0 0 3 3 3 1 0 
0 1 1 0 0 0 1 1 0 0 0 1 0 0 2 1 1 1 
0 1 0 1 1 0 0 1 0 1 1 1 0 2 1 1 1 2 
1 0 0 1 1 0 0 1 1 1 0 0 1 3 0 0 2 3 
0 1 1 0 0 1 1 0 0 1 1 0 1 0 1 0 2 3 
0 0 1 0 0 1 1 0 0 0 1 1 0 0 3 1 0 3 
0 1 1 0 1 0 1 0 1 1 1 0 0 3 1 1 3 0 
0 1 0 0 1 0 1 1 1 0 0 1 0 2 3 2 2 2 
1 0 0 0 1 0 0 1 1 1 0 1 1 2 0 0 0 1 
0 1 1 1 1 1 1 1 0 1 1 1 0 0 0 3 0 2 
0 0 1 1 1 1 1 1 1 1 1 0 0 2 2 3 3 3 
0 1 1 0 1 1 0 1 0 0 0 0 0 1 0 1 2 0 
1 0 0 0 0 1 1 0 0 1 1 1 1 2 0 0 1 0 
0 0 0 0 0 0 0 1 0 0 1 0 0 1 2 3 2 1 
0 0 0 0 0 1 0 1 0 1 1 1 1 1 3 0 3 1 

# Size = 22 | Time = 5047 ms
0 1 0 0 0 1 0 1 0 1 0 1 1 1 2 0 0 3 
0 0 0 1 1 1 1 0 0 0 0 1 0 1 3 2 2 1 
0 0 0 1 1 1 0 1 1 0 0 0 0 3 0 2 0 0 
0 1 1 0 1 1 1 1 0 0 0 1 1 1 1 0 1 2 
0 0 1 1 1 1 0 0 1 1 1 1 0 3 2 2 1 0 
0 1 1 1 1 1 1 1 0 1 0 1 0 2 2 1 2 2 
0 0 1 0 0 1 0 1 0 1 1 0 0 2 3 2 3 3 
1 0 0 1 1 0 0 0 1 0 0 1 1 3 0 0 2 3 
1 0 0 0 0 0 1 0 0 1 0 0 1 2 0 0 3 1 
0 0 1 0 0 0 1 0 0 0 1 0 0 3 3 3 0 2 
0 0 0 1 1 1 0 0 0 0 1 1 0 2 1 3 1 0 
0 1 1 0 0 1 0 1 1 1 0 0 0 1 0 3 1 1 
0 1 1 0 1 0 1 0 1 1 1 0 0 1 0 1 3 0 
0 0 0 0 1 0 1 1 1 1 1 0 0 3 2 3 3 1 
0 1 0 1 1 0 1 0 1 0 1 1 0 0 2 3 1 3 
0 1 0 0 0 1 1 0 1 1 1 1 0 3 3 1 1 3 
0 1 1 0 0 1 0 0 1 1 1 0 0 3 1 3 2 3 
0 1 1 1 1 0 1 1 0 0 1 1 0 0 1 2 3 2 
0 0 1 0 0 1 1 1 1 1 1 0 1 0 3 0 2 0 
1 0 0 1 1 0 0 1 1 0 1 1 1 0 0 0 1 0 
0 0 1 0 0 1 0 0 1 0 0 1 0 0 1 1 0 1 
1 0 0 0 1 1 0 1 1 1 1 0 0 2 0 0 0 2 

# Size = 23 | Time = 2273 ms
0 1 0 1 1 1 0 0 1 0 1 1 1 2 3 0 0 3 
0 1 1 1 1 0 1 0 0 1 0 0 0 3 3 1 3 1 
0 0 1 1 1 1 0 1 1 1 0 0 1 1 1 0 3 2 
0 1 0 0 1 1 0 0 1 1 0 0 0 2 1 2 3 1 
0 1 1 1 1 0 0 0 1 0 0 0 0 1 1 1 1 3 
1 0 0 1 1 1 1 1 1 0 1 0 1 3 0 0 0 2 
0 0 1 0 0 0 0 1 1 1 0 1 0 2 0 1 2 2 
0 0 1 0 1 1 0 0 0 0 1 0 0 1 0 2 0 1 
0 0 0 0 1 0 0 1 0 0 0 0 0 3 1 2 2 3 
0 1 0 0 0 1 1 1 1 1 1 1 0 0 1 1 0 0 
0 1 0 0 0 1 1 0 1 0 1 1 0 3 1 3 1 1 
0 0 1 0 0 0 1 1 1 0 1 1 0 2 3 3 3 0 
0 0 0 1 1 0 0 1 0 0 0 1 0 0 3 3 1 2 
0 1 1 1 1 0 1 0 0 1 0 0 1 3 2 0 1 0 
0 0 1 1 1 0 0 0 1 0 0 0 0 0 0 2 1 2 
0 1 0 0 0 0 0 1 1 0 1 1 0 0 2 2 0 2 
0 1 0 1 1 1 1 0 0 0 0 0 0 0 0 3 0 3 
0 1 0 1 1 0 1 1 1 1 1 1 0 2 2 1 3 3 
0 1 0 0 0 1 1 1 1 0 1 1 0 1 3 2 2 0 
0 0 1 1 1 1 0 0 1 1 1 1 0 1 2 3 2 1 
1 0 0 0 0 1 0 0 0 1 1 0 0 2 0 0 1 3 
1 0 0 1 1 1 1 1 1 0 0 0 1 0 0 0 2 1 
1 0 0 0 0 0 0 1 1 1 0 1 1 0 0 0 3 0 

# Size = 21 | Time = 4660 ms
0 1 1 1 1 1 1 1 1 1 0 0 1 1 1 0 3 3 
1 0 0 0 1 0 0 1 1 1 1 0 1 0 0 0 2 0 
0 0 1 0 0 0 0 0 0 1 0 1 0 2 1 1 2 1 
0 0 1 1 1 0 1 1 0 1 1 0 0 2 2 3 0 3 
1 0 0 1 1 1 1 1 0 0 0 0 1 2 0 0 0 2 
0 0 1 1 1 0 0 0 0 0 1 1 0 0 3 1 0 0 
0 1 1 0 0 1 0 0 1 1 0 0 0 2 0 2 3 0 
0 1 1 0 1 1 0 0 1 0 0 0 0 1 2 1 1 0 
0 0 0 0 0 1 1 0 0 0 1 1 0 3 3 1 3 2 
0 0 0 0 0 1 1 1 1 0 0 1 0 3 1 3 0 0 
0 1 1 0 0 0 0 0 0 0 1 0 1 3 2 0 2 2 
0 0 1 0 1 0 1 0 1 1 1 0 0 1 0 3 2 2 
1 0 0 1 1 1 1 0 1 1 1 1 0 3 0 0 1 1 
0 0 0 1 1 1 1 1 1 1 0 0 0 3 3 2 2 3 
0 1 0 0 0 1 1 0 0 0 0 1 0 1 2 2 0 1 
0 0 0 1 1 1 0 0 1 0 1 0 0 0 2 3 3 1 
0 1 1 0 1 0 1 0 1 0 0 1 0 1 3 3 1 3 
0 1 1 0 0 0 0 1 0 1 1 1 1 2 3 0 1 1 
0 1 1 0 1 1 0 1 1 0 1 1 0 0 0 1 0 3 
1 0 0 0 0 0 0 1 0 1 0 1 1 0 0 0 3 3 
0 1 1 0 0 0 1 1 1 0 1 1 0 0 1 2 1 2 

# Size = 23 | Time = 2118 ms
0 1 0 0 0 1 0 0 0 0 0 0 0 2 3 3 2 3 
1 0 0 0 1 1 0 0 0 0 1 1 0 3 0 0 1 3 
0 0 0 0 0 1 1 0 1 1 0 0 0 2 0 3 1 0 
0 0 1 0 1 0 0 0 1 1 1 0 0 3 2 1 3 1 
0 1 1 0 1 0 1 0 1 1 0 1 0 2 3 2 3 1 
0 1 1 0 0 1 0 1 0 0 1 1 0 3 0 2 2 0 
0 0 0 1 1 1 1 1 1 0 1 1 0 0 1 2 1 1 
0 1 1 0 0 1 1 0 0 0 1 1 0 0 3 1 2 1 
0 1 1 1 1 0 0 1 1 0 0 1 0 1 2 3 1 1 
0 1 0 1 1 1 0 0 1 1 0 0 0 1 3 2 3 3 
0 1 1 1 1 0 0 1 1 0 1 0 0 0 2 2 0 2 
0 0 0 1 1 0 0 0 0 1 1 0 0 0 1 3 3 2 
0 1 0 0 0 1 1 0 0 1 0 1 1 0 2 0 3 3 
1 0 0 0 0 0 0 1 1 0 1 0 1 0 0 0 3 0 
1 0 0 0 1 1 0 1 1 0 1 1 0 2 0 0 2 2 
0 0 1 0 1 0 1 0 0 1 0 0 1 1 1 0 2 0 
0 0 0 1 1 1 1 1 1 1 1 0 0 3 3 3 0 0 
0 0 0 1 1 0 1 0 0 0 1 0 1 2 3 0 1 2 
0 1 1 1 1 1 0 0 1 1 0 0 0 2 2 1 2 0 
0 0 0 0 1 1 1 0 1 0 0 0 0 3 1 1 1 2 
1 0 0 1 1 1 1 0 0 1 0 1 1 3 0 0 0 1 
0 1 1 0 0 0 1 1 1 0 0 1 0 2 1 1 0 3 
0 1 0 0 0 1 1 1 1 1 1 0 0 1 0 1 0 2 

# Size = 21 | Time = 4552 ms
0 0 0 0 0 0 1 1 0 1 1 1 0 1 3 1 2 2 
1 0 0 0 1 1 0 0 1 1 0 1 1 3 0 0 1 2 
0 0 0 0 0 0 1 1 0 1 0 1 0 1 0 2 0 0 
0 1 1 0 0 1 1 1 1 0 0 1 0 1 0 1 3 2 
0 0 0 1 1 1 0 1 0 0 1 0 0 0 3 2 1 3 
0 1 0 0 0 1 0 1 0 0 0 0 0 3 2 1 0 3 
0 0 1 0 1 0 1 0 0 1 0 1 0 0 2 3 2 3 
0 1 1 0 1 1 1 0 0 1 0 1 1 1 1 0 3 3 
1 0 0 0 1 1 0 1 1 1 1 1 0 2 0 0 0 3 
0 0 1 1 1 0 1 0 1 1 1 0 0 3 1 2 2 1 
0 0 0 0 0 0 0 1 0 0 0 0 0 2 1 3 0 2 
0 1 1 1 1 1 0 0 0 0 0 1 0 2 3 1 2 1 
1 0 0 0 0 0 1 0 0 0 0 1 1 2 0 0 2 0 
0 0 1 1 1 0 1 0 1 1 1 1 0 2 2 2 1 2 
0 1 1 0 0 1 0 1 0 0 0 1 1 0 3 0 0 2 
1 0 0 1 1 0 1 0 0 1 0 0 1 0 0 0 3 1 
0 1 1 0 0 0 0 0 1 0 1 0 0 2 2 2 3 0 
0 1 0 0 0 1 0 1 1 1 1 0 0 1 0 3 1 1 
0 1 0 1 1 0 1 0 1 0 1 1 1 1 2 0 0 1 
0 1 0 1 1 1 1 0 1 0 0 0 0 0 1 1 1 0 
0 1 0 1 1 0 1 0 1 1 0 1 0 3 3 3 3 0 

# Size = 23 | Time = 2647 ms
0 1 1 0 1 1 1 1 0 0 0 1 1 3 1 0 2 2 
0 1 1 0 0 0 1 0 1 1 1 1 1 0 3 0 3 2 
0 1 0 0 0 0 0 1 1 0 0 0 0 1 1 3 3 0 
0 0 0 1 1 0 0 1 0 0 1 0 0 3 1 2 0 2 
0 1 1 0 0 1 0 1 1 0 1 1 0 3 0 1 1 2 
0 0 1 1 1 1 1 1 0 1 1 0 0 1 0 1 2 2 
0 1 1 0 0 0 1 0 0 0 0 0 0 3 3 2 2 3 
0 0 1 0 0 1 0 1 0 0 0 0 0 2 3 1 1 0 
0 1 1 1 1 1 0 1 1 0 0 1 0 0 3 3 1 1 
1 0 0 0 1 1 1 0 0 1 1 1 0 3 0 0 1 2 
0 0 0 0 0 0 0 1 0 1 0 0 0 1 3 1 0 1 
0 1 0 0 0 0 0 0 1 1 0 1 0 0 2 2 0 0 
0 1 1 1 1 0 1 1 1 1 1 1 0 2 2 3 3 2 
0 1 0 1 1 1 0 1 1 0 0 0 0 1 2 1 2 1 
0 1 1 0 0 1 1 0 0 0 1 1 0 1 0 2 3 3 
0 0 1 0 1 1 1 0 1 1 0 0 0 3 2 3 0 0 
0 1 1 1 1 0 1 1 1 1 1 1 0 2 1 2 1 1 
1 0 0 1 1 0 0 1 0 0 1 0 1 0 0 0 2 0 
0 1 0 1 1 0 0 0 0 1 0 0 0 2 0 3 2 3 
0 0 0 1 1 1 0 0 1 1 0 1 0 0 1 1 3 3 
1 0 0 0 0 1 1 1 1 0 0 0 1 2 0 0 0 3 
1 0 0 0 1 0 0 0 0 1 0 0 1 3 0 0 3 1 
0 0 0 1 1 1 1 1 0 0 0 1 1 1 2 0 1 3 

# Size = 21 | Time = 4998 ms
1 0 0 1 1 0 0 1 1 0 0 0 0 3 0 0 0 1 
0 0 0 1 1 1 1 1 0 1 0 1 1 1 1 0 0 3 
0 0 1 0 0 0 0 0 0 0 0 0 0 1 0 1 2 1 
1 0 0 1 1 1 0 1 1 1 1 0 1 2 0 0 2 0 
1 0 0 0 0 0 1 0 0 0 0 1 1 0 0 0 3 2 
0 0 1 0 1 1 0 1 1 1 0 1 0 2 2 1 1 3 
0 1 1 1 1 1 0 0 1 0 1 1 0 3 0 2 3 0 
0 1 0 0 0 0 1 1 1 1 0 0 0 1 3 2 1 2 
0 1 1 1 1 1 0 1 1 0 0 0 0 3 1 1 3 3 
0 1 0 1 1 1 0 0 0 0 1 1 0 0 2 2 2 3 
0 1 0 1 1 0 1 1 0 0 1 1 0 1 1 1 2 2 
0 1 1 0 0 0 0 1 1 0 1 0 0 2 0 3 0 2 
0 0 0 1 1 1 1 0 1 1 0 1 0 0 1 3 1 1 
0 0 1 0 0 1 1 0 0 0 0 1 1 3 2 0 1 2 
0 1 0 0 0 0 1 1 0 0 0 0 0 2 1 2 1 0 
0 1 0 1 1 0 0 1 0 0 0 1 1 2 3 0 3 1 
0 0 0 0 0 0 1 0 1 1 0 0 0 1 2 3 3 0 
0 1 1 1 1 0 0 1 1 1 0 0 0 0 3 1 0 0 
0 0 1 1 1 1 0 0 1 1 1 0 0 1 2 2 0 1 
1 0 0 0 0 0 1 0 0 1 1 1 0 2 0 0 1 3 
0 0 1 0 1 1 0 0 0 1 1 0 0 3 3 3 2 3 

# Size = 19 | Time = 5434 ms
0 1 0 0 0 1 0 1 0 1 1 0 1 2 3 0 3 3 
1 0 0 0 0 1 1 1 1 0 0 0 0 2 0 0 2 3 
1 0 0 1 1 0 1 0 0 1 0 1 1 3 0 0 3 2 
0 0 1 0 1 1 0 0 1 0 0 0 0 3 3 2 1 1 
0 0 1 1 1 0 1 0 1 1 0 1 0 0 3 1 0 2 
0 1 0 0 0 1 1 0 1 0 0 1 0 0 1 2 3 0 
1 0 0 0 0 1 1 1 1 1 1 0 1 3 0 0 0 0 
0 1 1 1 1 1 0 1 1 0 0 0 0 3 1 1 2 3 
0 0 0 0 1 1 0 1 0 1 0 0 1 1 1 0 1 2 
0 0 1 1 1 1 0 1 1 1 1 1 0 1 3 3 2 0 
1 0 0 0 1 0 0 0 0 0 1 1 1 0 0 0 1 1 
0 0 1 1 1 0 1 0 1 1 0 0 1 0 2 0 2 1 
0 0 0 1 1 0 1 1 0 1 0 0 0 0 0 3 1 3 
0 0 1 0 1 1 1 1 0 0 0 0 0 1 0 1 3 1 
0 1 1 0 0 0 1 0 0 1 1 1 0 2 1 3 0 1 
0 1 0 0 0 0 0 1 0 1 1 0 0 2 2 1 1 0 
0 1 1 1 1 1 1 1 0 1 1 1 0 2 0 2 2 2 
0 1 0 0 0 0 0 0 0 0 1 1 0 1 2 2 0 3 
0 1 1 0 0 1 1 0 0 0 1 0 0 3 2 3 3 2 

