# Size = 16 | Time = 43775 ms
1 1 1 1 1 1 0 0 1 1 0 1 1 0 0 0 0 0 0 1 0 1 0 1 1 0 1 0 3 0 1 1 1 0 0 0 1 1 1 0 0 0 1 0 0 0 1 1 0 1 1 1 
0 0 0 0 0 1 0 1 1 1 0 0 1 0 1 0 1 1 1 0 1 0 0 0 0 0 1 0 3 1 0 0 1 1 1 0 0 0 0 0 1 1 0 0 0 1 0 1 0 0 0 0 
1 1 0 1 1 0 1 1 0 1 1 1 1 1 0 0 0 1 0 1 2 0 1 0 1 1 0 0 1 1 0 1 0 0 1 0 1 1 0 0 0 0 0 1 1 1 0 1 0 0 1 0 
0 0 0 0 2 1 0 1 0 1 1 0 0 1 1 1 0 0 0 0 2 0 0 0 0 0 1 0 0 0 1 0 0 0 1 1 0 1 0 1 1 1 1 1 1 0 1 1 0 1 0 1 
0 0 1 1 0 1 1 1 1 1 1 0 0 0 1 1 1 1 0 1 1 0 0 1 1 0 1 1 1 0 0 0 1 0 1 1 0 1 0 0 1 0 1 1 1 0 1 1 0 1 1 1 
1 1 1 0 1 0 0 0 0 0 1 0 0 1 0 1 1 0 1 0 2 1 1 0 1 1 0 1 3 1 1 0 1 1 1 1 0 1 0 1 1 1 1 1 1 1 1 0 1 1 0 1 
0 1 0 0 2 0 1 1 1 0 0 1 0 1 1 0 1 1 0 0 3 1 1 1 0 0 1 1 3 0 1 1 0 0 1 1 1 1 1 0 0 0 0 0 0 0 0 0 1 1 0 1 
1 0 1 0 2 0 1 1 0 0 0 1 1 1 0 1 0 1 0 1 1 1 1 1 1 1 1 1 2 0 1 1 1 0 0 0 0 1 1 1 1 1 0 1 1 1 1 0 1 0 1 0 
1 0 0 1 0 1 0 1 1 1 0 1 0 0 0 0 1 0 1 1 2 1 0 1 0 1 0 0 2 0 1 1 1 1 0 0 1 0 1 1 0 0 1 0 0 1 0 0 1 0 0 0 
0 1 0 1 0 0 1 0 1 0 1 0 0 1 1 1 1 1 1 0 0 1 1 0 0 1 1 1 0 1 0 0 1 0 0 0 1 0 1 0 1 0 0 1 1 1 1 0 1 0 1 0 
1 1 1 1 0 0 0 0 0 1 0 0 1 0 0 1 0 0 0 1 3 0 1 0 1 1 0 0 0 0 1 1 0 1 0 1 0 0 0 1 1 1 1 0 0 1 1 0 0 0 1 1 
1 1 0 1 1 1 1 0 0 0 1 1 0 0 0 0 1 0 1 0 1 0 1 1 1 1 0 0 0 0 1 0 0 0 0 1 1 0 1 1 0 1 1 0 0 1 0 0 1 0 1 0 
1 1 0 1 1 0 1 1 1 0 1 0 0 0 1 1 1 0 1 1 3 1 1 1 1 0 0 1 2 1 0 1 0 1 1 0 0 1 0 0 0 1 0 1 1 0 1 1 0 1 0 1 
0 1 0 0 2 1 1 0 0 1 0 1 1 0 0 0 0 0 0 0 0 0 0 0 0 1 1 1 2 1 1 0 0 1 1 1 0 0 0 1 1 0 1 1 0 0 1 1 0 0 0 1 
0 0 1 0 1 1 1 0 0 0 0 1 0 0 0 0 1 1 1 1 3 0 0 1 0 1 1 1 1 1 1 0 1 1 0 1 1 0 1 0 1 0 0 0 0 1 1 0 1 1 0 0 
0 0 1 1 2 0 0 1 1 1 1 1 0 1 0 0 0 0 1 0 0 1 0 0 0 0 0 1 1 0 0 1 0 1 1 1 0 1 1 1 0 1 1 0 0 0 0 1 0 0 1 1 

# Size = 16 | Time = 42262 ms
1 0 0 1 2 1 0 1 1 1 0 1 0 1 1 1 1 0 0 1 1 1 0 0 0 0 0 1 2 0 1 1 0 0 0 1 1 0 1 1 1 1 1 1 0 0 1 0 1 0 1 1 
0 1 0 1 0 0 0 0 1 1 0 1 0 0 1 0 0 0 1 0 1 0 0 1 1 1 1 0 1 0 0 0 0 0 0 0 0 0 0 0 0 1 1 0 0 1 0 0 1 1 0 0 
0 1 1 0 1 0 1 0 1 1 0 1 0 1 0 1 0 0 1 0 2 1 1 1 1 0 1 0 3 0 1 1 1 1 1 1 0 1 1 0 1 0 1 1 1 0 1 0 1 1 0 1 
1 1 0 1 1 1 1 1 1 1 0 0 0 1 0 0 1 0 0 0 0 0 0 1 0 1 0 0 0 1 1 1 0 0 1 1 0 0 0 1 0 1 1 0 0 1 0 0 0 0 1 0 
0 0 0 1 2 1 0 1 0 0 1 1 1 1 1 0 0 0 0 1 0 1 0 1 0 0 0 1 3 1 0 0 1 0 0 0 0 0 0 0 0 1 0 1 1 1 0 1 0 1 0 0 
1 0 1 0 0 0 0 1 1 0 0 1 1 1 1 1 1 1 1 1 3 0 0 0 1 1 1 1 3 1 0 0 0 1 1 0 0 0 1 1 0 1 0 0 0 1 1 1 0 0 1 0 
0 0 0 1 1 1 1 0 0 0 1 0 0 0 1 1 0 0 1 1 3 1 1 1 1 0 0 0 1 1 0 0 1 0 0 1 0 1 1 1 1 0 0 1 1 1 1 0 1 0 1 1 
1 0 1 0 1 0 1 0 0 1 1 0 1 0 0 0 0 1 0 0 1 1 1 0 1 0 1 1 3 0 1 0 1 1 1 0 1 1 1 1 1 0 0 1 1 1 0 1 0 0 0 1 
0 1 1 1 0 0 1 0 0 1 0 0 1 0 0 1 1 0 1 0 0 0 1 0 1 0 1 1 2 1 0 0 1 1 1 1 0 0 1 0 1 0 0 1 1 0 1 1 0 0 0 1 
1 1 1 1 2 0 0 1 1 1 1 1 0 1 0 0 1 1 0 0 3 0 1 0 1 0 1 1 0 0 1 1 0 1 1 0 1 1 1 1 1 0 1 1 1 0 1 1 0 0 1 1 
1 0 1 1 1 0 0 0 0 0 1 1 0 0 1 0 0 1 0 1 2 0 1 0 0 1 1 0 2 1 1 1 1 1 0 1 1 1 0 1 1 1 1 1 0 1 0 0 0 1 0 0 
1 0 1 0 2 1 0 0 0 1 0 0 1 0 0 0 0 1 0 0 0 0 0 0 0 1 0 0 1 0 1 1 0 1 1 1 1 1 1 0 0 0 1 1 0 0 0 0 1 0 1 1 
0 0 0 0 0 1 1 0 0 0 1 1 1 1 1 0 0 1 1 0 2 1 0 0 1 0 1 1 0 0 0 1 1 0 0 0 1 1 0 0 0 1 0 0 0 0 0 0 1 0 0 1 
1 1 1 1 2 0 1 1 0 0 1 0 0 1 1 1 1 0 1 0 2 1 0 1 1 1 0 1 1 1 0 0 0 1 1 1 1 0 1 0 1 0 1 1 1 0 1 1 0 0 1 1 
0 1 0 0 2 1 1 1 0 0 1 0 1 0 1 1 0 0 1 1 1 0 1 0 0 0 0 0 0 1 1 0 1 1 1 0 0 0 0 1 1 0 1 0 0 1 1 1 0 1 1 0 
0 0 1 0 0 0 1 0 1 0 0 0 1 0 0 0 1 1 0 1 3 0 1 1 0 1 0 0 2 1 1 1 1 0 0 0 0 1 0 0 0 1 1 0 0 1 0 0 0 1 0 1 

# Size = 17 | Time = 11695 ms
0 1 1 1 2 1 1 1 0 0 0 0 1 0 0 0 1 0 0 0 0 0 1 0 1 0 1 1 3 1 0 1 0 1 1 0 0 0 0 0 0 1 1 1 1 0 0 1 0 1 1 1 
1 1 0 1 2 0 1 1 1 0 1 1 0 0 1 1 1 0 1 0 3 0 0 1 1 0 1 0 0 1 0 1 0 0 0 0 1 0 1 0 0 1 0 1 1 1 1 1 0 0 0 0 
0 1 0 0 1 0 0 1 0 1 0 1 1 0 1 1 1 1 1 0 2 0 0 1 1 1 1 0 3 1 1 1 0 1 0 1 0 0 0 1 1 1 0 1 1 0 1 0 1 0 0 1 
1 0 1 0 0 0 0 0 1 1 0 0 0 1 0 1 1 1 0 0 0 1 0 0 0 1 0 0 0 0 1 0 1 1 1 0 1 1 0 0 0 1 0 0 0 0 1 0 1 0 1 1 
0 0 1 1 2 1 0 1 1 0 1 1 0 1 1 0 0 0 0 1 2 0 0 1 1 1 0 1 2 0 0 0 1 0 1 0 0 1 1 0 1 0 0 1 1 1 0 1 0 1 0 0 
1 1 1 0 2 1 1 0 0 1 1 1 0 0 0 0 0 0 1 1 2 0 1 0 0 0 0 0 1 1 1 0 1 1 0 1 1 1 1 1 0 1 0 0 0 1 0 0 1 1 1 0 
0 1 1 0 0 0 0 1 0 0 0 0 1 1 1 1 0 1 0 1 2 1 0 0 0 1 1 1 0 1 1 1 1 1 0 1 0 0 0 1 1 0 1 0 0 0 1 0 1 1 0 1 
0 1 0 0 0 0 0 0 0 1 1 1 0 0 0 1 0 1 0 1 0 1 0 1 1 1 0 1 1 0 0 1 0 0 1 0 0 1 0 1 1 0 1 1 1 1 1 1 0 0 0 0 
0 0 0 1 2 1 0 0 1 0 1 1 1 1 0 0 1 1 0 0 1 1 0 0 0 1 1 0 2 0 0 1 1 1 1 0 0 1 0 1 1 0 1 1 0 1 1 1 0 1 1 1 
0 1 1 0 1 1 0 0 0 1 1 1 1 0 0 0 0 0 1 0 1 1 1 0 1 0 0 0 0 0 0 0 1 0 0 1 1 0 0 0 1 1 1 1 0 1 0 0 0 1 1 0 
1 0 0 1 1 1 1 1 0 0 0 0 1 1 0 0 1 1 0 0 3 0 1 0 0 1 0 0 1 1 0 1 1 1 1 0 0 0 1 0 0 0 1 1 1 0 1 0 1 1 1 1 
1 0 0 0 1 1 1 1 0 1 1 0 0 1 1 1 0 0 1 0 0 0 1 0 0 0 1 1 2 1 1 0 0 0 0 1 1 0 1 0 0 0 1 0 0 1 1 1 0 0 1 1 
1 0 0 1 0 0 1 1 1 1 1 0 1 0 1 1 1 1 1 0 1 0 1 0 0 1 0 0 3 0 1 0 0 0 1 1 1 0 1 1 1 1 0 0 0 0 1 1 0 1 0 1 
0 1 1 1 0 1 1 0 1 1 0 0 0 0 1 0 1 1 0 1 1 1 1 1 0 1 0 1 2 1 0 1 1 0 0 1 0 1 1 1 1 1 0 0 0 1 0 0 1 1 1 0 
1 1 0 1 1 1 1 1 1 1 1 1 0 1 1 0 1 1 0 1 1 1 0 1 0 0 1 0 1 0 0 0 0 1 1 1 1 0 0 1 0 1 1 1 1 1 0 0 0 0 0 0 
0 1 1 0 1 0 0 0 0 1 1 0 0 1 0 0 0 0 1 1 3 1 0 0 1 0 0 0 3 1 1 0 1 1 1 1 0 1 0 1 0 0 0 0 0 1 0 0 1 0 1 0 
1 0 0 0 0 0 0 0 1 0 0 0 0 1 1 1 0 0 1 0 3 1 0 0 0 0 0 1 2 0 0 1 1 1 0 0 0 0 1 0 1 1 1 0 0 0 1 0 0 1 0 1 

# Size = 16 | Time = 42191 ms
1 0 1 0 2 0 1 1 0 0 1 0 0 1 0 0 1 1 1 1 2 0 0 1 0 0 0 1 0 0 0 0 0 0 0 0 1 1 0 1 1 1 0 1 1 0 1 1 0 0 1 1 
1 1 1 0 2 1 1 0 0 0 1 1 0 0 0 1 1 0 1 1 0 0 1 0 0 0 0 0 3 0 0 0 1 0 1 1 0 1 0 1 0 1 0 0 0 1 1 0 1 1 1 0 
1 0 0 1 1 1 1 0 1 1 1 1 0 1 1 0 1 1 1 0 2 0 1 0 1 0 1 0 2 0 0 1 0 1 0 1 0 1 0 0 0 0 1 0 0 0 0 0 1 1 1 1 
1 1 1 1 2 0 0 1 0 1 0 1 1 0 0 0 0 1 0 0 0 1 0 1 0 0 0 1 1 1 1 1 0 0 0 1 1 0 1 0 1 0 1 1 1 0 0 0 1 1 0 1 
1 0 1 1 0 0 1 0 1 0 0 0 0 0 1 0 0 0 1 1 3 0 1 0 1 1 0 0 2 1 1 0 1 0 0 0 0 1 1 1 1 0 0 0 0 1 1 0 0 0 1 0 
1 0 0 0 0 0 0 0 1 1 0 0 0 1 1 1 1 1 0 0 0 1 0 0 1 1 0 1 0 1 1 0 1 1 1 0 1 1 0 1 1 0 1 0 0 1 1 0 1 0 0 1 
1 1 0 0 2 1 1 1 0 0 1 1 1 0 0 1 1 1 0 0 1 0 0 1 1 0 1 0 2 0 1 1 1 0 0 0 1 0 0 0 0 1 0 1 1 1 1 1 0 0 0 0 
1 0 0 1 0 1 0 1 1 1 0 0 1 1 1 0 0 0 0 0 1 0 0 0 0 0 1 1 3 0 1 1 0 1 1 1 0 0 0 0 1 0 1 1 1 0 0 1 0 1 1 1 
0 0 1 0 1 0 0 1 1 1 1 0 0 1 1 0 1 1 1 0 1 1 0 0 0 1 0 0 1 0 0 0 1 1 1 1 0 0 1 1 1 1 0 0 0 1 0 0 1 0 1 0 
0 1 1 1 1 1 0 1 1 0 0 0 1 1 0 0 1 0 0 1 0 1 0 0 0 1 1 1 2 0 1 1 1 1 1 0 0 1 0 0 0 1 0 1 1 1 0 1 0 1 1 1 
0 0 0 1 1 1 1 1 0 1 1 0 1 0 0 1 0 0 1 0 3 0 1 0 1 0 0 1 1 0 0 1 1 1 0 1 0 1 1 0 0 0 0 1 1 1 1 0 0 0 1 0 
0 1 1 0 2 1 0 0 1 0 0 0 0 1 1 0 1 0 1 0 3 1 1 0 0 1 1 0 3 1 0 0 0 1 0 0 1 1 1 1 0 0 1 0 0 0 1 1 0 0 0 1 
0 1 0 1 0 0 1 1 1 0 1 1 1 0 1 0 0 1 0 1 3 0 0 1 1 1 0 1 0 1 0 1 0 1 1 0 0 0 0 0 0 1 0 0 0 1 0 0 1 1 0 0 
1 0 0 1 0 0 0 0 0 0 1 0 1 0 0 1 0 0 0 1 2 1 1 1 0 0 1 1 1 0 1 1 0 0 1 0 0 0 0 1 0 1 1 1 1 1 1 1 0 0 0 0 
0 1 1 1 1 0 1 0 0 1 0 1 1 0 1 1 1 1 1 1 2 1 0 1 1 1 1 0 3 1 1 0 1 0 1 0 1 1 1 0 0 0 0 0 0 0 1 0 1 0 0 1 
0 1 0 0 1 1 1 0 0 0 1 0 0 1 1 1 0 0 0 1 1 1 1 1 1 0 1 0 0 1 0 1 1 0 0 1 1 1 1 0 1 0 1 1 0 1 1 0 0 0 0 1 

# Size = 17 | Time = 12216 ms
0 1 0 0 2 0 1 1 0 0 0 1 1 1 0 0 1 0 0 0 0 0 0 1 1 1 1 1 1 1 0 1 1 1 1 1 0 0 0 0 1 1 1 1 0 0 1 1 0 1 0 1 
1 0 1 1 2 0 1 0 0 1 1 0 1 0 1 0 0 1 0 1 2 1 1 1 0 1 0 1 0 0 0 1 0 0 0 0 0 1 1 0 1 0 0 0 0 1 0 0 1 0 1 0 
0 0 1 0 0 1 1 0 1 1 0 0 1 0 1 1 0 1 1 1 1 1 1 1 1 0 0 1 1 1 1 1 0 1 1 1 1 1 0 0 0 0 0 0 0 1 1 1 0 0 1 0 
1 1 1 0 1 1 0 1 1 0 0 1 0 1 0 0 1 0 0 0 2 1 1 1 0 1 1 0 2 0 0 0 0 0 1 1 1 0 1 1 0 1 1 1 1 1 1 1 0 0 1 0 
0 1 0 0 0 1 0 1 1 1 0 1 0 1 0 1 0 1 1 0 3 1 0 0 0 1 0 1 0 1 0 1 0 0 1 0 0 0 0 0 0 1 0 1 1 0 1 0 0 1 0 1 
0 0 1 1 1 1 1 1 1 0 0 1 1 0 0 1 0 1 1 1 3 0 0 0 0 0 1 1 3 0 0 0 1 0 0 1 0 1 1 0 0 0 1 0 0 0 1 1 0 1 1 1 
1 1 0 0 0 0 1 1 0 1 0 1 1 0 1 0 1 0 0 0 3 0 0 1 1 1 0 1 2 0 1 0 0 1 0 0 1 1 0 0 1 0 1 1 1 1 0 0 1 0 1 0 
0 0 0 1 0 1 1 0 1 0 0 1 1 0 0 1 1 0 1 0 2 0 0 1 0 1 0 1 3 1 0 1 1 1 1 1 1 0 0 0 1 0 1 0 0 1 1 0 0 0 0 1 
0 1 0 1 0 1 0 1 1 0 1 0 0 1 0 0 1 1 0 0 0 1 0 1 1 1 0 0 3 0 1 0 1 0 0 0 1 0 1 1 1 0 0 1 1 0 0 1 0 1 0 1 
1 1 0 1 0 1 0 1 0 0 1 1 0 1 1 0 1 0 0 1 1 1 0 0 0 0 1 0 0 0 1 1 0 1 1 0 1 1 1 1 0 1 0 1 1 1 0 1 0 1 0 0 
0 1 0 1 1 0 0 0 0 1 1 0 0 0 1 0 1 1 0 0 1 0 0 0 1 0 0 0 2 0 0 0 1 1 0 0 1 1 1 1 0 0 0 1 1 0 0 1 0 1 0 1 
1 0 0 0 2 0 1 1 0 1 0 1 0 0 1 1 0 0 1 1 0 0 1 0 0 1 1 0 2 1 1 1 0 0 1 0 0 0 0 1 0 0 1 0 0 0 1 0 1 0 0 1 
1 0 1 0 1 1 0 0 0 0 1 0 1 0 0 0 1 0 1 0 0 0 1 0 1 0 0 0 0 1 1 0 1 0 1 1 0 1 0 1 1 1 1 1 0 1 0 0 0 1 1 0 
1 1 0 1 1 1 1 0 0 1 0 0 1 0 1 0 1 0 1 1 3 0 1 0 1 1 1 0 3 0 1 1 0 1 1 0 0 0 0 0 0 1 1 1 1 1 0 0 1 1 1 0 
1 0 1 0 2 1 1 0 1 0 1 1 1 1 0 0 0 1 0 0 3 0 0 1 0 0 0 0 1 1 0 1 1 0 0 1 1 1 1 1 0 1 1 1 1 0 0 0 1 0 0 1 
0 1 0 0 2 0 0 0 1 1 1 0 0 1 0 1 1 1 0 1 1 1 0 0 1 1 1 0 3 1 1 0 0 0 1 0 0 0 0 1 1 1 1 0 0 1 1 0 1 1 0 1 
1 1 0 1 1 1 0 1 1 1 0 1 0 0 0 1 0 0 1 1 2 1 0 0 1 0 1 1 1 0 1 0 0 1 0 0 1 0 0 1 1 0 0 1 1 0 1 0 0 1 1 1 

# Size = 16 | Time = 37514 ms
1 1 1 0 1 0 0 1 0 0 1 0 0 0 0 1 1 1 0 0 3 1 1 0 0 0 1 0 0 1 0 0 1 1 1 0 0 0 1 0 0 1 0 0 0 1 1 0 0 0 0 0 
1 0 1 1 2 1 1 1 0 1 1 1 1 1 1 0 1 1 0 0 0 0 1 1 1 1 1 1 1 1 1 1 0 0 0 0 0 1 1 1 1 0 1 0 0 1 0 1 0 0 1 0 
0 0 1 1 0 0 1 1 0 1 1 0 0 1 0 1 0 1 1 1 3 1 1 0 1 0 0 1 3 0 1 1 0 0 0 0 1 1 1 0 1 0 1 1 1 1 1 1 0 1 0 1 
0 0 0 0 2 1 0 1 0 0 0 0 0 1 1 1 0 0 1 0 3 0 0 1 0 1 0 1 2 1 1 0 0 1 1 1 1 0 0 1 0 1 1 0 0 1 1 0 1 0 1 0 
0 0 0 0 0 1 0 0 1 0 1 1 1 1 1 0 1 0 0 0 2 0 0 1 1 1 0 0 0 0 1 1 1 0 0 1 0 1 1 1 0 0 1 1 1 1 0 1 0 1 1 0 
1 1 0 0 1 1 0 1 1 0 1 0 0 1 0 0 0 0 0 1 1 1 0 0 1 0 0 0 1 1 0 0 1 0 1 0 1 0 0 0 0 0 1 1 1 0 0 0 0 1 0 1 
0 0 1 0 2 0 1 0 1 1 0 1 0 0 0 0 1 0 0 0 1 0 0 0 0 0 1 1 3 0 0 1 1 0 0 1 0 0 0 1 1 1 1 0 0 1 0 0 1 0 1 0 
1 1 0 1 0 1 0 1 1 1 0 1 0 1 1 0 0 0 1 1 1 1 1 1 1 1 0 1 0 1 0 0 0 1 1 1 1 0 0 0 0 0 0 0 0 1 1 1 0 1 1 1 
1 0 0 1 1 1 0 1 1 1 1 0 0 1 1 0 0 1 1 1 2 1 1 1 0 1 0 0 3 1 1 0 1 1 1 0 1 1 1 1 1 1 0 0 0 1 1 1 0 0 1 0 
1 1 0 1 2 1 1 0 1 0 0 1 1 0 1 0 1 0 1 1 2 1 0 0 1 1 1 0 2 0 0 1 1 0 1 1 1 1 1 0 0 0 0 1 0 0 0 1 0 1 0 1 
1 1 1 0 1 1 1 1 0 1 0 1 1 0 1 1 0 1 0 0 1 1 1 1 0 0 1 1 2 0 1 1 0 1 0 0 0 1 1 1 1 0 0 1 1 0 1 1 0 0 1 1 
0 0 0 0 0 0 0 0 0 1 1 0 0 0 0 1 0 0 1 1 0 0 0 0 1 0 0 1 2 1 0 0 1 1 1 0 1 1 0 1 1 1 0 1 0 0 1 0 1 0 0 1 
0 0 0 0 0 0 0 0 1 0 1 1 1 0 1 0 1 1 0 1 3 1 0 0 0 0 1 1 1 0 0 1 1 1 0 1 0 1 0 0 0 1 1 0 0 0 0 1 0 1 0 1 
0 1 1 1 1 0 0 1 0 0 0 1 1 0 1 1 0 0 0 1 0 1 0 1 0 0 0 0 3 0 1 0 0 0 0 1 0 0 0 0 0 1 1 1 1 0 1 0 0 0 0 1 
1 1 0 1 2 0 1 1 1 0 0 0 1 1 0 1 1 1 0 1 0 1 1 1 0 1 1 0 0 1 0 0 0 0 0 0 0 0 1 1 1 1 0 1 1 0 1 0 1 1 0 1 
0 1 1 1 1 0 1 0 0 1 0 1 0 0 0 1 1 0 1 0 2 0 1 1 0 0 1 1 1 1 1 1 0 1 0 1 0 0 0 0 1 0 0 1 1 0 1 0 1 1 0 1 

# Size = 17 | Time = 11309 ms
1 1 0 1 2 0 0 0 1 0 0 0 1 1 1 0 0 1 0 0 0 1 1 0 0 1 1 1 2 1 1 1 0 1 1 0 0 1 0 0 0 0 0 1 0 1 0 1 0 1 0 1 
0 1 1 1 0 1 0 0 0 0 1 0 0 0 0 0 1 1 0 0 1 1 1 1 1 1 0 0 2 1 1 1 1 0 0 1 1 1 1 1 0 0 1 1 1 0 1 1 0 1 1 1 
0 1 0 1 2 1 0 1 0 0 1 1 1 0 0 0 0 0 1 1 2 0 0 0 0 1 1 0 3 1 1 0 1 0 0 0 0 0 0 1 0 0 0 0 0 1 0 1 0 0 0 0 
1 0 0 1 1 0 1 1 1 1 0 0 0 0 1 0 0 1 1 1 2 1 1 0 1 1 1 0 1 0 0 1 1 1 1 0 0 1 0 1 0 1 0 1 1 0 0 1 0 1 0 1 
0 1 0 0 0 1 0 0 0 0 0 0 1 1 1 0 1 1 0 0 3 1 0 0 1 1 1 0 3 1 0 1 1 0 1 0 0 1 1 0 0 0 0 1 0 1 0 0 1 1 0 0 
1 1 0 0 2 1 1 1 0 1 0 1 0 1 1 0 0 0 0 0 1 0 0 0 0 1 0 1 1 0 0 0 1 1 0 0 1 0 1 1 1 0 0 0 0 1 1 0 1 1 0 0 
0 0 1 0 0 0 0 1 1 1 1 0 1 1 1 0 0 1 1 1 0 0 0 1 0 0 1 0 3 0 0 1 0 1 0 1 1 1 0 0 1 0 1 1 1 1 0 1 0 1 0 0 
1 1 1 1 2 1 1 1 0 0 1 1 0 0 0 1 1 1 0 1 0 0 0 0 1 0 1 0 0 1 1 0 0 1 0 0 0 0 1 1 1 1 1 1 1 1 1 1 0 1 0 0 
0 0 1 1 0 0 1 1 0 1 1 1 0 0 0 1 0 0 1 1 2 1 0 1 1 0 0 0 2 1 0 1 1 0 1 0 1 0 1 0 1 1 1 0 0 1 1 0 1 0 1 0 
0 0 1 1 1 1 1 0 0 1 0 1 1 0 1 0 1 0 1 1 1 1 1 0 0 0 1 0 0 0 0 0 0 0 0 1 1 0 0 1 0 1 0 0 0 0 0 0 0 0 0 1 
1 0 0 1 2 0 0 0 1 1 0 0 0 1 1 0 0 0 1 0 3 1 0 1 0 0 0 1 0 0 0 0 1 1 1 1 1 1 1 0 0 0 1 0 0 0 0 0 1 0 1 1 
0 1 0 0 0 0 1 1 1 1 1 0 0 0 0 1 0 0 1 0 1 1 1 1 0 1 1 0 3 1 1 0 1 1 1 1 0 0 1 0 1 1 0 0 0 0 1 0 1 1 0 1 
1 0 0 0 1 0 1 0 1 0 0 0 1 1 0 1 1 0 0 0 2 0 1 1 1 1 0 1 3 0 0 1 0 0 1 1 0 1 1 1 1 1 1 1 1 1 1 0 1 0 1 1 
0 1 0 0 1 1 0 1 1 0 0 1 0 0 0 1 1 0 0 1 3 0 1 0 1 1 0 1 2 0 1 0 1 1 0 1 1 0 1 1 1 1 1 1 1 1 1 1 0 1 0 0 
0 1 1 1 0 1 1 0 1 0 1 0 0 1 0 0 0 1 1 0 3 0 0 1 1 1 1 1 1 0 1 1 0 1 1 1 1 1 0 1 1 0 0 0 0 0 0 0 1 0 1 1 
1 0 0 1 1 0 0 1 1 0 1 1 1 0 0 1 1 0 1 1 0 0 0 1 0 0 0 1 1 1 1 0 1 0 1 0 1 1 0 0 0 0 1 0 0 0 1 0 1 0 1 1 
1 1 1 0 0 0 0 1 0 0 0 1 0 0 1 1 0 0 0 0 2 1 0 0 0 1 1 1 0 0 0 1 0 1 0 0 1 0 1 1 0 0 1 1 0 0 1 0 1 0 1 1 

# Size = 17 | Time = 11733 ms
0 1 1 1 1 0 0 0 0 0 1 1 1 0 1 1 1 1 0 1 2 0 0 0 0 0 0 1 3 0 0 0 0 1 0 1 1 1 0 1 0 1 0 0 0 1 1 0 1 0 1 0 
0 0 1 1 2 1 0 1 1 0 1 1 0 1 1 0 0 0 1 0 1 1 1 0 1 1 1 1 2 0 0 0 1 0 1 1 1 1 0 1 1 0 1 0 0 0 0 0 1 0 1 1 
1 1 1 0 0 1 1 0 0 1 1 1 0 1 0 1 1 1 0 1 3 1 0 1 0 1 1 0 2 0 1 1 0 0 0 1 1 0 0 1 0 1 1 1 1 1 1 1 0 0 1 0 
1 1 1 0 1 0 0 1 1 0 1 1 0 1 1 1 0 0 0 0 0 0 0 0 1 0 1 0 0 1 1 0 1 0 0 1 0 1 0 0 0 0 1 1 1 1 1 0 1 0 0 0 
0 0 1 1 0 0 0 1 1 1 0 1 0 1 1 1 1 0 0 0 1 0 0 1 1 0 0 1 3 1 1 0 0 0 0 1 1 1 1 0 0 0 0 0 0 0 1 0 0 1 0 1 
1 0 0 0 1 1 0 1 0 1 1 0 0 0 0 1 0 0 1 1 3 0 0 0 1 0 0 1 0 1 0 1 0 0 1 0 1 1 1 1 1 1 0 1 1 1 1 1 0 1 0 1 
0 1 0 1 2 1 0 0 1 1 1 0 0 0 0 0 1 0 0 1 1 1 0 1 0 1 0 0 1 0 1 1 0 1 1 1 0 0 1 1 1 1 1 1 1 1 0 0 1 1 0 0 
1 1 0 0 1 1 0 0 1 0 0 1 1 0 1 0 0 0 0 1 1 1 0 0 0 1 0 0 3 0 0 0 0 0 1 0 0 0 0 0 1 0 0 0 0 0 1 1 0 1 0 1 
0 0 0 1 1 0 1 0 0 0 0 1 1 1 0 0 1 0 0 0 0 0 1 0 0 0 0 1 2 1 1 1 0 1 0 1 0 0 0 0 1 1 0 0 0 1 1 1 0 0 0 0 
0 1 1 1 0 1 1 1 1 0 1 0 0 0 1 0 0 0 0 0 3 0 1 0 1 1 0 1 1 1 0 0 1 1 1 0 1 1 0 1 1 0 0 0 0 0 0 1 0 1 1 1 
1 0 0 1 2 0 0 1 0 1 0 1 1 1 1 1 1 1 1 1 0 0 0 1 1 0 1 1 1 0 0 1 1 1 0 1 1 0 1 1 0 1 0 1 1 0 1 1 0 0 1 1 
0 1 1 0 2 0 1 0 0 0 0 0 1 1 0 0 1 1 0 0 3 0 1 0 1 1 1 0 3 1 1 1 1 1 0 0 0 0 1 0 1 0 1 1 1 1 0 0 1 1 0 0 
1 1 1 0 1 1 1 0 1 0 0 0 1 0 0 0 0 0 1 0 2 1 0 1 1 0 0 0 1 1 1 0 0 0 0 1 1 0 1 0 0 0 0 1 0 1 0 0 0 0 1 0 
0 0 1 1 2 0 1 0 0 1 0 0 1 0 0 0 1 1 1 0 1 0 0 0 0 0 1 0 0 1 0 0 1 0 1 0 0 0 0 1 1 0 1 0 0 0 1 0 0 0 1 1 
1 1 0 0 0 1 1 0 0 0 0 0 1 0 0 0 1 1 1 0 0 1 1 1 1 1 0 1 3 1 0 0 0 1 1 0 0 1 0 0 0 0 1 0 0 1 0 0 1 1 1 1 
0 0 1 0 0 0 1 1 0 1 0 0 0 1 0 0 1 1 0 1 2 1 1 1 0 1 1 0 0 0 1 1 0 1 1 1 1 1 1 0 1 1 1 1 1 0 0 1 0 0 0 1 
0 1 0 1 2 1 0 1 1 0 1 0 1 0 0 1 0 1 0 1 2 0 1 1 0 0 1 1 2 0 1 1 1 1 1 0 0 1 1 0 1 0 1 0 0 1 1 1 0 1 0 1 

# Size = 16 | Time = 39427 ms
0 1 0 0 0 1 0 0 0 0 1 1 0 0 0 0 1 1 0 1 0 1 1 1 0 0 1 1 0 1 0 0 0 1 1 1 0 1 1 0 1 0 0 0 0 1 0 1 0 0 0 1 
0 0 1 1 1 0 0 0 1 0 0 1 1 0 1 1 1 1 1 1 3 0 1 1 0 0 1 1 3 0 0 1 0 1 0 0 0 1 0 1 0 0 0 1 0 0 1 1 0 1 0 1 
0 0 0 1 1 1 0 0 1 1 1 1 0 1 1 0 0 1 0 1 1 0 1 0 1 1 1 1 2 1 1 0 0 1 1 0 1 1 1 1 1 0 0 0 0 0 0 1 0 0 0 1 
1 0 1 1 1 1 0 1 1 1 1 1 1 1 0 0 0 0 1 1 2 0 0 0 1 1 1 1 0 0 0 1 0 0 1 0 1 1 1 0 1 0 0 1 1 1 0 0 1 1 1 0 
0 0 0 1 0 1 1 1 1 1 1 1 0 0 0 0 0 0 1 1 3 0 0 1 0 1 0 1 2 0 1 1 1 1 0 1 1 1 1 0 1 1 1 0 0 0 0 0 1 1 0 1 
1 1 1 0 1 1 0 1 0 0 1 0 0 1 0 1 1 1 0 0 1 1 0 1 0 0 0 1 0 0 1 0 1 1 0 0 0 0 0 0 0 1 1 1 1 0 1 0 0 1 1 1 
1 0 0 0 2 1 1 0 0 0 1 0 0 1 1 0 1 0 1 1 2 1 0 1 0 0 1 0 3 1 1 0 1 1 0 0 1 0 0 1 0 1 0 0 0 1 1 0 0 0 0 0 
1 1 1 1 2 0 1 1 1 1 0 0 0 0 1 0 1 1 0 1 3 1 1 0 0 1 0 0 0 0 1 0 0 0 0 1 0 0 0 1 0 0 1 1 1 1 0 1 0 0 0 0 
1 0 0 0 0 0 1 0 0 0 1 1 1 0 1 0 1 0 0 0 1 0 1 0 1 1 0 0 3 1 0 1 1 0 1 0 0 0 1 1 1 1 1 1 1 1 0 0 1 0 1 0 
1 1 1 1 2 1 1 1 0 1 0 1 1 1 0 0 1 1 0 0 2 1 0 0 0 0 1 0 2 0 1 1 1 1 0 1 0 0 1 0 0 1 0 0 0 0 1 1 0 1 1 1 
0 1 1 0 0 0 0 0 1 1 1 1 0 0 1 1 0 0 1 1 2 1 1 1 0 0 0 0 1 0 0 0 1 1 1 1 0 0 0 0 0 0 1 0 0 0 1 0 1 0 0 1 
1 0 0 1 2 0 0 1 0 0 0 0 1 1 1 1 1 1 1 1 1 0 1 1 1 1 0 1 1 1 1 1 0 1 1 1 1 0 1 1 1 0 0 0 0 1 1 0 0 1 0 0 
1 0 1 0 0 0 0 1 0 0 0 0 1 1 0 0 0 1 0 0 3 1 1 1 1 0 0 0 1 1 1 0 0 0 1 0 1 0 0 1 1 0 1 1 1 0 0 0 1 0 1 1 
0 1 0 0 2 0 1 1 1 0 1 0 1 1 1 1 1 1 1 0 0 0 0 0 1 0 0 0 2 1 0 0 1 0 0 0 0 1 0 0 0 0 1 1 1 1 1 0 0 0 0 0 
1 1 1 0 2 1 1 1 1 1 0 0 0 0 0 0 0 1 1 0 0 1 1 0 0 1 1 1 3 1 1 1 1 0 0 1 1 0 1 0 1 0 1 0 0 0 1 0 1 1 0 1 
0 0 0 1 1 1 1 0 0 0 0 0 0 0 1 0 0 0 0 1 0 0 0 0 1 1 1 0 1 0 0 1 0 1 0 1 0 1 1 1 1 1 0 0 0 0 0 1 0 1 1 1 

# Size = 17 | Time = 10793 ms
1 1 0 0 2 1 0 1 0 1 1 1 0 0 0 1 0 0 1 0 0 1 1 1 0 0 1 0 2 1 1 1 0 1 1 1 1 1 1 1 0 0 0 0 0 1 1 0 1 1 0 1 
0 1 0 0 2 1 1 0 1 1 1 0 1 0 0 1 0 0 0 1 1 1 0 1 1 1 0 1 1 0 0 1 1 0 0 0 1 0 0 1 0 0 1 1 1 1 1 1 0 0 1 0 
0 0 0 0 1 1 1 1 1 1 0 0 0 1 0 0 1 0 1 0 0 0 1 1 0 0 1 1 3 0 1 0 1 0 0 0 1 0 1 1 0 0 1 1 1 1 0 0 0 1 1 0 
1 1 0 1 0 0 0 0 0 0 1 0 1 1 0 0 0 1 1 0 3 0 0 1 1 0 1 1 1 1 1 0 0 1 1 0 1 1 1 1 0 1 1 0 0 1 1 0 1 0 0 0 
0 0 1 0 0 1 1 1 1 1 1 0 0 0 1 1 0 0 1 1 3 0 1 0 0 0 1 1 0 0 0 0 1 0 0 1 1 1 0 1 1 0 1 0 0 1 1 0 0 1 1 0 
1 1 1 1 2 0 0 1 0 1 1 1 1 1 0 0 0 0 0 0 3 1 1 1 1 1 0 0 3 1 1 1 1 0 0 1 0 1 0 0 1 0 0 1 0 0 0 1 0 0 0 1 
0 1 0 0 2 1 0 1 1 1 0 1 1 0 1 0 0 0 0 1 2 1 1 1 0 1 0 1 1 1 0 0 0 0 1 0 1 1 0 1 1 1 1 1 0 0 0 1 0 1 0 1 
1 0 0 0 2 0 0 1 0 0 0 1 1 0 0 0 1 1 1 0 0 1 0 0 0 1 0 0 1 0 0 1 1 1 0 0 0 0 0 0 0 1 0 1 1 0 0 0 1 1 0 1 
0 0 0 0 0 0 0 0 1 0 0 0 0 0 0 1 1 0 1 1 1 1 1 1 0 1 1 1 3 1 1 1 0 1 1 1 1 0 1 0 1 1 0 1 1 1 1 1 0 0 0 0 
1 1 1 1 1 0 1 1 1 0 1 1 1 1 1 0 0 0 0 1 1 0 0 0 1 0 1 0 2 1 1 0 1 1 0 1 0 1 1 1 1 1 1 0 0 1 0 0 0 0 1 0 
1 0 0 0 1 1 1 1 0 0 0 0 0 1 1 1 1 1 0 0 2 0 0 0 1 1 0 1 3 0 0 1 0 0 1 0 0 1 1 1 1 0 1 0 0 1 1 0 1 1 1 1 
0 1 1 0 1 0 1 1 0 0 0 1 0 1 0 1 1 1 1 0 1 1 1 0 0 0 1 0 0 0 1 0 0 1 1 0 0 0 0 0 0 0 0 0 0 0 1 0 1 1 0 1 
0 0 1 1 0 1 1 0 0 0 0 1 1 1 1 0 1 1 0 1 0 1 0 0 1 0 0 0 0 1 0 0 0 1 1 1 0 0 1 0 1 0 0 0 0 1 1 1 0 0 0 1 
1 0 0 0 2 0 0 0 1 1 1 0 1 1 1 0 1 1 0 1 2 0 1 1 1 1 1 0 0 1 1 1 1 0 1 1 0 1 1 0 0 1 0 1 1 1 0 1 0 0 1 0 
0 0 1 1 1 1 0 0 1 1 0 0 1 1 1 1 1 1 0 1 3 0 0 1 1 1 1 0 2 0 0 0 0 0 1 1 1 0 0 0 1 1 1 1 1 1 1 1 0 0 1 1 
1 0 1 1 1 1 1 1 0 0 0 0 0 0 0 0 0 0 1 0 2 0 1 1 0 1 1 0 1 1 0 1 1 0 0 1 1 0 0 0 1 0 1 1 1 0 1 1 0 1 0 1 
0 0 1 1 0 1 0 0 1 1 0 0 0 0 1 0 0 1 1 1 2 1 0 1 0 0 0 1 2 0 0 1 0 1 0 0 1 1 1 1 1 1 1 0 0 0 0 0 1 1 1 1 

# Size = 17 | Time = 12054 ms
0 0 0 0 0 0 1 0 1 0 0 0 1 0 1 1 1 1 0 1 1 1 0 1 0 1 1 1 2 1 0 0 1 1 1 1 0 0 0 0 1 0 0 1 1 0 1 1 0 1 0 1 
1 1 1 0 0 0 0 1 0 0 0 1 1 0 1 0 0 1 1 1 3 1 1 0 1 1 1 1 0 1 0 1 1 0 0 0 1 0 0 0 0 0 1 0 0 0 0 1 0 0 1 1 
0 1 1 1 2 1 0 0 0 0 1 0 0 0 1 0 1 0 0 1 1 0 0 0 1 1 0 1 3 0 1 1 1 0 0 1 0 1 0 1 0 0 0 0 0 1 0 0 1 1 1 1 
1 0 0 0 1 1 0 1 1 0 0 0 1 0 1 1 0 0 1 0 2 1 0 1 1 0 1 1 1 1 0 1 1 1 1 1 1 0 1 0 1 0 1 0 0 1 1 0 1 0 0 0 
0 0 1 1 2 0 1 0 0 0 1 0 1 0 1 0 0 1 0 1 0 0 0 1 0 1 1 1 3 1 0 1 1 0 0 0 1 1 0 0 1 1 0 1 0 0 0 1 0 1 0 1 
0 1 0 1 1 0 0 1 0 0 1 1 0 1 1 0 1 1 1 1 1 0 1 0 0 1 0 0 1 0 1 0 0 0 0 0 0 0 0 1 1 0 1 1 1 0 1 1 0 0 1 1 
0 0 1 0 2 1 1 0 0 0 1 1 0 0 0 1 1 1 0 1 2 0 1 1 0 1 1 1 0 1 0 1 0 1 1 0 1 0 0 1 1 0 0 1 1 0 1 0 0 1 0 1 
0 1 1 1 0 1 1 0 1 0 1 0 1 0 0 0 1 0 0 0 0 1 0 1 1 1 0 0 1 0 1 1 0 1 0 1 1 0 1 0 1 1 0 0 0 1 0 0 1 1 1 0 
0 0 1 0 2 0 1 0 0 1 1 1 1 1 1 0 0 0 0 1 3 1 0 0 0 0 0 1 1 0 1 0 0 1 0 0 0 1 1 0 0 1 0 1 0 1 0 1 0 1 0 0 
1 0 0 0 2 1 0 1 1 1 0 0 1 1 0 1 0 1 0 0 1 0 0 1 0 0 0 0 0 0 1 0 1 0 1 1 1 1 1 0 1 1 1 1 1 1 1 0 1 1 1 0 
1 0 0 1 2 1 0 1 1 1 0 0 0 1 1 1 0 1 1 1 3 1 0 0 1 1 1 0 2 1 1 1 0 1 1 0 0 1 1 1 1 0 0 1 1 1 1 0 1 0 1 1 
1 1 0 0 0 1 1 1 0 1 1 0 0 1 0 0 0 1 1 0 2 1 1 0 0 0 0 0 3 1 0 0 0 0 0 1 1 0 0 0 0 1 0 1 0 1 0 1 0 1 1 0 
1 1 0 0 1 1 1 0 1 1 0 1 0 0 0 1 1 0 1 0 0 1 0 0 0 0 1 1 3 0 1 0 0 1 1 1 1 1 1 0 0 0 1 0 0 0 1 0 1 1 1 1 
1 1 0 0 1 0 0 0 0 0 0 0 0 0 0 0 1 0 1 0 3 0 0 1 1 1 1 0 3 0 0 0 0 1 1 1 1 0 1 1 0 1 1 1 1 1 0 0 1 0 0 0 
0 0 0 1 0 0 0 0 1 0 1 0 0 1 0 0 1 0 1 0 2 0 1 0 0 0 1 1 2 0 1 0 0 1 0 0 0 1 0 1 1 0 1 0 0 0 0 0 1 0 1 1 
1 1 1 1 1 1 0 1 0 0 1 1 1 1 0 1 1 0 1 0 0 1 1 0 1 0 0 1 0 1 1 1 0 1 0 0 0 1 1 1 1 0 0 1 0 0 1 0 0 0 0 1 
0 1 1 0 1 1 1 0 0 0 1 1 0 0 1 1 1 0 0 1 0 0 1 0 1 1 0 1 2 0 1 1 0 0 1 0 1 1 0 1 0 1 1 1 1 1 1 0 0 0 0 0 

# Size = 16 | Time = 36557 ms
1 0 1 1 2 1 0 0 0 0 0 1 0 0 1 1 0 0 1 1 3 0 1 0 0 0 0 0 2 0 1 1 0 1 1 0 1 1 1 0 1 1 0 0 0 1 1 1 0 0 0 0 
0 0 1 1 0 0 0 0 0 1 1 1 1 0 1 0 1 0 1 0 1 1 1 1 1 0 0 0 0 0 1 1 0 0 1 0 1 1 1 1 0 0 1 1 1 0 1 0 1 0 0 1 
0 1 1 1 0 0 0 0 1 1 0 0 0 1 1 0 1 1 1 1 1 1 1 1 1 1 1 1 3 0 1 1 1 0 1 1 1 0 1 1 1 1 1 1 1 0 0 0 0 0 1 1 
0 0 0 1 2 1 1 0 1 0 1 0 0 1 0 1 1 0 0 0 1 0 0 0 0 1 1 0 1 1 0 1 0 1 0 1 0 0 0 1 1 0 1 1 0 1 1 1 0 0 0 0 
1 0 0 0 2 0 0 0 1 1 0 1 1 1 0 1 1 1 0 1 2 0 1 1 0 0 0 1 3 1 1 0 1 0 1 0 0 1 0 1 0 0 1 0 0 0 1 1 0 1 0 1 
1 0 0 0 1 1 1 1 0 1 1 0 1 0 1 1 0 0 1 0 0 1 1 0 1 1 0 1 1 0 1 0 1 1 1 0 0 1 0 1 1 1 1 0 0 1 1 1 0 1 1 1 
1 1 1 1 1 0 1 0 0 1 0 1 1 1 1 0 0 1 1 1 2 1 1 1 1 0 1 1 1 1 0 1 1 0 0 1 1 0 1 0 0 0 1 1 1 0 0 0 1 1 0 1 
1 0 0 0 1 0 1 1 0 1 0 0 0 1 1 0 0 1 0 0 1 1 0 1 1 0 1 0 2 0 1 0 0 1 0 1 0 0 0 0 0 1 0 0 0 1 0 0 0 1 0 0 
1 0 1 0 1 0 0 0 1 1 0 1 0 1 0 1 1 0 1 0 0 0 1 0 0 0 0 0 3 0 0 0 1 0 1 1 0 1 1 1 1 1 0 1 1 0 1 0 0 0 0 1 
0 0 0 1 0 1 1 1 1 0 1 1 1 1 0 0 1 1 1 1 0 1 0 0 0 1 0 0 2 1 0 0 0 0 0 0 1 0 0 1 0 0 0 1 1 0 1 0 1 1 1 1 
1 1 0 0 0 1 0 1 1 1 1 1 0 0 0 0 0 1 1 0 2 0 0 0 0 1 0 0 0 0 0 0 0 1 0 1 0 0 0 0 1 1 0 0 0 1 0 1 0 1 0 1 
0 0 0 1 1 0 0 0 1 0 0 0 1 1 0 1 1 0 1 1 3 0 1 1 0 0 0 1 0 0 0 0 0 1 1 1 0 1 1 0 1 0 1 0 0 0 1 0 1 0 1 1 
1 1 1 0 2 1 1 1 0 0 1 1 1 0 1 0 0 1 0 0 3 1 0 1 0 1 1 0 3 0 0 1 0 1 0 1 1 1 1 0 1 1 0 1 1 1 0 0 1 1 0 0 
0 1 1 1 0 1 0 1 1 0 1 0 0 0 0 0 1 0 0 1 2 1 1 1 1 0 0 1 2 1 0 0 1 0 1 1 1 1 0 0 1 1 1 1 1 1 0 1 0 0 1 0 
0 1 1 0 2 0 1 0 0 0 1 1 0 1 0 0 0 0 0 1 0 0 1 1 1 0 1 0 0 1 0 1 1 1 0 0 1 0 1 0 0 1 0 1 1 1 0 0 1 0 1 0 
1 1 0 1 0 1 0 1 0 1 1 0 0 0 1 1 0 0 1 1 3 1 0 0 1 0 0 1 1 1 1 1 1 0 1 0 0 0 0 1 0 1 0 0 0 1 1 1 0 0 0 0 

# Size = 16 | Time = 36935 ms
0 0 0 0 0 1 0 0 1 1 1 1 0 1 1 1 0 1 1 0 2 1 1 0 1 0 0 1 1 1 1 0 0 1 1 0 0 0 0 1 0 1 1 1 0 0 1 0 1 0 1 1 
1 0 0 0 2 1 1 1 1 0 0 1 0 0 1 0 1 1 1 1 3 1 0 1 0 1 0 1 2 0 0 1 0 1 1 0 1 1 0 0 1 0 0 0 0 1 0 0 1 0 1 1 
1 1 1 1 1 0 1 0 1 1 1 0 1 1 0 1 0 0 0 1 3 0 1 0 0 1 1 1 1 1 1 0 0 1 0 0 0 0 1 1 0 0 1 0 0 0 1 1 0 1 0 1 
0 0 0 0 1 1 0 1 0 0 1 1 1 0 1 0 0 0 0 1 0 0 0 1 1 1 1 0 1 0 1 1 1 1 0 1 1 0 1 0 0 0 1 1 1 0 0 0 1 0 0 1 
1 1 1 1 0 0 0 1 0 1 1 1 1 0 0 0 1 0 1 1 1 0 1 1 0 0 1 1 2 1 0 1 0 0 0 0 0 0 1 0 0 0 1 1 0 1 0 1 0 1 0 0 
0 0 0 1 2 0 0 1 1 1 1 0 0 1 0 1 1 1 1 0 0 1 1 1 0 1 0 0 0 1 1 1 0 0 1 1 0 1 0 0 1 0 0 1 0 0 1 0 1 0 0 1 
1 1 0 1 0 0 0 0 0 1 1 0 0 1 0 1 0 1 0 1 3 0 0 0 1 0 1 0 0 1 0 0 1 1 0 1 1 1 0 1 0 1 1 1 1 1 1 1 0 1 0 1 
0 0 1 1 0 1 0 0 0 0 0 0 0 1 1 0 0 0 0 1 0 1 1 0 1 1 0 1 3 1 1 1 1 0 1 0 1 1 0 1 0 0 0 0 0 1 0 0 1 1 0 0 
0 1 0 0 1 1 0 1 0 0 0 1 0 1 0 1 0 1 1 1 1 1 1 1 0 1 0 0 3 1 1 0 1 1 1 1 1 0 1 0 0 1 1 1 1 0 1 0 1 1 1 1 
0 0 1 1 0 0 1 0 1 1 0 0 1 0 1 1 0 1 0 0 3 1 0 1 0 0 1 0 3 0 0 0 0 0 1 0 1 0 0 1 1 1 1 1 0 1 1 0 1 1 0 0 
1 1 0 1 1 1 1 0 0 1 1 0 1 1 0 0 1 1 0 0 0 0 1 1 1 0 0 0 2 0 0 0 1 1 1 1 0 0 0 1 0 1 0 1 0 0 1 1 0 0 1 1 
0 0 0 1 2 0 1 0 1 0 0 0 1 1 1 0 1 1 0 1 1 1 0 1 1 0 0 0 1 0 0 0 1 0 0 0 0 1 0 0 1 0 0 0 0 1 1 1 0 0 0 0 
1 0 1 0 2 0 1 0 0 1 1 0 0 1 0 0 1 1 0 0 2 0 1 1 0 1 1 1 3 1 0 1 0 1 0 0 0 1 1 1 0 1 0 0 0 1 0 1 0 0 1 1 
1 1 1 1 1 1 1 1 1 0 0 1 1 0 1 0 1 1 0 1 2 0 1 0 0 0 1 0 0 1 1 0 0 1 1 0 1 0 0 0 0 0 0 1 1 1 0 0 1 0 0 0 
1 1 1 0 1 0 1 0 0 0 1 0 1 1 1 1 0 0 1 0 1 1 0 0 1 0 0 1 0 0 0 1 1 0 0 1 1 1 1 1 1 1 0 0 0 1 1 1 0 0 1 0 
0 1 0 0 2 1 1 1 0 0 1 0 1 1 1 1 0 0 1 0 2 0 0 0 0 0 0 1 2 0 1 0 1 0 1 1 0 0 1 1 1 1 1 1 1 1 1 0 0 1 1 1 

# Size = 16 | Time = 42672 ms
1 0 1 1 2 1 1 1 1 1 1 0 0 1 0 1 0 0 1 1 3 0 1 0 1 1 0 0 1 0 0 1 0 1 1 0 1 0 0 1 0 0 0 0 0 0 1 1 0 0 0 1 
0 1 1 1 1 0 1 1 0 1 0 0 0 0 0 1 1 0 0 0 0 0 0 0 1 0 1 1 1 1 0 1 1 0 0 1 1 0 0 1 1 1 0 0 0 0 1 1 0 0 1 1 
1 1 0 1 2 0 1 0 0 1 0 0 0 1 0 1 1 0 0 1 1 0 0 1 1 1 1 0 2 1 1 0 0 1 0 1 1 0 1 1 1 0 0 1 1 1 1 0 1 0 0 0 
1 0 1 1 0 1 1 0 1 0 1 1 0 0 1 0 0 1 0 0 0 0 0 1 0 1 1 1 3 1 1 0 1 1 0 0 1 0 0 1 0 1 1 0 0 1 1 0 1 1 0 0 
0 1 1 0 1 1 0 0 1 1 0 0 1 0 0 1 0 0 0 0 1 1 1 0 0 0 0 0 0 0 0 0 0 1 0 1 0 1 0 0 1 1 1 1 0 1 1 1 0 0 0 1 
0 0 0 0 0 1 1 1 0 0 0 1 1 1 0 0 0 1 1 1 1 1 1 1 0 1 0 0 1 1 1 1 1 0 1 0 0 1 0 0 1 0 1 1 1 0 0 1 0 1 1 1 
0 1 0 0 0 1 0 0 1 0 0 0 0 0 0 1 0 1 1 1 0 1 1 0 1 0 0 0 2 0 0 1 0 1 1 1 0 1 1 0 1 0 0 0 0 1 1 1 0 0 0 0 
0 1 1 1 2 1 0 0 1 0 1 0 1 0 0 1 0 0 0 1 2 1 0 1 0 0 0 1 2 0 0 0 0 1 0 0 0 1 0 1 1 1 1 0 0 1 1 1 0 1 1 1 
1 1 0 1 1 1 0 1 0 1 0 0 0 0 1 1 1 1 1 1 2 0 1 0 1 1 1 1 3 1 0 1 1 0 1 1 0 1 1 1 1 0 0 1 1 0 1 0 0 1 0 1 
0 1 0 0 2 1 1 0 1 1 1 1 1 1 0 0 1 1 1 0 0 1 1 0 1 1 1 1 0 1 0 1 1 0 1 1 1 1 0 0 0 0 0 1 1 0 0 0 1 0 1 1 
1 0 1 0 0 0 1 1 1 0 1 1 0 1 1 0 0 0 1 0 2 0 0 0 0 0 1 0 0 1 1 0 0 0 0 1 1 0 1 1 1 1 1 0 0 1 0 0 1 0 1 0 
0 1 0 0 0 0 0 0 0 0 1 0 1 1 0 0 1 0 0 0 3 1 0 0 1 0 0 0 3 1 1 0 0 1 1 1 1 1 1 1 1 1 1 1 1 1 0 0 1 0 1 0 
1 0 0 0 2 1 0 0 0 1 1 0 0 0 1 0 0 1 1 1 1 1 1 1 0 0 0 1 3 0 1 1 0 1 1 1 1 0 1 0 0 0 0 0 0 0 0 1 0 0 1 1 
1 0 1 0 0 0 0 0 0 1 0 1 1 0 1 1 0 1 1 1 2 0 0 0 1 1 0 1 1 1 1 0 1 0 0 0 1 0 1 0 0 0 1 1 1 1 1 0 1 0 1 0 
1 0 1 0 1 0 0 1 0 0 0 1 1 0 1 0 0 0 0 0 3 1 1 0 1 1 1 1 2 0 1 0 1 0 0 1 0 0 0 0 0 0 1 0 0 0 0 0 1 1 0 1 
0 0 0 1 1 1 0 1 0 0 1 1 0 1 1 0 1 1 1 1 3 0 0 1 0 0 0 1 0 0 1 0 0 0 0 0 1 1 0 0 0 0 1 1 1 1 0 0 1 1 1 0 

# Size = 17 | Time = 11483 ms
0 0 1 0 2 1 1 1 1 0 0 0 1 0 1 0 1 0 0 0 0 1 0 0 1 1 0 0 2 0 1 1 0 0 0 0 0 0 1 0 1 1 1 0 0 1 0 1 0 1 0 0 
0 1 0 1 0 1 0 0 0 1 0 1 0 0 0 1 1 1 0 1 1 1 0 1 0 0 1 1 2 0 0 0 1 1 1 1 0 1 0 0 0 1 1 0 0 0 1 1 0 1 1 1 
1 1 1 1 1 1 0 1 1 1 1 1 0 1 0 0 0 0 0 0 3 0 1 0 1 0 1 1 2 1 1 1 1 1 0 1 1 1 0 1 0 0 0 0 0 0 1 0 1 1 0 1 
0 1 0 1 2 0 0 0 1 1 0 0 0 0 0 0 0 0 0 0 3 1 1 0 1 0 1 0 1 0 0 1 1 0 0 0 0 0 1 0 1 0 0 1 1 1 0 1 0 0 1 1 
0 0 0 1 1 1 1 0 0 1 0 0 0 1 0 0 0 1 1 1 3 1 0 1 0 0 0 0 3 1 0 1 0 0 0 0 1 1 0 0 0 1 1 1 1 0 0 0 1 1 0 1 
1 1 0 1 2 1 1 1 1 1 0 1 1 1 0 0 1 0 0 1 1 0 1 0 0 1 0 0 0 1 0 1 0 1 1 1 1 1 1 1 1 1 1 1 0 1 0 0 0 1 1 1 
1 1 1 0 2 1 0 0 0 0 1 0 0 0 0 0 0 1 1 1 1 0 1 1 0 1 0 1 3 0 0 0 1 0 0 1 1 0 1 1 1 0 1 0 0 0 0 1 0 1 1 1 
0 1 0 0 0 0 1 0 0 0 0 1 1 1 1 1 1 1 1 0 3 0 0 1 1 1 0 1 0 0 0 0 0 0 1 1 0 1 1 0 0 1 0 1 1 1 1 1 0 0 0 0 
0 0 0 0 0 1 0 1 1 1 0 0 0 0 0 0 0 1 0 1 2 1 1 1 1 1 1 1 0 1 0 1 1 1 0 0 1 1 1 1 0 1 1 0 0 1 0 0 1 1 0 0 
0 0 1 0 1 0 0 0 0 0 1 0 1 1 0 0 0 1 1 0 0 1 1 0 0 0 1 1 0 1 1 0 0 0 0 0 1 0 0 1 1 0 0 1 0 0 1 1 0 1 0 1 
1 1 0 0 1 1 0 1 1 1 1 1 0 1 1 1 1 0 0 0 0 0 1 0 0 0 0 0 3 0 0 0 1 0 0 0 0 1 1 1 0 0 1 0 0 1 1 0 1 0 1 0 
0 0 0 0 1 0 0 0 0 1 1 0 1 0 1 1 0 1 1 1 1 0 0 0 0 1 0 1 1 1 1 0 1 1 0 0 0 0 0 1 1 1 1 0 0 0 1 1 0 1 0 1 
1 0 1 0 2 1 0 0 1 0 0 0 1 0 0 0 0 0 1 0 1 0 0 1 1 0 0 0 3 0 0 0 0 1 1 0 1 1 0 1 1 1 0 1 1 1 0 0 1 0 0 0 
1 1 0 0 0 0 1 1 0 0 0 1 0 0 1 1 1 0 0 0 2 1 0 0 0 0 1 0 3 0 1 0 1 0 1 1 0 0 0 0 0 0 1 0 0 0 1 1 0 0 1 1 
0 0 1 0 2 1 1 0 0 0 1 1 1 1 1 1 1 1 0 1 2 1 1 1 1 1 1 0 1 1 0 0 0 0 1 0 1 1 1 0 0 1 1 1 0 1 1 0 1 0 0 1 
1 0 1 1 0 0 1 1 1 0 1 1 1 1 0 1 1 0 1 1 0 1 0 1 0 1 0 0 1 0 1 1 1 1 1 1 1 0 0 0 1 1 0 1 1 1 1 0 1 1 0 0 
1 0 0 1 1 0 0 1 1 0 1 0 1 0 1 1 0 0 1 0 2 0 0 0 0 0 0 1 2 1 0 0 1 0 1 1 1 0 0 1 1 1 0 1 1 1 1 0 1 0 1 0 

# Size = 16 | Time = 40553 ms
0 0 0 0 2 0 1 0 1 1 1 1 1 1 0 0 0 0 1 1 3 1 0 0 0 1 0 1 1 0 0 1 1 1 0 1 1 0 0 1 1 1 1 1 1 0 0 1 0 1 0 1 
1 0 1 0 2 0 0 1 0 0 1 0 0 0 0 0 0 1 0 0 2 0 1 0 1 1 1 1 2 0 0 0 1 1 1 0 1 1 0 1 1 0 1 1 0 0 0 0 1 0 0 1 
0 1 0 1 0 0 1 1 0 1 0 0 1 1 0 0 1 1 1 1 2 1 1 1 0 0 1 0 0 0 1 1 1 0 0 0 1 1 1 0 1 1 0 1 1 0 0 1 0 1 0 1 
0 0 0 0 1 1 0 1 1 0 1 0 1 1 0 1 0 0 1 1 0 0 1 1 0 0 0 1 3 1 1 1 1 1 0 0 1 0 0 0 1 1 0 1 1 1 1 1 0 0 0 0 
1 0 0 0 1 1 0 0 0 1 0 0 1 1 1 0 1 1 0 1 3 1 1 1 0 0 1 0 2 0 1 1 0 0 0 1 1 0 1 0 0 0 0 0 0 1 1 1 0 1 0 0 
0 0 1 0 1 0 1 1 1 1 0 0 1 0 0 0 0 0 0 1 1 0 1 1 1 0 0 0 0 0 0 0 0 1 1 0 1 0 0 0 1 1 0 0 0 1 0 0 1 0 0 0 
0 1 0 1 2 1 0 1 0 1 0 1 0 0 1 0 0 0 0 0 0 0 1 1 1 0 1 0 1 0 1 1 0 1 1 1 0 0 1 0 0 0 0 1 1 1 0 0 0 1 0 1 
1 1 1 1 0 0 1 1 1 0 0 1 0 0 1 1 0 1 0 0 3 0 0 0 1 0 0 1 3 0 0 0 0 0 1 0 0 1 0 1 0 1 1 1 1 1 1 0 1 1 0 1 
0 0 1 1 0 1 1 0 1 1 1 1 0 1 1 0 1 1 0 1 0 0 0 1 0 0 1 1 2 0 1 0 0 0 0 1 0 1 1 1 0 0 0 1 1 1 0 1 0 1 1 0 
1 0 1 1 0 0 0 0 0 1 1 0 1 1 1 1 1 1 1 0 1 1 1 0 1 1 0 1 1 1 1 0 1 0 0 0 0 1 0 0 1 0 0 0 0 1 1 1 0 0 1 0 
0 0 1 0 0 0 0 1 1 0 0 1 1 1 1 0 0 0 0 1 2 0 0 1 0 1 0 1 3 0 0 1 0 1 1 1 1 0 0 0 0 0 0 0 0 0 0 0 0 0 1 1 
1 1 1 0 2 1 0 1 1 0 1 0 1 1 0 1 0 0 1 1 1 1 1 1 0 0 0 0 2 1 1 1 0 1 0 0 1 1 1 0 0 1 1 1 1 1 1 0 1 0 1 0 
1 1 0 1 1 1 0 0 1 0 1 1 0 0 0 1 1 0 1 1 2 1 1 0 0 1 0 1 1 1 0 0 0 1 1 1 0 0 1 0 0 0 0 1 1 1 1 0 1 0 1 0 
1 1 1 1 1 0 1 0 0 1 1 1 0 1 0 1 1 0 0 0 0 1 0 0 1 1 1 1 0 1 0 0 1 1 0 1 1 1 0 1 0 0 1 0 0 0 1 0 1 1 0 1 
1 1 1 1 2 1 0 1 0 0 1 0 1 0 1 0 1 1 0 0 3 1 0 1 0 1 0 0 0 1 1 1 0 0 0 1 0 1 0 1 0 0 1 0 0 0 0 1 0 0 1 1 
1 1 0 0 2 1 1 0 0 1 0 1 0 0 1 0 1 0 0 0 1 1 0 0 0 1 1 0 3 1 0 0 0 0 1 1 0 0 1 1 0 0 1 0 0 0 0 1 0 1 1 1 

# Size = 16 | Time = 37130 ms
0 1 1 0 0 0 1 1 1 1 0 1 1 0 1 1 1 0 0 0 1 0 1 0 0 0 1 1 1 1 0 1 0 1 1 0 1 1 1 1 0 0 1 0 0 0 1 0 1 0 1 1 
0 0 1 1 2 0 1 1 1 0 0 1 1 1 0 0 0 0 1 1 3 0 1 1 0 0 0 1 3 1 0 0 0 0 1 0 0 0 1 1 1 1 1 1 1 0 0 1 0 1 0 1 
1 1 1 0 2 1 0 0 0 1 0 1 1 0 0 1 0 0 1 1 0 0 0 0 1 1 1 0 0 1 1 1 0 1 0 0 0 1 0 0 0 0 1 0 0 1 1 0 1 1 0 1 
0 0 1 0 0 1 0 1 1 1 0 1 0 0 1 0 0 0 0 0 0 1 1 1 0 1 1 0 2 0 0 0 1 0 1 0 0 1 0 1 0 0 0 1 1 0 0 1 0 1 1 1 
0 1 1 0 1 0 1 1 0 0 0 0 1 1 1 0 0 0 0 1 1 0 1 0 1 0 1 1 0 0 1 0 1 0 0 0 1 0 1 1 0 0 1 1 1 1 0 0 1 0 0 1 
1 0 0 0 1 1 1 1 1 1 1 0 0 0 1 1 1 1 1 0 1 1 1 1 1 1 0 0 3 1 1 0 0 1 1 1 0 0 0 0 0 1 0 1 0 1 1 0 0 0 1 0 
0 1 1 0 0 1 0 0 0 0 1 0 1 0 1 0 1 1 1 0 3 1 1 1 1 1 0 1 2 1 0 0 1 1 0 1 1 0 1 0 1 1 1 0 0 1 0 0 1 0 0 0 
1 1 0 1 2 0 0 0 0 0 1 1 1 1 0 1 0 1 1 1 1 0 0 0 0 0 0 0 2 0 1 1 1 1 0 1 1 0 1 0 1 0 0 1 1 0 1 1 0 1 0 1 
0 0 0 1 2 1 1 0 1 0 1 1 0 1 1 0 0 1 0 0 3 1 0 1 0 0 1 0 0 0 1 1 0 0 0 0 0 1 1 1 0 0 0 0 0 0 0 1 0 0 1 1 
1 1 0 0 0 1 1 0 1 1 1 1 0 1 1 1 1 1 1 0 2 1 1 0 1 1 1 1 3 1 1 1 1 1 1 1 1 1 0 0 1 1 0 0 0 1 1 0 1 1 1 0 
1 1 0 1 1 1 0 0 0 1 1 1 0 0 0 1 0 0 1 1 3 0 0 0 0 0 1 0 1 1 1 1 1 0 1 0 1 0 0 0 1 0 1 1 1 1 1 1 0 1 0 0 
0 0 0 1 1 1 0 1 0 0 0 1 1 1 0 1 0 0 0 1 0 0 0 0 1 0 1 1 3 0 0 1 1 0 0 0 1 0 0 0 0 0 0 1 1 1 1 0 1 1 0 1 
0 0 1 0 2 0 1 1 0 0 0 1 0 0 0 0 1 0 1 0 2 0 0 0 1 1 1 0 1 1 1 0 0 1 1 1 1 1 0 1 0 0 0 1 0 0 0 1 0 0 0 1 
1 1 1 1 0 1 0 0 1 1 0 0 1 0 0 0 1 0 0 1 2 1 0 0 0 0 0 0 0 0 0 0 0 0 1 1 1 0 0 0 1 1 0 1 1 1 0 0 1 1 0 0 
1 1 1 0 1 1 1 1 0 0 0 0 1 0 0 0 0 1 0 1 2 0 1 1 0 1 0 1 2 0 1 1 0 0 0 0 0 1 1 1 1 1 1 0 0 0 0 0 0 1 1 1 
1 1 0 1 2 0 1 0 1 0 1 0 1 1 0 0 1 1 1 0 0 1 0 1 0 1 0 1 1 0 1 0 0 1 0 1 0 1 1 1 1 1 1 0 0 1 1 1 0 0 0 0 

# Size = 17 | Time = 10954 ms
0 1 1 0 0 1 1 1 0 0 1 0 0 0 0 0 1 0 1 1 1 1 1 0 1 0 1 1 0 1 1 1 1 1 0 0 0 1 0 0 1 1 0 0 0 1 0 0 1 0 1 1 
1 0 0 0 2 1 1 0 0 1 0 0 0 0 0 1 1 0 1 1 2 1 1 1 0 1 1 1 0 0 0 0 1 1 0 0 1 0 1 1 1 0 0 1 1 0 1 1 0 0 0 1 
1 0 1 1 0 0 0 1 1 1 0 1 1 1 1 0 0 0 0 0 0 0 0 0 0 1 0 0 0 1 1 1 0 0 0 0 0 0 1 0 0 1 0 0 0 1 0 1 0 0 1 1 
0 1 0 0 2 1 0 1 0 1 0 0 1 1 0 0 0 1 0 1 0 0 0 0 0 0 1 1 3 0 1 0 0 1 1 0 1 0 0 1 0 0 0 0 0 1 1 1 0 0 0 0 
0 0 1 0 1 1 0 0 0 1 1 0 0 1 0 1 1 0 1 1 0 1 1 0 0 0 1 0 1 1 0 0 1 1 1 1 0 0 1 0 1 0 1 0 0 1 1 0 1 1 0 0 
1 1 1 1 2 0 1 0 1 0 1 0 1 0 1 0 0 1 0 1 2 0 1 0 1 1 0 0 1 0 1 1 1 0 1 1 1 0 1 0 1 1 1 1 1 0 0 0 1 1 0 1 
1 1 1 1 1 0 1 1 1 0 0 0 1 0 0 1 1 0 1 0 0 0 0 1 1 1 0 0 2 1 0 1 0 0 1 0 0 1 0 1 1 1 1 1 1 0 1 1 0 0 1 1 
1 1 0 0 0 1 1 0 1 1 0 1 1 0 1 0 1 1 0 0 1 0 0 0 1 1 1 0 2 0 0 1 0 1 0 1 1 1 0 1 1 0 0 1 0 1 0 0 1 1 0 0 
0 0 0 0 1 1 0 1 0 0 1 1 1 1 1 0 0 1 1 1 3 0 0 1 1 1 0 1 0 0 0 1 1 1 1 1 0 0 0 0 0 0 1 1 1 1 0 1 0 1 0 0 
1 1 0 0 0 0 1 0 1 0 1 1 0 1 0 1 0 0 1 0 1 1 1 1 0 1 1 1 1 0 1 0 0 0 1 1 1 0 1 0 1 0 0 1 0 0 1 1 0 1 0 1 
0 1 1 1 2 0 1 0 1 1 0 0 0 0 1 1 1 0 1 0 1 0 0 1 0 1 1 1 2 0 0 1 1 1 1 0 0 0 1 0 0 1 1 1 1 0 1 0 1 0 1 1 
0 0 0 0 1 1 0 0 1 0 1 0 0 1 1 0 0 0 0 1 1 1 1 0 1 1 0 0 3 0 0 0 1 0 1 0 1 1 0 0 1 1 1 1 1 1 0 0 1 1 1 1 
0 1 0 1 2 0 1 1 1 1 0 1 0 1 0 0 0 0 0 0 3 1 0 0 0 1 1 0 1 1 1 0 1 0 0 0 0 1 0 1 0 1 0 0 0 1 0 1 0 0 1 0 
0 0 1 1 0 1 0 1 1 1 1 1 0 1 1 0 0 1 0 0 2 1 0 0 1 0 1 0 2 1 1 0 1 1 1 1 1 0 0 0 0 0 0 0 0 1 0 0 1 1 1 0 
1 0 1 1 0 0 1 0 1 0 0 1 1 1 1 1 1 1 0 0 3 0 1 1 1 0 0 0 3 0 1 1 0 0 0 1 0 1 1 1 1 1 1 1 1 0 1 0 0 0 1 1 
1 0 1 1 1 1 1 1 0 1 1 0 1 0 1 0 0 0 1 0 2 1 0 0 0 0 1 0 3 1 1 1 0 0 0 1 0 1 1 0 1 0 0 0 0 0 0 1 0 1 0 1 
0 0 1 1 2 0 0 1 0 0 1 0 1 0 1 1 0 1 0 1 3 1 1 1 1 1 1 0 2 1 0 1 0 1 1 1 1 0 0 1 0 1 0 0 0 0 1 0 1 1 0 1 

# Size = 16 | Time = 36707 ms
1 1 1 0 0 1 0 1 0 1 1 1 1 0 0 0 1 0 1 1 3 1 0 1 0 1 1 1 1 0 1 0 0 0 0 1 0 1 1 1 1 1 0 1 1 0 0 1 0 1 1 1 
1 1 1 1 0 1 1 0 1 1 1 0 1 0 0 1 0 1 1 0 1 0 1 1 0 1 1 0 3 1 0 0 0 0 1 1 0 0 1 1 1 0 1 0 0 1 1 0 0 1 1 0 
0 0 0 1 2 1 1 1 1 0 0 0 1 0 1 0 0 0 0 1 0 0 1 0 0 0 1 0 1 1 1 1 1 1 1 0 0 0 1 0 0 0 1 1 1 1 0 1 0 0 1 0 
0 0 1 0 1 0 0 1 0 1 0 0 1 1 1 0 0 0 0 0 2 0 1 0 0 1 0 0 0 1 1 0 0 1 1 1 0 1 0 1 0 0 1 1 0 0 1 0 1 0 1 1 
1 1 1 1 2 1 1 0 0 0 1 1 0 1 0 0 1 1 1 1 0 1 1 1 1 1 1 1 0 0 0 0 0 0 0 0 1 1 0 0 1 1 0 1 1 0 0 0 1 0 0 1 
1 1 0 0 1 0 1 0 1 1 0 1 0 1 0 0 1 0 0 0 2 1 1 1 1 1 1 0 1 1 0 1 1 1 1 1 1 0 1 1 1 0 0 0 0 1 0 0 1 1 0 1 
0 0 1 1 2 1 0 1 0 0 0 1 0 1 0 0 1 1 1 0 1 1 0 0 1 0 0 1 2 0 1 0 1 1 1 1 1 1 1 1 0 0 1 1 1 1 0 0 1 0 0 0 
0 1 0 0 1 1 0 1 0 1 1 0 1 1 0 0 1 1 1 1 0 1 1 0 0 0 1 1 2 1 1 0 1 1 0 1 1 1 1 1 1 1 1 0 0 1 0 0 0 1 1 0 
1 1 0 1 1 1 1 0 1 1 0 1 1 0 1 1 0 0 0 1 3 0 0 1 0 1 1 1 2 0 0 1 1 1 1 0 0 1 0 0 0 1 0 0 0 0 1 1 0 1 0 1 
1 0 0 1 0 0 0 1 0 0 0 0 0 1 0 1 0 0 1 0 0 0 0 0 1 1 0 1 3 0 0 1 0 1 0 1 1 0 1 0 1 0 0 1 1 0 1 1 0 0 1 1 
1 1 1 1 1 0 0 0 1 0 0 1 0 1 1 0 0 1 1 1 3 1 1 0 0 0 0 1 3 0 1 1 0 0 0 0 1 1 0 1 0 1 0 1 0 1 0 0 1 0 0 0 
0 0 1 0 2 1 0 1 0 1 1 0 1 1 1 1 1 0 0 0 2 0 0 1 0 0 0 1 3 1 0 0 1 0 0 0 1 0 1 0 1 1 0 1 1 0 1 1 0 1 0 1 
0 0 1 0 0 0 1 1 0 0 1 0 1 0 1 1 1 0 0 1 1 1 1 0 1 0 0 0 0 0 0 1 1 1 1 0 1 1 1 1 1 1 0 0 0 1 1 1 0 1 0 0 
0 0 0 0 2 0 1 0 1 1 1 0 0 1 1 0 1 1 0 0 3 0 0 0 1 0 0 0 0 1 0 0 0 1 0 0 0 0 1 1 0 0 1 0 0 1 1 0 1 0 1 0 
1 1 0 1 1 1 0 0 1 0 0 1 0 1 1 1 0 1 0 0 1 0 0 1 1 1 0 0 1 0 0 1 1 0 0 1 1 1 0 0 1 0 0 1 1 0 1 1 0 0 0 1 
0 0 0 1 0 0 1 0 0 0 0 0 0 0 1 1 1 1 1 1 2 1 0 1 1 1 0 0 2 0 1 1 0 0 0 1 1 0 0 1 0 1 1 0 0 1 1 0 1 1 0 0 

# Size = 16 | Time = 45571 ms
1 1 1 0 2 1 0 0 0 0 1 0 0 0 1 0 1 0 0 1 1 0 1 1 1 1 1 0 0 0 0 1 0 0 0 1 1 1 0 0 1 1 0 0 0 0 0 1 0 0 0 1 
0 1 0 1 1 0 1 0 0 1 0 1 1 1 1 0 1 1 1 0 1 1 1 0 0 0 0 1 3 1 0 1 1 1 0 1 1 1 1 1 0 1 1 0 0 1 0 0 0 0 1 0 
0 1 0 1 0 1 1 0 1 0 1 1 1 1 1 0 1 1 1 1 2 1 1 1 1 0 0 0 1 1 1 1 0 0 1 1 1 1 0 1 1 1 0 1 1 0 0 1 0 1 1 1 
0 0 0 1 2 0 1 0 0 0 1 0 0 1 1 1 0 0 1 0 0 1 0 1 0 1 1 1 2 1 1 0 0 0 1 1 0 1 1 1 1 0 0 0 0 1 1 1 0 0 0 0 
1 1 1 1 0 0 0 0 0 1 0 0 0 1 0 0 0 1 0 0 2 1 0 0 0 0 0 1 2 0 0 1 1 1 0 0 1 0 1 0 0 0 0 1 0 1 1 1 0 1 0 0 
1 0 0 1 2 0 0 0 0 0 0 1 0 0 0 1 0 0 1 1 2 0 0 0 0 1 1 0 3 0 1 0 1 0 1 1 0 1 1 1 0 0 1 0 0 0 1 0 1 0 0 1 
0 0 0 1 1 0 1 1 1 1 0 0 1 0 1 0 0 1 0 0 1 0 1 1 1 1 0 0 2 1 1 0 0 1 1 0 0 0 0 0 1 1 1 1 1 0 0 0 1 1 0 1 
0 0 1 0 0 1 1 1 1 1 1 0 1 1 0 0 1 1 0 0 0 0 1 0 0 1 1 1 3 0 0 0 1 0 0 1 1 0 1 0 1 0 1 1 1 1 0 1 0 1 1 1 
1 1 0 0 2 1 1 0 1 1 1 1 1 1 1 1 1 0 0 1 3 0 0 1 0 0 0 0 2 0 1 1 0 1 1 1 0 1 1 1 0 1 1 1 1 0 1 1 0 1 1 1 
1 0 0 0 1 1 1 1 0 0 0 0 1 0 0 0 0 1 0 0 0 1 0 0 1 0 1 0 0 0 0 0 0 1 1 0 0 0 0 0 0 0 1 1 1 1 0 1 0 1 1 0 
1 1 1 0 1 1 0 1 0 1 1 1 0 1 0 1 1 0 0 1 0 0 1 1 0 1 0 1 1 1 1 1 1 0 1 1 0 0 0 0 1 1 1 1 1 0 1 0 1 0 0 1 
0 0 1 1 0 1 0 1 1 1 0 1 0 1 0 1 1 1 1 0 3 0 1 0 0 1 1 0 0 1 1 0 1 1 0 1 0 0 0 1 1 0 1 0 0 1 1 0 1 1 1 0 
1 0 0 0 0 1 1 0 0 0 0 1 1 0 0 1 1 0 1 0 1 1 0 0 1 1 0 0 1 0 0 1 1 1 1 0 1 0 1 0 0 0 0 0 0 1 1 0 1 0 1 0 
1 1 0 1 2 0 0 1 0 0 1 0 1 1 0 1 0 1 0 1 3 1 0 1 1 0 1 1 1 1 0 0 1 0 0 0 1 0 0 0 0 1 0 1 1 1 1 0 1 0 0 0 
1 0 1 0 1 0 0 1 0 0 0 1 1 0 1 0 1 0 1 1 2 0 1 1 0 1 0 1 0 0 1 0 0 0 1 0 0 1 1 1 1 1 1 0 0 1 0 1 0 1 0 1 
1 1 0 1 1 1 0 0 1 1 0 1 0 0 1 0 1 0 1 0 3 1 1 1 1 1 0 1 3 0 1 1 0 1 0 0 1 1 0 0 0 1 0 1 0 1 0 0 1 0 0 0 

# Size = 17 | Time = 10714 ms
1 1 1 1 0 1 0 1 0 0 1 0 0 1 1 1 1 0 1 0 3 0 1 1 1 1 0 1 2 0 0 0 1 0 0 0 1 0 0 1 1 1 1 1 1 1 1 0 1 0 1 1 
1 0 0 0 0 0 1 1 1 1 0 0 1 0 0 0 1 0 0 1 3 1 1 0 0 0 1 0 0 1 1 0 1 1 0 0 0 1 1 1 0 1 0 0 0 0 1 1 0 0 0 1 
0 1 0 1 1 0 0 0 0 1 0 0 1 0 0 0 1 0 0 0 0 1 0 0 0 0 0 1 3 1 1 1 0 1 0 0 0 0 1 0 0 1 1 0 0 1 1 1 0 0 0 1 
1 0 1 0 2 0 0 1 1 0 0 0 0 0 1 0 1 1 1 1 0 0 1 0 1 0 0 0 2 0 1 0 1 1 1 1 0 1 0 1 0 0 0 1 1 0 1 0 1 0 1 1 
1 0 0 0 2 1 1 1 0 0 0 1 1 1 1 1 0 0 0 1 2 0 1 1 1 1 1 1 3 0 1 0 0 1 0 1 1 0 0 0 0 0 0 1 1 0 1 0 1 1 1 1 
1 1 0 1 1 1 1 0 0 1 0 0 1 1 0 0 0 1 1 0 2 1 1 1 0 0 1 0 1 0 0 0 0 0 0 0 0 1 1 1 1 1 0 0 0 0 1 0 0 0 1 1 
1 0 1 0 1 1 1 0 0 0 1 0 0 0 1 1 0 0 0 0 0 0 1 1 0 0 0 1 0 0 1 1 0 0 1 1 1 0 0 1 1 0 1 1 1 1 1 1 0 1 0 0 
1 0 0 0 0 0 1 1 0 1 0 1 0 0 0 0 1 1 1 0 1 1 1 0 0 0 1 1 2 1 1 0 1 1 1 1 1 0 0 0 1 0 0 0 0 1 0 0 0 1 0 0 
0 0 1 1 2 0 1 1 1 0 0 0 0 0 1 1 0 1 0 1 1 0 0 1 1 0 0 0 1 0 1 1 0 0 1 1 1 0 1 1 0 1 1 0 0 0 1 0 1 0 1 1 
1 1 1 1 1 1 0 1 1 1 1 0 1 1 1 0 0 1 1 0 1 1 0 1 0 1 0 0 3 1 0 0 0 0 1 1 0 1 1 0 1 1 1 1 0 1 0 0 1 1 1 0 
0 1 0 1 1 0 0 0 1 0 1 1 1 1 0 0 0 1 1 1 3 0 0 0 1 1 1 1 2 0 1 1 1 0 1 1 1 1 1 0 0 0 1 0 0 1 0 1 0 1 0 0 
0 0 1 1 0 1 0 1 0 0 1 1 0 1 0 0 0 0 0 1 0 1 0 1 1 1 1 1 1 1 0 0 1 1 1 0 0 1 0 1 1 0 1 1 1 0 0 0 1 1 0 1 
1 0 1 0 2 1 0 0 1 0 0 1 0 1 1 1 0 0 0 1 1 0 1 0 1 1 0 1 0 1 1 0 0 1 0 0 0 0 0 1 1 1 0 1 1 1 1 1 0 1 1 1 
0 1 1 0 2 1 0 1 1 1 0 1 1 0 0 1 1 1 1 0 3 1 0 0 0 0 1 0 1 0 1 1 0 0 0 0 1 1 1 0 0 0 0 0 0 1 1 1 0 0 1 0 
0 0 1 1 0 1 0 0 1 0 1 0 0 0 1 1 0 0 0 0 3 0 1 0 1 0 0 1 3 0 0 1 1 0 1 0 0 1 0 1 0 0 1 0 0 0 1 0 0 1 0 1 
0 1 1 1 2 0 0 0 1 1 1 0 0 0 1 0 0 1 1 0 2 0 0 0 1 1 0 0 0 1 0 1 1 0 0 0 1 1 1 0 0 1 0 1 1 1 0 0 1 0 0 1 
0 1 0 0 0 0 1 1 1 0 1 1 1 1 1 0 1 1 0 0 2 1 1 0 0 0 1 1 2 1 0 1 0 0 1 0 0 0 1 1 0 1 1 0 0 1 0 1 0 1 0 0 

# Size = 17 | Time = 10999 ms
1 1 0 1 2 1 0 0 1 0 1 1 1 0 0 0 1 1 0 1 1 0 1 0 1 0 0 0 3 1 0 1 0 0 1 0 0 0 1 0 1 1 0 0 0 1 1 1 0 1 0 0 
0 0 1 0 1 1 0 1 1 0 1 1 1 0 0 0 0 1 1 0 0 0 1 0 0 0 1 0 2 1 1 1 1 0 0 1 0 0 1 0 1 0 1 0 0 1 0 0 1 1 0 0 
1 0 0 0 0 0 1 0 1 1 1 1 0 1 1 1 0 1 1 0 2 0 0 0 1 0 1 1 1 0 1 1 1 1 0 1 1 0 1 0 1 0 1 1 1 1 1 0 0 1 0 0 
0 1 0 1 1 0 0 1 0 1 0 0 1 1 1 0 1 1 1 0 1 1 1 1 0 1 0 1 1 0 0 1 0 1 1 1 0 1 1 0 1 0 0 1 0 1 1 1 0 1 0 1 
1 0 1 0 1 0 1 1 0 0 0 0 1 0 0 1 1 0 0 0 3 1 1 1 0 0 1 1 2 0 1 1 0 1 0 1 0 1 1 0 0 1 0 1 0 0 1 1 0 0 0 1 
1 1 0 1 0 1 0 1 1 0 1 0 0 1 1 0 1 0 0 1 3 0 1 1 0 0 0 1 0 0 0 0 0 1 1 0 1 0 0 0 1 0 1 0 0 1 0 1 0 1 1 0 
0 1 1 1 1 0 1 0 1 0 1 1 1 0 0 1 1 1 0 1 2 1 1 0 0 1 0 0 1 1 1 0 0 0 1 0 0 0 0 0 0 1 1 0 0 0 1 0 1 0 1 1 
0 0 0 1 1 1 1 1 0 1 0 0 0 1 0 0 0 0 1 1 3 1 0 0 1 1 1 0 3 1 1 0 1 0 1 0 1 0 0 1 0 1 1 1 1 1 1 0 1 0 1 1 
0 1 1 0 0 0 1 1 1 0 1 0 1 1 0 0 0 1 1 1 2 1 1 1 0 0 0 0 3 0 0 0 1 1 0 1 0 1 1 1 1 1 0 1 1 0 0 1 0 0 1 1 
0 0 0 0 2 1 0 0 0 1 0 0 1 1 0 0 0 0 1 1 2 0 0 1 1 1 0 1 2 0 0 0 0 0 1 1 1 1 0 0 1 0 0 0 0 1 0 1 0 0 1 0 
1 0 1 0 2 1 1 0 0 1 0 1 0 0 0 1 1 0 1 0 1 1 0 0 0 1 1 0 0 1 0 0 0 0 1 0 1 1 0 0 0 1 0 1 1 0 1 0 1 1 1 1 
0 0 0 0 2 0 1 0 0 0 1 1 1 1 0 0 1 1 1 0 3 0 0 1 1 1 0 0 1 0 0 0 1 0 1 1 0 1 0 1 0 0 1 1 0 0 0 0 1 0 1 1 
1 1 0 1 1 0 1 0 0 0 0 0 1 0 0 0 1 0 0 1 0 0 0 1 1 1 1 0 0 0 1 0 0 1 0 1 1 1 1 1 0 1 0 1 1 1 1 1 0 0 0 0 
1 1 1 0 0 1 0 1 1 1 0 0 0 1 1 1 1 1 0 0 0 1 0 1 1 0 0 1 3 1 0 0 0 1 1 0 1 0 0 1 0 0 1 1 1 1 1 0 1 1 0 0 
0 0 0 1 0 1 1 1 0 0 0 1 0 0 1 1 0 1 1 0 2 0 0 0 1 1 0 0 0 1 1 1 1 1 1 0 0 0 1 1 1 0 1 0 0 1 1 1 0 0 0 1 
1 1 0 1 0 1 0 0 0 1 0 0 0 0 1 0 0 1 0 1 1 1 1 1 0 1 0 1 2 0 1 1 1 0 0 0 0 1 0 1 1 1 1 1 1 1 0 1 0 0 1 0 
0 1 1 1 2 1 0 1 1 0 0 0 0 1 1 0 0 0 1 0 0 1 0 1 0 0 1 0 1 1 1 0 1 1 0 0 0 1 1 0 1 1 1 0 0 0 0 0 1 0 1 1 

# Size = 16 | Time = 46325 ms
1 1 1 0 1 0 0 0 1 1 1 0 1 0 1 1 1 1 1 0 2 1 1 0 0 0 0 0 1 0 0 0 1 1 1 1 0 0 0 0 0 0 1 1 1 1 1 1 0 1 0 1 
1 1 1 1 2 0 0 1 1 1 1 1 0 1 1 1 0 1 1 0 3 1 0 0 1 0 1 0 2 0 0 0 1 0 1 0 1 0 0 1 1 0 1 0 0 1 1 1 0 1 0 0 
0 1 1 0 1 1 1 1 1 0 1 0 0 0 1 0 0 0 0 0 0 1 1 0 0 0 1 1 2 0 0 0 1 1 0 1 0 1 1 1 0 1 0 1 1 1 0 1 0 0 0 0 
1 0 1 0 2 1 0 0 1 0 1 0 0 0 1 0 0 0 0 1 3 0 1 1 0 0 1 0 0 0 1 1 0 1 1 1 0 0 0 0 1 1 0 1 0 0 0 1 0 1 1 1 
1 0 0 1 2 0 0 0 1 0 0 0 1 0 0 1 1 0 0 0 0 0 0 1 1 1 1 1 1 1 0 1 1 0 1 0 0 1 0 1 1 1 0 0 0 0 1 1 0 0 1 1 
1 1 0 0 1 0 0 0 0 0 0 1 1 1 0 0 1 0 1 0 0 0 0 1 1 1 0 1 0 0 1 0 1 1 0 1 1 0 1 1 0 0 1 1 1 1 0 0 1 1 0 0 
0 0 0 1 1 0 1 0 0 1 0 1 0 0 0 0 1 1 0 1 1 1 1 0 1 1 1 1 1 0 1 0 0 0 0 0 1 1 1 1 1 0 1 0 0 1 0 1 0 0 1 0 
1 1 1 1 1 1 1 1 0 1 0 1 0 1 0 0 1 1 0 0 3 0 0 0 0 1 1 1 3 1 1 1 1 0 0 0 0 1 1 0 0 1 1 1 1 1 0 0 1 1 0 0 
0 0 1 1 2 1 0 0 1 0 1 1 0 1 1 1 0 1 0 0 1 0 1 1 0 0 0 1 3 0 1 1 0 1 0 1 0 0 1 1 0 0 1 1 1 0 1 0 1 1 0 1 
0 1 0 1 1 0 0 0 1 1 0 0 1 1 0 0 1 1 1 0 2 1 1 1 0 1 1 0 2 1 0 1 0 1 1 0 0 1 1 0 1 1 0 1 1 0 0 0 1 0 1 1 
0 1 1 0 0 0 0 1 0 1 1 1 0 1 1 1 0 1 1 1 1 1 1 0 0 0 1 0 0 0 0 1 0 0 1 1 1 1 0 0 1 1 1 0 0 0 1 0 0 0 0 1 
0 0 0 1 0 1 1 1 0 1 0 1 0 0 1 1 1 0 0 1 2 0 0 0 0 1 0 0 0 1 1 1 0 1 0 0 1 0 0 1 1 1 1 0 0 1 1 0 1 0 1 0 
0 0 0 1 0 1 1 1 1 0 1 1 1 1 0 0 0 0 0 0 3 0 0 1 0 1 0 1 1 0 0 1 0 0 1 0 0 1 1 0 0 0 1 1 0 0 1 0 1 0 1 1 
0 1 0 0 0 0 0 0 0 1 1 0 1 0 0 0 1 1 1 1 0 0 1 0 0 1 1 0 3 1 0 0 0 1 0 1 1 1 0 0 0 0 0 0 0 0 0 1 0 0 0 1 
1 0 0 0 0 1 1 1 0 1 1 0 1 1 0 1 1 0 1 1 1 0 0 1 1 0 0 1 2 1 1 1 1 1 1 0 0 1 0 0 0 0 0 1 1 1 1 0 0 1 1 0 
1 0 1 1 2 0 1 0 0 0 0 1 1 1 1 0 0 0 0 0 2 1 1 0 1 0 1 1 3 1 1 1 1 0 1 1 1 1 1 1 1 0 0 0 0 0 0 0 0 0 1 1 

# Size = 17 | Time = 10930 ms
1 0 1 0 1 1 0 1 1 1 0 1 1 1 0 1 1 1 1 1 2 1 1 1 1 1 0 0 3 1 0 1 0 1 1 0 0 0 1 0 1 1 0 1 1 1 1 1 0 1 0 0 
0 0 0 0 0 0 1 1 0 1 1 0 0 0 1 1 0 1 0 1 1 0 0 0 0 0 0 0 3 0 0 1 1 0 1 0 0 1 0 0 1 0 1 0 0 1 1 0 0 0 1 0 
0 1 1 1 1 0 0 0 1 1 0 1 0 1 1 1 1 0 1 0 0 0 1 0 1 1 0 0 1 0 0 1 1 1 1 0 1 1 1 0 0 0 0 0 0 0 1 0 1 0 1 1 
1 0 0 0 0 1 1 0 0 0 1 1 1 1 0 1 0 1 1 0 0 0 1 1 0 1 1 1 3 1 0 1 0 0 0 1 0 0 0 1 1 0 1 1 0 1 1 0 1 0 1 0 
0 1 1 0 2 0 0 1 1 1 1 0 0 0 1 0 0 0 1 1 0 1 1 1 0 0 1 0 0 0 0 1 1 1 1 0 0 1 1 0 0 1 0 1 1 1 0 0 0 1 0 1 
1 0 0 1 2 1 1 1 1 1 0 1 0 1 1 1 1 0 0 0 1 1 0 1 1 1 0 1 0 1 0 1 1 1 0 0 0 0 1 1 1 0 1 0 0 1 1 0 1 1 1 0 
1 1 1 1 2 1 1 1 0 1 1 0 1 1 0 1 0 0 0 1 3 1 1 1 1 1 1 0 1 1 0 1 0 0 1 0 0 1 0 0 1 1 1 0 0 0 1 0 0 0 0 1 
0 1 0 0 1 0 1 1 0 0 1 0 1 0 1 1 1 0 0 0 0 1 0 1 0 0 0 1 2 0 1 0 1 1 1 0 0 1 1 0 1 1 1 1 0 0 1 1 0 0 0 1 
1 0 0 1 1 0 0 1 0 1 1 1 1 1 0 1 1 0 1 0 2 0 0 1 0 0 0 1 0 0 0 0 0 0 0 1 1 0 0 1 1 1 0 0 0 1 1 0 1 0 0 1 
1 1 0 0 0 1 0 0 0 0 1 0 1 1 0 0 1 1 0 1 3 0 1 0 0 0 1 0 0 0 1 0 1 1 1 1 1 0 1 0 1 0 0 0 0 0 0 1 0 1 0 1 
1 1 1 1 1 0 1 1 0 1 0 0 1 0 0 0 1 1 1 1 1 0 1 1 1 1 1 0 3 1 1 0 1 1 0 1 1 0 0 0 0 1 0 0 0 0 0 0 1 0 1 1 
0 0 0 0 0 0 1 0 0 0 0 0 1 0 1 0 1 0 0 1 2 1 0 0 0 1 1 1 1 0 0 0 0 1 1 1 0 0 1 1 0 1 1 1 1 0 0 1 0 0 1 1 
0 1 1 1 2 1 1 1 1 0 1 0 0 0 0 0 0 1 1 1 2 1 1 1 0 1 1 0 2 1 1 0 1 0 0 1 0 1 1 1 0 0 1 0 0 0 1 0 0 1 0 1 
1 0 1 1 0 0 0 1 1 0 1 0 0 1 1 0 0 0 0 0 1 0 0 0 1 0 1 1 2 1 0 0 0 1 1 0 0 0 0 0 0 0 1 1 1 0 1 1 0 0 1 1 
0 0 1 0 2 1 0 1 0 0 1 0 0 0 1 0 1 0 1 0 3 0 0 1 0 0 1 1 3 0 1 1 1 0 0 1 1 1 1 1 0 0 0 1 1 0 0 1 0 1 1 1 
1 0 0 1 2 0 1 0 0 0 0 1 1 1 1 1 1 1 0 0 1 1 0 0 1 0 1 0 1 0 1 0 0 0 0 0 1 0 0 0 0 1 1 1 0 1 1 0 0 1 0 0 
0 1 1 0 1 0 1 0 1 1 0 1 1 0 1 0 0 1 0 1 3 1 0 0 0 0 0 0 2 1 1 1 0 0 0 1 1 1 0 0 0 1 0 1 1 1 0 0 1 0 0 0 

# Size = 17 | Time = 11520 ms
0 1 1 1 0 0 1 0 0 1 0 0 1 1 0 0 0 1 1 0 3 1 0 0 0 1 1 1 1 0 0 0 0 1 0 0 1 0 0 0 1 1 1 0 0 1 0 0 1 1 0 0 
0 0 0 1 0 0 0 1 0 0 0 0 0 1 1 1 0 1 1 0 1 1 0 0 1 1 1 0 0 0 0 1 0 1 1 0 1 0 1 0 0 0 1 0 0 1 1 0 0 0 0 0 
1 0 0 0 1 0 0 0 0 1 0 1 1 1 1 0 0 0 0 1 3 1 0 1 1 0 0 0 0 1 0 1 1 1 1 1 1 0 0 1 1 0 0 1 0 1 0 1 0 0 1 0 
0 0 0 1 1 0 0 0 1 1 0 0 1 1 1 1 0 0 1 0 1 1 0 1 0 1 1 0 3 1 0 0 1 0 0 1 0 0 1 0 1 1 1 0 0 1 1 0 0 0 1 0 
1 1 1 1 1 1 1 0 0 0 0 0 1 0 0 1 1 0 1 1 1 0 1 0 0 0 1 1 1 1 1 1 1 0 0 0 1 0 1 1 0 1 0 1 0 0 1 0 1 1 0 1 
1 0 0 0 0 0 0 1 1 0 1 1 0 0 0 0 1 1 1 0 0 0 1 1 1 0 0 0 1 0 1 0 0 1 1 1 0 1 1 0 0 1 0 1 1 1 0 0 0 0 1 0 
1 0 1 1 2 1 1 0 1 0 1 1 0 1 0 1 1 0 1 0 0 1 0 1 1 1 0 1 0 1 1 1 1 1 1 1 1 0 1 0 1 0 1 1 1 0 1 0 1 0 0 1 
0 1 1 0 0 0 0 0 1 0 1 1 0 0 1 0 0 1 0 0 1 1 1 0 0 0 1 0 0 1 1 0 1 0 0 1 0 1 1 1 1 1 1 1 1 0 0 0 1 1 0 1 
1 1 0 0 0 0 1 0 0 0 0 0 1 1 1 0 0 1 0 1 0 1 0 0 1 1 1 1 3 1 1 0 0 0 0 1 0 1 0 1 1 0 0 0 0 1 0 1 0 1 0 1 
0 1 1 0 2 1 0 1 1 1 1 0 0 1 1 0 1 0 1 1 3 0 1 0 0 0 0 1 3 0 1 1 0 0 1 0 1 1 0 1 0 1 1 1 1 1 1 0 1 0 0 0 
0 0 0 0 0 0 0 1 0 0 0 0 0 0 0 1 1 0 0 1 3 1 1 0 0 0 0 1 2 1 1 0 0 1 1 0 0 1 1 0 0 1 1 1 1 0 1 0 1 1 0 1 
1 1 1 1 2 0 1 0 1 1 1 1 1 0 0 1 0 1 1 1 1 0 0 1 1 0 0 0 2 0 0 1 1 1 0 0 0 0 0 1 0 0 0 0 0 0 1 1 0 0 1 1 
1 0 0 1 2 0 0 0 1 0 0 0 1 0 1 0 1 0 0 1 2 0 1 0 0 0 1 0 1 0 1 0 0 0 0 0 1 0 1 0 1 0 1 1 1 1 0 1 0 0 1 0 
1 1 1 0 1 1 1 1 1 1 0 0 0 1 0 1 1 1 1 0 2 0 1 1 1 1 0 0 2 0 0 1 0 0 0 1 1 1 1 0 0 1 0 1 1 1 1 1 0 1 1 0 
0 0 0 0 1 1 1 1 1 1 1 1 1 0 1 0 1 0 0 1 0 0 0 1 0 1 1 1 2 0 0 0 0 1 0 0 1 0 1 0 1 1 0 0 0 1 0 1 0 1 1 1 
0 1 0 1 0 1 0 1 0 0 1 1 0 0 0 1 0 1 0 0 2 1 0 1 1 0 0 0 3 1 1 1 1 1 1 0 0 1 1 0 1 0 0 1 0 0 1 0 0 0 0 1 
0 1 1 1 2 1 0 1 0 0 0 0 1 0 1 0 0 0 0 1 2 0 1 1 0 1 1 1 0 0 0 0 1 1 0 0 1 1 0 1 1 0 0 0 0 1 0 0 1 1 1 0 

# Size = 17 | Time = 11026 ms
0 0 1 1 1 0 1 1 0 1 0 1 1 1 0 0 1 0 1 0 2 1 1 1 1 1 1 1 1 0 0 0 1 0 0 0 1 1 0 0 1 0 0 1 0 1 0 0 1 0 0 0 
1 1 1 0 2 0 0 0 1 1 0 0 1 1 0 1 1 1 1 1 3 0 0 1 1 0 0 0 2 1 0 1 0 0 0 1 1 0 0 0 0 0 1 0 0 0 1 0 0 0 1 1 
1 1 0 0 1 0 0 1 0 0 1 1 1 1 0 1 0 1 1 0 0 0 1 0 0 1 1 1 3 1 1 1 0 1 1 1 0 0 1 1 1 0 0 1 1 1 1 0 1 0 1 1 
0 0 0 0 1 0 0 0 1 1 1 0 1 0 0 0 0 1 1 0 3 0 1 0 1 0 1 0 0 0 0 0 0 1 1 0 1 1 1 1 0 1 0 1 1 1 0 1 0 0 1 1 
0 0 1 1 0 1 0 1 0 0 0 1 0 0 0 1 0 0 1 1 3 1 0 0 0 0 0 0 1 0 1 0 1 1 1 1 0 0 1 1 1 0 1 0 0 1 1 1 0 1 0 1 
1 1 1 1 2 1 0 1 0 1 1 1 0 0 1 0 1 0 0 1 2 0 0 0 1 0 1 0 0 0 0 1 1 0 1 0 0 1 1 0 0 0 1 0 0 1 1 0 1 1 1 0 
1 0 1 0 2 1 0 0 0 1 0 0 1 1 0 0 1 0 1 1 0 0 1 1 1 0 0 0 1 1 0 0 1 1 0 0 0 0 0 0 1 0 1 0 0 0 0 1 0 1 1 1 
1 1 1 0 0 1 1 0 1 1 0 0 0 0 0 1 1 0 1 1 1 1 0 1 0 0 0 0 3 0 1 0 0 0 0 0 1 0 0 0 0 0 0 0 0 1 1 1 0 0 1 0 
1 1 1 1 2 0 1 1 0 0 0 1 1 0 1 1 0 0 0 1 1 0 1 0 1 1 0 0 0 1 1 0 1 1 1 1 1 1 1 0 1 1 1 1 1 1 1 1 0 0 0 1 
0 1 1 1 0 0 0 0 1 1 0 0 0 1 1 0 0 0 0 0 0 1 1 1 1 1 1 1 2 1 0 1 1 0 1 0 1 1 1 1 1 1 0 1 0 1 0 1 0 0 1 0 
0 0 0 1 2 1 1 1 0 1 0 0 1 1 1 0 1 0 0 0 3 1 0 1 0 1 1 1 3 0 0 0 1 0 1 0 1 1 0 0 0 1 1 0 0 1 0 0 1 0 0 0 
0 1 0 0 2 1 0 0 1 0 1 0 1 0 1 0 1 1 0 0 1 0 1 0 1 1 0 0 1 1 0 1 0 1 0 1 0 0 0 1 0 1 0 1 1 1 0 0 0 1 0 0 
0 0 0 1 0 1 1 1 1 0 1 0 0 0 1 1 0 0 1 1 2 1 0 1 0 1 1 0 2 0 1 0 0 0 0 0 0 1 0 1 0 0 0 1 1 1 1 1 0 1 1 1 
0 0 0 1 0 0 0 0 1 0 0 1 1 1 1 1 0 0 1 0 2 0 1 1 0 1 0 1 0 1 1 0 0 1 0 1 1 0 1 1 1 0 1 1 0 0 1 0 1 0 0 1 
1 1 1 0 1 0 0 1 0 0 0 0 1 1 0 0 0 1 0 0 2 0 0 0 1 0 0 0 3 1 1 0 1 1 1 0 1 0 1 1 0 1 1 1 1 0 0 1 0 1 0 1 
0 0 1 1 1 1 1 1 0 1 1 1 0 1 1 0 1 1 0 1 1 0 1 0 0 1 1 1 2 1 1 1 0 1 1 0 1 1 0 1 0 0 1 0 0 0 1 0 1 1 0 1 
1 0 1 0 0 0 1 1 1 0 0 1 0 0 0 1 0 1 0 1 0 1 0 1 0 0 0 1 0 0 0 1 0 0 1 1 0 1 0 0 0 0 0 1 0 0 1 0 1 1 0 1 

# Size = 17 | Time = 11515 ms
1 1 1 1 1 0 1 1 1 1 0 1 1 1 0 0 1 0 1 0 0 0 1 0 0 0 1 0 3 1 0 1 1 1 1 0 0 0 1 1 1 1 0 1 1 1 1 1 0 1 0 1 
0 1 1 0 2 1 1 1 1 0 1 0 1 0 1 0 1 0 1 1 1 1 1 1 0 0 1 1 3 0 1 0 0 1 0 0 1 0 1 0 0 1 0 0 0 0 0 1 0 0 1 1 
1 1 1 1 2 0 1 0 1 1 1 1 0 0 1 1 1 1 0 1 3 1 0 0 1 0 1 0 2 1 0 0 1 1 1 1 1 1 0 1 1 1 1 1 1 0 1 1 0 1 0 1 
1 0 0 1 0 1 1 0 0 0 1 0 1 0 0 0 0 0 1 0 1 1 0 1 0 1 0 1 0 0 1 0 1 0 0 1 0 0 0 1 1 1 0 1 0 1 0 1 0 1 1 0 
0 1 1 1 2 0 0 1 0 1 1 0 1 1 0 1 0 1 1 1 3 1 0 0 0 0 1 0 3 0 1 1 0 1 0 1 1 1 0 1 0 0 0 1 0 0 1 1 0 0 1 1 
0 1 0 0 0 0 0 0 0 0 1 0 1 0 1 0 0 0 0 1 0 0 0 1 0 1 1 0 1 1 0 0 0 0 1 1 1 1 1 0 1 1 1 0 0 1 0 0 1 0 1 1 
0 0 0 1 1 0 0 0 0 0 0 1 1 1 1 0 1 1 0 0 1 0 0 1 1 1 0 1 2 0 0 0 0 0 1 0 0 1 1 0 1 0 1 1 1 1 0 0 1 0 0 0 
0 1 0 0 1 0 0 0 0 1 1 1 1 1 1 1 1 1 0 0 1 0 1 0 1 0 1 0 0 1 1 1 1 0 1 0 1 0 1 1 0 0 0 0 0 1 1 0 1 0 1 1 
1 1 0 1 1 1 1 1 1 1 0 0 0 0 0 0 1 0 1 0 3 1 0 0 0 0 0 0 1 1 1 0 1 0 0 0 0 0 1 1 1 0 0 1 1 0 0 0 0 0 1 1 
1 0 0 0 0 0 0 0 1 1 1 1 0 1 1 1 0 1 0 1 2 1 0 0 1 1 0 1 3 0 1 0 0 0 0 1 1 0 0 1 1 1 1 1 0 1 1 0 1 1 0 0 
0 0 1 0 0 1 0 1 1 0 0 1 1 1 0 1 1 0 0 0 0 0 1 1 0 0 1 1 2 0 1 1 1 0 0 0 1 0 0 0 0 1 1 1 1 1 1 0 1 1 1 0 
0 1 1 1 2 1 1 0 0 0 0 0 1 1 1 0 1 0 1 0 2 0 1 0 0 0 1 0 0 0 1 0 1 1 0 1 0 0 1 0 0 0 1 1 1 1 0 0 1 1 1 0 
0 1 1 0 1 0 1 1 0 1 0 0 0 0 0 0 0 0 1 1 2 1 1 0 0 0 0 1 2 1 1 1 0 1 0 1 0 1 0 0 0 1 0 0 0 1 0 1 0 0 0 1 
1 1 0 0 2 0 1 1 0 1 1 1 0 0 0 0 0 0 0 1 1 1 1 1 1 1 1 1 1 1 1 1 1 1 1 1 1 0 0 0 0 1 0 1 1 1 0 1 0 0 1 0 
1 0 1 0 2 1 1 1 1 1 0 0 0 0 0 0 0 1 0 1 0 1 1 0 1 0 0 0 0 0 1 0 0 0 1 0 0 1 0 1 0 0 0 1 1 0 0 1 0 0 0 1 
1 0 0 0 0 1 1 0 1 0 0 1 1 0 1 0 1 1 0 0 3 0 1 1 0 1 1 1 0 1 0 1 0 1 0 0 0 1 1 0 1 0 1 0 0 1 1 0 1 0 1 0 
1 0 1 1 0 0 1 0 0 0 0 0 0 1 0 1 1 1 1 1 2 0 1 1 1 1 0 1 1 0 0 1 1 0 1 0 0 1 1 1 0 0 1 0 0 0 1 0 1 1 0 1 

# Size = 16 | Time = 37132 ms
1 1 1 0 0 1 1 0 1 1 0 1 0 1 0 0 0 0 0 0 2 0 1 1 1 1 0 0 0 0 0 0 0 1 0 1 0 0 0 1 0 0 0 0 0 0 0 0 1 1 1 1 
1 0 1 0 0 0 0 1 0 1 0 0 1 0 1 1 0 0 0 0 0 0 0 0 1 0 1 0 1 0 1 1 1 1 1 1 0 1 1 0 0 1 1 0 0 0 1 0 1 0 0 1 
1 0 0 1 1 1 0 0 1 1 0 1 1 1 0 0 1 1 0 0 0 0 0 1 0 0 0 1 0 0 1 1 1 0 1 0 1 0 1 1 1 0 1 0 0 1 0 0 0 0 0 0 
0 1 1 1 1 1 1 1 0 1 0 0 0 0 0 0 0 1 0 0 3 1 1 1 1 0 1 0 2 1 0 0 1 1 0 1 0 1 0 0 1 1 0 1 1 1 0 0 1 1 1 1 
0 0 1 0 0 1 1 1 0 0 1 0 1 1 0 1 1 0 1 0 1 0 1 1 0 1 1 0 0 0 1 1 0 0 0 0 1 0 0 0 1 1 0 1 1 1 1 0 1 1 1 0 
1 1 0 0 0 0 0 1 1 0 0 1 1 1 0 1 0 0 1 1 3 1 0 0 0 0 0 1 3 1 1 0 1 0 1 1 0 1 1 0 1 0 1 1 1 1 1 1 0 0 1 0 
1 1 1 1 2 1 0 1 0 0 0 1 1 0 0 0 1 0 1 1 2 0 0 0 1 1 0 1 3 1 1 1 0 1 0 0 1 1 0 1 1 0 1 0 0 0 0 0 1 1 1 1 
1 1 1 1 1 1 1 1 0 1 1 1 1 1 0 1 0 1 1 0 1 1 1 1 1 1 0 0 3 0 1 0 0 1 0 0 1 0 0 1 0 1 0 0 0 1 1 0 0 1 0 0 
0 0 1 1 2 0 0 0 1 0 1 0 0 0 1 0 0 1 1 1 3 1 0 0 0 0 0 1 0 1 0 1 0 1 0 0 0 1 0 0 1 1 1 1 1 0 0 1 0 1 0 1 
0 0 0 1 1 0 0 0 1 1 0 0 0 0 1 0 1 0 0 1 1 0 1 0 1 0 0 0 1 1 0 1 1 1 1 1 1 1 1 0 1 1 1 1 0 0 0 0 1 1 0 1 
0 0 0 0 0 0 0 0 0 1 0 1 0 0 1 1 1 1 0 1 2 1 0 1 1 1 1 1 2 0 0 0 1 1 1 0 0 0 1 1 0 1 0 1 1 1 1 0 0 1 0 0 
1 1 0 1 0 0 1 0 1 0 1 1 0 1 1 1 0 0 1 1 0 1 0 0 1 1 1 1 2 1 1 0 0 1 1 0 1 0 0 1 0 1 1 1 0 1 1 0 0 1 0 0 
0 0 0 0 1 0 1 0 1 0 1 0 0 0 1 0 1 1 1 1 2 1 0 1 0 0 0 1 1 1 0 1 0 0 0 1 1 0 0 0 0 0 1 1 1 1 1 1 0 0 0 1 
0 0 1 0 2 0 0 0 0 0 1 0 0 1 1 1 0 1 0 0 0 1 1 0 1 1 1 1 3 0 0 0 0 0 0 0 0 1 1 1 1 0 0 1 1 0 1 1 0 0 1 1 
0 1 0 0 2 1 1 1 0 0 0 1 1 1 0 0 1 1 1 1 3 0 0 1 0 1 1 0 1 0 0 0 1 0 1 0 1 0 1 1 0 1 0 0 0 1 0 1 0 1 1 0 
0 1 1 1 2 1 0 1 1 1 1 1 1 0 1 1 0 1 0 0 1 0 0 0 0 0 0 1 2 0 1 1 1 0 1 1 0 1 0 0 1 0 0 0 0 0 1 1 0 0 1 1 

# Size = 16 | Time = 38781 ms
0 1 0 0 0 0 0 1 1 0 0 1 0 1 0 0 0 0 1 0 3 1 0 1 0 1 0 0 3 1 1 1 0 0 1 0 0 0 1 1 0 1 1 0 0 1 0 0 1 1 0 0 
0 1 1 0 2 0 0 1 1 1 0 0 0 1 0 1 1 1 1 0 0 0 0 1 1 0 0 1 1 1 1 0 1 1 0 0 0 0 0 0 0 0 0 0 0 0 1 0 1 0 1 1 
0 1 0 1 1 0 1 0 0 1 1 1 1 0 0 1 1 1 1 1 3 0 0 1 1 0 1 0 0 1 0 1 0 1 1 1 1 0 1 0 1 1 0 1 0 0 1 1 0 0 0 1 
1 0 0 0 2 0 0 1 0 0 0 1 0 1 0 0 1 0 0 1 1 1 1 0 1 0 1 0 0 1 0 0 0 0 1 0 0 0 1 1 0 0 0 0 0 1 0 0 0 0 0 0 
1 0 0 0 1 0 0 1 0 0 0 1 1 0 1 1 0 1 0 0 2 0 0 0 0 0 0 0 1 0 1 1 0 0 0 1 1 1 1 0 1 1 1 0 0 1 1 0 1 1 0 0 
0 1 1 1 0 1 1 1 1 0 0 1 0 1 0 1 0 0 1 0 0 1 1 1 0 0 0 0 0 1 1 0 1 1 0 1 1 0 1 1 1 0 0 1 0 1 1 0 1 0 1 1 
0 0 1 0 2 1 1 0 1 1 1 1 0 1 0 0 0 1 1 1 2 1 0 0 1 0 1 0 2 1 0 0 0 1 0 1 0 0 0 0 1 0 1 1 1 1 1 0 0 0 1 0 
1 0 1 0 1 0 1 0 0 0 1 1 1 0 1 0 1 1 1 0 0 1 0 1 1 0 1 1 3 1 0 1 0 0 1 1 0 1 1 1 1 0 0 1 1 1 1 0 1 0 0 0 
0 0 0 1 1 1 0 1 1 1 0 0 1 0 0 0 0 1 1 1 3 1 1 0 0 1 1 0 2 1 1 0 0 1 0 0 0 0 0 0 0 1 0 1 0 1 0 1 0 1 1 0 
0 1 1 0 1 0 1 0 1 0 0 0 0 1 1 0 1 0 0 1 2 0 0 1 0 0 0 1 3 0 0 1 1 1 1 0 1 1 1 0 1 1 0 1 1 0 0 1 0 0 0 1 
1 1 0 1 0 0 1 0 1 1 1 0 1 1 1 1 0 1 0 0 2 1 1 1 0 1 0 1 0 0 0 1 1 0 1 1 1 1 0 1 0 0 1 1 1 1 1 1 0 1 0 0 
1 1 0 0 0 1 0 0 0 1 1 1 0 1 1 0 1 1 0 1 0 0 0 0 1 1 1 1 2 0 1 1 1 1 0 1 1 0 0 0 0 1 1 0 0 0 0 1 0 1 1 1 
0 1 0 1 1 0 1 1 1 0 0 1 1 0 0 1 0 0 1 0 1 0 0 1 0 1 0 1 2 1 0 1 1 0 1 1 0 1 1 1 0 1 1 1 1 1 1 0 1 0 0 0 
1 0 1 1 0 1 1 1 0 1 1 0 1 0 0 1 1 1 1 1 1 0 1 0 1 1 1 0 1 0 0 0 1 0 1 0 1 1 1 1 1 0 1 0 0 0 1 0 1 1 0 1 
0 1 0 1 2 1 0 0 0 1 0 0 0 0 1 1 0 0 0 1 1 0 1 0 0 1 1 1 3 0 1 0 1 1 0 0 1 0 0 0 0 1 1 0 0 0 1 1 0 1 1 1 
1 0 1 0 2 1 0 0 0 0 1 0 1 1 1 0 1 0 0 0 3 1 0 1 0 1 0 1 1 0 1 1 1 0 1 1 0 1 0 0 1 0 0 1 1 0 0 1 0 1 1 1 

# Size = 16 | Time = 36559 ms
0 0 0 1 1 0 1 1 0 1 1 1 0 1 1 1 0 1 0 0 2 0 0 1 1 1 1 1 2 1 0 1 0 0 0 1 1 1 1 1 1 0 0 1 1 0 1 1 0 0 1 1 
0 1 0 0 0 1 1 0 1 1 1 0 0 1 0 0 0 0 1 1 3 1 0 0 1 0 0 1 3 1 0 1 0 1 1 1 0 0 1 1 0 1 0 0 0 1 0 1 0 0 1 0 
0 1 0 1 2 1 0 0 1 1 0 0 1 1 0 0 0 1 0 0 3 1 0 1 0 0 1 0 1 0 1 0 1 0 1 1 1 0 1 1 1 0 0 0 0 0 0 0 1 1 1 1 
1 0 1 0 2 0 1 0 0 0 1 0 1 0 1 0 1 0 1 1 2 0 0 0 1 1 1 1 3 1 1 0 1 0 1 0 0 1 1 0 0 1 1 0 0 1 1 0 1 1 0 0 
0 1 1 1 2 1 1 0 1 0 1 1 1 0 0 1 1 0 0 0 1 1 0 0 0 0 0 1 0 1 1 0 0 0 0 1 0 1 0 1 0 0 1 1 0 1 1 1 0 1 0 1 
1 1 0 0 1 0 1 0 1 1 0 0 1 0 1 0 0 1 1 0 2 0 1 0 0 1 0 0 0 1 0 0 1 1 0 0 0 0 1 0 0 0 1 1 1 1 0 0 1 0 1 0 
1 1 1 0 0 1 1 1 0 0 0 0 0 1 1 1 1 0 0 0 1 0 1 1 0 1 1 0 3 0 1 1 0 0 0 0 1 1 0 1 1 1 0 1 1 0 1 1 0 0 1 1 
0 0 1 0 2 0 1 1 0 0 1 0 0 1 0 1 1 1 0 0 0 0 1 0 0 1 1 0 1 1 0 1 0 1 0 1 1 0 0 0 1 0 0 0 0 0 1 1 0 0 1 1 
1 0 0 0 1 0 1 0 0 0 1 0 0 0 0 0 1 0 1 1 3 0 0 1 0 1 1 1 0 1 1 1 0 1 1 1 0 0 1 0 1 1 0 1 0 0 0 1 0 0 0 1 
1 0 0 1 2 0 0 0 1 0 0 1 0 1 0 0 0 1 1 1 1 1 1 0 1 1 0 1 2 1 1 0 1 0 0 0 0 0 0 0 0 1 1 1 1 0 0 1 0 1 0 1 
1 0 1 0 0 1 0 1 0 0 0 1 1 1 0 0 1 0 1 0 2 1 1 0 0 0 0 0 1 0 0 1 0 1 1 1 1 1 0 1 0 1 1 1 1 1 0 0 1 1 0 0 
0 0 1 0 0 0 0 1 0 1 1 1 1 0 1 1 1 1 0 0 3 0 1 1 1 0 1 0 2 1 1 0 1 1 0 0 1 1 0 0 0 0 1 1 1 1 1 0 1 0 1 1 
1 0 0 1 1 1 0 0 0 0 0 1 0 1 0 1 1 1 1 0 0 0 0 0 0 1 0 0 3 1 1 0 0 1 0 0 0 0 0 0 1 0 1 1 1 0 1 0 0 1 1 1 
1 0 1 1 0 0 0 1 1 1 0 0 1 1 1 0 0 1 0 1 0 1 0 0 1 0 0 1 0 0 0 1 1 0 0 0 1 1 1 0 0 0 1 0 0 1 0 0 0 0 1 0 
0 0 1 0 1 1 0 0 0 1 1 1 1 0 1 0 1 0 0 1 1 1 0 1 1 0 1 1 1 0 0 0 1 1 1 0 0 1 1 1 0 0 1 0 0 1 0 0 1 1 1 0 
0 1 1 0 2 1 1 1 0 1 0 0 0 0 0 1 0 0 1 1 0 0 1 1 0 1 0 0 2 0 1 1 0 1 1 1 0 1 1 1 1 1 1 0 0 1 1 0 1 0 0 0 

