# Size = 28 | Time = 136 ms
0 1 0 1 1 0 1 0 0 0 0 0 0 3 2 3 2 1 
0 0 1 0 0 1 0 1 1 1 1 1 1 0 0 0 0 0 
0 0 1 0 0 1 0 0 0 1 0 1 0 1 2 0 3 2 
1 0 0 1 1 0 1 0 1 0 0 0 0 0 0 0 1 3 
0 0 1 0 1 0 1 0 0 1 1 1 0 1 3 3 1 0 
0 0 0 0 0 0 0 0 1 0 0 0 0 1 1 2 2 1 
0 0 0 0 1 0 0 0 1 0 0 0 0 0 2 2 1 1 
0 0 0 0 0 1 1 0 0 0 1 1 0 3 1 3 0 1 
0 1 0 1 1 1 0 1 0 0 1 0 0 2 3 2 3 3 
0 1 1 1 1 1 1 0 0 1 1 1 0 1 3 1 0 1 
1 0 0 1 1 1 1 1 1 1 0 1 1 3 0 0 3 0 
0 1 0 1 1 1 0 1 1 0 1 0 0 1 0 3 1 2 
0 0 1 1 1 0 1 0 1 0 1 0 0 2 1 3 1 3 
0 1 1 0 0 1 0 1 1 0 1 1 1 3 3 0 2 1 
0 1 1 1 1 0 1 1 0 1 0 1 0 0 3 2 0 2 
0 1 0 0 0 0 0 0 1 0 0 0 0 3 0 2 1 0 
0 0 0 0 0 0 0 1 1 0 0 1 0 2 2 1 2 0 
1 0 0 0 0 0 0 1 0 1 1 0 1 2 0 0 3 1 
0 1 1 0 0 0 1 1 0 1 0 0 0 3 0 1 0 3 
0 1 1 1 1 0 1 0 0 1 1 0 0 2 2 1 0 2 
1 0 0 1 1 1 1 1 0 1 1 0 1 3 0 0 0 2 
0 1 1 1 1 0 1 0 1 1 0 0 1 0 1 0 1 2 
0 0 0 1 1 0 1 1 0 0 1 1 0 0 1 1 1 3 
0 1 0 0 1 0 1 0 0 1 0 1 0 0 0 3 2 2 
1 0 0 0 1 1 1 0 1 0 0 0 1 0 0 0 2 3 
0 1 1 1 1 1 0 0 0 1 1 0 0 0 1 1 3 0 
0 0 1 1 1 0 1 1 0 1 1 1 1 1 2 0 3 3 
0 0 0 1 1 1 0 1 0 0 1 0 0 3 3 3 3 1 

# Size = 29 | Time = 144 ms
0 1 0 0 0 0 1 1 1 1 0 0 0 0 3 2 0 1 
0 0 0 0 0 0 0 1 1 1 0 1 0 3 1 1 3 0 
0 0 0 0 1 0 1 1 1 1 0 0 1 1 2 0 2 2 
0 1 0 0 0 1 1 1 0 1 1 0 1 2 1 0 0 3 
0 0 1 1 1 0 0 0 1 1 0 0 0 1 3 2 3 3 
0 0 0 0 1 0 0 1 1 1 0 0 1 3 3 0 1 2 
0 0 0 0 1 0 0 0 1 0 0 0 0 2 0 1 0 0 
1 0 0 1 1 1 1 0 1 0 1 1 0 3 0 0 3 0 
0 1 1 0 1 1 0 0 0 0 1 1 1 1 1 0 0 0 
1 0 0 0 1 0 0 0 0 0 1 0 1 0 0 0 2 3 
0 1 1 1 1 1 1 0 0 0 1 1 0 2 2 1 2 2 
0 1 1 1 1 1 1 1 0 0 1 1 0 2 0 2 1 3 
0 0 1 0 1 1 0 1 0 0 1 0 0 2 3 3 0 1 
1 0 0 1 1 1 1 1 0 1 0 0 1 2 0 0 3 2 
0 1 0 1 1 0 1 0 1 1 0 1 0 3 1 3 3 2 
0 0 1 0 0 1 1 0 0 0 0 1 1 1 0 0 2 1 
0 0 1 0 0 1 1 0 0 0 0 1 0 0 1 2 2 2 
1 0 0 1 1 0 1 1 0 1 0 1 1 3 0 0 0 1 
0 1 0 0 0 0 0 0 1 1 0 1 0 0 2 3 0 3 
1 0 0 0 0 1 0 0 0 1 1 1 1 0 0 0 1 0 
0 0 1 0 1 1 1 1 1 1 1 1 0 1 2 2 1 0 
0 0 0 0 0 1 1 1 0 1 1 1 0 1 3 1 2 0 
0 1 0 1 1 1 1 0 1 1 0 1 0 0 1 1 1 1 
0 1 1 0 0 1 1 0 1 1 0 1 0 1 0 3 1 0 
0 1 1 0 0 1 0 0 1 1 1 1 0 3 2 1 3 3 
0 1 0 0 1 0 1 0 1 0 0 0 0 3 2 2 3 1 
1 0 0 0 0 0 1 1 0 0 0 1 1 0 0 0 3 3 
0 1 0 1 1 1 0 1 0 0 0 0 0 3 0 3 2 2 
0 1 1 0 1 1 1 0 0 1 1 0 1 2 1 0 0 2 

# Size = 28 | Time = 151 ms
0 1 0 1 1 0 0 0 0 0 0 1 0 1 1 0 1 3 
0 1 0 0 1 0 1 1 1 0 1 0 0 0 1 1 2 0 
0 0 0 1 1 1 1 1 0 1 1 1 0 2 0 3 1 1 
0 1 0 0 0 1 0 1 1 1 1 0 0 1 3 2 0 1 
0 1 0 0 0 0 0 0 1 0 0 0 0 3 0 2 2 3 
0 0 0 0 0 1 1 1 0 0 1 0 0 2 2 2 3 0 
0 0 0 0 0 0 0 0 0 0 0 0 0 3 3 1 0 0 
0 1 1 0 1 1 0 0 1 1 1 0 0 3 0 3 0 2 
0 0 1 1 1 1 0 0 1 1 0 1 0 0 2 2 2 0 
0 1 1 0 1 0 0 0 1 1 0 1 0 2 3 1 2 3 
0 0 1 0 0 1 1 0 1 1 0 1 1 1 0 0 1 0 
0 0 0 1 1 1 1 0 0 0 0 1 0 2 1 3 3 2 
0 0 1 0 0 0 1 1 0 1 0 1 0 2 1 2 0 2 
1 0 0 1 1 1 0 1 1 1 1 0 1 2 0 0 0 3 
0 1 1 1 1 0 0 1 1 1 1 1 1 3 2 0 3 3 
0 1 0 1 1 0 1 1 0 0 0 0 1 0 3 0 1 2 
0 0 1 0 0 0 1 0 0 0 1 1 0 1 3 3 2 2 
0 0 0 1 1 1 0 1 1 1 0 1 0 1 2 1 3 2 
1 0 0 0 0 0 1 0 0 0 0 1 1 0 0 0 2 1 
1 0 0 1 1 1 1 0 0 0 1 0 0 3 0 0 3 2 
0 1 1 1 1 1 1 1 1 1 0 1 0 0 0 1 3 3 
0 0 1 0 0 0 0 0 1 0 0 1 0 3 2 1 1 1 
1 0 0 0 0 0 1 0 1 0 0 1 0 3 0 0 1 0 
0 0 1 1 1 0 0 0 0 0 0 0 0 0 2 3 0 0 
0 0 1 0 0 0 1 1 1 0 1 1 1 2 3 0 3 1 
0 0 1 0 0 0 0 0 0 1 1 1 1 3 1 0 2 1 
0 1 1 0 0 0 1 1 1 0 0 1 0 0 1 2 1 0 
0 0 1 0 0 1 1 0 1 1 0 0 0 1 1 3 2 3 

# Size = 27 | Time = 147 ms
0 0 0 0 1 0 1 0 1 1 1 1 0 3 0 1 3 0 
0 0 0 1 1 1 1 0 1 1 1 1 0 0 3 3 1 2 
0 1 0 0 0 0 0 1 1 0 1 0 0 1 2 2 1 3 
0 0 0 0 0 0 0 1 1 1 1 1 0 3 3 1 2 0 
0 1 1 0 1 0 1 0 0 0 1 1 1 2 1 0 3 2 
0 1 1 1 1 1 0 0 0 1 0 0 0 0 2 3 0 2 
0 1 1 1 1 1 0 0 0 0 1 1 0 1 3 2 2 1 
1 0 0 1 1 1 0 1 0 1 0 0 1 2 0 0 2 3 
1 0 0 0 0 1 1 0 1 0 0 1 0 2 0 0 0 0 
0 1 1 1 1 1 1 1 0 0 0 0 1 3 2 0 1 0 
0 1 1 0 0 1 1 0 0 1 0 1 0 0 1 1 2 3 
0 1 1 1 1 0 1 1 1 1 0 1 0 2 0 2 1 0 
0 0 0 1 1 0 0 1 1 0 0 0 0 1 1 1 0 1 
0 0 1 1 1 1 0 1 1 1 0 0 1 2 3 0 3 3 
1 0 0 0 0 0 1 1 0 0 1 1 0 3 0 0 1 2 
0 0 1 0 0 0 1 1 1 1 1 1 0 2 2 3 2 1 
0 0 0 1 1 1 0 1 0 1 1 0 0 3 1 2 0 3 
1 0 0 1 1 0 0 1 0 0 1 0 1 0 0 0 0 0 
0 1 1 0 0 0 1 1 1 1 0 1 1 1 0 0 3 1 
0 1 0 1 1 1 1 0 0 0 0 0 0 2 2 1 1 1 
1 0 0 0 1 1 1 0 1 1 1 1 0 0 0 0 3 1 
0 1 1 1 1 0 0 1 1 0 1 1 0 1 1 3 1 0 
0 1 0 1 1 0 0 0 0 1 0 1 0 1 2 3 3 2 
0 1 0 1 1 0 1 1 1 1 1 0 0 3 0 1 2 2 
0 0 0 0 1 0 1 1 0 1 1 0 0 0 0 2 3 2 
0 1 1 1 1 0 1 0 1 0 0 0 0 3 0 3 2 1 
0 1 0 1 1 0 0 1 1 0 0 1 0 1 3 3 0 3 

# Size = 28 | Time = 150 ms
0 1 1 0 0 0 0 0 0 1 1 1 0 3 1 1 2 0 
0 1 1 0 1 0 0 1 1 1 0 0 0 1 3 3 3 2 
0 1 1 0 1 0 1 0 1 0 0 0 0 0 2 0 0 0 
0 0 0 1 1 1 0 0 0 1 1 0 1 3 1 0 1 2 
0 1 1 0 0 1 0 1 0 1 1 0 1 1 3 0 2 0 
0 1 0 0 0 0 0 0 0 1 1 1 0 0 1 1 3 3 
0 0 0 0 0 0 0 0 0 1 0 1 0 1 1 3 1 0 
0 0 0 1 1 1 0 0 0 0 1 1 0 3 3 2 3 2 
0 0 0 0 0 1 1 0 0 1 1 1 1 2 0 0 3 1 
0 1 1 1 1 0 0 1 1 1 0 1 0 2 3 2 1 1 
1 0 0 1 1 1 1 0 0 1 0 1 1 0 0 0 3 2 
1 0 0 0 0 0 1 1 1 0 1 0 0 2 0 0 1 0 
0 0 0 1 1 1 1 1 1 1 0 0 0 0 2 1 3 1 
0 0 0 0 0 1 1 1 0 0 0 1 0 1 2 2 2 3 
0 0 0 0 0 1 1 0 0 1 1 1 0 0 3 3 0 2 
0 1 1 1 1 0 0 1 1 0 1 0 0 2 0 1 2 3 
0 0 1 1 1 0 0 0 1 0 0 1 0 0 3 1 1 2 
0 0 0 1 1 0 1 1 1 0 1 0 0 2 1 2 0 2 
0 0 1 1 1 0 0 0 1 0 0 0 0 1 0 1 0 1 
0 1 0 1 1 0 0 0 1 0 1 1 0 2 2 3 2 2 
1 0 0 1 1 0 1 1 1 0 0 1 1 3 0 0 2 1 
0 1 1 0 1 1 1 0 0 1 1 1 0 3 1 3 0 1 
0 0 0 0 1 0 0 1 1 1 1 0 0 3 2 3 1 3 
0 0 1 1 1 0 0 1 1 1 0 1 0 0 0 2 3 0 
0 1 1 0 1 0 0 0 0 0 0 1 0 0 0 3 2 2 
0 1 0 1 1 0 1 1 0 0 0 1 1 2 3 0 3 3 
1 0 0 1 1 1 0 0 1 1 1 1 1 3 0 0 0 3 
0 1 0 1 1 0 1 1 1 1 0 1 1 2 2 0 0 1 

# Size = 27 | Time = 142 ms
0 1 0 1 1 0 1 1 1 1 0 0 0 2 0 0 2 0 
0 0 1 0 1 0 1 0 1 0 1 0 0 1 2 1 1 2 
0 0 1 1 1 1 0 1 1 0 0 1 0 3 1 3 2 0 
0 1 1 0 0 1 0 0 0 0 1 1 1 1 3 0 2 0 
0 1 0 0 0 1 0 0 1 0 0 0 0 0 1 0 3 3 
0 0 0 1 1 0 0 0 0 1 0 1 0 1 1 2 2 1 
0 0 0 0 0 0 1 1 1 1 0 0 0 0 1 0 2 2 
0 1 1 0 1 1 1 1 0 0 1 1 0 0 0 3 1 3 
0 1 1 0 0 0 1 1 1 1 1 1 0 3 3 2 3 1 
0 1 1 1 1 1 1 1 1 1 1 0 1 2 2 0 1 2 
0 1 1 1 1 1 1 1 1 0 0 1 0 1 3 1 0 3 
0 0 0 0 0 1 1 0 0 0 0 0 1 3 1 0 1 1 
0 0 0 0 0 0 0 0 0 0 0 1 0 0 2 2 0 2 
0 0 0 1 1 0 0 0 0 1 1 1 0 2 1 1 3 0 
0 0 0 0 0 1 0 0 0 1 1 0 0 3 0 1 0 1 
0 0 0 0 1 0 1 1 0 1 0 0 0 3 2 1 2 3 
1 0 0 1 1 0 0 0 0 0 0 1 1 0 0 0 1 0 
0 0 0 0 1 1 1 1 0 0 1 0 0 0 3 2 1 0 
0 0 0 0 1 1 1 0 1 1 1 0 1 1 0 0 3 2 
0 0 0 0 0 0 1 0 1 1 0 0 0 1 2 3 3 1 
1 0 0 0 0 1 1 1 1 0 1 0 1 2 0 0 3 3 
0 0 1 0 0 0 0 0 1 0 0 1 0 2 0 2 3 3 
1 0 0 0 1 1 0 1 1 1 0 0 0 3 0 0 2 2 
0 1 1 0 0 1 1 1 1 1 1 1 0 2 3 3 0 2 
0 0 0 0 1 1 0 0 0 1 1 0 0 0 1 1 0 1 
0 1 1 1 1 0 1 1 1 0 1 1 1 2 2 0 0 0 
1 0 0 0 0 0 0 1 0 1 1 1 1 2 0 0 0 1 

# Size = 28 | Time = 147 ms
0 0 1 1 1 1 1 1 0 0 0 1 0 0 0 1 3 2 
0 0 1 1 1 0 0 0 0 1 0 0 0 1 1 3 2 1 
0 0 0 0 0 1 0 1 0 0 1 1 0 3 3 0 3 0 
0 1 1 0 0 1 0 0 0 0 0 0 0 2 2 3 3 2 
0 0 1 1 1 0 0 1 0 1 1 0 0 3 1 1 0 3 
0 0 1 0 0 1 0 1 0 0 1 0 0 0 2 0 2 3 
0 0 0 0 0 0 1 0 0 1 1 0 0 2 1 0 1 1 
0 1 1 0 1 0 1 1 0 1 1 1 1 3 1 0 0 2 
0 0 1 0 0 1 1 0 0 1 1 1 0 2 3 1 3 3 
0 1 0 1 1 0 0 0 1 1 0 0 1 1 2 0 1 0 
0 0 0 1 1 1 1 1 1 0 0 1 0 2 1 2 1 3 
0 1 0 0 1 0 1 0 1 0 0 1 0 3 0 3 2 2 
0 1 0 0 0 1 0 0 1 0 1 0 0 2 0 2 0 0 
1 0 0 1 1 1 1 0 1 1 0 0 0 0 0 0 1 2 
0 1 0 1 1 1 0 1 1 0 0 0 0 0 3 1 1 1 
0 1 1 0 1 0 0 1 1 1 0 1 0 0 3 2 3 1 
1 0 0 0 0 0 0 1 0 0 1 1 1 2 0 0 2 3 
0 1 1 0 0 1 1 1 0 0 0 1 0 1 2 3 0 3 
0 0 1 0 0 0 1 1 0 0 1 1 0 1 3 1 2 0 
0 0 0 0 1 0 1 0 0 0 1 1 0 1 3 2 2 2 
1 0 0 1 1 1 1 0 0 0 1 1 1 0 0 0 0 1 
0 1 1 1 1 0 0 0 0 0 0 1 0 3 2 1 1 1 
0 0 0 1 1 0 0 0 0 1 1 0 1 3 3 0 0 2 
0 0 0 1 1 1 0 0 0 0 1 0 0 1 0 3 3 0 
1 0 0 1 1 1 1 1 1 1 1 1 1 3 0 0 3 0 
0 0 0 1 1 1 1 0 0 0 1 1 0 3 2 2 0 3 
0 1 1 1 1 0 0 0 1 1 1 1 0 0 3 3 1 0 
0 1 1 0 1 1 0 0 0 1 0 0 1 0 1 0 3 0 

# Size = 30 | Time = 150 ms
0 0 0 0 0 1 0 0 1 0 1 0 0 3 1 1 2 3 
0 0 0 0 0 0 0 1 1 0 0 0 0 0 3 2 3 1 
0 1 1 1 1 0 1 1 0 1 0 1 0 3 0 1 2 3 
0 1 0 0 0 1 1 0 0 0 0 1 1 0 1 0 1 0 
0 1 0 0 0 1 1 1 0 0 1 0 0 3 3 0 2 2 
0 1 1 1 1 1 1 0 1 0 0 0 0 3 1 3 0 1 
0 1 1 0 0 0 0 0 1 0 0 1 1 1 2 0 2 1 
0 0 1 0 0 0 0 0 0 0 1 0 0 0 0 1 0 1 
0 1 0 0 0 1 1 0 0 0 0 0 0 2 1 0 3 3 
0 0 0 1 1 0 0 1 1 1 1 0 0 0 2 1 2 3 
0 1 1 0 0 1 0 1 1 1 0 1 0 3 3 1 1 0 
0 0 0 0 0 0 0 0 1 0 1 1 0 1 3 2 1 1 
0 0 1 1 1 1 1 1 1 1 1 1 0 2 2 2 3 2 
0 0 0 1 1 1 1 1 0 1 1 0 1 1 0 0 1 0 
0 0 0 0 1 0 0 1 0 1 0 0 0 1 1 1 3 1 
0 0 1 0 1 0 0 0 0 1 0 1 0 1 2 1 1 2 
0 0 0 1 1 0 0 1 1 1 0 1 1 2 3 0 0 0 
1 0 0 1 1 0 1 1 1 0 1 1 1 2 0 0 3 3 
0 0 0 0 0 0 0 1 0 1 1 1 0 1 3 3 0 3 
1 0 0 0 0 1 0 0 0 1 0 0 0 2 0 0 1 0 
0 1 0 1 1 0 0 1 0 1 1 0 0 3 0 2 2 0 
0 1 1 1 1 0 0 1 0 0 1 0 0 3 1 2 1 3 
0 1 1 1 1 1 1 1 0 0 0 1 0 2 2 1 2 1 
0 1 0 1 1 1 0 1 0 1 1 0 0 0 2 3 3 0 
1 0 0 0 0 0 1 0 1 0 1 0 1 0 0 0 2 1 
0 1 0 0 0 0 0 1 0 0 1 1 0 2 1 3 2 2 
1 0 0 0 1 1 0 1 0 1 1 0 1 0 0 0 0 2 
0 1 1 1 1 1 1 0 1 0 1 0 0 3 2 2 0 1 
1 0 0 0 1 1 1 1 1 0 0 0 1 3 0 0 3 3 
0 1 1 0 0 0 0 0 1 0 1 0 0 0 0 3 1 1 

# Size = 28 | Time = 153 ms
1 0 0 0 0 0 0 1 1 1 1 0 0 0 0 0 0 0 
0 0 1 0 1 1 1 0 1 1 0 0 0 1 2 2 2 1 
0 1 0 0 0 0 0 0 1 1 0 0 0 1 1 0 3 2 
0 1 1 0 0 0 1 0 0 0 0 1 0 1 0 1 2 3 
0 0 0 0 0 0 0 0 0 0 0 0 0 0 0 2 1 2 
0 0 0 0 0 1 0 1 1 0 0 0 1 2 3 0 2 0 
0 0 1 0 1 0 1 0 0 0 1 1 0 3 2 0 0 2 
0 1 1 0 1 1 0 1 0 1 0 0 0 2 1 2 3 1 
0 1 0 0 0 0 0 1 1 1 0 1 0 1 2 3 3 0 
0 0 0 1 1 0 0 0 1 1 1 1 0 2 1 1 1 1 
0 0 0 1 1 1 0 1 1 1 1 1 1 1 0 0 3 3 
0 1 1 1 1 1 1 0 0 1 1 0 0 3 3 3 1 1 
1 0 0 1 1 1 1 0 0 0 0 1 1 2 0 0 0 2 
0 1 1 1 1 1 1 1 0 1 1 0 0 0 2 1 0 2 
0 0 1 0 0 1 1 1 0 0 0 0 0 2 0 3 0 1 
0 1 1 1 1 0 1 1 0 1 1 1 1 0 2 0 1 0 
0 0 1 1 1 0 1 0 0 0 0 1 0 2 2 1 3 0 
0 1 0 1 1 0 0 1 1 1 0 0 0 3 3 2 0 3 
0 0 0 0 1 0 0 0 0 1 1 1 0 2 2 3 1 3 
0 0 1 1 1 1 1 0 0 0 1 0 0 0 1 3 2 2 
1 0 0 0 0 0 1 0 0 0 0 1 1 3 0 0 2 1 
0 0 0 1 1 0 1 1 0 0 0 0 1 3 1 0 3 0 
1 0 0 1 1 0 1 1 0 0 1 1 0 0 0 0 3 3 
0 0 0 0 1 0 1 0 1 1 0 1 0 3 3 1 3 2 
1 0 0 0 1 1 1 1 1 0 1 0 1 0 0 0 1 2 
0 0 0 0 1 0 1 1 1 0 1 1 0 1 3 2 1 0 
0 1 1 1 1 0 1 0 1 0 1 0 0 1 1 3 0 3 
0 0 1 0 0 0 0 1 1 1 1 0 0 0 3 0 0 1 

# Size = 27 | Time = 148 ms
0 0 1 0 1 1 1 1 1 1 0 0 1 0 1 0 1 2 
0 1 1 0 0 0 1 0 1 1 1 1 0 1 0 2 2 3 
0 1 0 0 1 0 1 1 1 0 1 0 0 0 2 1 0 0 
0 0 1 0 1 0 1 0 0 1 0 1 0 3 1 2 1 1 
0 0 0 1 1 0 0 0 0 0 0 1 0 1 3 0 2 1 
0 0 0 1 1 0 1 0 0 0 0 0 1 3 0 0 0 3 
0 0 0 0 0 0 0 0 1 1 1 0 0 0 0 2 3 1 
0 0 1 0 1 0 1 1 0 0 0 1 0 3 2 3 2 3 
0 1 1 0 0 1 0 1 1 1 1 0 0 3 3 3 0 0 
1 0 0 1 1 0 1 0 1 1 1 1 0 2 0 0 0 1 
0 1 1 1 1 1 0 1 0 1 0 1 0 1 2 2 2 0 
0 1 1 1 1 1 1 0 0 0 1 1 1 2 2 0 3 1 
1 0 0 0 0 1 0 0 0 0 1 1 1 0 0 0 1 3 
0 1 0 1 1 1 0 0 0 1 0 1 0 3 1 1 1 3 
0 0 1 0 0 1 1 1 1 1 0 0 0 2 3 1 3 3 
1 0 0 1 1 0 0 1 0 0 0 0 0 3 0 0 3 2 
0 1 0 0 0 0 1 0 0 0 1 0 0 1 2 3 1 2 
0 1 0 1 1 0 1 0 0 1 1 0 0 0 0 1 2 2 
0 0 0 0 1 1 0 1 1 1 0 1 0 2 3 1 1 1 
0 1 0 0 1 0 1 1 1 0 0 1 0 2 3 2 0 2 
1 0 0 1 1 0 1 0 0 1 1 0 0 2 0 0 1 0 
0 0 0 0 0 0 0 1 1 0 1 0 1 1 1 0 3 0 
0 1 0 1 1 0 0 1 1 1 1 0 0 2 1 3 2 1 
0 1 0 0 0 1 0 1 1 1 1 0 1 0 3 0 2 2 
1 0 0 1 1 0 1 0 0 1 1 0 0 3 0 0 2 1 
0 0 0 1 1 1 1 0 0 1 1 1 0 1 1 1 0 2 
0 1 0 0 0 1 0 1 1 0 0 1 0 0 0 3 3 0 

# Size = 30 | Time = 145 ms
0 0 1 0 1 0 0 1 0 1 0 0 0 1 2 0 1 1 
0 1 0 0 1 0 1 1 1 1 1 0 0 3 3 2 2 3 
0 1 1 0 1 1 0 1 0 0 1 0 0 0 0 3 3 2 
0 0 0 0 0 0 1 1 0 1 1 0 0 1 1 3 3 1 
0 0 0 0 1 0 0 0 0 0 1 0 0 3 0 0 1 2 
0 1 0 1 1 1 1 0 0 1 1 1 0 0 0 1 1 0 
0 0 1 1 1 1 1 1 0 1 1 1 0 2 0 2 2 2 
0 0 1 0 0 1 0 0 1 1 0 1 1 3 3 0 3 3 
0 0 0 1 1 0 1 1 0 0 0 1 1 1 3 0 0 2 
0 1 1 1 1 1 0 0 1 0 0 1 0 1 3 3 3 0 
0 1 0 1 1 1 1 0 1 1 1 1 0 3 2 1 0 1 
0 1 1 1 1 1 0 0 1 0 0 1 0 3 1 1 0 2 
0 0 0 0 0 0 0 0 1 0 0 0 0 2 1 2 0 0 
0 0 0 0 1 0 1 1 1 0 0 0 0 0 3 2 0 1 
0 0 0 1 1 1 1 1 0 0 1 0 1 2 1 0 3 3 
0 0 1 0 0 0 0 0 1 0 0 0 0 1 1 2 2 3 
0 1 0 0 0 1 0 1 1 0 1 0 1 2 2 0 1 0 
0 0 0 0 0 0 1 1 1 0 1 0 0 0 3 1 1 3 
1 0 0 1 1 1 1 0 1 1 1 1 0 3 0 0 0 3 
0 1 1 0 0 1 0 1 0 0 0 1 0 1 0 3 0 3 
0 1 1 1 1 1 1 0 1 1 1 1 0 0 2 2 3 3 
0 1 0 0 1 0 1 0 0 0 0 0 0 3 2 3 2 0 
0 1 1 1 1 1 1 0 0 1 1 1 1 0 2 0 2 2 
0 0 1 1 1 0 1 1 1 0 0 1 0 2 1 3 1 1 
1 0 0 0 0 0 0 1 0 0 0 0 1 0 0 0 3 2 
0 0 0 1 1 1 0 0 0 1 1 1 0 1 0 1 3 1 
1 0 0 1 1 1 0 0 0 0 1 1 1 2 0 0 1 0 
0 0 1 1 1 0 1 1 0 0 1 0 0 0 1 2 1 0 
0 1 0 1 1 1 0 0 0 0 0 1 0 2 3 1 2 0 
1 0 0 1 1 0 1 1 1 1 0 0 1 0 0 0 2 1 

# Size = 30 | Time = 155 ms
0 1 0 0 0 1 1 0 0 0 1 0 0 0 2 1 0 0 
0 0 1 1 1 0 1 0 0 1 0 1 0 2 2 1 1 0 
0 0 1 0 0 1 0 0 0 0 1 0 0 1 3 1 3 2 
0 0 0 0 0 0 0 1 0 0 1 0 0 1 2 0 0 0 
0 0 0 0 0 1 0 0 0 1 1 1 0 0 0 2 3 1 
0 0 0 1 1 0 0 0 1 0 0 0 0 3 0 3 0 0 
0 0 1 1 1 0 0 0 0 0 0 1 0 1 1 1 0 1 
0 1 1 0 0 1 1 1 1 1 0 1 1 3 1 0 0 2 
0 1 1 0 1 1 0 1 1 1 1 1 0 0 3 3 1 2 
0 1 0 1 1 0 1 1 0 1 0 0 0 1 3 2 0 3 
0 0 0 0 0 0 0 1 1 0 0 1 0 0 0 2 2 3 
0 1 0 0 1 1 1 1 1 0 1 0 0 2 1 1 3 3 
0 1 1 1 1 0 0 0 1 1 1 0 1 2 2 0 2 3 
1 0 0 1 1 1 0 0 0 0 1 1 1 0 0 0 1 1 
0 0 1 0 0 0 1 1 0 1 1 0 0 3 1 2 1 0 
0 1 0 1 1 0 1 1 0 1 1 1 0 3 2 2 2 2 
1 0 0 0 0 0 1 1 1 1 0 0 0 2 0 0 0 1 
0 0 0 0 0 1 1 1 0 1 1 0 0 1 1 3 1 3 
0 1 0 1 1 1 0 1 0 1 0 0 0 3 3 1 2 1 
0 1 0 1 1 0 1 1 0 0 0 0 0 2 2 3 3 1 
1 0 0 1 1 0 0 0 0 1 0 0 1 3 0 0 3 2 
0 1 1 0 0 1 1 1 1 0 1 1 1 0 1 0 2 0 
0 1 1 0 0 1 0 0 0 1 0 1 1 3 3 0 0 3 
0 1 1 1 1 1 0 1 0 1 1 0 0 2 3 2 3 0 
1 0 0 1 1 1 0 0 0 0 1 0 1 2 0 0 2 2 
1 0 0 1 1 1 1 1 0 1 0 0 0 0 0 0 0 0 
0 1 1 0 0 1 0 1 1 0 0 0 0 1 0 3 2 3 
1 0 0 1 1 1 0 1 0 1 1 1 1 3 0 0 1 3 
0 0 0 1 1 0 0 1 0 1 0 0 1 1 0 0 1 0 
0 0 1 0 1 1 0 0 0 1 1 1 0 3 0 1 0 2 

# Size = 28 | Time = 145 ms
0 0 0 0 0 1 0 1 0 0 1 1 0 2 2 3 1 0 
0 0 0 1 1 0 1 1 1 0 1 0 0 1 3 1 2 3 
0 0 0 0 0 1 1 1 1 1 1 0 0 2 0 0 0 2 
0 1 0 0 0 0 0 1 1 1 1 0 0 2 3 2 1 3 
0 0 1 0 1 0 0 1 0 0 1 0 0 2 3 0 3 0 
0 0 0 0 0 1 0 0 0 0 0 0 0 3 0 1 1 1 
0 0 1 0 1 0 0 0 0 0 0 1 0 1 2 0 1 1 
0 1 0 0 0 0 0 1 1 0 1 0 0 0 1 3 0 3 
0 0 0 0 1 0 1 1 0 1 1 0 0 0 2 1 1 2 
0 1 1 1 1 1 0 1 0 1 0 0 1 3 2 0 0 2 
0 1 1 1 1 1 1 1 1 0 0 1 0 0 0 2 3 1 
1 0 0 1 1 1 1 0 1 0 0 1 1 3 0 0 1 3 
0 0 1 1 1 1 1 0 0 1 1 1 1 3 1 0 3 1 
1 0 0 0 0 0 1 0 1 1 0 1 1 0 0 0 2 0 
0 1 1 0 0 1 0 0 0 0 0 1 0 0 3 1 0 2 
0 0 1 1 1 0 1 0 1 0 0 1 1 2 1 0 1 1 
0 1 1 0 0 1 0 1 0 1 1 1 0 2 1 1 2 0 
0 0 0 0 1 0 1 0 1 1 1 0 1 3 3 0 2 1 
0 0 0 1 1 0 1 0 1 0 0 0 0 3 3 3 3 2 
0 1 1 0 0 1 0 0 0 1 0 0 0 1 0 3 0 0 
0 0 1 0 1 1 0 1 1 1 0 1 1 1 2 0 2 2 
0 0 0 1 1 1 1 0 0 0 1 0 0 1 1 2 0 2 
1 0 0 0 0 0 0 1 0 1 1 0 0 2 0 0 3 2 
0 1 1 0 0 0 1 1 0 0 1 1 0 1 2 2 3 3 
0 1 1 1 1 1 0 0 1 1 0 1 0 3 0 1 3 0 
1 0 0 1 1 0 1 1 0 1 1 1 1 3 0 0 0 1 
0 0 0 1 1 0 0 1 1 1 1 0 0 2 0 3 2 1 
0 1 0 1 1 0 1 1 0 1 0 0 0 3 3 2 2 0 

# Size = 27 | Time = 157 ms
0 0 0 0 0 0 0 0 0 1 0 1 0 2 1 2 1 3 
0 0 1 0 0 0 0 1 0 0 0 0 0 1 3 3 3 0 
0 1 1 0 0 1 1 0 1 1 0 1 0 0 2 0 2 2 
0 1 0 1 1 0 0 0 1 1 1 0 0 1 1 3 0 2 
0 0 0 1 1 1 0 1 1 1 0 1 1 1 0 0 2 1 
0 0 0 0 0 1 1 1 1 0 1 1 0 3 0 2 1 2 
0 1 0 1 1 0 0 1 0 0 0 0 1 3 1 0 2 0 
0 0 1 1 1 0 1 1 1 0 1 0 0 3 1 2 3 1 
0 1 1 0 1 1 1 0 0 0 0 1 0 0 3 1 3 3 
0 0 1 0 0 1 0 1 0 0 0 1 0 3 2 3 0 1 
0 1 1 1 1 0 0 0 0 1 1 0 0 0 0 1 3 1 
0 1 1 1 1 1 1 1 1 1 1 0 0 1 1 1 1 3 
1 0 0 0 1 1 1 0 1 1 1 1 1 3 0 0 3 0 
0 1 0 1 1 1 1 0 0 1 0 1 0 3 3 2 0 2 
0 1 1 0 1 1 1 1 1 0 1 0 1 2 3 0 3 1 
0 0 0 1 1 0 0 0 1 0 1 0 0 3 2 1 3 0 
0 0 0 1 1 1 0 1 0 1 0 1 0 0 1 2 0 0 
0 0 0 1 1 1 1 1 1 1 1 0 0 2 0 3 2 3 
0 1 1 0 0 1 0 1 0 0 0 0 0 2 2 1 0 2 
0 0 1 0 0 1 1 1 1 1 1 0 1 0 3 0 1 0 
1 0 0 1 1 0 0 1 0 0 0 0 0 2 0 0 1 1 
0 1 0 0 1 1 1 0 0 0 1 1 0 0 2 3 1 3 
1 0 0 0 0 1 0 1 0 1 1 1 1 0 0 0 2 2 
0 1 1 0 0 1 1 0 1 1 0 0 0 2 3 1 2 0 
1 0 0 1 1 1 0 1 1 0 1 1 1 3 0 0 0 3 
0 1 1 0 0 1 1 1 0 0 0 0 0 1 2 2 2 2 
0 0 1 0 0 0 1 0 1 0 0 0 1 1 2 0 3 2 

# Size = 27 | Time = 142 ms
0 1 1 0 1 1 1 1 1 0 0 0 0 3 0 0 1 1 
0 1 1 0 1 1 0 1 1 1 0 0 0 2 2 1 3 0 
0 0 0 0 1 1 0 1 1 1 1 0 0 1 3 1 0 1 
0 0 1 0 0 0 0 0 1 1 1 0 1 2 1 0 0 2 
0 0 1 1 1 1 1 0 1 0 0 0 1 0 1 0 3 3 
0 0 0 0 0 0 0 0 1 0 1 0 1 2 3 0 1 2 
0 0 1 0 0 0 0 1 0 0 1 1 0 0 1 1 2 1 
0 1 0 0 1 0 1 1 0 0 0 1 0 1 2 2 3 2 
0 1 0 0 1 1 1 1 1 0 0 0 0 2 3 3 2 3 
0 1 0 1 1 1 0 0 0 1 1 1 1 1 0 0 2 2 
0 1 1 0 0 0 1 0 1 0 1 1 0 1 1 2 1 0 
0 0 1 1 1 0 0 1 0 0 1 1 0 2 0 2 3 1 
0 0 1 1 1 0 0 0 0 1 1 1 0 3 2 3 1 2 
1 0 0 1 1 0 0 0 1 0 1 0 0 0 0 0 1 2 
0 1 1 1 1 1 1 0 0 0 0 0 0 0 2 1 0 2 
0 1 0 0 0 0 0 0 0 1 1 1 0 3 2 2 0 3 
0 0 1 1 1 1 0 0 0 1 1 1 0 0 3 2 2 0 
1 0 0 0 0 1 1 0 0 1 0 1 1 2 0 0 0 1 
0 1 1 0 0 0 1 1 0 1 1 1 0 1 2 3 3 1 
0 0 1 0 0 1 0 0 0 0 0 1 0 1 0 1 1 3 
1 0 0 0 0 1 0 1 1 0 0 1 1 3 0 0 3 3 
0 1 0 1 1 0 0 0 0 0 0 1 0 0 1 3 0 0 
0 1 1 1 1 1 0 0 1 1 1 1 0 3 0 3 0 0 
0 1 1 1 1 0 1 1 0 1 0 0 0 3 3 2 3 0 
0 1 0 1 1 0 0 1 0 1 0 1 0 3 1 1 2 1 
1 0 0 1 1 1 1 0 0 0 1 1 1 3 0 0 2 0 
0 0 1 1 1 0 1 1 0 0 0 1 1 2 2 0 2 3 

# Size = 27 | Time = 156 ms
0 0 0 0 0 1 0 1 1 0 0 0 0 2 0 3 2 1 
0 0 0 0 0 1 0 0 0 0 1 1 0 0 3 0 2 0 
0 1 0 1 1 0 1 1 1 0 1 1 0 2 1 3 1 3 
0 0 1 0 0 1 0 1 0 1 0 1 0 2 2 1 3 0 
0 0 1 0 1 0 0 0 1 0 0 0 0 3 0 0 0 3 
0 1 0 1 1 1 1 0 0 1 1 0 1 1 2 0 1 0 
0 1 0 1 1 1 1 1 1 1 1 0 0 0 2 1 0 2 
0 1 0 0 1 0 1 1 1 1 1 0 0 3 3 2 3 3 
0 1 1 1 1 0 1 1 0 1 1 1 0 1 0 2 2 3 
0 0 1 1 1 0 0 0 0 1 0 0 0 3 3 1 1 3 
0 0 1 1 1 1 1 0 0 1 1 1 0 2 1 2 0 1 
0 1 1 0 0 0 0 0 0 0 0 1 0 3 2 3 2 2 
1 0 0 0 0 0 0 0 1 1 0 0 1 0 0 0 1 1 
0 0 1 1 1 1 1 1 1 0 1 1 1 0 3 0 3 2 
0 1 1 0 0 0 0 0 0 0 0 0 0 0 1 2 1 2 
0 0 1 0 0 1 0 0 0 1 0 0 0 0 1 3 3 3 
0 0 1 0 0 1 0 1 1 0 0 0 0 1 2 1 3 1 
0 0 1 0 0 0 1 1 1 0 0 0 1 1 1 0 0 2 
0 1 0 0 0 1 1 0 0 0 1 1 0 3 1 1 2 0 
0 0 0 0 1 1 0 0 0 1 1 0 1 3 2 0 2 3 
0 1 0 1 1 0 0 1 0 0 0 1 0 3 2 2 0 0 
1 0 0 1 1 0 1 1 1 0 1 1 0 3 0 0 3 0 
0 1 1 0 0 0 1 0 0 0 0 1 0 1 3 3 0 0 
1 0 0 1 1 1 0 1 0 0 0 0 1 2 0 0 0 2 
0 1 1 0 1 0 1 1 1 1 1 0 0 3 0 1 1 1 
0 1 0 0 1 0 1 1 1 0 0 1 0 2 3 1 2 1 
1 0 0 1 1 0 0 0 0 0 1 0 0 0 0 0 2 3 

# Size = 29 | Time = 144 ms
0 1 0 1 1 1 1 1 1 0 1 1 1 2 3 0 2 3 
0 0 0 0 0 0 0 0 0 1 0 0 0 2 0 0 2 0 
0 0 1 0 1 0 0 1 0 0 0 1 0 3 3 2 0 3 
0 1 1 0 1 0 0 0 0 0 0 1 0 2 2 3 1 0 
0 0 1 0 0 0 0 0 0 0 0 0 0 1 2 0 2 2 
0 0 0 0 0 1 1 1 0 0 1 0 0 3 0 3 2 1 
0 0 0 1 1 1 0 0 1 0 1 0 1 0 2 0 1 1 
0 1 0 0 0 1 0 0 1 0 1 0 0 3 3 2 1 0 
0 1 1 1 1 1 1 1 0 1 1 0 0 0 1 3 3 2 
1 0 0 0 0 0 1 1 0 1 0 1 1 0 0 0 1 0 
0 1 0 0 1 0 0 0 1 0 1 0 0 0 1 1 0 3 
0 1 1 1 1 1 1 1 1 1 1 1 0 1 2 2 0 1 
0 1 0 0 0 1 0 0 1 1 1 0 0 1 3 3 0 3 
0 0 0 0 0 1 1 0 0 1 0 1 0 3 1 1 1 2 
0 1 1 0 1 1 1 1 0 1 1 1 1 0 3 0 0 1 
0 1 0 1 1 0 0 0 1 0 0 1 0 1 0 2 3 3 
0 1 1 0 1 0 1 1 0 0 1 1 1 1 1 0 1 3 
1 0 0 0 0 0 0 0 1 0 0 0 1 3 0 0 3 1 
0 1 1 0 0 0 0 1 0 1 0 0 0 2 1 2 2 1 
1 0 0 1 1 1 0 0 0 0 1 1 0 3 0 0 3 0 
0 1 0 0 1 1 1 0 1 1 1 1 0 0 3 2 2 2 
0 0 1 1 1 1 0 1 1 0 1 1 0 2 3 1 3 1 
0 1 1 0 0 1 1 1 0 0 1 0 0 1 1 1 2 0 
0 0 0 0 1 1 0 0 1 1 0 1 0 2 2 1 0 2 
1 0 0 1 1 1 1 0 1 0 0 0 1 2 0 0 2 2 
1 0 0 0 1 1 0 1 1 1 1 0 0 2 0 0 0 0 
0 1 1 1 1 0 1 1 0 0 1 1 0 2 0 1 0 0 
0 1 0 1 1 0 0 1 1 1 1 0 1 3 2 0 3 3 
1 0 0 0 1 1 0 0 1 1 0 1 1 0 0 0 1 3 

# Size = 28 | Time = 148 ms
0 0 1 0 1 0 1 1 0 1 0 0 0 1 1 0 2 0 
0 0 0 0 0 1 0 1 1 0 0 0 0 2 3 2 1 0 
0 1 0 1 1 0 1 1 0 0 0 1 0 1 3 1 0 1 
0 0 1 0 0 1 0 0 1 0 1 0 0 0 0 2 2 1 
1 0 0 1 1 0 0 1 0 1 1 0 0 2 0 0 3 0 
0 1 1 0 1 1 1 0 0 0 1 1 0 3 3 0 3 1 
0 1 0 1 1 1 0 1 1 0 0 1 0 2 0 0 3 2 
0 0 1 0 0 1 1 0 0 1 1 1 0 0 2 1 0 3 
0 0 1 0 1 0 1 1 1 1 0 0 1 0 3 0 3 3 
0 0 0 1 1 0 0 0 1 1 0 1 0 3 0 2 1 3 
0 0 1 1 1 1 1 0 0 1 1 1 0 1 0 3 0 2 
0 1 0 0 0 0 0 0 0 0 0 1 1 1 2 0 2 0 
0 1 1 1 1 1 0 0 1 1 1 1 0 2 1 1 3 1 
0 1 0 1 1 0 0 1 1 0 1 0 1 0 1 0 0 3 
0 0 0 0 0 0 0 1 0 0 0 0 0 3 1 3 2 2 
0 1 1 0 0 0 1 1 1 1 1 1 0 1 3 3 3 3 
0 1 1 1 1 1 0 1 1 0 0 0 0 3 2 3 0 0 
1 0 0 0 0 1 1 0 0 0 1 1 1 0 0 0 1 2 
0 1 1 1 1 1 0 1 1 1 0 0 0 0 3 3 1 2 
1 0 0 1 1 0 1 1 1 1 0 1 1 2 0 0 2 3 
0 1 0 1 1 1 1 0 1 1 1 0 0 3 0 1 1 2 
0 1 0 0 1 0 1 0 0 1 0 0 0 1 1 2 1 1 
1 0 0 0 0 1 0 1 0 1 0 1 1 3 0 0 0 1 
0 0 0 0 0 0 0 0 0 0 0 0 0 2 2 2 1 2 
0 1 0 1 1 0 1 1 1 1 1 0 0 0 2 2 3 0 
0 0 0 1 1 0 1 0 1 0 1 0 0 0 3 1 2 0 
0 1 1 1 1 1 1 1 1 0 1 1 0 2 2 2 0 1 
0 0 0 0 0 0 0 1 1 1 1 1 0 2 2 3 1 1 

# Size = 27 | Time = 145 ms
0 0 0 0 1 0 1 1 0 0 0 1 0 0 2 2 3 1 
0 1 0 1 1 1 0 0 0 0 1 0 1 0 3 0 1 2 
0 1 1 0 1 1 1 1 1 1 0 1 0 2 0 1 2 2 
0 1 1 0 1 1 1 0 0 1 0 1 0 1 2 0 0 3 
0 0 0 0 0 1 1 0 1 0 0 0 0 2 3 2 0 0 
0 1 1 0 1 0 0 1 1 0 0 0 0 1 3 1 3 3 
0 0 1 0 0 0 0 0 0 1 0 0 0 2 1 1 3 1 
0 1 0 0 1 1 0 0 0 0 0 1 1 0 2 0 0 1 
0 0 0 1 1 1 0 1 1 1 1 0 0 2 1 3 1 3 
0 1 0 0 0 0 0 0 1 1 1 0 0 0 2 2 3 2 
0 0 0 1 1 0 1 1 0 0 1 1 0 3 2 1 0 2 
1 0 0 0 0 0 0 1 0 1 1 0 1 2 0 0 0 0 
0 0 1 0 0 0 0 0 1 0 1 0 1 3 3 0 2 3 
0 1 1 1 1 1 1 1 0 0 0 1 1 3 1 0 3 0 
0 1 1 1 1 0 1 1 0 1 1 0 0 3 1 2 0 1 
0 1 0 1 1 0 1 0 1 0 0 1 0 3 2 3 3 1 
0 0 1 1 1 0 0 0 0 0 0 1 0 0 0 3 0 3 
0 0 0 1 1 0 1 1 0 1 1 1 1 1 1 0 2 2 
0 1 1 0 0 0 1 0 0 1 0 1 0 2 2 3 1 2 
0 0 1 0 0 0 1 0 0 1 0 1 0 1 0 2 2 1 
0 0 0 0 0 1 0 0 0 1 0 1 0 0 0 1 1 0 
1 0 0 1 1 1 1 0 1 0 0 1 0 3 0 0 3 3 
0 1 1 0 1 0 1 1 1 1 0 1 0 0 1 2 1 3 
0 0 0 0 0 1 0 1 1 1 0 0 0 1 2 3 2 0 
1 0 0 1 1 1 0 1 1 0 0 1 0 0 0 0 2 2 
1 0 0 1 1 1 1 0 0 0 1 1 1 3 0 0 1 1 
0 0 0 1 1 0 1 0 1 1 0 1 0 1 3 3 1 1 

# Size = 30 | Time = 158 ms
0 1 1 0 1 0 0 1 1 0 1 0 0 0 3 2 3 2 
0 0 1 0 0 0 1 0 0 0 0 0 1 2 1 0 1 0 
0 1 0 0 1 0 0 1 1 0 1 1 0 2 0 3 2 3 
0 1 1 0 1 0 0 0 1 0 0 0 0 0 1 2 0 3 
0 0 1 0 0 0 0 1 1 0 0 1 0 3 2 3 1 0 
0 1 1 1 1 1 0 0 0 0 0 1 1 2 0 0 1 0 
0 1 0 1 1 1 1 1 0 1 1 0 0 1 2 3 0 1 
0 0 0 1 1 1 1 0 0 1 1 1 0 0 1 1 1 1 
0 0 0 1 1 1 0 1 1 1 1 1 0 1 0 0 3 1 
0 0 0 0 0 0 1 0 1 1 1 1 0 0 2 2 1 0 
0 1 0 0 1 1 1 0 0 1 1 0 0 3 3 1 0 2 
0 0 1 1 1 1 0 0 1 1 0 0 0 2 2 1 2 2 
1 0 0 0 0 1 1 0 1 1 1 1 1 3 0 0 0 3 
0 1 1 0 0 0 1 0 0 1 0 1 0 1 1 3 1 2 
0 0 0 1 1 0 0 1 0 0 0 1 0 2 3 1 0 0 
1 0 0 0 0 0 1 0 0 0 0 0 0 2 0 0 3 2 
0 1 1 0 0 1 1 1 0 0 0 0 1 1 2 0 2 0 
1 0 0 1 1 0 0 1 0 0 0 0 0 3 0 0 3 0 
0 1 1 0 0 0 0 1 0 0 0 1 1 0 1 0 3 1 
0 1 1 0 0 0 0 1 1 0 1 0 1 0 3 0 2 1 
0 0 0 1 1 0 0 1 0 0 0 0 0 0 0 1 1 3 
1 0 0 1 1 1 0 0 0 1 1 0 0 2 0 0 1 1 
0 1 0 1 1 1 0 1 0 0 1 1 0 0 3 3 1 3 
0 0 1 1 1 1 1 1 0 0 1 0 0 1 0 2 1 1 
0 0 1 0 0 0 1 1 1 1 1 0 0 1 2 1 3 3 
1 0 0 1 1 1 1 0 0 1 1 0 1 0 0 0 2 2 
0 1 0 0 0 0 1 0 1 1 0 1 0 3 1 3 3 1 
0 1 0 1 1 0 0 0 1 0 0 0 0 3 1 2 2 2 
0 1 0 0 0 0 1 0 0 1 0 0 0 2 0 2 2 2 
0 1 0 1 1 0 0 0 1 1 0 1 1 1 3 0 0 0 

# Size = 28 | Time = 163 ms
0 1 0 1 1 1 1 0 1 0 0 0 0 3 2 0 2 2 
0 1 1 0 0 0 0 1 0 0 0 0 0 2 0 1 3 3 
0 1 0 0 0 1 0 0 0 1 0 0 0 0 3 2 1 0 
0 1 1 1 1 0 0 0 0 0 0 1 0 1 1 1 0 1 
0 0 1 1 1 0 0 0 1 0 1 1 1 0 0 0 1 3 
0 0 0 0 1 0 1 1 0 0 1 0 0 2 0 2 2 2 
0 0 0 1 1 1 0 0 0 1 0 0 0 2 3 0 3 0 
0 0 1 0 0 0 0 0 0 0 0 0 0 1 2 2 2 3 
0 1 0 0 0 0 1 0 1 0 1 0 0 3 3 2 0 3 
0 0 0 0 0 0 0 0 1 1 0 0 0 0 1 0 0 2 
1 0 0 1 1 1 1 1 1 1 0 0 0 2 0 0 1 1 
0 0 1 1 1 0 1 1 0 1 0 0 0 3 3 3 1 3 
1 0 0 0 0 0 1 0 0 0 0 1 1 0 0 0 0 2 
1 0 0 1 1 1 1 1 1 1 1 1 1 0 0 0 3 3 
0 1 0 0 0 0 1 0 1 0 1 1 0 2 1 3 2 0 
1 0 0 0 0 0 0 1 1 1 1 1 1 3 0 0 2 0 
0 0 1 0 0 0 1 1 1 1 1 1 0 0 2 1 2 2 
0 1 0 0 0 1 1 1 1 1 1 0 1 1 2 0 1 1 
0 1 1 1 1 1 0 0 1 0 1 0 0 3 2 3 3 2 
0 1 0 0 1 1 0 1 0 1 1 1 0 3 1 1 3 1 
0 0 0 0 1 0 0 1 1 1 1 0 0 0 0 3 0 1 
0 0 1 1 1 1 0 0 1 1 0 1 0 2 1 2 3 3 
0 1 0 1 1 1 0 0 0 0 1 1 0 1 3 1 1 2 
0 0 0 0 0 1 1 1 1 0 0 1 1 2 3 0 2 1 
0 1 1 0 0 1 1 0 1 1 1 0 0 1 0 2 3 1 
0 0 1 1 1 1 1 1 1 1 1 0 0 2 2 1 0 0 
0 0 1 0 0 0 0 1 1 0 1 0 0 1 3 3 3 0 
0 0 1 0 1 1 0 0 1 1 0 0 1 1 1 0 1 2 

# Size = 26 | Time = 146 ms
0 1 1 0 1 0 0 0 1 1 0 0 1 3 1 0 0 1 
0 0 1 0 0 0 0 0 0 1 0 0 0 2 0 2 1 3 
0 0 1 0 1 0 1 0 1 0 1 1 0 3 1 1 1 0 
0 0 0 0 0 1 1 0 0 0 0 0 0 1 1 2 0 2 
0 0 1 0 0 0 0 0 0 1 0 0 0 2 0 1 3 1 
0 0 0 0 1 0 1 1 0 1 0 1 0 3 2 3 3 2 
0 0 1 0 1 0 0 0 0 0 0 0 0 2 1 3 0 0 
0 1 0 1 1 1 1 1 1 0 1 1 0 2 0 3 1 2 
0 1 0 1 1 1 0 0 1 0 1 1 1 2 2 0 2 3 
0 1 1 0 0 0 0 1 1 1 1 1 1 1 0 0 3 0 
0 0 0 1 1 0 1 1 0 1 1 0 0 0 1 3 2 1 
0 0 1 0 0 1 0 0 0 1 1 0 0 0 3 1 2 2 
0 1 0 1 1 1 1 1 0 1 1 1 0 1 2 1 0 0 
0 1 0 0 0 0 1 1 1 0 0 1 0 1 3 3 1 1 
0 0 0 0 0 1 1 1 1 0 1 1 1 0 1 0 1 3 
0 1 1 1 1 1 1 1 1 0 0 1 0 0 1 2 3 3 
1 0 0 0 0 0 0 0 0 0 0 1 1 2 0 0 1 2 
0 1 1 1 1 1 1 1 1 1 0 0 0 2 3 3 3 3 
1 0 0 1 1 1 1 1 1 1 0 0 0 3 0 0 2 3 
0 0 1 0 0 1 1 0 0 0 0 0 0 0 2 1 1 3 
0 1 1 0 1 0 1 1 1 1 1 0 1 1 3 0 2 3 
0 0 0 0 0 0 1 1 1 1 1 0 0 3 3 2 0 3 
1 0 0 0 0 1 1 1 1 1 1 0 0 0 0 0 0 0 
0 1 1 0 0 1 0 1 0 1 1 0 0 2 3 2 2 0 
1 0 0 0 1 1 0 1 0 0 1 1 1 0 0 0 3 1 
0 1 0 1 1 1 0 0 1 0 1 1 0 3 2 2 2 1 

# Size = 28 | Time = 143 ms
0 1 0 0 0 1 0 0 0 1 0 0 0 3 3 2 3 3 
0 0 0 1 1 1 0 1 0 0 0 0 0 2 0 1 2 0 
0 1 1 0 1 0 1 1 1 1 0 1 1 2 3 0 0 3 
0 0 1 0 0 0 0 0 1 0 0 0 0 2 2 2 3 2 
0 0 0 0 0 0 0 1 0 0 0 1 0 2 1 1 1 3 
0 1 1 1 1 0 1 1 0 1 1 1 0 3 3 3 0 2 
0 1 0 1 1 1 0 0 0 1 1 0 1 0 3 0 0 1 
0 1 1 0 0 0 1 1 1 0 1 1 0 2 3 1 2 1 
0 0 1 0 0 1 1 0 1 0 1 0 0 0 3 0 1 3 
0 0 0 0 0 0 0 0 1 0 0 0 0 0 1 3 0 2 
1 0 0 1 1 1 1 1 1 1 0 1 1 0 0 0 0 3 
0 0 0 1 1 1 1 0 1 1 0 1 0 3 2 1 0 1 
0 1 0 1 1 1 0 0 1 1 0 0 1 1 0 0 1 2 
0 0 1 1 1 0 1 1 0 1 1 1 0 1 1 3 3 1 
1 0 0 0 0 0 1 0 1 1 1 1 1 3 0 0 1 0 
0 1 0 1 1 1 1 1 0 1 1 1 0 0 2 2 1 1 
0 1 1 0 0 1 1 0 0 0 0 0 0 1 2 3 1 0 
0 1 0 1 1 1 0 0 0 1 0 0 0 0 2 1 2 2 
0 0 1 0 1 1 0 0 0 1 1 1 0 1 3 1 3 3 
0 1 1 1 1 1 0 1 0 1 1 1 0 1 0 2 0 0 
0 1 0 1 1 0 0 1 1 0 0 0 1 0 2 0 3 0 
1 0 0 1 1 1 0 1 0 0 0 0 0 2 0 0 2 2 
0 1 0 0 1 1 1 0 0 0 1 0 1 3 1 0 2 3 
0 1 0 0 0 0 1 1 0 1 1 1 0 2 3 3 2 0 
0 0 1 1 1 1 0 0 0 1 1 1 0 1 2 3 2 3 
0 1 0 0 1 1 1 0 0 1 1 1 0 3 1 2 2 0 
1 0 0 0 1 1 1 0 0 1 0 0 1 0 0 0 3 1 
0 0 1 0 1 0 1 1 0 0 0 1 0 0 0 3 3 1 

# Size = 27 | Time = 154 ms
0 1 0 0 1 1 1 0 1 0 0 1 1 2 0 0 3 3 
0 0 1 0 0 0 1 0 1 1 0 0 0 0 2 2 2 1 
0 1 0 0 1 0 0 0 0 1 0 1 0 2 2 1 1 2 
0 0 1 0 0 0 0 0 1 0 0 1 0 0 3 1 3 2 
0 0 1 0 1 1 0 0 1 1 1 0 0 1 3 0 1 1 
0 1 0 0 0 0 0 0 0 0 0 0 0 1 0 2 0 0 
0 1 0 1 1 1 1 1 1 0 1 1 0 0 3 2 1 0 
0 1 1 1 1 1 0 1 1 1 1 1 0 3 2 1 2 1 
0 0 1 1 1 0 0 1 0 1 1 0 1 1 2 0 3 3 
1 0 0 0 1 1 1 1 1 0 1 1 1 0 0 0 0 3 
0 1 1 1 1 0 0 1 1 1 1 1 0 2 1 3 3 2 
0 0 0 0 0 1 1 1 0 1 1 0 0 1 1 1 1 0 
1 0 0 1 1 0 1 1 0 1 0 0 1 3 0 0 1 2 
0 0 1 0 0 1 1 0 0 0 1 0 0 2 0 2 3 1 
0 0 0 0 0 1 1 1 1 1 0 1 0 1 3 3 0 3 
0 1 0 0 0 1 0 1 0 0 0 0 1 2 3 0 2 0 
0 1 0 1 1 1 1 0 0 1 1 0 0 1 0 3 2 1 
0 1 0 0 0 0 0 0 0 0 1 0 0 3 0 1 1 3 
0 1 1 1 1 1 1 0 0 0 0 1 0 0 2 3 0 0 
0 1 0 0 1 0 0 0 1 0 0 0 0 3 1 2 0 3 
1 0 0 0 0 0 0 0 1 1 0 1 1 2 0 0 0 1 
0 1 1 1 1 1 1 0 0 0 0 0 0 0 1 1 0 1 
1 0 0 1 1 0 0 0 0 1 1 0 0 0 0 0 2 3 
0 0 0 0 1 1 1 1 0 0 0 0 1 1 1 0 2 2 
0 1 0 0 1 1 1 0 0 1 1 0 0 3 3 2 0 2 
1 0 0 0 1 0 1 1 1 1 0 0 1 3 0 0 3 0 
0 0 1 1 1 0 0 0 0 0 0 0 0 3 3 3 1 0 

# Size = 27 | Time = 147 ms
0 0 0 0 0 0 0 1 0 1 0 1 0 0 0 0 2 3 
0 0 1 1 1 1 1 0 1 0 0 0 0 3 0 0 2 1 
0 1 0 0 0 0 1 1 0 1 1 0 0 3 2 1 0 1 
0 0 1 0 0 1 0 0 0 0 0 1 0 2 0 2 3 3 
0 0 0 0 0 0 0 0 1 0 0 0 1 0 2 0 1 0 
0 1 1 0 1 0 0 1 0 0 1 1 0 3 0 3 0 2 
0 0 0 1 1 0 1 0 1 0 1 1 0 1 3 1 2 0 
0 1 0 0 1 1 0 0 0 0 0 0 0 2 1 2 2 1 
0 1 1 0 0 1 1 1 1 1 1 1 1 3 1 0 1 2 
0 0 0 1 1 1 0 0 1 1 1 1 0 2 2 1 0 2 
0 0 1 1 1 1 1 1 1 1 1 0 0 0 1 3 3 3 
0 1 0 1 1 1 0 1 0 1 0 0 0 1 2 3 0 0 
0 1 1 1 1 1 0 1 0 1 0 0 0 0 3 2 1 2 
1 0 0 0 0 0 1 1 0 0 0 1 1 2 0 0 0 0 
0 1 0 0 0 1 0 1 1 1 1 0 1 0 3 0 0 3 
0 0 1 0 0 1 1 0 0 0 0 1 0 3 3 3 2 2 
0 1 1 0 1 0 1 1 1 0 1 0 0 3 1 2 3 0 
1 0 0 1 1 1 0 0 1 1 1 1 1 0 0 0 1 1 
0 0 1 0 0 1 0 0 0 0 0 1 0 1 0 1 1 3 
0 1 1 1 1 1 1 1 0 1 1 0 0 1 1 1 0 1 
0 0 0 0 0 0 0 1 1 0 1 0 0 0 2 1 3 1 
0 0 1 0 1 1 1 0 0 1 0 0 0 1 2 2 2 3 
0 0 0 0 1 1 1 1 0 0 1 0 0 2 3 3 1 1 
1 0 0 1 1 1 0 0 1 1 0 0 1 3 0 0 2 3 
1 0 0 1 1 0 1 1 0 1 1 0 0 2 0 0 3 2 
0 0 0 1 1 1 1 0 0 0 0 1 0 1 2 2 0 0 
0 1 1 0 0 0 0 0 1 0 0 1 1 1 3 0 3 2 

# Size = 29 | Time = 155 ms
0 1 0 1 1 1 1 0 1 1 0 1 0 0 0 1 3 0 
0 0 0 1 1 0 0 0 1 1 0 1 1 0 1 0 2 3 
0 0 0 0 0 0 1 0 1 1 0 0 0 2 0 3 1 2 
0 1 1 1 1 1 0 0 0 0 1 1 0 3 1 3 0 1 
0 0 1 0 0 0 0 1 1 1 0 0 0 0 2 0 3 1 
0 0 0 0 0 0 1 0 1 0 1 0 0 2 1 2 2 1 
0 1 0 1 1 0 1 0 0 0 1 0 0 0 2 2 1 2 
0 1 1 0 1 1 1 1 0 0 1 1 1 2 0 0 2 1 
0 0 0 1 1 1 0 1 1 0 0 1 0 1 2 3 1 1 
0 0 0 1 1 0 0 1 1 0 0 1 0 2 3 2 0 2 
0 0 0 0 0 0 1 0 0 1 0 0 0 3 3 3 3 1 
0 0 1 0 0 1 0 1 0 0 1 0 0 1 1 1 1 2 
0 0 1 0 0 0 0 1 0 1 1 0 0 1 1 2 0 0 
0 0 1 0 1 1 1 1 0 0 1 0 0 3 2 2 2 3 
0 0 1 0 0 0 1 0 1 0 0 0 0 2 2 1 0 3 
0 1 1 1 1 1 0 1 0 0 1 1 0 3 3 1 2 0 
0 1 0 0 0 1 0 0 0 0 0 0 1 1 0 0 1 3 
0 0 1 0 0 1 1 1 0 1 1 0 0 2 0 2 3 0 
1 0 0 1 1 0 0 0 1 0 0 0 1 3 0 0 3 2 
0 1 0 0 0 1 1 1 1 1 1 1 0 0 1 3 3 3 
1 0 0 0 0 1 1 1 0 1 1 1 0 0 0 0 2 2 
0 0 1 0 0 1 0 1 0 0 0 0 1 0 3 0 0 0 
0 1 1 1 1 1 1 1 0 1 0 0 1 1 2 0 3 0 
0 0 0 0 1 0 1 1 0 1 1 1 0 1 3 3 2 0 
1 0 0 1 1 1 1 1 1 0 0 0 1 3 0 0 1 0 
0 1 0 1 1 1 0 0 1 1 0 0 0 2 3 1 1 1 
1 0 0 1 1 1 1 0 1 0 0 0 1 2 0 0 0 3 
0 0 1 0 1 0 0 0 0 1 0 0 0 0 3 3 2 3 
1 0 0 1 1 1 1 1 1 1 1 1 1 0 0 0 3 1 

# Size = 28 | Time = 149 ms
0 1 0 0 0 0 1 0 0 1 0 1 0 3 3 1 2 0 
0 0 0 1 1 1 1 0 1 0 1 0 0 2 0 2 1 0 
0 1 1 0 0 0 1 0 1 1 0 1 0 1 0 3 0 2 
0 0 0 0 1 1 1 0 1 1 0 0 0 0 3 0 1 1 
0 0 0 0 0 1 0 0 0 0 1 1 0 0 2 1 3 2 
0 1 1 0 0 0 0 1 0 1 1 1 0 1 1 2 3 0 
0 0 0 0 1 0 1 0 0 0 1 0 0 1 0 1 1 3 
0 1 1 1 1 0 0 0 0 1 0 0 1 2 1 0 3 1 
0 1 0 1 1 0 1 1 0 0 0 0 0 0 1 3 0 1 
1 0 0 1 1 0 0 1 0 1 0 0 1 0 0 0 1 2 
0 1 0 1 1 1 0 1 1 1 0 1 1 1 2 0 3 3 
0 1 1 0 0 1 0 1 0 0 1 1 0 1 3 2 0 1 
0 1 0 0 0 1 1 1 1 0 1 1 1 2 3 0 3 0 
0 0 1 1 1 1 0 1 1 0 1 0 0 2 2 3 2 2 
0 1 1 0 0 0 1 0 1 1 0 1 0 0 2 2 1 3 
0 0 1 0 0 1 0 1 1 0 1 0 1 3 1 0 0 3 
0 1 1 1 1 0 1 1 1 1 1 0 0 1 0 1 2 1 
1 0 0 0 0 1 1 0 1 0 1 1 0 2 0 0 0 3 
0 0 0 1 1 1 0 0 0 1 1 1 0 3 3 3 2 3 
0 0 1 1 1 0 0 0 0 1 0 0 1 0 2 0 2 0 
0 0 1 0 1 0 0 0 1 0 1 1 0 3 3 2 2 2 
0 0 1 1 1 0 0 1 1 0 1 0 0 3 1 3 1 2 
0 0 0 0 1 1 0 0 0 1 0 0 0 3 0 3 3 0 
0 1 1 1 1 1 1 0 1 1 1 1 0 3 2 1 0 0 
1 0 0 0 0 0 0 0 0 0 1 0 0 3 0 0 3 1 
0 0 1 1 1 0 0 0 1 0 1 0 0 2 2 1 1 1 
1 0 0 1 1 0 1 1 0 1 0 1 0 0 0 0 2 0 
0 0 0 1 1 1 1 0 0 1 0 1 0 0 1 1 2 2 

# Size = 30 | Time = 149 ms
0 0 0 1 1 0 0 1 0 1 0 0 0 3 3 2 1 2 
0 1 0 0 1 1 0 0 0 0 0 0 1 1 1 0 0 1 
0 0 0 0 0 1 0 0 0 1 1 0 0 0 0 3 3 2 
0 1 1 0 0 0 1 0 1 1 1 1 0 3 3 0 1 3 
0 1 1 0 0 1 0 0 0 1 0 0 0 2 3 1 2 1 
0 1 0 0 1 0 0 1 0 1 0 0 1 0 0 0 1 1 
0 1 1 0 1 0 0 0 0 1 1 0 0 1 2 2 1 3 
0 1 0 0 1 0 1 0 0 0 0 1 0 2 1 2 2 2 
0 1 0 0 0 0 0 0 0 0 0 1 0 1 3 1 3 3 
0 0 1 0 0 0 0 1 1 0 1 0 0 2 2 0 1 0 
0 0 1 1 1 1 1 1 1 0 1 1 1 1 1 0 3 1 
0 0 1 1 1 1 1 0 1 0 1 1 1 0 2 0 2 3 
0 1 1 1 1 0 1 1 1 1 0 1 0 2 0 3 0 0 
0 1 0 0 0 1 0 0 0 0 0 0 0 2 2 3 3 0 
0 0 1 1 1 1 1 1 1 0 1 1 0 3 0 1 2 2 
0 1 0 0 0 1 1 1 1 1 0 0 1 0 3 0 2 0 
1 0 0 0 0 0 0 0 0 0 1 1 0 0 0 0 3 2 
0 0 1 0 0 1 0 0 1 0 1 1 0 0 2 2 0 0 
0 1 1 0 0 1 1 1 0 1 1 0 0 1 1 1 1 0 
0 1 1 1 1 1 0 1 0 0 1 1 0 3 2 2 3 1 
0 0 1 0 0 0 0 1 1 1 1 1 0 3 1 3 1 3 
0 1 1 0 0 1 0 1 1 1 0 1 0 1 3 3 0 2 
1 0 0 1 1 1 1 1 1 1 0 0 1 3 0 0 0 0 
0 1 1 0 1 0 0 1 1 0 1 0 0 0 1 1 0 3 
1 0 0 0 1 1 1 0 1 0 0 0 1 2 0 0 2 1 
0 1 0 0 1 1 0 0 0 0 1 0 0 1 0 3 2 1 
0 0 0 0 0 1 0 0 0 1 0 0 1 1 2 0 2 2 
0 1 1 0 1 1 1 0 1 0 1 0 0 2 2 1 2 0 
1 0 0 0 0 1 0 0 0 0 0 1 0 2 0 0 1 3 
0 0 1 1 1 1 0 0 0 1 0 0 0 2 0 2 2 1 

# Size = 29 | Time = 147 ms
0 0 1 0 0 0 0 1 0 0 0 0 0 3 0 0 2 0 
0 0 1 0 0 0 1 0 1 1 1 1 0 0 1 0 0 3 
0 0 1 1 1 1 1 1 1 0 0 0 0 0 0 2 0 0 
0 1 1 0 1 0 0 0 0 0 0 1 0 1 2 0 3 1 
0 1 1 0 0 0 1 0 1 0 1 1 0 2 2 3 2 0 
0 0 1 0 0 1 0 0 0 1 1 0 0 3 1 1 0 1 
0 0 1 1 1 0 1 0 0 0 1 1 0 0 3 3 0 2 
0 0 0 1 1 1 0 0 0 0 0 0 0 0 2 2 1 1 
0 0 0 0 0 0 0 0 0 0 0 0 0 3 2 3 3 3 
0 1 0 0 0 0 0 0 0 0 0 1 0 2 0 0 1 2 
1 0 0 0 1 1 1 1 0 0 0 0 1 0 0 0 1 1 
0 1 0 1 1 1 1 1 1 1 0 0 0 2 2 1 0 2 
1 0 0 1 1 0 0 1 1 1 1 1 0 3 0 0 0 3 
0 1 0 1 1 0 1 1 1 0 0 1 1 3 1 0 3 1 
0 1 0 0 0 0 0 1 1 1 0 0 0 2 3 2 3 1 
0 0 0 0 0 1 1 1 1 1 1 0 0 1 0 3 3 2 
0 1 0 1 1 1 0 0 1 1 1 1 0 3 3 2 2 3 
1 0 0 0 0 0 0 0 0 1 1 0 1 2 0 0 3 0 
0 0 1 1 1 0 0 1 1 1 1 1 0 1 3 1 1 0 
0 0 0 0 1 1 0 0 1 0 1 1 0 2 1 2 1 2 
0 0 0 1 1 1 1 1 1 0 1 0 0 3 0 1 1 2 
0 1 0 1 1 0 1 1 1 1 0 1 0 1 1 3 1 3 
0 0 1 0 1 0 1 1 1 0 1 0 1 1 3 0 2 2 
0 1 1 1 1 1 1 1 0 0 0 0 1 2 2 0 0 3 
0 1 0 1 1 1 1 0 1 0 0 0 0 0 3 1 3 3 
0 1 1 0 1 1 1 0 1 1 1 1 0 0 1 1 2 0 
1 0 0 1 1 0 0 0 1 0 1 0 0 2 0 0 2 2 
0 1 1 1 1 1 0 0 1 0 0 0 0 1 3 2 0 2 
0 1 1 0 1 0 1 1 0 0 1 1 0 2 0 3 2 1 

# Size = 29 | Time = 171 ms
1 0 0 0 0 0 1 0 1 1 0 1 1 2 0 0 3 3 
0 0 0 0 1 1 0 0 1 0 0 0 0 3 1 1 0 1 
0 1 0 1 1 1 1 0 1 1 1 0 1 0 0 0 1 2 
0 0 1 0 0 0 0 0 1 1 0 1 0 0 3 1 1 2 
0 0 0 0 0 0 0 0 0 0 1 0 1 2 1 0 2 1 
0 0 0 1 1 0 0 0 1 0 0 1 0 1 2 1 2 2 
0 0 1 0 0 0 0 0 0 1 0 0 0 0 0 1 0 3 
0 1 0 0 0 0 0 0 1 0 0 0 0 3 2 0 2 1 
0 0 1 0 1 1 1 0 1 1 1 0 0 2 0 3 0 1 
0 1 1 0 0 1 1 1 0 0 1 1 0 0 2 1 1 3 
0 1 0 1 1 1 0 1 0 0 1 1 0 3 2 3 3 3 
0 0 0 0 0 1 0 1 1 0 1 0 0 1 3 2 2 0 
0 1 1 1 1 0 1 1 0 0 0 0 1 1 0 0 3 0 
0 1 1 1 1 1 1 1 0 1 1 0 0 2 3 1 3 2 
0 1 1 0 1 0 1 0 0 1 0 1 0 1 0 2 2 3 
0 1 1 1 1 0 1 0 1 1 1 1 1 3 2 0 0 0 
1 0 0 1 1 1 0 1 0 0 1 0 0 3 0 0 1 2 
0 1 1 1 1 1 1 1 1 1 1 1 0 0 1 2 3 1 
0 0 1 0 0 0 1 0 1 0 0 1 0 1 1 3 1 1 
0 0 0 1 1 1 1 1 1 0 1 1 1 3 3 0 0 3 
0 1 1 1 1 0 0 1 0 0 1 1 0 3 1 2 1 2 
0 1 1 1 1 0 1 1 1 1 1 0 0 1 1 1 0 0 
0 0 0 1 1 0 0 0 0 1 1 0 0 2 2 2 1 0 
1 0 0 0 1 0 1 0 1 1 1 0 1 0 0 0 2 1 
0 0 1 1 1 1 0 1 0 1 1 0 0 0 3 3 2 0 
0 0 0 0 0 0 0 0 0 0 0 0 0 1 3 2 0 1 
0 1 1 0 1 1 1 0 1 0 1 0 0 0 2 3 0 2 
1 0 0 0 0 0 1 1 0 1 0 0 1 0 0 0 0 0 
0 1 1 0 1 0 0 1 1 0 0 1 0 0 1 1 3 3 

