# Size = 18 | Time = 861 ms
0 0 0 0 1 0 0 1 0 0 0 0 0 1 0 0 1 0 0 0 3 0 0 0 1 0 1 0 3 0 0 1 1 0 0 1 1 0 0 1 1 0 0 0 0 1 0 0 0 1 0 0 
1 1 1 1 1 1 1 0 1 1 1 1 1 1 1 0 1 1 1 0 3 0 1 1 0 1 1 1 3 0 0 0 0 1 0 0 0 1 0 0 1 0 1 1 1 0 1 0 1 1 0 1 
0 0 0 0 1 1 0 0 0 1 1 1 1 0 0 0 1 1 1 1 1 1 1 0 1 1 1 1 0 1 1 0 1 0 0 0 0 0 0 0 1 1 0 1 0 1 0 1 0 1 1 0 
1 0 1 0 2 0 0 0 1 0 1 1 1 0 0 1 0 1 0 0 3 1 0 0 0 1 0 1 1 0 1 0 0 1 1 0 1 0 0 0 0 0 0 1 0 1 1 0 0 1 0 0 
0 0 0 0 1 1 0 0 0 0 0 0 1 0 0 0 1 0 0 1 2 0 1 0 0 1 0 0 2 0 0 0 1 0 0 0 0 1 0 0 0 0 0 1 0 1 0 0 0 0 0 0 
0 1 0 1 0 0 0 1 1 0 1 0 1 1 1 1 0 1 1 1 2 1 1 0 1 1 1 1 0 1 1 1 0 0 1 0 1 1 1 1 1 0 1 0 0 1 1 0 1 1 0 1 
0 1 0 0 2 1 1 0 1 1 0 0 1 1 1 0 1 0 1 1 0 0 0 0 1 1 1 0 1 1 0 1 1 0 0 0 0 0 1 1 1 1 1 1 1 1 1 0 1 0 1 1 
1 1 1 1 2 1 1 0 1 1 1 1 0 0 1 1 0 0 0 0 1 1 0 1 0 0 0 1 2 1 0 1 0 1 1 1 1 0 1 1 0 1 0 0 0 1 1 0 1 1 1 0 
1 1 1 0 0 1 0 1 0 0 1 0 0 1 0 0 0 1 0 1 0 1 0 1 0 0 0 0 2 1 0 0 1 1 1 1 1 0 1 1 0 1 0 1 1 0 0 1 0 1 1 1 
1 0 0 1 0 0 0 0 0 1 0 0 0 0 1 1 0 0 1 0 2 1 0 1 1 0 0 0 1 0 1 0 1 1 0 1 0 0 0 0 1 1 1 0 0 0 1 1 0 0 1 1 
0 0 1 1 2 0 1 1 0 0 0 1 1 0 0 1 0 0 0 0 3 0 0 1 0 0 0 0 0 1 1 1 0 1 1 0 0 1 1 0 0 0 1 1 1 0 1 0 1 0 1 1 
1 0 1 1 1 0 1 0 1 1 0 1 0 0 0 1 0 1 1 1 0 1 1 0 1 0 0 1 3 1 1 1 0 1 1 0 1 1 1 0 0 1 1 0 0 1 1 1 0 0 1 0 
1 0 0 1 0 0 1 1 1 0 0 1 1 1 1 0 1 1 1 0 1 0 1 0 0 1 1 0 3 0 1 0 0 0 1 1 1 1 1 0 0 0 1 1 1 0 0 1 0 0 0 1 
1 1 1 1 0 1 0 0 0 0 1 0 0 1 0 0 0 1 0 1 3 1 0 1 0 1 1 1 0 0 0 1 0 0 0 1 0 1 1 0 1 1 1 1 0 1 0 0 1 0 0 0 
1 0 1 1 2 1 1 0 1 1 1 1 1 1 0 1 1 0 0 0 2 1 1 1 1 0 0 1 3 1 1 1 1 0 1 0 1 1 0 1 1 0 0 1 1 1 1 1 0 0 0 0 
0 0 1 1 2 1 0 1 1 0 0 0 1 0 0 0 1 1 0 0 0 1 0 0 1 0 0 0 0 0 1 1 0 1 0 0 1 1 0 1 1 0 0 0 0 1 0 1 0 1 0 0 
0 1 1 0 1 1 1 1 0 1 1 0 0 0 0 0 0 0 0 1 1 1 1 1 1 1 1 0 1 1 0 0 1 1 0 0 0 1 0 1 1 1 1 0 0 1 0 0 1 1 0 0 
0 1 1 1 1 0 0 0 1 1 0 1 0 1 0 1 0 1 1 0 3 0 0 0 1 0 1 0 2 1 1 1 1 1 0 1 1 1 1 0 1 0 1 0 0 1 1 1 0 0 1 0 

# Size = 19 | Time = 873 ms
0 1 0 1 2 1 1 1 0 1 0 1 1 1 1 0 0 1 1 0 0 1 1 0 1 1 1 1 1 0 1 0 1 1 0 0 0 0 0 1 1 0 0 1 1 1 1 0 0 0 1 0 
0 1 1 0 0 0 0 1 1 1 0 1 0 1 1 0 0 1 1 1 3 1 1 1 0 0 0 1 3 1 1 0 0 1 1 0 0 1 1 1 1 1 1 0 0 1 1 1 0 1 0 1 
0 0 0 0 1 0 0 0 1 0 0 0 0 0 1 1 1 1 0 0 1 1 0 0 1 0 0 1 0 1 0 1 0 1 0 0 0 0 0 1 0 0 1 1 1 0 1 1 0 0 1 1 
0 0 1 1 2 1 0 0 1 0 0 0 0 1 0 1 1 0 0 0 3 1 0 0 1 0 1 1 1 0 0 1 1 1 0 1 1 0 1 0 1 0 0 1 1 1 1 0 1 0 0 1 
0 1 1 1 2 1 1 0 0 1 1 0 0 0 0 0 1 0 0 1 1 1 1 0 0 1 1 1 2 1 0 0 1 0 0 1 1 1 1 1 1 1 0 1 1 1 0 0 1 0 1 0 
1 1 1 1 0 0 1 0 1 1 0 1 0 1 0 0 0 0 1 1 3 1 1 0 0 0 1 0 0 1 0 1 0 0 1 1 0 0 1 1 1 0 1 1 0 0 1 1 0 0 0 1 
1 0 1 1 1 1 1 1 0 0 1 0 1 0 0 1 0 1 1 1 3 0 1 0 1 1 1 0 0 0 0 0 1 0 0 1 1 1 1 1 0 0 0 1 1 0 1 0 1 1 0 1 
1 0 1 1 2 1 0 0 1 1 1 1 0 0 1 1 1 0 1 0 2 0 0 0 0 0 1 0 3 1 1 0 0 1 1 0 1 0 1 0 1 0 0 1 1 0 1 0 0 1 1 1 
1 0 0 0 1 0 0 1 1 0 0 0 1 1 1 0 1 1 0 0 0 0 0 1 1 0 1 0 2 0 1 1 0 1 1 0 0 0 1 0 0 1 1 0 0 0 0 1 0 1 0 1 
0 1 1 0 0 1 0 1 0 1 1 0 1 1 1 1 0 0 0 0 2 0 0 1 1 1 0 1 1 0 1 1 1 0 0 1 1 1 0 0 0 1 0 0 0 0 1 1 0 1 1 1 
1 1 0 1 0 0 1 0 0 0 1 0 0 0 0 0 1 0 0 1 0 0 1 1 1 1 0 1 3 0 0 1 1 0 0 1 1 1 0 0 0 0 1 1 0 1 0 0 1 0 1 0 
0 0 0 0 2 0 0 0 1 0 1 1 1 1 0 0 0 0 1 0 1 0 0 1 0 1 0 0 0 0 1 0 0 0 1 0 0 0 0 0 0 1 1 0 0 1 0 0 1 1 0 0 
1 0 0 0 0 1 1 1 0 0 0 1 1 0 1 1 0 0 1 1 3 1 0 0 0 0 0 0 2 0 0 0 1 0 1 0 1 0 0 0 0 0 1 0 0 1 1 0 1 0 1 0 
1 1 0 1 1 0 1 1 1 0 0 1 1 0 0 0 1 1 1 1 2 1 1 0 0 0 1 0 2 1 0 1 1 0 1 1 0 1 1 1 1 0 0 0 0 1 0 0 1 0 0 0 
1 1 0 1 1 0 0 0 0 1 1 1 1 0 0 0 1 0 0 1 1 0 1 0 0 1 0 1 3 1 1 1 0 1 1 0 0 0 1 0 1 1 1 0 0 0 0 1 0 0 1 1 
1 0 0 1 1 0 1 0 0 1 1 1 0 0 0 0 0 0 1 1 3 1 0 0 0 0 1 0 1 1 1 0 0 0 1 1 0 0 1 1 1 0 1 1 0 0 0 0 1 0 1 1 
1 0 1 0 2 1 0 1 1 0 0 1 0 1 1 1 0 1 1 1 0 1 1 1 0 0 1 1 0 1 0 1 0 0 1 1 0 1 1 0 1 1 0 0 0 1 1 1 0 0 0 0 
0 0 0 1 2 0 1 1 1 1 1 0 0 0 0 0 0 0 0 0 2 1 1 1 1 0 1 1 0 0 1 0 1 0 0 0 1 1 0 1 0 0 1 1 0 0 0 1 0 0 1 1 
0 1 1 0 0 1 0 1 1 1 0 1 0 1 0 1 0 0 0 0 1 0 0 1 0 0 1 0 1 1 0 0 0 1 1 1 0 0 0 1 0 0 0 1 1 0 1 1 0 1 0 1 

# Size = 18 | Time = 889 ms
0 1 0 1 0 0 0 1 1 0 0 0 0 1 1 0 0 0 1 1 0 1 1 0 1 1 0 0 3 1 1 1 1 1 0 1 0 0 0 0 1 0 0 1 0 1 1 0 0 1 0 1 
0 1 1 1 0 1 0 0 1 1 1 1 1 0 1 0 0 0 0 0 3 1 1 1 0 0 1 1 3 1 1 1 0 0 0 0 0 1 1 0 1 0 1 0 0 1 0 0 1 0 1 1 
0 1 1 1 0 1 0 1 0 1 1 1 0 0 1 0 0 0 0 0 1 0 0 0 1 1 0 1 0 1 0 0 0 0 1 1 1 0 0 0 0 0 1 1 0 1 1 0 1 0 1 0 
0 0 1 1 2 0 1 0 0 1 0 1 0 0 0 0 1 0 0 0 0 0 1 0 0 1 1 1 0 0 1 1 0 0 1 0 0 1 1 0 1 1 1 0 0 0 1 0 1 0 0 1 
0 1 0 1 0 1 1 1 0 0 0 0 1 1 1 0 0 1 0 0 3 0 0 1 0 0 0 1 1 0 1 1 1 0 0 1 1 1 1 0 0 1 0 1 0 1 0 0 0 0 1 1 
1 0 0 0 0 1 1 0 1 1 0 1 1 1 1 1 1 1 1 0 2 0 1 1 1 1 1 0 1 1 0 1 1 1 1 0 1 1 0 1 0 1 0 1 1 1 1 0 1 0 1 0 
1 0 0 0 2 1 1 1 1 0 1 1 0 1 0 0 0 1 1 0 1 1 1 1 0 0 0 0 2 0 0 1 1 0 1 0 1 1 0 1 0 1 0 0 0 0 0 1 0 1 1 1 
1 0 1 1 1 0 0 1 1 1 0 0 1 0 0 1 0 1 1 1 3 1 1 0 1 0 0 0 0 0 0 1 1 0 1 1 1 0 0 1 1 0 0 0 0 0 1 1 0 1 0 1 
1 1 1 0 2 0 0 1 0 0 1 0 1 1 0 0 1 1 0 1 0 0 0 1 1 0 0 0 3 0 0 0 1 0 1 0 1 0 1 1 1 0 1 1 1 1 0 1 0 0 1 0 
1 1 1 0 0 0 1 1 0 0 1 1 0 0 0 0 1 1 1 1 3 0 0 0 0 0 1 1 1 1 1 0 0 1 0 1 0 0 1 0 1 0 1 0 0 0 0 1 0 1 0 1 
0 1 0 1 1 0 1 0 0 0 0 0 0 0 1 1 0 0 0 0 1 0 0 0 0 1 1 1 3 1 1 0 0 1 0 0 0 1 1 0 1 1 1 1 1 0 1 0 1 0 1 1 
0 1 1 1 0 0 0 0 0 1 1 0 0 1 1 1 0 0 0 1 2 1 0 1 1 0 0 0 2 0 1 0 0 0 0 1 0 0 1 1 1 0 0 0 0 0 1 1 0 0 0 1 
1 0 1 0 2 0 0 0 1 1 0 0 1 0 1 1 1 0 0 1 1 1 0 1 1 1 0 0 1 1 0 0 0 1 0 1 0 0 0 0 0 1 0 1 1 1 1 0 1 1 0 0 
0 0 0 0 1 1 0 1 1 0 1 1 1 1 0 0 1 0 1 1 2 0 1 1 0 1 1 1 0 0 1 0 1 1 0 1 1 1 1 0 1 0 1 1 1 1 0 1 0 1 0 0 
1 1 0 0 1 1 1 0 1 0 0 0 1 1 0 1 0 1 0 0 0 0 1 1 1 0 0 1 1 0 0 1 1 0 1 0 0 1 1 0 0 1 0 0 0 1 1 0 0 0 0 0 
1 0 0 0 1 0 1 0 0 1 0 1 1 0 0 0 1 1 0 0 0 0 0 0 0 1 1 1 2 1 0 1 0 1 0 1 0 1 0 1 1 1 1 1 0 1 1 0 1 0 1 0 
1 0 0 1 2 1 1 1 0 0 1 1 0 0 1 0 0 0 0 0 2 0 1 0 1 1 1 0 3 1 0 0 1 1 1 0 0 0 0 0 0 0 0 1 0 1 0 1 0 1 1 0 
1 0 0 1 2 1 1 1 1 0 0 1 0 0 1 0 0 0 1 1 3 0 1 1 1 1 1 1 2 0 0 0 0 1 0 1 1 1 1 0 1 0 1 1 1 1 1 1 0 1 1 0 

# Size = 18 | Time = 933 ms
1 1 0 0 2 1 1 1 1 1 1 0 1 0 1 0 0 0 1 1 3 1 0 0 1 1 0 1 3 0 0 1 1 1 1 1 0 0 1 0 0 0 0 1 0 1 1 1 0 0 1 0 
1 1 0 0 2 1 0 0 0 0 0 0 1 1 0 0 0 1 0 1 1 0 0 1 1 1 0 1 2 1 1 1 1 1 1 0 0 1 1 1 1 0 1 1 1 1 0 0 1 0 1 1 
0 0 0 0 2 0 0 0 0 1 0 1 1 0 1 0 0 1 0 0 2 0 0 0 0 0 1 0 1 0 1 0 0 0 1 1 0 0 0 0 0 0 0 1 0 0 1 1 0 0 1 1 
1 1 1 0 0 0 1 1 0 1 1 1 1 0 1 0 1 1 0 0 2 1 0 1 1 1 0 1 3 1 1 1 0 1 1 1 0 1 0 0 0 1 0 1 1 1 1 0 1 0 1 1 
1 1 0 1 2 0 0 1 0 0 0 1 0 1 1 1 0 1 1 1 0 0 1 1 1 1 0 0 0 0 1 0 1 1 1 1 1 1 1 1 0 1 1 1 0 1 1 1 0 1 0 0 
0 1 1 1 1 1 1 1 1 0 0 1 0 1 0 1 1 0 0 1 2 1 1 0 0 1 1 1 2 0 1 0 1 0 0 0 0 0 1 0 1 1 1 1 0 1 1 1 0 1 1 0 
0 0 1 1 1 0 1 1 1 1 1 0 0 0 0 0 0 0 1 0 0 0 0 0 1 0 0 1 1 1 0 1 1 0 0 1 1 1 1 1 1 0 0 0 0 0 0 0 1 0 0 1 
1 1 1 0 0 1 0 0 1 1 1 0 0 1 0 0 1 0 0 1 2 1 0 0 0 0 1 0 0 0 0 0 0 0 0 0 0 0 0 1 1 0 0 1 1 1 0 0 1 1 0 0 
1 1 0 1 0 1 0 0 0 1 0 0 0 1 0 1 1 0 0 1 3 0 0 1 0 1 1 0 1 1 1 0 0 1 0 0 1 0 1 1 0 1 1 1 1 0 1 0 1 1 0 1 
1 1 0 0 1 0 0 0 0 1 0 1 0 0 1 0 1 0 1 0 1 1 1 0 0 0 0 0 3 0 1 1 0 1 1 0 0 0 0 1 1 1 1 0 0 1 0 1 0 1 0 0 
1 0 1 1 1 1 1 1 1 0 0 1 1 1 1 0 1 1 1 1 1 1 1 1 0 1 1 1 0 1 0 0 1 0 0 1 1 1 0 0 0 1 0 1 1 1 0 1 0 1 0 0 
0 0 0 0 0 1 1 0 0 1 1 0 1 0 1 1 1 0 0 0 0 1 1 1 0 0 1 0 2 0 0 1 0 1 1 0 0 0 0 0 0 0 0 1 1 0 1 1 0 0 1 1 
0 0 1 1 1 0 1 0 0 0 1 1 1 0 0 0 0 1 0 1 3 1 1 1 0 0 0 0 1 1 0 1 0 0 1 0 1 1 0 0 0 1 1 0 0 1 0 0 1 1 0 0 
0 0 1 1 0 1 1 1 1 0 1 1 1 1 0 1 0 1 1 0 0 0 0 0 1 1 1 1 3 0 0 0 1 0 0 1 1 1 0 0 0 1 1 0 0 0 1 0 0 1 1 1 
0 0 1 0 2 0 1 1 1 1 0 0 1 0 1 0 1 1 1 1 2 1 1 1 0 0 1 1 2 1 1 0 1 1 0 1 1 0 0 0 0 1 0 0 0 1 0 0 1 1 0 1 
0 1 0 1 0 0 0 1 0 1 1 1 1 0 0 1 0 0 1 1 1 1 0 1 0 0 0 0 1 0 1 0 1 1 0 0 1 1 0 0 0 1 1 1 0 0 1 1 0 0 0 1 
1 0 0 1 1 0 1 1 1 0 1 1 1 1 0 1 0 1 1 0 3 0 0 1 1 1 1 0 2 0 0 1 0 1 1 0 1 1 0 1 1 0 0 0 0 0 1 1 0 1 0 1 
0 0 1 1 2 0 1 0 0 0 0 0 0 0 1 0 1 1 1 0 3 0 0 1 0 1 1 1 0 0 0 1 0 1 0 0 1 1 0 0 1 1 1 0 0 0 1 0 0 0 1 1 

# Size = 19 | Time = 844 ms
0 0 1 0 0 1 1 0 0 0 1 1 0 0 0 0 1 0 0 1 0 0 0 0 0 1 0 0 0 0 1 1 0 0 1 0 0 1 1 0 0 0 0 0 0 1 0 1 0 0 0 0 
0 1 0 0 2 1 1 0 0 1 1 1 1 0 0 0 0 1 0 0 2 1 0 0 1 0 0 0 1 0 0 1 0 1 1 0 0 0 0 0 1 0 1 0 0 0 0 0 0 0 0 1 
1 0 1 1 0 1 0 1 1 0 0 0 1 0 0 0 1 0 0 1 3 0 1 0 0 0 1 1 3 1 1 0 1 1 1 1 1 0 1 0 1 1 0 1 0 1 0 0 1 1 1 1 
0 0 0 1 0 1 0 0 0 0 1 0 0 1 1 1 1 0 1 1 2 1 0 1 0 0 1 0 0 0 0 0 0 0 0 0 1 1 0 1 0 1 0 1 1 0 1 0 1 0 1 1 
0 0 0 1 0 0 1 0 1 1 0 0 0 1 0 1 0 0 1 0 0 0 1 1 0 1 0 0 1 1 0 1 1 1 0 1 0 1 0 1 1 0 0 1 0 1 1 1 0 0 1 0 
0 0 0 1 0 0 0 0 0 1 1 1 0 0 1 0 1 1 1 0 3 1 1 1 1 1 0 1 2 1 1 1 0 1 0 0 1 1 0 0 1 0 1 1 1 0 1 0 1 0 0 1 
0 0 0 0 2 1 0 0 1 0 1 0 1 0 1 0 1 1 1 0 0 0 0 0 0 1 0 1 3 1 1 0 0 1 0 0 0 0 0 0 0 0 0 1 0 1 0 0 0 1 1 1 
1 0 1 1 0 0 1 0 0 0 0 0 1 0 0 0 1 0 0 1 2 1 1 0 0 1 0 1 2 1 0 0 0 0 0 0 1 1 1 1 1 0 0 1 1 1 1 0 1 1 0 0 
0 0 0 1 2 0 0 1 1 1 0 0 1 0 1 0 1 1 0 1 1 1 1 1 1 0 0 0 0 0 1 1 0 1 0 0 0 0 1 0 1 0 0 1 1 1 0 0 1 0 1 0 
1 1 1 0 1 1 0 1 0 1 0 0 0 0 1 1 1 1 0 0 0 0 1 1 1 0 1 0 2 1 1 1 1 1 1 1 0 0 1 0 0 1 1 1 1 1 1 0 0 0 0 0 
1 1 1 0 1 0 0 1 1 1 1 1 0 1 0 1 0 0 0 1 3 1 0 0 0 1 1 0 3 0 0 0 0 0 1 0 0 1 1 1 1 1 1 1 1 0 1 1 0 1 0 1 
1 1 1 0 1 1 0 1 0 0 1 1 0 1 1 0 1 0 1 1 1 0 1 0 0 1 1 1 1 1 0 0 1 0 1 0 1 1 0 0 0 0 1 0 0 0 0 1 0 1 1 1 
1 1 0 1 2 0 1 0 1 0 0 0 0 1 0 1 0 0 0 0 1 1 0 1 1 0 1 1 2 0 1 0 1 0 0 1 1 0 1 1 0 1 0 0 0 0 1 1 0 0 1 1 
1 1 0 0 0 0 0 0 0 0 0 1 1 0 1 1 0 0 0 0 0 1 0 1 1 0 0 1 0 1 0 1 1 1 1 1 1 0 1 0 0 0 1 0 0 0 1 0 1 1 0 1 
0 0 0 0 0 0 1 1 0 0 1 0 1 0 1 1 0 1 0 1 1 0 1 1 1 0 1 0 3 1 1 1 0 1 0 1 1 0 1 1 1 0 1 0 0 1 1 1 0 0 0 0 
1 0 1 0 2 0 1 1 0 1 0 1 1 1 0 1 0 0 1 1 3 1 0 0 0 0 0 0 1 1 1 1 0 0 1 0 0 1 1 1 0 1 1 1 1 1 1 0 1 1 0 0 
0 0 0 1 1 1 1 1 1 1 0 0 1 1 0 0 0 1 1 1 2 0 0 1 0 0 0 0 2 0 1 0 1 0 0 1 0 0 1 1 1 0 0 1 0 0 0 0 1 0 0 1 
1 0 1 0 1 0 1 0 0 1 1 0 1 0 0 0 0 0 0 1 3 0 1 0 0 1 0 1 0 1 1 0 0 1 0 1 1 1 0 0 1 0 0 0 0 0 0 0 1 0 0 1 
1 1 1 1 1 0 1 1 1 0 1 0 1 0 1 1 0 0 1 0 2 0 0 1 1 1 0 1 3 0 1 0 1 1 1 0 0 1 0 0 0 0 1 1 0 0 1 1 0 1 0 1 

# Size = 20 | Time = 1013 ms
1 0 1 0 0 1 1 0 1 1 0 1 1 1 0 1 1 0 0 0 2 0 1 1 0 0 1 1 0 0 0 0 1 0 0 0 0 1 0 0 1 0 0 1 1 1 1 0 0 1 1 0 
0 1 1 1 2 1 0 0 1 1 1 1 0 1 1 0 0 0 0 0 3 0 1 1 1 1 0 0 3 1 0 0 1 0 1 0 1 0 1 1 0 1 0 1 0 0 1 0 0 0 0 1 
0 0 1 0 2 0 0 0 1 0 0 0 0 0 0 0 0 0 0 0 0 0 0 0 0 1 0 0 0 0 0 1 0 0 1 1 1 1 0 1 0 0 1 0 0 1 0 1 0 0 0 0 
0 1 0 1 2 1 1 0 1 1 1 0 1 0 1 0 0 1 1 0 3 0 0 1 0 1 0 1 2 0 1 0 0 1 0 1 0 0 0 1 1 0 0 0 0 0 1 0 0 1 0 1 
1 1 0 1 1 1 1 1 0 1 1 1 0 1 0 0 1 1 1 1 1 0 0 0 1 1 1 1 1 1 0 1 1 1 1 1 1 1 1 0 0 1 1 1 1 1 0 0 1 0 0 1 
1 1 0 1 2 0 0 1 0 1 1 0 0 0 1 0 1 0 1 1 3 1 0 0 0 1 1 1 0 1 1 1 1 1 1 1 0 1 1 0 1 1 0 1 1 1 0 1 0 0 1 1 
1 1 1 1 0 0 0 1 0 0 1 1 0 1 0 1 1 1 1 1 2 1 1 0 1 1 1 0 2 1 0 1 1 0 1 0 1 0 1 0 0 1 1 1 1 1 1 1 0 0 0 1 
1 1 0 1 0 1 1 0 0 0 0 0 1 0 0 0 1 1 1 1 0 1 1 1 1 0 1 1 3 1 1 1 0 1 0 0 1 0 0 0 1 0 1 1 0 0 0 0 1 1 1 1 
0 1 1 0 1 0 0 0 0 0 0 1 1 0 1 0 0 0 0 0 0 1 1 1 0 0 0 0 2 1 1 0 1 1 0 1 0 1 1 0 1 0 0 0 0 1 0 0 1 0 1 0 
0 0 0 0 1 0 1 1 1 0 0 0 0 0 1 0 0 1 0 1 2 1 0 0 1 0 1 0 0 0 1 0 0 1 1 0 0 0 0 1 0 1 1 1 1 0 0 0 1 1 0 1 
0 0 1 0 2 0 0 0 1 0 0 0 1 0 1 1 1 0 1 0 1 1 1 1 0 0 0 0 1 0 1 0 0 1 0 0 0 0 0 1 1 0 0 0 0 1 1 1 0 1 0 0 
0 0 0 1 0 1 0 1 0 1 1 0 1 1 1 1 0 1 0 0 1 1 0 1 1 1 0 1 0 0 1 1 0 0 1 1 1 0 1 1 0 0 0 0 0 1 1 1 0 1 1 0 
1 0 0 0 2 0 0 1 0 1 1 1 1 1 0 0 0 1 1 1 2 0 0 0 0 0 0 1 3 0 0 0 0 0 0 1 0 1 0 1 0 1 0 0 0 1 1 0 1 1 0 0 
0 1 1 1 1 1 1 1 0 1 1 0 0 1 0 1 0 0 1 1 0 1 0 1 1 0 0 1 3 0 1 1 0 0 0 0 1 1 0 0 1 1 1 1 1 0 1 1 0 1 0 1 
0 0 0 1 2 1 1 1 0 0 0 1 0 0 0 0 0 0 1 1 1 0 0 0 0 1 1 1 2 1 0 0 1 0 1 0 0 0 1 1 0 0 0 0 0 0 1 0 0 0 1 1 
1 0 1 0 1 1 0 1 1 0 0 0 0 1 0 1 0 0 0 1 3 0 0 1 0 0 0 1 1 1 1 1 1 0 0 1 1 1 0 0 1 1 1 1 1 0 1 0 1 1 1 1 
1 1 1 0 0 1 0 1 1 1 1 0 0 0 0 0 1 0 0 0 2 0 1 1 0 1 1 1 1 0 1 1 1 1 0 1 0 0 1 1 0 1 1 1 0 1 0 0 0 0 0 0 
1 0 0 0 2 0 0 1 1 0 1 1 0 0 1 1 0 1 1 1 0 0 1 1 1 0 1 1 1 0 1 1 1 0 0 1 0 1 1 0 1 0 0 1 1 1 1 1 0 1 0 1 
1 1 1 1 0 0 0 1 1 0 1 0 0 0 0 0 0 0 1 1 3 0 0 1 1 0 1 0 2 0 0 0 1 0 0 1 0 0 1 0 1 0 1 1 1 1 0 1 0 0 1 0 
0 0 1 0 0 1 0 1 1 0 1 1 0 1 1 1 0 0 0 0 1 1 0 0 1 1 1 1 3 0 1 1 0 0 0 0 0 1 1 1 0 1 1 1 1 1 1 1 0 1 1 1 

# Size = 20 | Time = 896 ms
0 0 1 0 0 1 1 0 1 0 1 1 1 1 0 0 1 0 1 1 0 0 0 1 1 0 0 1 3 0 1 1 0 0 1 0 1 0 0 0 0 1 1 1 1 1 0 0 0 0 1 0 
1 0 1 1 1 0 0 1 1 0 0 1 1 1 1 0 1 0 0 0 3 1 1 1 0 1 1 1 1 0 0 0 1 0 0 1 0 0 0 0 0 0 0 1 0 0 0 0 0 1 0 1 
1 1 1 1 1 1 0 0 0 0 1 0 0 1 0 1 0 0 1 0 1 0 0 1 1 1 0 0 2 0 1 0 0 0 1 0 1 1 1 1 1 0 1 0 0 1 1 0 1 0 1 0 
1 0 0 1 0 0 1 0 0 0 1 1 1 0 0 0 1 1 1 1 1 1 1 1 0 1 0 1 2 0 0 1 0 1 1 0 1 0 0 0 0 1 0 1 1 0 1 0 0 0 0 1 
1 1 1 1 0 0 0 0 0 1 1 0 0 0 1 0 0 0 0 0 2 0 0 1 1 0 1 0 3 0 1 0 0 0 0 1 0 0 0 0 0 1 1 0 0 0 0 1 0 0 0 1 
1 1 0 0 2 0 0 1 0 0 0 1 0 0 0 0 0 1 1 1 0 0 0 0 0 1 0 1 1 0 1 1 1 0 0 1 0 1 1 0 0 0 0 0 0 0 1 0 0 0 1 1 
0 1 1 0 2 1 1 1 0 1 0 1 1 0 0 1 0 0 1 1 3 0 1 1 1 1 0 1 3 0 0 0 0 0 0 1 1 1 0 0 1 1 0 1 0 0 1 0 1 0 0 1 
1 1 0 0 0 1 1 1 1 1 0 0 1 0 0 0 0 1 0 1 1 1 1 0 1 0 1 1 2 1 1 1 1 1 0 1 1 1 1 1 1 0 0 0 0 1 0 1 0 1 1 0 
0 1 0 0 2 0 0 0 1 1 1 0 0 0 1 1 0 1 0 1 3 1 0 0 1 0 1 0 0 1 1 1 0 1 1 0 0 0 1 1 0 0 1 1 1 1 1 1 0 0 1 0 
0 1 0 0 1 1 1 1 1 1 0 0 0 0 1 1 1 1 1 1 2 1 1 0 0 0 1 0 3 1 0 1 1 1 0 0 1 1 1 1 1 1 0 1 1 1 1 0 1 1 0 0 
0 0 1 1 1 1 1 0 0 1 1 0 1 1 1 1 1 1 0 0 0 1 1 0 0 1 1 0 0 1 0 0 1 1 0 1 0 0 1 1 1 1 1 0 0 0 1 1 0 1 0 1 
0 0 0 0 0 1 1 1 0 1 1 0 0 1 1 1 0 0 0 0 2 0 0 1 0 0 0 0 1 1 0 0 0 1 1 1 1 1 0 0 1 1 1 1 1 1 1 1 0 1 1 0 
1 0 1 0 0 0 1 1 0 0 0 1 1 0 0 0 1 0 0 1 3 0 1 0 1 0 0 0 0 1 0 0 1 0 1 0 1 0 0 1 1 0 1 0 0 1 0 0 1 1 0 1 
0 0 1 1 2 0 0 1 1 0 1 1 1 1 1 0 1 1 1 0 2 1 1 0 0 1 1 1 2 1 1 1 0 1 0 0 0 1 1 1 0 0 0 1 0 1 0 1 0 1 0 1 
0 1 1 0 2 1 0 1 0 0 1 0 0 0 1 0 1 0 0 0 1 1 0 1 1 1 1 0 3 1 1 0 0 1 0 0 0 1 0 0 0 0 0 0 0 1 0 0 1 1 1 1 
1 1 1 1 1 1 1 0 0 0 1 0 0 0 0 0 0 0 0 1 0 1 1 0 0 0 0 1 2 0 1 1 1 1 1 0 1 1 0 0 0 1 0 1 0 0 0 0 1 1 1 1 
0 0 0 0 1 1 0 1 1 0 0 0 1 1 0 1 1 1 1 0 3 0 1 1 1 1 1 1 2 1 0 0 0 0 1 1 0 1 1 0 0 1 1 1 1 0 1 1 0 0 1 1 
1 0 0 0 2 0 0 0 1 1 1 0 1 1 0 1 1 1 1 1 1 1 0 1 1 0 0 1 0 0 0 1 1 1 0 0 0 1 0 0 1 0 0 1 0 0 1 1 0 1 0 1 
1 0 1 1 0 1 1 0 1 0 0 0 0 0 1 1 0 1 0 0 1 0 0 1 1 1 1 0 1 1 1 0 0 1 1 0 0 0 0 1 1 1 1 1 1 0 1 0 1 0 0 1 
1 1 0 0 1 0 1 0 0 0 1 0 1 1 0 0 0 0 1 1 2 0 1 0 0 1 0 0 0 0 0 1 0 0 1 1 1 1 0 1 0 0 1 1 1 1 0 1 0 0 1 1 

# Size = 19 | Time = 841 ms
1 0 0 1 2 1 0 1 1 0 0 1 0 1 1 0 0 1 1 1 0 0 0 1 1 1 0 1 0 0 0 0 0 0 1 1 0 0 1 0 0 1 0 0 0 0 0 0 0 1 0 1 
0 0 1 1 2 0 0 0 0 1 1 0 1 0 0 1 1 1 0 1 2 1 1 1 1 0 0 1 0 0 1 0 1 1 0 0 0 1 0 1 1 0 1 0 0 1 1 1 0 0 1 0 
0 0 1 1 0 0 1 1 1 0 1 1 1 1 1 0 1 0 1 1 3 0 0 1 0 1 1 1 2 1 0 1 1 0 1 0 1 1 1 0 0 0 1 1 1 1 1 0 1 1 0 1 
0 1 0 1 1 1 1 1 1 0 0 1 0 0 0 0 0 1 0 0 2 0 0 0 1 0 0 0 1 1 1 0 0 0 0 1 0 1 0 1 1 0 0 1 1 1 0 1 0 1 0 1 
1 0 0 0 1 0 0 0 0 0 0 1 1 1 0 1 1 1 0 0 1 1 1 1 0 0 0 0 2 0 1 1 0 0 0 0 1 0 0 1 0 1 1 0 0 0 1 0 1 0 1 1 
1 1 0 1 0 0 0 0 0 0 0 0 0 0 0 0 1 0 0 1 0 0 0 0 1 0 0 1 1 0 1 0 0 0 0 0 0 1 0 1 0 1 1 0 0 1 0 1 0 0 1 0 
0 0 1 0 1 0 1 1 0 0 1 1 0 0 1 0 1 0 1 1 1 1 1 0 0 1 1 0 1 1 1 0 0 1 0 0 0 1 0 1 1 1 0 1 1 1 1 0 1 1 0 0 
1 0 1 0 1 1 0 1 1 1 0 1 1 0 1 1 1 1 0 1 3 1 1 0 0 0 0 1 0 1 1 1 0 0 1 0 0 1 0 0 1 1 0 0 0 0 1 0 1 1 1 1 
1 1 1 0 2 1 0 0 0 1 0 0 1 1 0 1 1 1 0 0 3 0 1 1 1 0 1 0 1 0 0 1 1 1 1 1 1 0 1 1 1 1 1 0 0 1 1 1 0 0 0 0 
1 0 1 1 0 1 1 1 1 1 1 0 0 1 0 0 0 0 1 0 1 0 0 0 1 1 1 1 3 1 1 1 1 1 1 1 1 1 1 0 0 0 0 1 0 0 0 1 0 0 0 1 
0 1 1 0 1 0 1 0 0 1 1 0 0 0 1 1 0 0 0 0 0 1 1 0 0 1 1 0 2 1 0 0 1 1 0 1 1 0 1 0 1 0 0 1 1 0 1 0 1 0 1 1 
0 1 0 1 2 1 1 0 1 1 1 0 1 1 0 0 0 0 1 1 1 0 0 0 1 0 0 0 2 0 0 1 0 0 0 1 0 0 1 0 0 1 0 0 0 1 0 0 1 1 1 0 
1 1 0 0 2 0 1 1 1 1 1 1 0 1 1 1 0 0 1 0 2 1 0 1 0 1 1 0 0 0 0 1 1 1 1 1 1 0 1 0 0 1 0 1 1 0 1 0 1 0 1 1 
0 1 0 0 0 0 0 0 1 0 0 1 0 0 1 0 0 1 0 1 3 1 1 1 0 0 0 0 3 0 0 0 0 0 0 0 0 0 0 1 1 1 1 1 1 1 0 0 1 1 0 0 
0 1 0 1 0 1 1 1 0 1 0 1 1 1 1 1 1 0 1 1 1 0 0 1 0 1 0 0 0 0 0 1 1 1 1 1 0 0 0 1 1 0 1 0 0 0 1 1 0 1 0 1 
1 1 1 0 1 1 0 1 0 0 0 1 1 1 1 0 1 1 1 0 0 0 1 0 0 0 0 1 1 1 0 1 1 1 1 0 1 1 0 0 0 1 1 1 1 0 0 1 0 1 0 1 
1 1 0 1 2 0 0 1 0 1 0 1 1 1 0 1 1 0 0 1 0 0 1 0 0 1 0 0 3 1 0 0 0 1 1 1 1 1 0 0 0 1 1 0 0 1 1 1 0 0 1 0 
0 0 1 0 1 1 0 0 1 1 1 1 1 1 0 0 0 0 0 1 2 1 1 0 0 0 0 0 3 0 0 0 1 0 1 1 1 0 1 1 0 0 0 0 0 0 1 0 0 1 1 1 
0 1 0 1 0 1 0 0 1 0 1 1 1 1 1 1 1 1 1 1 2 1 1 1 0 1 1 1 2 1 1 0 0 1 0 0 0 0 1 1 1 0 0 0 0 0 1 1 0 1 0 1 

# Size = 18 | Time = 874 ms
1 1 0 0 1 0 0 1 1 0 1 1 1 1 1 0 0 1 1 0 3 0 0 1 0 1 0 1 3 0 1 1 1 0 1 0 0 1 1 0 0 0 1 0 0 0 0 0 1 0 0 1 
1 0 0 1 0 1 0 1 0 1 0 0 0 1 0 1 0 0 0 0 3 0 0 1 1 1 0 0 0 1 0 1 1 1 0 0 1 0 0 1 0 0 0 0 0 1 1 1 0 0 0 0 
1 1 0 0 2 0 1 0 1 0 1 0 1 0 1 0 1 0 0 0 2 0 0 0 0 0 0 0 2 0 1 0 0 1 0 0 0 0 1 0 1 0 1 1 0 1 1 0 1 0 0 1 
0 0 1 1 0 1 1 0 0 0 0 0 1 1 0 1 1 1 0 1 1 0 0 1 1 1 0 1 2 0 0 0 0 1 0 1 0 0 0 0 0 0 0 1 0 1 1 0 1 1 0 1 
0 0 1 0 1 1 0 0 1 0 1 0 1 0 1 0 0 0 1 0 1 1 1 1 1 0 1 0 1 0 1 1 0 0 1 0 0 1 0 0 0 0 1 1 0 0 0 1 0 1 0 1 
1 0 0 0 2 0 0 1 0 0 1 1 1 1 0 0 0 1 1 1 2 1 1 0 1 0 0 0 3 0 0 0 0 1 0 1 1 1 1 1 1 1 1 0 0 1 0 0 0 0 0 1 
0 0 0 1 1 0 1 1 0 1 1 0 1 0 1 0 0 1 0 0 3 1 1 0 0 1 1 1 2 1 1 0 1 0 1 0 1 1 1 1 1 1 0 1 1 1 1 0 0 0 1 0 
0 1 1 0 2 1 1 0 0 1 1 1 0 0 1 1 1 0 1 1 0 1 0 1 0 1 1 1 0 0 1 0 1 1 0 0 0 1 0 1 0 0 0 0 0 1 1 0 1 0 1 1 
0 1 0 1 0 0 1 1 0 1 0 0 0 0 1 1 1 0 0 1 1 0 1 0 0 0 1 1 3 1 0 1 1 0 1 1 1 0 1 1 1 1 0 0 0 0 1 1 0 0 1 1 
1 1 0 1 2 1 1 1 0 1 0 1 0 1 0 1 1 1 0 1 2 0 0 0 0 1 0 1 1 1 0 1 1 0 0 1 1 0 1 1 1 1 0 0 0 1 1 0 1 0 1 0 
1 1 1 0 0 0 1 1 1 0 0 0 0 1 0 0 0 0 0 0 0 0 0 1 1 0 0 0 1 1 0 0 0 1 0 1 0 1 0 1 1 0 1 1 1 0 0 1 0 0 1 1 
1 0 0 1 1 0 0 1 1 1 0 1 1 1 0 1 1 1 1 1 1 1 1 0 0 0 1 0 0 0 1 1 0 1 1 1 0 0 1 1 1 1 1 1 1 1 1 1 0 1 0 0 
0 1 1 1 0 1 0 0 1 1 1 1 1 0 0 1 1 1 1 0 0 1 1 0 1 1 1 1 3 1 1 1 1 0 1 0 1 0 0 0 0 1 0 1 1 1 1 0 1 1 0 0 
0 1 0 1 2 1 0 0 0 0 0 1 0 0 0 0 0 1 1 0 1 1 0 0 1 0 0 0 0 0 0 0 1 0 1 0 1 0 1 0 1 0 0 1 1 0 0 1 0 1 1 1 
1 0 1 0 2 0 0 0 0 1 1 1 1 0 0 0 1 0 1 1 3 1 1 0 1 0 0 1 1 1 0 1 0 0 0 1 1 0 1 1 0 0 0 0 0 1 0 1 0 1 0 0 
0 0 0 0 1 1 0 0 1 0 1 1 0 0 1 0 0 0 1 0 0 0 1 1 0 0 1 1 2 1 0 1 0 1 0 1 0 0 1 1 1 1 1 0 0 1 0 1 0 0 1 0 
0 1 1 0 1 0 0 0 0 0 0 1 0 1 1 1 1 1 0 1 2 1 0 1 1 1 1 0 0 0 1 0 1 1 1 1 0 1 0 1 0 1 0 1 1 0 1 1 0 1 0 1 
0 1 1 1 0 1 0 1 0 1 0 1 0 0 1 1 0 1 0 1 2 0 0 0 1 0 1 0 2 1 0 1 0 1 0 0 1 0 1 0 1 1 1 0 0 0 1 1 0 1 0 1 

# Size = 19 | Time = 899 ms
0 1 1 0 0 1 1 0 1 0 1 1 1 1 0 1 1 0 1 1 3 0 1 1 1 1 1 1 2 0 0 0 0 1 0 1 0 0 0 1 1 1 0 1 1 1 1 0 0 0 0 1 
0 0 1 1 2 0 0 0 1 0 0 1 1 0 0 1 0 0 0 1 0 0 1 1 1 1 1 0 3 0 0 0 1 1 0 1 0 0 0 0 0 1 0 1 0 1 1 0 0 0 0 1 
1 1 1 1 1 1 0 0 0 1 1 0 1 1 0 0 1 1 0 1 1 1 1 0 0 0 1 0 3 1 1 0 0 0 1 1 0 0 0 0 1 0 1 1 0 0 1 0 1 1 1 1 
1 0 0 0 1 0 0 1 1 0 0 1 1 1 0 0 1 1 0 0 2 1 0 0 0 0 1 0 0 0 0 0 0 1 0 1 1 0 0 1 1 0 1 1 0 1 1 1 0 0 1 0 
0 0 0 1 1 1 0 0 0 0 0 0 1 1 1 0 1 1 1 1 2 0 0 0 1 0 1 0 2 1 1 0 1 0 0 1 0 0 1 1 0 1 1 1 0 0 1 0 0 1 1 1 
0 1 1 1 0 1 1 1 1 1 1 1 0 1 0 0 0 0 1 0 2 1 1 1 1 0 1 1 1 1 1 1 0 1 1 0 1 1 1 0 0 1 0 0 0 1 0 0 0 0 1 1 
0 0 0 0 1 0 1 1 0 1 0 1 0 0 1 1 1 0 1 0 0 0 0 1 0 1 0 1 3 1 0 1 1 1 0 0 1 1 1 1 0 0 1 0 0 1 1 0 1 1 0 1 
0 1 1 0 2 0 1 0 1 1 0 1 0 1 1 1 0 0 0 0 1 0 1 1 0 1 0 1 2 0 1 1 1 0 1 0 1 1 1 1 0 1 0 1 1 0 1 1 0 1 0 1 
0 0 1 1 0 0 1 1 0 1 1 0 0 0 1 0 0 0 0 1 1 0 1 1 0 1 0 0 0 1 1 1 1 0 1 0 0 0 0 1 1 1 1 1 1 1 0 0 1 1 0 1 
0 1 0 1 0 1 0 1 0 1 0 0 0 0 1 0 0 1 1 1 3 0 1 0 1 1 0 1 3 1 0 1 1 1 0 0 1 1 1 0 0 0 0 1 1 1 0 1 0 0 1 0 
1 0 0 0 2 1 1 1 1 0 1 0 1 0 0 1 1 1 1 0 2 1 0 1 1 1 0 0 3 1 0 1 0 0 1 1 0 1 0 0 0 1 0 1 1 0 1 0 1 0 0 1 
1 0 0 0 1 0 0 0 1 0 0 0 1 0 1 1 0 0 0 1 3 0 0 0 0 0 0 0 1 0 1 0 0 0 1 0 0 0 0 1 1 1 0 0 0 1 1 1 0 1 0 0 
1 1 1 0 0 1 0 1 1 0 1 0 0 1 1 0 0 1 1 0 0 0 0 0 1 0 1 1 2 0 1 0 0 1 1 1 0 1 1 0 1 0 0 1 1 0 0 1 0 1 1 1 
1 0 1 0 2 1 1 0 0 1 1 0 0 0 0 0 1 1 1 0 3 1 1 0 1 0 1 1 1 0 1 1 1 1 0 1 0 1 1 1 1 0 1 0 0 1 0 0 1 0 1 0 
0 1 0 0 2 1 0 0 0 0 0 1 0 1 1 1 1 1 1 1 3 0 1 0 1 0 1 1 0 1 1 0 1 1 1 0 0 1 1 0 0 1 0 0 0 0 1 1 0 0 1 1 
0 0 0 0 0 0 0 1 1 0 1 1 0 1 1 0 0 1 1 0 1 1 0 1 1 1 1 0 1 0 0 0 0 1 0 1 1 1 0 0 0 0 0 0 0 1 0 1 0 0 1 0 
1 0 1 1 1 1 1 0 1 0 0 1 1 1 1 0 0 0 0 1 0 1 0 0 0 0 0 1 0 1 0 0 1 0 1 0 1 1 0 0 1 0 0 1 1 1 0 0 1 1 0 0 
0 0 1 1 0 0 0 0 1 0 0 0 1 0 0 0 1 1 1 1 0 1 1 0 0 0 1 0 2 1 1 0 1 1 1 1 1 1 1 1 1 1 0 0 0 1 1 0 1 0 1 0 
0 1 1 0 0 0 0 0 1 1 1 1 0 0 1 1 0 1 0 1 0 1 0 0 1 0 0 0 1 1 0 0 1 0 0 0 0 1 0 0 1 0 1 1 1 0 1 1 0 1 0 1 

# Size = 19 | Time = 849 ms
0 1 1 0 2 0 0 0 1 1 1 0 0 0 0 0 0 0 0 0 0 0 0 0 1 1 0 1 3 0 0 0 0 0 1 1 0 1 0 0 0 0 0 0 0 0 0 0 0 0 0 1 
0 1 0 0 1 0 0 0 1 1 0 1 0 0 1 1 1 0 1 1 2 1 0 0 0 0 0 1 1 1 1 0 0 0 1 0 0 0 0 0 1 1 0 1 0 1 1 0 1 1 0 0 
1 0 1 0 0 0 1 0 0 1 0 0 0 1 1 0 1 1 1 1 2 0 0 1 0 0 1 1 3 0 0 1 0 1 0 0 0 0 1 0 0 0 1 1 0 0 0 1 0 0 1 1 
1 0 0 1 2 1 0 0 1 1 0 1 1 0 1 1 0 0 0 1 0 1 1 1 1 0 0 1 3 1 1 0 1 1 1 0 0 1 0 1 1 0 0 1 1 1 1 0 1 0 0 0 
1 1 1 0 1 1 1 0 0 0 0 1 1 0 1 0 0 0 0 1 1 1 0 1 0 1 0 1 2 0 1 0 1 1 1 1 0 0 0 1 0 1 1 1 1 1 1 1 0 0 1 1 
0 0 1 1 2 1 0 1 0 1 0 1 1 0 1 0 0 0 0 1 3 0 1 0 1 0 1 1 1 0 1 1 0 0 1 1 0 0 0 0 1 1 1 1 1 0 1 0 0 1 0 1 
0 1 0 0 0 1 1 1 1 1 1 1 1 1 0 1 0 1 0 0 1 0 1 0 1 0 0 1 0 1 1 1 0 0 1 0 1 0 0 1 1 0 1 1 0 1 1 1 0 0 1 0 
1 1 1 1 1 1 0 1 1 0 1 0 1 1 0 1 1 1 0 1 1 0 1 1 1 1 1 0 1 1 0 1 1 0 0 1 1 1 1 0 1 1 0 1 1 0 1 0 1 1 1 1 
0 0 0 1 0 0 0 1 0 1 1 0 1 1 1 1 1 1 1 0 2 1 1 0 0 1 1 0 2 1 0 1 1 1 0 1 1 1 0 1 0 0 0 0 0 0 1 0 1 1 0 1 
1 0 0 0 1 1 0 0 0 0 1 0 0 1 0 0 1 1 1 0 3 1 1 0 0 1 1 0 0 0 0 0 1 1 0 0 1 0 1 0 1 0 0 0 0 1 0 1 0 1 0 0 
0 0 1 1 0 1 1 1 0 0 0 0 1 1 1 0 1 0 1 0 0 0 0 1 0 0 1 0 1 0 1 1 0 1 0 1 1 0 1 1 0 0 1 1 1 1 0 1 0 1 1 0 
0 0 0 1 1 0 1 1 0 0 0 1 0 0 0 0 0 1 1 0 1 0 1 1 1 0 0 0 3 0 1 0 0 1 1 0 0 0 1 1 1 1 0 0 0 1 0 0 0 1 0 1 
1 0 0 0 2 1 1 0 1 1 1 1 0 1 0 0 1 1 1 0 1 0 1 0 0 0 0 0 2 1 0 1 0 0 0 0 1 1 1 0 1 0 1 1 1 1 0 0 1 0 1 0 
0 1 1 1 2 1 0 0 1 0 0 1 1 0 0 1 0 0 0 1 2 0 0 1 1 0 0 0 0 0 1 1 0 0 0 1 0 1 0 1 0 1 1 1 1 0 1 0 1 0 0 1 
0 0 0 1 1 0 1 0 1 0 1 0 0 0 1 1 1 1 0 1 0 1 0 1 1 0 1 0 2 1 1 1 1 1 0 1 1 0 0 1 1 1 0 1 1 0 1 1 0 1 0 1 
1 1 0 0 0 0 1 1 1 0 0 1 0 0 1 1 0 1 1 1 3 1 0 1 0 1 0 0 1 1 0 0 0 1 0 0 1 1 0 1 0 1 1 0 0 0 1 0 1 0 1 1 
1 1 0 0 2 1 1 0 0 1 0 0 0 0 1 1 1 0 0 1 3 1 1 0 1 1 1 0 2 1 1 1 1 0 0 1 1 1 0 1 1 0 1 1 1 1 1 1 0 1 0 1 
1 0 0 1 1 0 1 1 1 1 1 0 0 0 1 0 0 0 1 0 0 0 1 1 0 0 1 0 0 1 1 0 0 0 1 0 1 0 0 0 0 1 1 1 1 0 0 0 1 0 1 1 
1 0 1 1 1 1 0 1 1 0 0 0 0 1 0 0 1 0 0 1 3 1 0 1 0 0 1 0 3 0 0 0 1 1 0 0 1 1 1 0 0 0 1 1 0 0 1 1 0 1 0 1 

# Size = 20 | Time = 908 ms
1 1 1 0 2 1 0 1 1 1 1 1 0 1 1 0 1 1 0 0 1 1 0 1 1 1 1 1 2 0 1 0 1 0 0 1 1 1 1 0 1 1 1 1 0 0 1 0 1 0 1 1 
1 0 1 1 0 0 0 0 1 0 1 0 0 0 0 0 0 0 1 1 0 0 1 0 1 0 0 1 1 0 1 0 0 0 1 0 0 1 1 1 0 1 0 1 1 1 1 0 1 0 1 0 
0 1 1 1 1 0 1 1 0 0 0 0 1 0 1 0 1 1 0 1 3 1 1 1 1 1 0 1 2 1 0 1 0 1 1 1 0 0 1 1 0 0 0 1 0 1 0 0 0 1 0 0 
0 0 1 0 1 0 0 0 1 1 1 1 0 1 1 1 0 0 1 1 1 0 1 0 1 1 0 0 0 1 1 1 1 1 0 0 0 0 0 0 0 0 1 1 1 1 1 0 1 1 0 0 
1 1 0 0 0 1 0 1 0 0 0 1 1 0 0 0 0 1 0 0 2 0 0 1 1 0 0 1 0 1 0 1 0 1 0 1 1 0 0 1 1 1 1 1 1 0 1 0 1 1 0 1 
1 0 0 1 1 1 1 1 0 0 1 0 1 0 1 0 0 0 0 1 1 1 0 1 0 0 1 0 1 0 0 0 0 0 1 0 1 1 1 0 1 1 0 1 0 1 1 1 0 0 1 0 
1 1 0 1 0 1 1 1 1 1 0 1 1 0 0 0 1 1 1 0 0 0 1 1 1 1 0 1 2 1 1 0 1 0 0 1 1 0 0 0 1 0 1 1 0 1 1 1 0 1 1 1 
0 1 0 0 1 1 1 0 1 1 1 1 1 1 0 1 1 1 1 1 3 1 1 0 0 0 1 0 0 0 0 0 1 0 0 1 0 1 0 1 0 0 0 0 0 0 1 0 1 0 0 1 
1 1 1 0 0 1 1 0 1 0 1 0 1 1 1 1 1 1 1 0 2 1 0 0 0 1 1 1 3 1 0 1 1 0 1 1 0 1 1 0 0 0 0 1 1 0 1 1 0 0 1 1 
0 0 1 0 0 1 1 1 0 1 1 1 0 1 1 0 1 0 0 0 0 1 0 0 0 0 1 0 1 0 0 1 0 0 0 1 1 1 0 0 1 1 1 0 0 0 0 0 1 1 0 1 
0 0 0 1 2 0 0 0 0 0 0 1 0 0 0 0 0 0 0 1 1 1 1 1 0 1 0 0 3 0 0 0 0 1 0 0 1 0 0 1 0 1 0 0 0 1 0 0 1 1 0 1 
0 0 1 1 0 0 0 0 0 0 0 0 0 1 0 1 0 1 0 0 3 0 0 0 0 0 1 0 2 1 1 1 1 1 0 0 1 1 1 1 1 1 1 0 0 0 1 1 0 0 0 1 
0 0 0 1 1 0 1 0 1 1 0 1 0 0 0 0 1 0 1 0 2 0 1 1 1 0 1 0 2 0 1 0 1 0 1 0 0 0 0 1 1 1 0 0 0 1 0 1 0 0 1 0 
1 1 0 0 2 0 1 0 0 1 1 0 1 0 1 1 1 0 1 0 3 0 0 0 1 0 0 0 3 1 1 1 0 1 1 0 0 1 0 0 1 0 1 1 1 1 1 1 0 0 1 0 
1 1 1 1 2 0 0 1 0 0 0 0 1 0 1 1 1 1 1 1 0 0 1 1 0 1 1 1 0 0 1 1 0 1 1 0 0 1 1 1 0 1 1 0 0 0 1 1 0 0 1 1 
1 0 1 0 1 0 1 1 1 1 1 0 1 0 0 0 1 1 0 1 0 0 0 0 1 0 1 1 3 1 1 0 0 1 0 0 1 1 0 1 0 0 0 1 1 1 0 1 0 1 0 0 
0 1 0 1 0 0 0 0 0 0 1 1 1 0 0 1 0 0 1 0 1 1 1 1 1 0 1 0 2 1 0 0 0 1 1 1 0 0 1 0 0 1 1 1 1 1 1 1 0 0 0 1 
0 0 1 0 2 1 0 0 0 1 1 1 1 1 1 0 1 0 1 1 2 0 0 0 1 0 1 0 0 0 0 0 0 0 0 1 0 0 0 0 0 0 0 1 1 0 0 0 0 0 1 1 
0 1 1 1 2 0 1 0 0 1 0 1 1 1 0 1 0 1 0 1 2 1 1 1 0 1 0 1 1 1 0 0 1 1 0 0 0 0 1 0 0 0 1 1 1 1 1 1 0 0 1 0 
0 1 1 1 0 1 1 0 1 0 0 0 1 0 1 1 1 1 1 1 3 0 1 1 1 1 0 1 1 1 1 1 1 1 0 1 0 1 1 1 0 1 0 0 0 1 1 1 0 0 1 0 

# Size = 20 | Time = 802 ms
1 0 0 1 2 1 0 0 1 0 1 0 1 0 1 0 0 0 1 1 2 1 1 0 0 0 1 1 0 1 1 1 0 0 1 0 0 0 1 1 1 0 1 1 0 1 1 0 0 1 1 0 
1 0 0 0 0 0 0 1 1 0 0 0 1 1 0 1 1 1 1 1 3 1 0 1 1 0 1 1 2 0 1 1 1 0 1 0 1 1 0 1 0 0 0 0 0 1 1 1 0 0 1 1 
0 0 0 0 1 0 1 1 0 0 0 1 1 0 0 0 1 0 0 0 2 0 0 1 0 0 0 0 3 0 1 0 0 0 0 1 0 1 1 0 0 1 1 0 0 0 1 0 1 0 0 1 
0 0 1 0 0 0 1 0 0 0 1 0 1 1 0 0 0 0 1 1 0 1 1 1 1 0 1 0 1 0 0 1 1 1 1 0 0 1 1 0 0 1 1 1 0 0 1 1 0 1 0 1 
1 1 1 1 1 1 0 1 0 0 0 0 0 0 0 1 0 1 1 0 3 0 0 0 1 1 0 0 1 1 1 0 0 1 1 1 1 1 0 1 1 1 0 1 1 1 1 0 0 0 0 1 
0 0 1 1 2 0 1 0 1 0 1 0 0 1 0 1 1 1 0 0 1 1 0 1 0 1 0 1 0 0 0 0 0 1 0 0 1 0 1 1 0 0 0 0 0 1 1 0 1 1 0 1 
0 0 1 1 1 1 0 1 1 1 1 1 0 0 1 1 0 1 0 0 0 0 0 0 1 1 0 1 2 1 0 0 0 0 0 1 0 0 0 1 0 0 0 1 1 1 1 0 1 0 1 0 
1 1 1 1 0 1 1 1 0 1 0 1 0 1 1 0 1 1 0 1 0 0 1 0 0 1 1 1 3 0 1 0 1 1 1 1 1 0 0 1 1 0 0 1 1 0 0 1 0 1 1 1 
0 0 1 1 2 1 0 1 0 0 0 1 0 1 0 0 1 1 0 0 2 1 0 0 0 0 0 1 1 1 0 1 1 1 0 1 1 0 0 0 1 0 1 1 1 1 0 0 1 1 1 0 
0 1 0 0 2 0 0 1 1 1 0 1 0 0 0 0 0 0 0 1 0 0 1 0 1 0 0 0 0 1 0 1 1 1 0 1 1 0 0 0 1 1 1 0 0 0 0 1 0 0 1 1 
1 1 0 0 0 1 0 1 0 1 0 0 1 0 1 0 0 0 1 1 1 0 1 0 1 0 0 0 0 0 1 1 1 0 1 1 0 1 1 0 1 0 1 1 1 1 0 0 0 0 1 0 
0 1 0 0 2 1 1 0 0 1 0 1 1 0 1 0 0 0 1 1 3 0 1 1 0 1 0 0 2 1 0 0 0 1 1 1 0 0 1 0 1 1 0 0 0 0 0 0 1 1 0 1 
1 0 0 0 0 0 1 0 1 1 0 1 1 0 1 0 0 1 1 0 1 0 1 1 1 1 1 1 1 1 1 0 0 0 0 0 1 1 0 0 0 1 1 0 0 1 0 1 0 0 0 0 
1 1 0 1 1 0 0 0 1 1 1 1 0 1 1 1 0 1 1 1 2 1 1 1 1 1 1 1 2 0 0 1 1 0 0 0 0 0 0 1 0 0 1 1 1 1 1 0 1 1 0 1 
0 0 0 0 1 1 0 0 1 0 1 0 1 1 1 0 1 0 0 0 3 0 0 0 1 0 0 1 0 1 1 0 0 0 0 0 1 1 1 0 1 0 1 1 0 1 0 1 0 1 1 0 
1 1 1 0 2 1 0 0 1 1 1 0 1 1 0 1 0 0 1 0 1 1 1 1 1 1 0 1 3 1 0 1 1 1 1 0 1 1 0 0 1 1 1 0 0 0 1 1 0 1 0 1 
0 1 1 1 1 1 0 0 0 1 1 0 1 1 1 0 0 0 1 1 1 0 0 0 1 0 1 0 2 0 1 0 0 0 1 0 1 0 1 1 0 0 1 1 0 1 0 1 0 1 1 0 
1 0 1 1 0 1 1 1 1 1 0 0 0 0 0 0 1 1 0 1 2 0 0 1 0 0 1 1 3 0 1 0 0 0 1 0 0 1 1 1 0 0 0 0 0 0 0 0 1 1 1 1 
0 1 0 0 2 1 1 0 1 0 1 0 1 0 1 1 1 1 0 1 2 0 0 0 0 0 1 0 2 1 1 1 1 0 1 0 0 0 0 1 1 0 0 0 0 1 1 1 0 1 1 0 
1 1 0 0 1 1 0 0 0 0 1 1 0 0 1 0 1 1 1 0 3 0 1 0 1 0 1 0 3 1 1 1 0 1 0 1 1 1 0 0 1 0 1 0 0 1 0 1 0 0 0 0 

# Size = 19 | Time = 892 ms
1 0 0 0 0 1 0 1 0 0 1 0 1 0 1 1 1 1 1 1 3 1 0 0 1 1 0 0 1 1 1 0 1 0 0 1 0 0 1 1 1 0 0 1 0 1 1 1 0 1 0 1 
0 0 1 1 2 0 1 0 1 1 0 1 0 1 0 0 1 1 0 0 2 0 1 1 0 0 0 1 3 0 0 0 1 0 0 1 1 1 0 0 0 0 0 0 0 1 1 0 0 0 0 1 
0 0 0 0 1 1 0 1 0 0 1 0 0 0 1 0 1 0 0 1 2 0 0 0 0 0 0 1 2 1 1 0 0 1 0 1 0 0 0 0 1 0 0 0 0 1 0 0 0 1 0 1 
1 0 0 0 1 1 0 0 1 1 0 0 0 0 0 0 1 1 1 0 3 1 0 0 0 0 1 1 0 1 0 1 0 0 0 0 1 1 0 1 1 1 1 0 0 1 1 0 1 0 0 0 
0 1 1 1 0 1 1 0 0 1 0 1 0 0 1 1 0 1 0 1 2 0 0 0 1 1 0 0 0 0 1 0 1 1 1 1 0 0 1 0 0 0 1 1 1 1 1 1 0 1 0 1 
1 1 0 1 1 1 1 1 0 0 1 1 1 1 1 0 0 0 1 1 3 1 1 1 1 1 1 1 3 0 0 1 1 1 1 1 1 1 1 1 0 1 1 1 1 0 0 0 1 0 1 1 
1 0 0 1 0 0 0 0 0 0 1 0 0 1 0 1 0 0 0 1 0 1 1 1 0 0 1 1 0 1 1 0 0 0 0 1 1 1 0 1 0 0 1 1 1 1 1 0 1 1 0 0 
0 1 0 1 2 0 0 1 1 0 0 0 1 0 0 0 0 0 0 0 1 1 1 1 0 1 1 1 2 0 1 1 0 0 1 1 0 1 0 1 0 0 1 1 1 1 1 0 1 0 1 1 
1 1 1 1 2 1 1 1 1 1 1 1 1 1 1 1 1 0 0 0 2 1 0 1 1 1 1 1 1 0 0 1 1 1 1 0 1 0 1 0 1 1 1 1 1 1 1 0 1 1 1 0 
0 0 1 0 1 1 0 1 1 0 0 0 0 0 0 0 1 0 1 0 0 0 0 1 0 0 1 1 1 1 0 1 1 0 1 0 1 1 0 0 1 1 0 0 0 1 0 1 0 0 1 0 
1 0 1 0 0 1 1 0 1 1 1 0 0 0 1 0 1 1 1 0 1 0 1 0 1 0 0 0 3 1 0 1 0 1 0 0 0 0 1 1 1 1 1 0 0 0 0 1 0 1 1 1 
0 1 1 0 2 0 0 1 0 0 0 1 1 1 1 0 0 0 0 1 1 0 0 0 1 0 1 0 0 1 1 0 1 0 0 0 1 0 0 0 0 1 0 1 1 0 0 1 0 0 1 1 
1 1 1 0 2 0 1 0 0 1 0 1 1 1 0 1 0 1 0 0 3 0 1 1 1 1 0 0 2 0 0 0 1 1 1 0 0 0 1 0 1 1 1 0 0 1 1 1 0 0 1 0 
0 1 0 0 0 1 0 0 1 1 0 1 1 1 1 1 1 1 0 1 0 0 0 0 1 1 0 0 3 0 1 1 0 1 0 0 0 0 1 0 0 1 0 0 0 1 1 0 1 0 1 0 
1 0 1 1 0 0 0 1 0 1 0 1 1 0 0 1 0 0 1 1 0 1 0 1 0 0 1 0 2 1 1 0 0 1 1 0 1 0 0 0 0 0 0 1 0 0 1 0 0 0 0 1 
1 0 0 1 1 0 1 0 1 1 0 0 0 1 1 1 0 1 1 0 1 1 1 0 0 0 1 0 1 1 0 1 0 1 1 1 1 1 1 0 0 0 0 1 1 1 1 1 0 1 0 0 
0 0 0 1 2 1 1 0 0 0 0 1 0 0 0 0 0 0 1 0 0 0 0 1 0 1 0 1 2 1 1 1 1 0 1 1 1 1 1 0 1 0 1 0 0 0 0 0 0 1 0 1 
0 0 0 0 0 1 1 0 0 0 1 0 0 1 0 0 0 0 1 1 2 1 1 1 1 0 1 0 1 1 0 0 0 0 0 1 1 0 0 1 0 0 0 1 1 0 0 1 0 1 1 1 
0 1 0 0 1 1 1 1 1 1 1 1 1 0 0 0 0 0 0 1 3 0 1 1 0 1 1 0 1 1 0 0 1 0 1 0 0 0 1 1 1 1 0 1 0 1 1 1 0 1 0 0 

# Size = 21 | Time = 863 ms
0 0 0 0 1 1 0 0 0 1 1 1 1 1 1 0 1 0 1 0 3 1 0 1 1 1 1 1 3 1 1 0 1 0 1 1 1 1 1 0 1 0 0 0 0 1 0 0 0 0 0 1 
0 0 1 1 2 0 0 1 1 0 1 0 0 1 1 0 1 0 0 0 2 0 1 1 1 1 1 1 2 1 0 0 1 1 0 0 0 1 1 1 0 1 1 1 0 0 1 0 0 0 0 1 
0 1 0 1 1 0 1 1 0 0 0 0 0 0 1 1 1 1 0 1 2 1 0 0 0 0 0 1 3 0 1 0 0 1 1 0 0 0 1 0 1 0 0 0 0 1 1 0 0 0 1 0 
0 0 1 0 0 1 0 0 1 0 0 0 0 1 0 0 1 0 1 1 0 0 0 1 1 1 0 0 1 0 1 0 0 1 0 0 1 0 0 0 0 0 0 1 1 0 0 0 0 1 0 1 
0 1 1 1 0 0 0 1 0 1 0 0 0 0 0 1 0 0 1 0 1 0 1 0 1 0 0 1 3 0 1 1 1 1 0 1 0 0 0 1 0 0 0 0 0 1 1 0 0 0 0 1 
0 0 1 0 0 0 0 0 0 0 1 0 1 0 0 0 0 1 1 0 2 1 0 0 0 0 0 0 2 0 0 0 0 0 0 1 0 0 0 0 0 1 0 0 0 0 1 0 0 0 1 1 
0 0 1 0 0 1 1 0 0 0 0 0 1 1 0 1 0 0 0 1 3 1 0 1 1 0 0 0 2 0 1 0 0 1 1 1 1 1 0 1 0 1 0 0 0 1 1 0 0 0 0 0 
1 0 1 1 1 0 0 0 0 0 0 0 1 0 1 1 0 0 0 1 0 1 1 1 0 1 1 1 3 0 0 1 1 0 1 1 1 1 1 0 1 0 0 1 0 1 1 0 1 0 1 1 
1 1 0 1 1 1 1 1 1 1 1 1 1 1 0 0 1 1 1 0 2 0 1 0 0 0 1 0 2 0 0 1 1 1 1 1 1 0 1 0 1 0 1 1 1 0 0 0 1 1 1 1 
1 1 0 1 0 0 1 0 0 0 1 1 1 1 0 1 0 0 1 1 0 1 0 0 0 0 1 0 0 1 1 0 0 0 0 0 0 0 0 1 1 1 1 1 0 0 1 0 0 1 0 1 
1 1 0 1 2 1 1 1 0 0 1 1 1 0 1 0 0 1 1 1 1 1 0 0 0 1 0 1 1 1 1 1 1 0 1 0 1 1 0 1 1 0 1 0 0 1 0 1 0 1 1 0 
1 1 0 1 1 0 0 1 1 1 0 1 0 0 1 1 1 1 0 1 3 0 1 0 0 0 1 0 3 1 0 1 0 0 0 0 0 0 1 1 0 1 1 1 1 0 1 1 0 1 0 1 
1 0 1 0 1 1 1 0 1 1 0 1 1 1 0 1 1 1 0 0 1 0 1 1 1 0 1 0 1 1 0 0 0 0 0 1 0 1 0 1 0 1 1 1 1 1 1 0 1 0 0 0 
0 1 1 0 2 0 0 1 0 1 0 0 1 1 0 1 0 1 0 0 0 1 1 1 1 0 0 0 2 0 0 0 0 1 1 1 0 0 0 0 1 1 0 1 1 1 1 1 0 0 1 0 
0 0 1 0 2 1 0 0 1 1 0 1 0 0 0 0 1 1 0 0 3 0 0 1 1 1 0 1 0 1 1 1 1 1 1 0 1 0 1 0 0 0 0 1 1 1 0 0 1 0 1 0 
0 0 1 0 1 0 0 1 1 0 0 0 0 1 1 1 0 0 1 1 1 1 1 1 1 0 0 0 0 0 0 0 1 0 1 1 0 1 1 0 1 1 0 0 0 0 1 1 0 0 1 1 
1 0 0 0 0 0 0 0 0 1 1 1 0 0 1 0 1 1 0 0 3 1 0 0 0 1 0 0 1 0 0 0 0 0 1 1 0 0 1 1 1 1 1 0 0 0 0 0 1 1 0 1 
0 0 1 1 2 0 0 1 1 0 0 0 1 0 0 0 0 0 1 1 0 0 0 0 0 1 0 1 3 1 0 1 1 1 1 1 0 0 0 1 1 1 1 0 0 0 0 0 1 1 0 1 
1 0 1 0 0 1 1 0 0 1 1 1 1 0 0 1 0 1 1 1 1 1 0 0 0 0 1 1 2 0 0 1 0 0 0 0 0 0 0 1 1 0 0 0 0 1 1 1 0 1 1 0 
0 1 1 1 2 0 1 1 1 1 0 0 0 0 0 1 0 0 0 1 2 0 1 1 0 1 1 0 0 1 0 1 0 1 1 1 0 1 0 0 1 1 1 1 0 0 1 1 0 0 0 1 
1 0 1 0 1 0 1 0 1 0 0 1 0 1 0 1 1 1 0 0 2 0 0 1 1 0 0 0 1 0 0 1 0 0 0 0 0 1 0 0 1 0 1 0 0 1 1 1 0 0 0 0 

# Size = 21 | Time = 903 ms
0 1 1 1 0 1 0 0 0 0 0 0 0 0 0 1 1 0 1 1 0 0 0 0 0 0 0 0 0 1 1 0 1 1 1 0 1 0 1 0 0 0 0 1 1 0 1 0 0 1 0 1 
1 1 0 0 2 1 0 0 1 0 1 1 1 1 0 1 1 1 1 0 1 1 1 0 1 1 0 1 3 0 1 1 0 0 0 0 1 0 0 1 0 1 1 0 0 1 1 1 0 0 0 0 
0 0 0 1 2 0 0 1 1 0 1 0 1 0 0 0 0 1 1 0 3 1 1 1 0 1 1 0 2 1 1 0 0 1 0 1 1 1 0 0 0 0 0 1 1 1 0 0 1 0 1 1 
0 0 1 1 1 1 1 1 1 1 1 1 0 0 1 1 1 0 0 0 1 0 0 1 0 1 1 0 3 1 1 1 1 0 0 1 1 1 1 0 1 0 0 1 1 1 1 1 0 1 1 1 
0 1 0 0 2 0 0 1 0 0 0 1 0 0 1 0 0 1 0 0 2 0 0 0 0 0 1 0 0 1 1 0 0 0 0 0 1 1 0 0 1 0 0 0 0 1 0 1 0 1 0 0 
1 0 1 1 2 0 0 1 1 0 0 1 1 0 0 1 0 1 1 1 2 1 1 0 1 0 1 1 3 1 0 1 1 0 1 1 1 0 1 1 0 0 0 1 1 1 1 1 0 0 1 1 
1 1 0 0 1 1 1 0 0 0 1 0 0 1 0 0 1 1 1 1 3 0 1 1 1 1 0 1 1 1 0 1 1 1 1 0 0 0 1 1 1 1 1 0 0 0 1 0 1 0 1 1 
1 0 0 0 0 1 0 0 1 1 1 1 1 1 0 0 0 1 0 0 2 1 1 1 0 1 1 0 1 0 1 1 0 0 0 1 0 1 1 0 0 1 1 1 0 0 0 0 0 1 1 1 
1 0 0 0 2 0 1 1 1 1 1 1 1 1 1 0 0 1 0 0 0 1 1 1 1 1 1 1 0 0 0 1 0 0 0 1 0 1 0 1 1 1 1 0 0 1 0 1 0 0 1 0 
1 0 0 0 0 0 1 1 0 1 0 0 1 0 1 0 1 0 0 1 1 1 0 1 1 0 0 0 3 0 0 0 1 1 0 1 0 1 0 1 1 0 0 1 1 1 0 0 1 1 0 0 
1 1 1 1 1 0 0 0 0 1 0 0 1 1 1 0 0 0 1 1 2 1 0 0 1 0 0 1 2 0 0 0 0 0 1 1 0 0 1 0 1 1 0 0 0 1 0 1 0 0 0 0 
0 0 1 0 1 0 1 1 0 1 0 1 0 0 1 1 0 0 0 0 3 1 0 0 0 0 0 1 0 0 0 0 1 0 1 0 0 0 0 1 0 1 0 1 1 0 1 1 0 1 0 1 
0 1 1 0 1 1 1 1 0 1 0 1 0 1 1 1 1 0 0 1 0 0 1 0 1 1 1 1 2 0 1 1 1 0 0 0 1 0 1 1 1 0 1 1 1 0 1 0 1 1 1 1 
1 1 1 1 2 0 1 0 1 0 1 1 1 0 1 0 1 0 0 0 0 0 1 1 0 0 0 1 3 0 0 0 0 1 0 0 1 0 0 0 0 1 0 1 0 0 1 1 0 0 0 1 
0 0 1 1 2 0 1 1 0 0 0 1 0 0 1 1 0 0 0 1 1 1 0 0 1 0 1 0 1 0 1 0 0 0 1 1 1 1 0 0 1 0 1 1 1 1 1 1 0 0 0 0 
0 1 0 1 1 0 1 1 0 0 1 0 1 1 0 1 0 1 0 1 0 1 1 1 0 1 0 1 1 0 1 0 0 0 1 1 0 1 1 1 0 1 0 1 0 0 1 0 0 1 0 1 
1 0 0 0 0 1 1 1 1 0 1 1 1 1 1 0 0 0 1 1 3 0 0 0 0 1 0 1 2 1 1 1 1 0 0 1 0 1 1 1 0 1 1 0 0 1 1 1 0 0 0 0 
1 1 0 0 2 1 1 0 0 1 1 0 1 1 1 1 0 1 1 0 1 0 0 1 1 1 0 1 0 1 1 0 0 1 1 0 0 0 1 1 1 1 1 1 0 0 1 0 1 0 1 1 
1 0 0 1 0 0 0 0 1 0 1 1 0 0 0 0 0 1 1 1 3 0 1 0 1 1 1 0 3 1 0 0 1 0 0 0 1 0 0 1 0 1 1 0 0 0 0 1 0 1 0 1 
1 1 0 1 2 1 1 1 1 0 0 0 0 1 0 1 1 0 1 1 1 1 0 0 1 1 1 0 2 0 0 1 1 0 0 0 0 1 1 1 1 1 0 0 0 1 1 0 0 0 1 1 
0 1 1 1 2 0 1 1 0 1 1 1 1 0 0 1 1 0 0 1 2 1 1 0 1 0 1 0 2 0 0 1 0 1 1 0 0 1 1 1 1 0 1 0 0 1 1 0 1 1 0 1 

# Size = 20 | Time = 862 ms
0 1 1 1 1 1 1 1 1 1 0 0 0 0 0 0 0 1 1 0 1 0 0 0 1 0 1 1 2 1 0 0 1 1 1 1 0 1 1 0 1 1 1 1 1 0 0 0 1 0 0 1 
0 1 0 1 2 1 0 1 1 0 1 0 1 1 1 1 1 0 0 0 3 0 1 0 1 0 1 0 3 0 0 1 0 0 0 0 0 1 0 1 0 0 0 1 1 1 1 0 0 1 0 1 
1 0 1 0 2 0 1 0 0 1 0 1 1 0 1 0 0 1 1 1 2 0 1 0 0 1 0 0 1 0 1 1 1 1 1 1 0 0 0 1 0 1 1 0 0 0 1 1 0 0 1 1 
1 0 0 1 1 0 1 0 1 1 1 1 1 0 1 0 1 1 0 0 3 1 1 1 0 1 0 1 3 1 0 0 1 0 0 0 1 0 1 1 1 0 0 0 0 1 0 0 1 0 0 0 
1 0 0 1 1 1 1 1 1 1 0 1 1 0 0 0 1 1 0 1 0 0 0 0 0 0 0 0 1 0 0 1 0 0 0 0 0 1 0 0 0 0 1 1 1 1 0 0 1 1 0 0 
0 0 0 1 2 0 1 1 0 0 1 1 0 1 0 0 0 1 0 0 2 1 0 1 1 0 0 1 0 0 0 1 0 0 0 0 0 1 1 0 1 1 0 0 0 1 1 0 0 0 0 1 
1 1 0 1 0 0 0 1 0 0 0 0 1 1 0 0 1 1 0 0 3 0 1 1 1 0 0 0 2 0 1 1 0 0 1 1 1 0 1 0 0 0 1 1 0 1 0 0 0 1 0 1 
1 1 1 0 0 1 0 1 1 1 1 1 0 1 1 1 1 1 0 1 0 1 1 1 0 1 1 1 0 1 0 0 1 1 1 0 1 1 0 1 1 0 1 1 0 0 1 1 0 0 1 1 
0 0 1 0 0 1 0 0 1 0 1 0 0 1 1 1 1 0 1 1 2 1 0 1 1 1 1 1 1 1 1 0 0 0 0 1 0 0 1 1 1 0 0 1 1 0 1 0 1 1 1 1 
0 0 0 0 2 1 0 0 0 0 1 1 0 0 1 1 0 0 1 1 2 1 0 0 0 1 1 0 2 1 1 0 0 1 0 0 1 1 0 1 1 1 0 0 0 1 1 0 1 0 1 0 
0 1 0 0 2 0 0 0 0 1 0 1 1 1 1 0 1 0 0 1 1 1 1 1 1 1 1 1 0 1 1 1 0 0 0 0 1 0 0 1 0 0 1 1 1 0 0 1 0 1 0 1 
1 1 1 1 0 0 1 0 1 0 0 0 1 0 0 1 0 0 0 0 1 1 0 0 0 1 0 0 2 0 0 0 1 1 1 1 0 0 1 1 0 1 0 0 0 1 1 1 0 0 1 0 
0 0 1 0 2 0 1 0 0 0 0 0 1 0 1 1 0 0 1 0 0 0 0 0 1 1 1 0 0 1 1 0 1 1 0 1 1 0 1 0 0 1 0 0 0 1 1 0 1 1 0 0 
0 0 1 0 0 0 1 0 0 1 0 0 0 0 0 0 1 1 1 1 1 0 0 1 0 0 0 0 3 1 1 1 1 1 1 1 1 1 1 0 0 1 1 0 0 0 0 1 0 0 1 1 
0 1 1 0 1 0 0 1 0 0 1 0 0 1 1 1 1 0 0 0 0 0 1 1 1 0 1 1 2 1 1 0 1 0 0 1 0 1 1 1 1 0 1 0 0 1 1 1 0 0 1 0 
0 1 1 0 0 1 0 1 0 1 1 1 0 0 1 0 0 1 1 1 3 0 0 0 0 0 1 0 1 1 1 0 0 1 1 1 1 0 1 1 0 1 1 1 1 0 0 1 0 1 1 1 
0 1 0 0 0 1 0 0 1 0 1 0 0 0 0 0 0 0 1 1 0 0 1 1 1 1 1 0 3 1 1 1 1 1 0 0 0 0 0 1 1 0 1 1 1 1 1 1 0 1 0 1 
0 1 1 0 1 1 1 1 1 1 0 1 1 0 0 0 0 1 0 1 2 0 1 0 1 1 1 0 3 1 0 1 0 0 0 1 1 1 0 1 0 0 1 0 0 1 0 0 1 0 1 0 
0 1 1 1 1 1 0 0 0 1 1 0 1 1 0 1 1 1 0 0 1 1 0 0 1 1 0 1 1 1 0 1 0 1 1 0 0 1 0 0 1 1 0 1 1 1 1 0 1 0 0 1 
1 0 1 1 1 1 1 1 0 1 0 1 0 1 1 1 0 1 0 0 3 1 0 1 0 1 0 0 0 1 1 0 0 1 0 0 0 0 1 1 0 0 1 1 1 1 1 1 0 0 0 0 

# Size = 19 | Time = 815 ms
1 0 0 1 1 1 1 1 0 1 1 1 0 1 1 1 0 0 1 1 2 1 1 0 1 0 0 1 0 0 0 0 0 0 1 0 0 1 0 1 1 0 0 0 0 1 1 1 0 0 0 1 
0 1 0 0 1 1 0 0 1 0 0 0 1 0 0 1 1 1 0 1 3 0 0 1 0 0 1 0 3 1 1 1 1 1 0 0 1 1 1 0 1 1 1 1 1 1 1 0 1 0 1 0 
1 0 1 1 1 1 1 1 0 1 0 0 0 0 1 1 1 0 0 0 0 0 0 1 1 0 0 0 2 0 1 0 0 1 0 1 1 1 0 1 1 0 0 1 0 0 1 0 0 1 0 1 
1 1 1 0 2 1 1 0 1 1 1 1 0 1 0 1 0 0 1 0 0 1 1 1 0 1 1 1 1 1 0 1 1 1 1 0 0 0 1 0 0 1 1 1 1 1 1 1 0 0 1 1 
1 0 0 0 2 1 0 1 0 0 1 1 1 1 1 0 0 1 0 1 1 1 0 1 0 1 1 0 2 1 0 1 0 0 0 0 1 0 1 0 0 1 0 0 0 1 0 0 1 0 0 1 
1 0 0 1 0 0 0 1 1 1 1 0 0 0 1 0 1 1 1 0 3 1 1 0 1 1 0 1 3 1 0 0 0 0 0 1 0 0 0 1 0 0 1 1 0 1 0 0 0 1 0 1 
1 1 1 0 1 0 1 1 1 0 0 0 1 1 0 0 0 0 0 0 3 1 1 0 1 1 1 1 0 1 1 1 1 1 1 0 1 1 0 0 1 1 0 1 1 1 0 0 1 0 0 0 
0 0 1 1 0 0 0 1 1 0 0 1 1 1 1 1 1 1 1 1 2 0 0 0 1 1 1 0 1 1 1 1 0 1 0 1 1 1 0 1 1 0 0 0 0 0 1 0 1 0 1 1 
0 1 1 1 2 0 0 0 1 0 0 0 0 0 0 0 1 0 0 0 2 1 1 0 1 0 0 0 2 0 1 0 0 0 1 1 0 1 1 0 1 0 1 1 1 0 0 1 0 0 1 1 
0 1 0 0 0 0 1 0 0 0 1 1 1 0 0 0 0 1 0 1 0 0 0 0 0 0 0 1 3 0 1 1 1 0 1 0 1 0 1 0 0 0 0 0 0 0 0 1 0 1 0 1 
0 0 1 1 0 0 1 0 1 1 0 0 0 0 0 1 1 1 1 0 1 0 1 0 1 0 0 1 0 0 1 0 1 1 1 1 0 1 0 1 1 0 1 1 1 1 1 1 0 1 0 0 
0 1 1 0 2 1 0 0 0 1 0 1 0 1 1 0 0 0 1 0 1 0 0 1 0 0 0 0 3 0 0 0 0 0 1 1 0 0 0 1 0 0 1 0 0 0 1 0 1 1 1 1 
0 1 1 1 1 0 1 0 0 1 0 1 1 0 1 0 0 0 1 0 3 1 0 1 1 1 1 1 2 0 0 0 1 1 0 1 0 1 0 1 0 1 0 0 0 0 1 1 0 1 0 1 
1 1 0 0 1 1 0 1 0 1 1 0 0 0 1 0 1 1 0 1 1 1 0 0 0 0 0 0 1 0 0 0 0 0 0 0 0 0 0 1 1 1 1 0 0 1 0 1 0 1 0 0 
0 0 0 0 2 0 0 1 0 1 0 1 1 1 1 0 0 0 1 1 3 0 0 0 0 0 0 0 1 1 0 0 0 0 1 0 0 1 0 1 1 0 1 1 1 1 0 0 1 0 0 0 
0 1 1 1 2 1 0 0 1 0 1 0 0 0 0 0 0 1 0 0 0 0 0 1 0 1 1 0 0 1 0 0 1 0 0 0 1 0 1 1 0 1 0 0 0 1 0 0 1 1 1 0 
0 1 0 0 0 1 0 1 0 0 1 0 1 0 1 1 1 0 1 0 2 0 1 1 0 0 0 1 0 0 1 1 1 1 0 0 1 0 0 1 0 1 1 0 0 0 1 1 0 1 0 1 
1 1 0 0 0 1 1 1 0 1 0 1 0 1 0 0 1 1 1 1 2 0 0 0 1 0 0 0 3 0 0 1 0 1 0 0 0 0 0 1 1 0 0 0 0 1 0 0 1 0 1 0 
0 1 0 1 0 0 1 0 1 1 1 1 1 0 0 1 1 1 0 0 0 0 1 1 1 0 1 1 2 0 1 1 1 0 0 1 0 0 0 1 0 0 1 1 0 1 1 1 0 1 0 0 

# Size = 20 | Time = 937 ms
0 1 0 0 2 1 0 1 1 0 0 1 1 0 0 1 0 1 1 1 3 0 0 0 0 0 0 0 3 1 0 0 0 0 1 0 0 0 1 1 1 0 0 0 0 1 1 0 1 1 0 0 
1 1 0 1 0 1 0 0 1 0 0 1 0 0 0 0 1 0 1 0 1 1 0 0 1 1 1 1 0 0 0 0 0 0 0 1 0 1 1 1 1 0 1 0 0 0 1 0 0 1 1 1 
1 0 1 0 2 0 1 0 0 0 0 0 0 1 0 0 1 0 1 0 3 0 0 0 0 0 0 1 3 0 0 1 0 1 0 1 1 0 0 0 0 0 0 1 1 0 0 0 0 0 0 1 
0 0 1 1 0 0 1 0 0 1 0 0 0 1 1 0 1 1 0 1 1 0 0 0 0 0 0 0 0 1 0 1 0 0 0 0 1 1 0 0 1 0 0 1 1 1 0 0 1 1 0 0 
0 1 0 1 1 0 0 0 0 1 0 1 1 1 0 0 0 1 0 0 3 1 0 0 0 1 1 1 1 0 1 0 0 0 0 0 1 1 1 0 1 1 1 1 0 0 0 1 0 1 0 1 
1 1 1 1 2 0 1 0 1 1 0 1 0 0 1 1 1 0 1 0 1 1 0 1 0 1 1 0 2 1 1 0 0 0 0 0 1 1 1 0 0 1 1 1 0 1 1 0 1 1 0 1 
1 1 0 0 0 0 1 0 0 0 1 1 0 1 1 0 0 1 0 0 0 0 1 0 1 0 1 0 0 0 1 0 1 1 1 0 0 0 0 0 0 1 1 1 1 1 1 1 0 0 0 1 
1 0 1 0 1 1 0 1 1 0 1 0 0 0 1 1 0 0 1 1 1 1 1 1 1 1 0 0 1 1 0 1 1 1 1 1 0 0 0 1 0 1 0 0 0 1 1 1 0 0 1 0 
0 0 1 0 1 1 0 1 1 0 0 0 0 1 0 1 0 0 1 1 2 1 1 0 1 1 0 1 2 0 0 0 0 1 0 0 0 1 0 0 1 1 1 1 1 1 1 0 1 0 1 1 
0 0 1 1 0 0 1 1 0 1 1 0 1 0 1 1 1 1 0 0 3 0 1 1 1 0 0 1 1 0 1 1 1 1 1 1 0 0 1 1 0 0 0 1 1 1 1 0 1 0 1 0 
0 0 0 0 2 1 0 1 1 1 1 1 1 1 1 1 1 0 0 1 0 0 1 1 1 1 1 1 3 1 1 1 1 1 0 1 1 1 1 0 1 0 1 0 0 1 1 1 0 1 1 0 
0 1 0 0 2 0 0 1 1 1 1 0 1 1 0 0 0 1 0 1 3 1 0 1 1 0 1 1 0 0 1 1 0 0 1 1 0 1 0 0 0 0 0 1 0 0 0 0 1 0 0 1 
0 1 1 1 1 1 1 1 0 1 0 0 0 0 0 0 1 1 1 1 0 0 0 1 0 0 0 0 1 1 0 1 0 0 0 1 0 0 1 1 0 0 0 0 0 0 0 0 1 1 1 1 
1 1 0 1 0 0 1 0 0 1 1 1 1 1 0 0 1 1 0 0 2 0 0 1 0 0 1 0 2 1 1 1 1 0 1 1 1 0 1 1 0 0 0 0 0 0 0 1 0 1 0 1 
1 0 0 1 2 1 1 1 1 0 0 0 1 0 1 1 0 0 0 1 2 0 1 0 0 0 1 0 1 1 1 0 1 0 0 0 1 1 1 1 0 1 1 1 1 0 1 0 1 1 1 1 
0 0 1 1 1 0 0 1 0 1 1 1 1 1 0 0 0 0 0 1 3 0 1 0 0 1 1 1 2 0 1 0 1 0 1 0 0 0 1 1 0 0 0 1 0 1 0 0 0 1 0 0 
1 1 0 1 1 0 0 1 0 0 1 1 0 0 1 0 0 1 0 1 2 1 1 1 0 0 1 1 3 1 0 1 0 0 0 1 1 0 1 0 1 1 0 1 1 1 1 0 0 0 1 0 
1 0 0 1 2 0 0 0 0 1 0 0 1 0 0 1 0 1 0 0 0 1 0 0 1 1 0 0 2 0 1 1 0 1 0 1 0 1 1 1 1 0 0 0 0 1 1 0 0 0 0 0 
0 1 1 1 0 1 1 1 1 0 0 0 1 0 1 1 0 1 0 0 1 0 1 1 0 1 0 1 3 0 1 1 1 0 0 1 1 0 1 0 0 0 1 0 0 1 1 0 0 1 1 0 
1 1 1 0 1 0 0 0 1 1 1 0 1 1 0 1 0 0 0 0 2 1 0 1 1 1 0 0 0 0 0 1 1 1 1 1 1 0 0 0 0 0 0 0 0 0 1 0 0 1 0 1 

# Size = 20 | Time = 861 ms
0 0 1 1 0 0 0 1 0 0 1 0 1 1 1 1 0 0 1 0 1 1 0 1 0 1 1 1 0 1 1 0 0 1 1 0 0 1 1 1 1 1 1 1 0 1 1 0 0 1 0 0 
1 1 0 1 1 1 0 0 0 0 1 0 0 1 1 0 1 1 1 0 2 1 0 0 1 1 1 1 0 1 0 1 1 0 1 1 1 1 1 0 0 0 1 0 0 0 0 0 1 0 1 1 
1 0 1 1 2 1 0 1 1 0 0 0 0 1 0 0 1 0 0 0 3 1 0 0 1 0 0 0 3 0 0 0 0 1 0 0 0 0 1 1 0 0 0 0 0 1 1 0 0 0 1 0 
1 1 0 0 0 0 0 0 1 0 1 1 0 0 0 0 0 0 0 1 1 0 1 0 0 0 0 0 2 0 1 1 0 0 0 1 1 1 0 0 0 0 1 0 0 0 0 1 0 0 0 1 
0 0 1 1 0 1 0 1 0 1 0 0 0 1 1 0 0 0 0 0 2 1 1 1 0 1 0 1 2 0 1 0 0 0 1 0 1 0 0 0 1 1 1 1 1 1 1 0 0 1 0 0 
1 1 1 0 2 0 1 1 0 1 0 1 0 0 0 0 1 0 0 0 1 1 0 0 0 1 1 0 1 1 0 0 1 1 0 0 0 0 0 1 0 1 0 0 0 0 0 1 0 0 0 1 
1 0 0 0 2 1 1 0 1 1 0 0 1 0 0 0 1 1 1 1 3 1 1 0 1 1 0 1 3 0 0 0 1 0 1 1 1 0 0 1 1 0 1 1 1 1 0 1 0 1 1 1 
0 0 0 0 1 0 1 1 1 0 0 1 1 1 0 1 1 0 1 1 2 0 0 1 0 1 1 0 2 0 0 0 0 1 1 0 0 1 1 1 1 1 0 1 1 1 1 0 1 0 1 1 
0 0 1 1 0 0 1 1 1 1 1 1 1 0 0 1 0 1 0 0 1 0 1 0 1 0 0 0 0 0 0 1 1 0 0 0 1 0 0 0 0 0 0 1 1 0 1 0 1 0 1 1 
0 0 0 0 1 0 0 0 1 1 1 1 1 1 0 1 0 0 0 0 0 1 0 1 0 1 0 1 0 0 0 1 1 0 1 0 0 0 1 1 1 1 0 1 1 1 1 1 0 0 1 1 
0 0 0 1 2 1 0 1 0 0 1 0 0 1 1 1 0 1 1 1 2 0 1 1 1 0 0 1 1 0 1 1 0 0 1 1 0 1 1 0 1 0 1 1 1 1 1 0 1 1 1 0 
1 1 1 0 0 1 1 0 1 0 0 0 1 0 1 1 1 1 1 1 0 0 1 0 1 0 1 0 1 1 1 0 0 1 0 1 1 1 0 0 1 0 1 0 0 0 1 0 0 1 0 1 
0 1 1 0 1 0 1 1 0 0 1 1 1 0 1 1 0 1 1 1 3 0 1 1 0 0 1 1 0 1 1 1 1 1 0 1 1 1 1 0 0 1 0 0 0 0 1 0 1 1 0 1 
1 1 0 1 0 0 1 0 0 1 1 1 0 0 1 0 0 1 1 0 2 0 0 1 0 0 1 1 3 1 1 1 1 0 0 0 1 1 1 0 1 1 1 1 1 1 0 1 0 0 0 0 
0 0 1 1 2 1 0 1 0 0 1 1 0 1 0 0 0 1 0 1 0 0 0 0 1 1 0 1 2 1 1 0 1 0 0 0 1 1 0 0 0 1 1 1 0 1 0 1 0 0 1 0 
0 0 1 0 1 1 0 1 1 0 0 1 1 0 1 1 1 0 1 1 0 0 0 0 1 0 0 0 3 0 0 1 1 1 0 1 1 0 0 0 0 1 0 0 0 1 1 0 1 1 0 0 
1 1 0 0 1 0 1 0 1 0 0 0 0 0 0 1 1 0 1 0 3 0 1 1 1 0 0 1 1 1 1 0 0 0 1 0 0 1 1 0 1 1 0 0 0 0 1 0 0 0 0 1 
1 1 1 1 2 1 1 1 1 1 0 0 0 1 1 0 0 0 1 1 1 1 0 1 1 0 1 0 0 0 0 1 1 1 1 0 1 0 1 0 0 0 1 1 0 1 1 1 0 0 1 0 
1 0 0 0 0 0 1 0 0 0 0 0 1 1 1 0 0 0 0 0 3 0 1 0 1 0 0 0 2 0 1 1 0 0 1 0 1 1 0 0 0 1 1 0 0 1 0 1 0 1 0 1 
0 0 0 0 1 1 0 1 1 1 0 0 0 0 1 0 1 0 0 0 1 0 0 1 0 1 0 0 3 0 0 1 0 1 0 0 1 0 0 1 0 0 1 0 0 0 1 0 0 0 1 1 

# Size = 20 | Time = 858 ms
0 0 1 1 0 1 1 0 1 0 0 1 1 1 0 0 1 1 1 1 3 1 1 1 1 0 1 1 3 1 1 1 1 0 0 0 0 1 0 1 0 1 1 1 0 1 0 1 0 1 1 1 
0 1 0 1 2 0 0 0 0 0 1 0 0 1 0 0 0 1 0 1 2 1 0 1 1 0 1 1 1 0 1 0 0 0 1 1 1 1 1 0 1 1 0 1 0 1 1 0 1 0 1 0 
1 0 1 0 1 1 1 1 0 0 1 0 0 1 1 0 1 1 1 1 0 1 0 0 0 1 0 1 0 1 0 1 0 1 1 0 0 0 0 0 0 0 0 1 0 0 0 0 1 0 1 1 
1 1 0 0 0 1 0 1 0 1 1 1 0 0 1 1 0 0 0 1 3 0 1 0 0 0 0 0 2 0 0 0 0 0 1 1 1 1 0 0 0 1 0 0 0 1 1 0 1 0 1 1 
1 0 1 1 2 1 1 0 1 0 0 1 0 0 0 0 0 1 0 1 3 0 1 0 0 0 1 1 0 0 0 1 0 0 1 1 0 0 1 0 0 0 0 1 0 1 1 0 1 0 1 0 
1 1 0 0 2 1 1 1 0 0 0 0 1 0 0 1 1 0 0 0 2 1 1 0 0 0 0 0 1 1 0 0 1 1 1 1 1 1 0 0 1 0 1 1 1 0 1 0 1 0 0 1 
1 0 0 0 0 0 1 1 1 0 0 0 1 0 0 1 0 1 0 0 1 0 1 1 1 1 0 0 0 1 1 0 0 1 0 1 1 1 1 0 1 1 1 1 1 0 1 0 1 0 1 1 
0 0 1 0 2 0 1 0 1 0 0 0 1 0 0 0 0 1 0 0 3 0 1 0 0 1 1 1 2 1 1 1 0 1 0 0 0 0 0 0 1 0 0 1 1 0 1 1 0 1 0 1 
0 0 0 1 2 0 0 0 1 1 0 0 1 0 0 1 0 0 1 0 0 0 0 1 1 0 0 0 3 0 1 1 1 0 0 0 1 0 1 0 0 0 1 1 1 1 1 0 1 0 0 0 
0 1 0 0 2 1 0 1 0 1 0 0 0 1 1 0 1 1 0 0 1 0 0 0 1 0 0 1 0 1 1 0 1 0 1 0 1 0 0 1 0 1 1 0 0 1 0 1 0 1 0 0 
0 1 0 1 1 0 1 1 0 1 0 1 0 0 0 0 0 0 1 0 1 1 0 1 1 0 1 0 2 0 0 0 1 0 0 1 1 1 1 1 1 1 1 1 1 1 0 0 1 1 0 0 
1 0 0 1 0 0 1 0 0 0 1 1 1 1 0 0 0 0 1 0 2 0 0 1 1 1 1 0 1 0 0 1 0 0 0 0 0 0 1 1 0 0 1 0 0 1 0 1 0 0 0 0 
1 1 1 1 0 0 0 1 1 1 1 1 1 1 1 1 1 0 0 1 0 1 1 1 0 1 1 1 2 0 0 0 1 0 0 1 0 1 1 1 1 1 0 0 0 0 1 1 0 1 0 1 
1 1 1 0 1 1 0 1 0 1 1 1 0 0 1 0 0 1 0 1 1 0 1 0 0 1 1 0 3 0 0 0 0 1 1 1 0 0 1 1 1 0 0 0 0 0 1 1 0 1 0 1 
0 1 1 1 1 0 0 0 1 1 1 0 1 1 1 1 0 0 0 1 2 0 1 0 0 0 0 1 0 1 1 1 0 1 1 0 1 1 0 1 0 1 0 1 1 1 1 0 0 1 0 0 
0 0 1 0 1 1 1 1 1 1 0 1 0 1 1 1 0 1 1 0 3 1 0 0 0 1 0 1 1 0 0 1 0 0 0 0 1 0 1 0 0 1 1 0 0 1 1 1 0 1 1 0 
1 0 0 0 0 1 0 1 0 1 0 0 0 1 0 1 0 0 1 1 0 1 0 1 1 1 0 1 1 1 0 1 0 1 1 1 1 1 1 1 1 0 0 1 0 0 1 1 0 1 1 1 
0 0 1 1 0 1 1 1 0 0 1 0 0 0 0 0 1 1 0 1 2 0 0 0 1 0 0 1 2 0 1 1 0 1 0 0 0 0 0 1 1 0 0 0 0 1 0 0 1 1 1 1 
1 1 1 0 1 0 1 1 1 1 0 0 0 0 0 1 1 1 0 1 2 1 0 1 0 0 0 1 3 1 1 0 0 0 0 0 1 1 0 0 1 1 0 0 0 0 1 1 0 1 0 1 
1 1 1 1 0 1 1 0 0 0 0 1 0 0 1 0 1 1 1 0 1 0 1 1 1 0 1 0 1 1 1 1 0 0 0 0 1 0 1 1 0 0 0 1 1 1 0 1 0 0 1 1 

# Size = 20 | Time = 900 ms
1 0 0 0 2 1 1 1 0 0 0 0 0 1 1 0 1 1 1 0 0 0 1 0 1 0 1 1 0 1 1 1 1 1 1 1 1 0 0 0 0 1 1 1 0 1 1 1 0 1 0 1 
0 0 1 0 0 0 0 1 1 0 0 0 0 1 0 0 1 1 1 1 3 1 0 1 1 0 0 1 1 0 0 0 1 1 1 1 0 0 1 0 1 0 0 1 0 1 0 0 0 0 0 0 
0 1 1 1 2 0 0 0 1 0 0 0 1 0 0 0 0 0 1 0 0 0 1 0 1 1 1 0 3 0 0 0 0 1 1 0 0 0 1 1 0 1 0 0 0 1 1 0 1 0 0 0 
1 1 0 1 2 1 1 1 0 0 0 0 1 1 1 0 1 0 0 0 1 0 0 1 0 0 0 1 1 0 1 0 1 1 0 0 0 1 0 1 1 0 1 1 0 1 1 0 1 0 0 1 
0 0 1 0 2 1 0 0 1 1 0 0 1 1 1 0 1 0 1 1 2 1 0 0 0 0 0 1 3 0 0 1 1 0 1 0 0 0 0 0 0 1 0 1 0 1 0 0 0 0 1 1 
1 0 0 0 2 1 0 1 1 1 1 0 1 1 1 0 1 1 1 1 2 1 1 0 0 1 1 1 1 0 1 1 1 1 1 1 1 1 0 1 1 1 1 0 0 1 0 1 0 1 1 1 
0 1 1 1 1 0 1 0 1 0 1 1 1 0 1 1 0 0 0 1 2 1 0 1 1 0 0 1 1 1 1 0 1 0 0 1 1 0 1 0 0 0 1 1 1 1 1 0 1 1 0 0 
0 0 1 0 1 0 1 0 1 1 1 1 0 1 0 1 1 1 0 0 1 1 1 1 0 1 1 0 3 0 0 1 0 0 1 0 1 1 0 0 1 0 0 1 1 0 1 1 0 0 1 1 
1 1 1 1 0 1 0 0 0 1 1 1 1 1 1 1 0 1 0 0 1 0 1 0 0 1 0 1 0 1 1 0 0 0 0 0 0 1 0 1 0 1 0 1 1 0 1 0 1 1 1 1 
1 1 1 0 2 1 0 1 1 1 1 1 1 1 1 1 1 1 1 1 0 0 1 1 0 1 0 1 2 1 1 0 1 0 1 0 1 1 1 1 1 1 1 1 1 0 1 0 1 1 1 1 
1 1 0 0 0 1 1 0 0 1 1 1 0 0 0 1 0 0 1 0 3 0 0 0 0 1 1 0 3 1 1 1 0 1 0 0 1 1 0 1 0 1 1 1 1 1 1 1 0 1 1 0 
1 0 0 1 1 1 0 1 0 0 0 1 0 0 0 0 0 0 1 0 1 1 0 0 1 0 1 0 2 0 0 1 0 1 0 1 0 0 0 1 0 1 0 0 0 1 0 0 1 1 0 0 
0 1 0 0 1 0 1 0 0 1 0 0 0 0 0 0 1 0 1 0 2 0 0 1 1 1 0 0 0 1 0 1 0 0 1 1 1 1 1 1 1 0 1 1 1 0 0 1 0 0 0 1 
0 1 1 1 1 0 1 0 0 0 0 0 1 0 1 1 0 1 0 1 3 0 1 1 1 0 0 0 2 1 0 0 1 0 1 0 0 0 0 0 1 0 1 0 0 0 1 1 0 0 1 1 
1 1 0 0 0 0 1 0 1 0 0 0 1 0 1 0 1 0 0 1 0 1 0 0 1 1 1 0 0 0 1 1 0 1 0 1 1 1 1 1 0 0 1 0 0 1 0 1 0 1 0 0 
0 0 1 0 1 0 1 0 1 0 0 0 0 0 0 0 1 1 0 1 0 0 1 0 1 1 0 0 1 1 1 1 0 1 1 0 0 0 1 1 0 0 0 0 0 0 0 0 1 1 0 1 
0 0 0 1 0 0 0 0 1 1 1 0 0 1 1 1 1 0 0 0 2 1 0 0 1 0 0 1 2 0 0 0 0 0 0 1 1 0 0 0 0 1 1 1 0 1 1 0 1 0 1 0 
1 1 1 1 2 1 0 1 1 0 1 0 0 1 1 0 1 0 0 1 3 1 0 1 0 1 0 1 3 0 1 1 1 0 0 1 1 1 0 0 0 0 1 0 0 1 0 0 1 1 1 0 
0 0 1 1 1 0 0 1 0 0 0 1 1 0 0 0 1 0 0 1 3 0 1 0 1 1 1 1 0 1 1 1 0 1 0 1 1 1 1 1 1 0 0 1 1 1 0 1 0 1 0 0 
0 0 1 0 1 1 1 1 0 1 0 1 1 1 0 1 1 0 1 1 1 1 1 0 0 0 1 1 1 1 0 0 1 0 0 0 1 0 1 0 0 0 1 1 0 0 1 0 0 0 0 1 

# Size = 21 | Time = 958 ms
1 0 0 0 0 1 1 0 0 0 0 0 0 0 0 0 0 0 1 0 0 0 0 0 0 0 0 1 1 0 1 1 0 0 0 1 0 0 0 0 0 0 0 0 0 1 0 0 0 1 0 0 
0 1 0 0 1 0 0 0 0 1 0 0 0 0 0 1 1 1 1 1 1 1 0 0 0 1 1 1 0 0 1 1 1 0 1 1 1 1 0 1 1 1 0 0 0 1 1 0 1 0 1 0 
1 0 1 0 2 0 1 1 0 0 0 1 0 0 1 0 0 1 1 0 2 0 1 0 1 1 0 1 2 1 0 0 1 0 1 0 1 0 0 0 0 0 1 1 0 1 1 0 1 0 1 1 
0 0 0 0 1 0 0 0 0 1 0 1 0 1 0 0 1 0 1 0 3 0 1 0 1 0 0 0 3 1 0 1 0 1 1 0 0 1 0 1 1 0 1 0 0 1 1 0 0 0 0 0 
0 0 1 1 0 1 1 1 1 1 0 0 1 1 0 0 0 0 1 1 0 1 1 1 1 1 1 1 2 0 1 0 0 1 0 0 0 1 0 1 1 0 0 1 1 1 1 0 0 0 0 0 
0 0 1 0 2 0 0 0 1 1 0 0 1 1 0 1 0 1 1 1 2 1 1 0 1 1 1 1 1 1 1 1 0 0 1 1 0 1 1 0 1 0 1 0 0 1 1 0 0 0 0 0 
0 1 1 0 1 0 1 0 0 1 0 1 1 1 0 0 0 0 1 1 3 0 0 1 1 1 0 0 2 1 1 1 1 1 1 1 0 0 1 0 0 0 0 1 1 0 1 1 0 0 1 1 
0 1 0 0 0 1 0 0 0 1 1 0 1 1 1 1 1 1 1 1 3 1 0 1 1 1 0 1 1 1 0 0 0 0 1 0 1 0 0 1 0 1 0 1 1 1 1 0 0 1 0 0 
1 0 0 1 0 0 0 1 1 0 1 1 1 0 1 1 1 0 0 0 2 0 1 1 0 0 1 0 2 0 1 0 1 1 0 0 0 1 1 1 1 1 1 0 0 0 1 0 1 0 1 1 
0 1 1 1 1 1 1 1 1 0 1 0 0 1 1 0 0 0 0 1 3 1 1 1 0 1 1 1 3 0 1 0 1 0 0 1 1 1 1 1 0 1 0 1 1 1 0 0 1 1 1 1 
1 1 1 0 0 1 0 1 1 0 1 1 1 1 1 0 0 1 0 0 0 0 1 0 0 0 0 0 0 1 0 1 0 0 0 0 1 0 1 0 0 1 1 1 1 0 0 1 0 0 1 1 
1 0 1 1 0 1 1 1 0 0 1 1 1 1 1 1 0 0 0 0 1 0 1 1 1 0 1 0 1 1 0 0 0 1 0 0 1 0 1 0 0 0 1 1 1 0 1 0 1 1 1 1 
1 0 1 1 2 0 1 1 1 1 1 1 0 0 0 0 1 0 0 1 0 1 0 1 1 0 1 1 0 0 0 0 1 1 1 1 0 1 0 0 1 1 0 0 0 0 0 1 0 1 0 1 
1 1 0 1 0 1 1 0 0 0 0 0 1 0 0 1 1 1 0 0 3 1 0 0 1 0 0 0 3 0 0 1 1 1 0 0 0 0 1 0 1 0 1 1 1 0 1 1 0 0 1 1 
1 1 0 0 1 1 1 1 1 0 1 0 1 1 0 0 0 1 0 1 2 0 0 1 1 0 1 0 1 1 0 0 1 1 1 1 0 1 0 1 0 0 0 1 1 1 0 1 0 1 0 0 
1 1 0 0 2 1 0 1 0 1 1 0 0 1 0 0 0 1 1 0 3 1 0 0 0 0 0 0 0 0 1 0 0 1 0 0 1 1 0 1 0 0 1 1 1 1 0 1 0 0 0 1 
0 0 0 1 2 0 1 1 1 0 0 0 0 0 0 0 0 1 1 1 1 0 1 1 0 1 0 0 3 0 1 0 0 1 1 1 0 0 0 1 1 1 0 1 0 1 0 1 0 1 0 1 
1 0 1 1 1 1 0 0 0 1 1 1 0 0 0 1 1 1 0 1 2 0 0 1 0 0 0 0 0 1 1 0 1 0 0 1 0 0 1 1 0 0 1 0 0 1 1 1 0 1 1 1 
0 1 0 0 1 0 1 0 0 1 1 1 0 0 0 1 1 1 1 1 2 1 1 1 0 1 1 0 3 0 1 1 0 1 0 0 1 1 0 1 1 0 0 1 0 0 1 1 0 1 0 1 
1 0 0 1 1 0 1 0 0 0 1 1 1 1 0 1 0 1 1 1 0 1 1 0 0 0 0 0 3 0 1 1 1 0 1 1 1 1 1 0 0 0 0 0 0 0 1 0 1 1 0 1 
0 1 0 0 2 0 1 0 1 1 0 1 0 1 0 0 1 0 1 0 1 0 1 1 1 0 0 0 2 1 0 0 1 1 0 1 0 1 1 1 0 1 0 0 0 1 0 1 0 1 0 0 

# Size = 20 | Time = 884 ms
1 0 0 0 0 1 0 1 0 1 0 0 0 1 1 1 0 0 1 1 2 1 0 1 0 1 1 0 2 1 0 0 0 1 0 1 1 1 0 0 0 0 1 1 0 1 1 0 1 1 0 1 
1 0 0 0 2 1 1 0 1 0 1 0 1 1 1 0 1 0 0 0 1 1 0 0 1 0 0 1 3 1 1 1 1 1 0 1 0 1 0 0 0 0 0 1 1 1 1 1 0 0 1 0 
0 1 1 0 1 0 0 0 1 1 1 0 0 0 0 1 1 1 1 1 1 1 1 0 1 1 1 0 0 0 0 0 0 0 0 0 0 1 1 0 1 1 1 0 0 0 1 0 1 1 0 1 
0 1 0 1 1 1 1 0 0 0 1 1 0 1 1 1 1 0 1 1 3 1 0 1 0 0 0 0 1 1 1 0 0 0 1 1 1 0 1 1 0 1 0 1 0 1 1 0 1 1 0 1 
1 0 0 0 2 0 0 1 0 1 0 1 0 1 0 0 0 1 0 0 3 1 1 1 0 1 1 1 3 0 0 0 1 1 0 1 1 1 0 1 0 0 1 1 0 0 0 0 0 1 0 1 
1 1 0 1 0 0 0 1 0 0 0 0 0 0 0 0 0 0 0 0 1 0 0 1 0 0 0 0 0 0 0 0 0 0 0 1 0 0 0 1 0 0 0 0 0 1 0 1 0 0 1 0 
1 0 0 0 2 1 1 1 0 0 0 1 1 0 1 0 1 0 0 1 1 1 0 0 0 0 0 0 1 0 1 0 1 1 1 1 1 1 1 0 0 1 0 1 1 0 0 1 0 1 1 1 
0 0 0 0 2 1 1 1 0 1 1 0 0 1 0 1 1 1 0 1 0 0 0 0 0 0 0 0 0 1 0 0 1 0 0 0 1 0 0 0 1 0 1 1 1 0 1 1 0 0 0 1 
1 1 1 0 1 0 0 1 0 1 0 0 1 1 1 1 1 0 1 0 2 0 0 0 0 0 0 1 0 1 1 0 0 1 0 0 0 1 1 0 0 0 0 0 0 1 1 0 0 1 0 0 
1 0 0 0 0 1 0 1 1 1 0 1 1 0 1 0 1 1 1 0 2 0 0 1 1 1 1 0 1 0 1 0 1 1 0 0 1 1 0 0 1 0 0 1 0 0 1 1 0 0 1 1 
0 0 0 0 0 1 1 0 1 0 1 1 0 0 1 1 0 1 1 0 3 1 0 1 0 1 0 0 2 1 1 1 0 0 0 0 1 0 1 0 0 1 1 1 0 1 1 1 0 1 0 1 
0 1 1 1 1 1 0 1 1 1 0 1 1 0 0 0 0 0 0 1 0 0 1 1 1 1 1 0 3 0 0 1 1 0 1 0 0 0 1 0 1 0 0 0 0 1 0 0 1 1 1 0 
0 1 1 1 2 0 1 0 0 0 1 0 1 0 0 0 0 1 1 1 2 0 1 0 1 0 1 1 1 1 0 1 0 1 1 1 0 0 1 1 1 1 1 1 1 1 0 0 1 0 1 0 
0 0 1 1 2 1 1 0 0 1 0 1 1 1 0 1 0 1 0 0 3 1 1 0 1 0 0 1 0 0 1 1 1 0 1 1 1 0 0 0 1 1 1 0 0 0 1 1 0 0 1 1 
1 0 1 1 1 0 0 1 1 1 1 0 1 0 0 0 1 0 0 0 3 0 1 0 1 1 0 1 2 0 1 0 1 0 1 0 0 1 0 1 1 1 0 1 1 1 0 1 0 0 1 0 
1 1 1 0 0 0 0 0 1 0 0 0 1 0 1 0 1 1 1 0 0 1 1 0 1 0 1 1 1 0 1 0 0 1 1 1 1 1 1 1 0 1 0 0 0 1 0 0 1 1 0 0 
0 1 0 0 2 0 0 0 0 0 0 1 1 0 1 0 1 0 0 0 2 0 1 0 0 0 0 0 2 0 0 0 0 0 0 0 1 0 0 1 1 0 1 0 0 0 0 0 0 0 1 1 
1 1 1 0 0 0 1 1 1 0 0 1 0 0 0 1 1 0 1 0 2 0 0 1 1 0 0 1 3 0 1 1 0 1 1 1 0 0 1 1 0 1 0 1 1 1 1 1 0 1 0 0 
1 0 0 1 2 1 1 1 1 0 0 1 1 0 1 1 0 0 1 1 1 1 1 0 1 1 0 1 2 1 1 0 0 0 0 1 1 1 1 1 1 1 1 0 0 0 1 0 0 1 1 1 
1 0 0 1 2 1 0 1 0 1 1 1 1 1 1 1 1 0 0 1 0 0 1 0 1 0 1 1 2 1 1 1 1 1 1 0 0 0 0 1 0 1 1 1 1 1 1 1 0 0 1 0 

# Size = 19 | Time = 837 ms
1 1 0 0 2 0 1 0 1 1 1 0 1 0 0 0 1 1 0 1 1 0 1 1 1 1 1 1 2 1 1 0 0 1 1 0 0 0 1 0 0 1 0 1 1 1 1 0 1 0 1 1 
1 0 1 0 0 0 0 0 1 1 0 1 0 1 1 0 0 1 1 0 1 0 0 1 0 1 1 1 0 0 1 0 1 0 0 0 1 1 1 1 1 0 0 1 1 0 0 1 0 1 0 1 
1 1 0 0 2 1 1 1 1 1 0 0 0 1 1 0 0 1 0 0 3 0 1 0 0 1 0 0 1 0 0 0 1 0 0 1 1 1 1 0 1 1 0 0 0 1 1 1 0 0 0 1 
0 1 0 1 0 0 1 0 0 0 0 0 0 1 1 0 1 1 0 0 2 1 0 1 1 0 0 1 1 1 0 1 0 1 1 0 0 1 0 0 1 0 0 1 0 1 1 1 0 0 1 0 
1 1 1 1 2 1 0 1 1 1 1 1 0 0 0 0 0 1 0 0 0 0 0 0 0 1 1 0 0 0 0 0 0 0 1 1 1 0 1 1 0 1 1 1 1 1 1 1 0 1 0 1 
0 0 1 1 2 1 0 1 0 0 1 1 1 0 0 1 0 1 1 1 3 1 1 1 1 0 1 1 3 1 1 1 1 1 1 1 0 1 0 1 0 0 0 1 1 0 1 0 1 1 0 1 
0 0 0 0 2 1 0 0 1 0 0 0 1 1 1 1 1 0 1 1 0 1 0 0 0 1 1 1 3 0 0 1 1 1 0 0 0 1 0 0 0 1 1 0 0 1 1 0 0 0 1 0 
0 0 1 0 2 1 0 1 1 1 1 1 1 0 0 0 1 0 1 1 2 0 1 0 1 1 1 0 1 0 1 1 1 0 0 0 1 0 1 1 0 1 1 0 0 0 0 0 1 0 0 1 
1 0 0 0 1 1 0 0 0 0 0 1 1 1 1 1 0 1 1 0 3 1 0 1 0 1 0 1 2 1 0 1 1 0 0 0 1 1 1 1 0 0 1 1 1 0 1 1 0 1 1 1 
1 1 1 0 0 0 1 1 0 1 0 0 1 0 0 1 0 0 1 0 2 1 1 1 0 0 0 0 2 0 0 0 0 0 1 0 1 0 0 0 0 1 0 1 1 1 1 0 1 1 0 0 
0 0 0 1 0 0 1 0 0 0 1 0 0 1 0 1 1 0 0 0 0 0 0 0 1 0 0 0 1 1 1 0 0 0 0 1 0 0 1 0 1 0 1 0 0 0 1 0 1 1 0 1 
0 0 0 1 1 1 1 1 0 0 1 0 1 0 1 1 1 0 0 1 1 1 1 0 1 0 0 0 0 1 0 1 1 1 1 1 0 0 0 0 1 1 1 0 0 1 1 0 1 0 0 0 
1 1 0 0 0 0 1 0 0 0 1 0 0 0 1 0 1 0 0 1 2 1 1 0 1 0 0 0 3 1 0 0 0 0 1 1 0 0 1 1 1 0 1 0 0 0 0 1 0 0 1 1 
1 1 1 1 1 0 1 1 1 1 0 1 0 1 0 0 1 0 1 1 3 0 1 0 1 0 1 0 0 0 1 0 0 1 1 0 0 0 1 1 0 1 0 1 0 1 0 1 0 0 1 0 
0 1 0 1 1 1 0 0 1 1 1 1 0 0 0 0 0 1 1 0 0 1 1 1 0 1 1 0 2 1 0 1 0 1 1 1 0 0 0 0 1 1 0 0 0 0 0 0 0 0 1 1 
0 0 0 1 1 0 1 0 1 1 0 1 1 1 0 1 0 1 0 0 1 0 1 1 1 1 0 1 3 1 1 0 1 1 1 0 1 1 0 0 1 1 1 0 0 1 1 1 0 0 0 0 
0 1 0 0 1 0 0 1 0 0 1 0 0 0 0 0 1 0 0 1 1 0 0 1 0 0 1 0 1 0 0 0 1 1 1 1 0 1 0 1 0 0 1 1 1 1 1 1 0 1 0 0 
1 1 1 1 1 0 1 1 1 1 1 1 0 0 1 1 1 0 0 0 2 0 1 0 1 1 1 0 0 0 1 0 0 0 0 1 0 0 0 1 0 0 0 1 0 1 1 0 0 0 0 0 
0 1 0 1 0 1 0 0 0 1 1 0 1 1 1 0 1 1 0 1 3 0 1 0 0 1 0 1 2 1 1 0 1 0 1 1 1 1 0 1 0 1 0 0 0 1 0 0 0 1 1 0 

# Size = 19 | Time = 826 ms
1 0 1 1 1 1 0 0 1 1 1 0 0 1 0 1 0 1 1 0 3 1 1 1 0 0 1 1 3 0 1 0 0 1 0 1 1 1 1 1 1 1 0 0 0 1 1 1 0 1 0 1 
0 1 1 0 0 0 1 1 0 0 1 0 1 0 1 1 1 0 1 0 2 1 1 0 1 0 0 0 2 1 1 0 1 1 1 1 0 1 0 0 0 0 1 1 0 0 1 0 0 0 0 1 
1 0 0 0 1 1 0 0 1 1 0 0 1 1 0 0 0 1 1 1 1 0 0 1 1 1 0 1 0 1 0 1 1 0 1 0 1 0 1 0 1 1 1 1 1 1 1 0 1 0 1 0 
0 0 0 1 0 1 1 0 0 1 1 1 1 0 1 0 1 1 0 1 2 0 1 0 1 0 1 0 1 0 1 0 1 0 0 0 1 1 0 1 1 0 0 0 0 1 0 0 0 1 1 0 
0 1 1 0 2 0 1 0 0 0 0 1 0 0 1 0 0 0 0 0 3 0 0 0 1 1 0 1 3 0 0 1 1 0 1 0 0 1 0 1 0 1 0 1 1 0 0 0 1 0 1 1 
0 1 0 1 2 1 0 1 1 1 0 1 1 0 0 0 0 0 0 1 3 0 0 1 0 1 1 1 2 0 0 1 0 0 0 0 0 0 1 1 0 1 1 1 0 1 0 1 0 1 0 1 
0 1 1 0 0 1 1 1 0 0 1 0 0 0 1 0 1 0 0 0 1 1 0 0 0 0 0 0 0 1 1 0 0 1 0 0 0 0 1 1 1 1 0 0 0 0 0 0 1 1 0 1 
0 1 1 0 1 0 0 1 1 0 0 1 0 1 1 0 0 1 1 0 2 1 0 1 0 1 0 0 1 1 0 1 0 1 1 1 1 0 0 0 0 1 1 1 1 0 0 1 0 1 0 1 
1 1 0 1 1 0 0 0 1 0 1 0 0 0 1 1 1 1 0 0 0 0 0 0 0 0 1 0 3 1 1 1 0 1 0 0 0 0 1 0 0 1 1 0 0 1 1 1 0 0 0 1 
1 0 1 0 2 0 1 0 1 0 0 1 0 1 0 0 1 1 0 0 0 1 1 1 1 1 1 1 2 1 1 0 0 0 1 1 1 0 0 1 1 0 0 0 0 1 0 0 1 0 1 0 
1 0 0 1 2 0 1 1 0 1 0 1 0 1 0 1 1 0 1 1 1 0 1 1 0 0 1 1 1 0 0 1 0 0 1 1 0 1 0 0 0 0 0 1 1 0 1 1 0 0 1 1 
0 1 0 1 1 1 1 1 0 1 1 1 1 1 1 1 0 0 1 1 0 1 1 1 0 1 0 1 0 0 0 0 1 1 0 1 1 1 0 0 0 0 1 1 1 1 1 1 0 1 1 0 
1 0 1 1 0 1 0 1 1 0 0 1 1 1 0 1 0 0 1 1 2 0 0 0 0 1 1 0 3 0 0 1 1 0 0 0 0 0 1 1 1 0 1 1 1 1 1 0 1 0 0 0 
0 1 0 0 1 0 0 0 0 0 1 1 0 1 0 0 0 1 1 0 1 1 0 1 1 1 1 0 2 1 1 1 1 1 1 0 1 1 1 1 0 0 0 1 1 1 1 1 0 0 1 0 
0 1 1 1 0 0 1 0 0 1 1 1 1 1 0 0 1 0 1 0 3 1 1 1 1 0 1 1 1 1 0 1 1 1 1 0 0 1 1 0 1 0 1 0 0 1 1 1 0 0 1 0 
1 0 0 0 2 0 0 1 0 0 1 0 0 0 0 0 0 0 1 0 2 1 0 1 1 1 1 1 0 1 0 1 1 1 1 1 1 0 1 1 1 0 0 1 1 1 1 1 0 0 0 0 
0 0 1 1 2 1 0 0 0 1 1 0 1 0 1 0 0 0 1 0 1 1 1 1 0 0 0 0 3 0 0 1 0 0 1 0 1 0 1 1 1 1 1 0 0 0 1 1 0 1 0 1 
1 1 0 0 0 0 1 1 1 0 0 0 0 1 1 1 0 0 0 0 0 1 1 1 1 1 0 0 1 1 0 0 0 1 1 1 1 1 0 1 0 0 1 1 0 0 1 0 1 0 1 1 
0 1 0 0 1 0 1 1 0 1 0 1 0 0 0 0 0 0 0 1 3 0 1 1 0 1 1 0 0 0 1 0 0 0 1 1 1 1 1 1 1 0 0 1 0 0 1 1 0 1 0 1 

# Size = 18 | Time = 925 ms
0 0 1 1 2 1 1 1 0 1 0 1 1 1 1 0 0 0 1 0 3 0 1 1 1 1 0 0 3 0 1 0 0 0 0 1 0 0 1 1 0 1 0 1 0 1 1 0 0 0 0 1 
1 0 0 0 2 0 1 0 1 1 0 1 1 0 0 0 1 1 0 0 3 1 0 0 0 0 0 1 2 1 1 1 0 0 1 1 1 0 0 1 1 0 1 1 0 1 0 0 1 0 1 1 
1 1 1 0 0 0 0 0 0 1 0 0 0 1 1 1 0 0 1 0 0 1 0 1 0 0 1 1 1 0 0 1 1 0 1 0 1 1 1 0 1 1 0 0 0 1 1 0 0 0 1 0 
0 1 0 0 1 1 1 1 1 1 1 0 1 0 1 0 0 0 0 1 1 0 1 0 0 0 0 0 2 0 1 1 0 1 0 0 0 0 1 0 0 0 1 1 0 0 0 1 0 0 0 1 
1 0 1 1 0 1 1 0 1 0 1 1 0 1 0 0 0 1 1 0 1 0 0 0 1 0 1 0 0 0 1 1 0 1 1 0 1 0 0 1 1 1 0 0 0 1 1 0 1 1 1 0 
1 0 1 0 1 1 0 1 0 0 1 0 1 1 0 1 1 0 1 1 1 1 1 1 0 1 0 1 0 1 0 0 1 0 0 1 0 1 1 0 0 1 0 1 1 1 1 1 0 0 1 1 
1 1 0 0 1 0 1 0 1 0 1 1 1 0 0 1 1 1 0 1 0 1 1 0 1 0 0 0 3 1 0 0 1 1 1 0 0 1 0 1 0 0 1 0 0 0 1 1 0 0 1 1 
1 1 0 1 0 1 1 0 0 0 1 0 0 0 0 0 1 1 0 1 2 0 1 0 1 1 0 1 1 1 1 1 1 1 0 0 0 0 1 1 0 0 1 0 0 1 0 1 0 0 0 1 
0 1 1 1 2 0 1 0 0 0 0 0 1 1 1 0 1 1 0 1 1 0 1 1 0 1 1 1 1 0 0 0 1 1 0 1 1 1 0 0 1 0 0 1 1 0 0 1 0 1 0 1 
0 1 0 1 2 0 0 1 0 1 0 1 0 0 1 0 1 0 0 0 0 1 1 1 0 1 1 1 0 1 0 1 0 1 1 0 0 0 0 1 1 0 0 0 0 1 0 1 0 1 0 0 
0 1 1 0 0 1 0 1 1 1 1 0 1 0 0 1 0 1 1 1 3 0 1 0 1 0 1 1 3 1 0 1 1 1 1 0 1 0 1 0 0 1 1 1 1 0 1 0 1 1 0 1 
0 0 0 1 2 0 0 0 0 1 1 0 0 1 1 0 1 0 1 1 1 1 0 1 0 1 0 0 3 0 1 1 1 1 0 0 0 0 1 1 1 0 1 1 1 1 0 0 1 1 0 0 
0 0 1 1 0 0 0 1 1 0 0 1 0 1 1 1 0 0 1 0 2 1 0 1 1 1 1 0 2 0 0 0 1 0 1 1 0 1 0 0 0 1 0 0 0 1 1 0 1 1 0 0 
0 0 0 0 1 1 1 1 1 1 0 1 1 0 1 1 1 0 0 0 2 0 0 1 0 0 1 1 0 1 1 0 0 0 0 0 1 1 0 1 1 1 1 1 1 0 1 0 1 1 1 1 
1 0 0 1 2 1 1 0 0 1 1 0 1 1 1 1 1 1 0 0 0 0 0 1 0 1 0 1 2 1 1 0 1 1 0 1 0 1 0 0 1 0 1 1 1 1 1 0 1 0 0 0 
0 1 0 1 1 0 0 1 1 0 1 0 0 1 1 0 1 0 1 0 3 0 0 0 1 1 1 0 0 0 1 0 0 1 1 0 1 1 1 0 0 1 1 0 0 1 0 1 0 1 0 0 
1 0 0 0 2 1 1 0 1 1 1 0 0 1 1 0 1 0 0 1 2 1 0 0 1 1 1 0 3 0 1 0 1 1 1 1 0 0 1 0 0 0 1 1 1 0 1 1 0 1 0 1 
0 0 1 0 1 0 1 1 1 1 0 1 1 1 1 0 1 1 0 0 3 0 0 1 1 0 0 0 1 0 1 1 0 0 0 1 0 0 1 0 0 1 1 0 0 0 1 0 1 1 0 1 

# Size = 19 | Time = 798 ms
1 0 1 1 0 1 1 1 0 0 1 0 1 0 0 0 1 1 0 0 2 1 0 0 0 1 0 0 3 0 1 1 0 0 0 1 0 1 0 1 1 0 1 1 1 0 0 0 0 0 0 1 
0 0 1 1 2 0 0 1 1 1 1 1 0 1 1 0 1 1 0 1 3 0 0 1 0 1 0 1 0 0 0 1 1 1 1 0 1 1 1 0 0 1 1 1 0 0 1 1 0 0 0 1 
0 1 0 1 0 1 1 1 1 0 0 1 1 0 1 1 1 1 1 0 1 1 0 0 1 0 1 0 0 1 0 0 1 0 1 0 0 1 1 1 0 0 0 0 0 1 1 0 1 0 1 0 
1 0 1 1 0 1 1 1 0 0 1 1 1 1 0 0 0 1 0 1 0 0 0 0 0 1 1 0 2 0 0 0 1 0 0 0 1 1 1 1 1 0 0 1 0 1 0 0 0 0 0 1 
1 0 0 1 1 1 0 0 1 1 1 1 1 0 0 0 1 0 0 1 2 1 1 0 0 1 0 1 0 0 1 1 0 0 1 1 0 1 1 0 0 0 0 0 0 0 1 0 1 0 0 1 
0 1 0 1 0 1 0 0 1 0 0 1 1 0 1 0 0 0 1 0 0 1 0 0 1 1 1 0 3 1 1 1 1 0 1 1 0 1 0 0 1 1 0 0 0 1 0 0 1 1 0 1 
1 1 0 1 2 1 1 1 0 1 1 0 0 0 0 1 1 0 1 1 1 0 1 0 1 0 1 0 2 0 1 1 1 0 0 1 1 0 1 1 1 0 0 1 1 1 1 0 0 0 1 1 
1 0 1 0 1 0 1 0 0 0 0 1 1 1 0 0 1 1 0 0 1 1 0 1 0 0 1 1 3 1 0 0 1 1 0 0 1 0 1 1 1 1 1 1 1 1 0 1 0 1 0 0 
0 0 1 0 2 1 0 0 0 1 0 0 1 1 0 1 0 0 1 0 3 0 1 0 1 1 1 0 2 1 0 0 0 1 1 0 0 0 0 0 0 0 1 0 0 0 1 1 0 1 1 1 
0 0 1 0 1 0 0 1 1 0 0 0 0 0 1 0 1 0 0 1 0 0 1 1 0 0 0 1 0 0 1 1 0 1 0 1 0 0 0 0 0 0 0 1 1 0 0 1 0 0 1 1 
0 1 0 0 1 0 0 1 0 1 1 0 0 1 1 1 0 0 1 1 1 1 0 0 0 1 0 0 0 1 1 0 0 1 0 1 1 1 0 0 1 1 1 0 0 1 1 1 0 1 0 0 
0 1 1 1 1 1 1 1 1 1 0 1 1 1 1 0 0 1 1 0 0 0 1 0 1 1 1 0 1 0 1 1 1 1 1 0 0 1 0 0 0 0 1 1 1 1 1 1 0 1 1 0 
1 1 0 0 0 0 0 0 0 1 1 0 0 0 0 1 1 0 0 0 1 1 1 1 0 0 0 0 1 1 0 0 0 1 0 1 1 0 1 1 1 1 1 0 0 0 1 0 1 0 0 1 
1 1 1 0 1 0 1 0 1 0 0 1 0 1 1 1 0 1 0 0 2 1 0 1 1 0 1 1 2 1 0 0 1 1 1 0 1 0 1 0 0 1 0 1 0 1 1 0 1 1 0 0 
0 0 0 0 2 0 0 0 1 0 1 1 0 1 0 1 1 1 1 1 0 1 1 1 1 0 1 0 3 0 1 1 1 0 1 1 0 0 1 1 0 1 1 0 0 1 1 0 1 0 1 0 
1 1 0 0 1 1 1 0 1 0 1 1 0 0 1 0 1 1 0 0 3 1 1 1 1 0 0 0 2 0 1 0 0 0 0 1 1 0 0 1 1 1 0 1 1 1 0 0 1 1 1 0 
0 0 0 1 2 0 1 1 1 0 0 1 0 0 0 0 1 0 1 1 2 0 0 1 0 0 0 1 1 0 0 1 1 0 1 0 1 0 1 0 0 0 0 0 0 0 0 1 0 0 1 1 
0 0 1 1 0 0 0 1 1 1 1 0 1 0 0 0 0 1 1 1 3 0 1 0 1 0 1 1 3 0 0 1 1 0 1 1 0 0 1 0 1 1 0 1 1 1 0 1 0 1 0 1 
1 0 0 1 0 0 0 1 0 0 0 1 1 0 1 0 1 0 1 0 3 0 0 1 0 0 0 1 1 1 0 1 1 0 0 0 0 1 1 0 0 1 1 0 0 0 1 0 1 0 1 1 

# Size = 19 | Time = 927 ms
1 1 0 1 2 0 0 0 0 1 0 0 0 1 1 0 0 1 1 1 1 0 0 1 1 1 1 0 0 1 0 0 1 1 0 0 0 1 0 1 1 1 1 1 1 1 1 0 1 0 0 1 
1 1 1 1 2 1 1 0 0 0 1 0 0 1 1 0 1 0 1 0 0 1 1 0 0 0 1 0 2 1 1 1 0 1 1 1 1 0 1 1 1 1 0 0 0 0 1 0 0 1 1 1 
1 1 0 1 2 1 1 0 0 1 1 1 0 0 0 1 1 0 1 1 3 1 0 1 1 1 1 1 1 0 1 0 1 1 1 1 1 1 0 0 1 0 1 1 1 1 1 1 0 1 1 0 
1 1 0 0 1 0 0 1 0 0 0 0 1 0 1 0 0 1 1 0 3 1 1 1 1 0 0 0 1 1 0 1 0 0 0 0 0 0 1 1 1 0 1 1 1 0 1 0 0 0 0 1 
1 0 0 1 0 1 1 0 0 0 1 0 0 1 0 0 0 1 0 1 2 1 0 0 0 1 0 0 3 0 0 0 0 0 0 0 0 0 0 1 1 1 1 0 0 1 0 0 0 1 0 0 
0 0 0 0 2 1 0 0 0 0 0 0 1 0 0 0 0 1 0 1 1 1 1 1 1 0 0 1 2 0 0 0 1 0 1 0 0 0 0 0 0 0 0 1 0 0 0 1 0 1 1 1 
0 0 0 1 1 1 0 0 0 0 1 0 0 0 0 1 0 0 0 0 0 0 0 0 1 1 1 1 0 0 0 1 1 1 1 0 0 0 0 0 1 0 0 1 0 0 1 1 0 1 0 1 
1 0 0 0 0 1 0 0 1 0 1 1 1 0 1 0 0 1 0 1 1 1 1 0 1 1 1 0 1 0 1 1 1 1 0 0 0 1 1 0 0 1 0 1 0 1 0 1 0 1 0 1 
0 1 1 0 1 0 0 1 1 1 0 1 1 0 1 0 1 0 0 0 3 0 0 1 0 0 0 1 3 0 1 1 1 1 0 0 1 1 1 1 0 0 1 1 0 1 0 0 1 0 1 0 
0 1 1 1 1 0 1 1 1 1 1 0 0 0 0 1 0 1 0 0 2 0 1 0 0 1 0 1 2 1 0 1 0 0 0 1 1 1 1 1 1 1 0 1 1 1 1 0 1 0 1 0 
0 1 1 0 0 0 1 1 1 1 0 1 1 0 0 0 1 1 0 0 0 1 1 1 0 0 0 1 0 1 1 0 1 0 0 1 1 0 1 0 0 0 1 0 0 1 0 0 1 0 1 0 
0 0 1 0 1 0 1 1 1 1 0 1 0 1 1 1 1 0 0 0 1 1 0 0 0 0 1 0 3 1 0 0 0 0 1 1 1 1 0 0 0 0 0 0 0 1 1 1 0 1 0 0 
0 0 1 1 1 1 0 1 0 0 1 1 1 1 0 1 1 1 1 1 3 0 0 0 0 1 0 1 1 1 1 0 0 0 1 1 0 0 0 1 0 1 0 0 0 0 1 0 1 1 0 1 
1 0 0 0 2 1 0 1 1 1 0 1 1 0 1 1 1 0 1 1 2 1 0 1 1 0 1 1 1 1 1 1 1 1 1 1 0 1 1 1 0 0 1 0 0 0 1 1 0 0 0 1 
0 0 1 0 2 1 1 1 1 0 1 0 1 1 0 0 0 1 1 1 0 0 1 0 1 0 0 0 3 0 0 0 0 1 1 0 0 1 1 0 0 0 0 1 1 0 0 0 1 1 0 1 
1 1 0 1 0 1 0 1 1 0 0 0 1 0 1 1 1 0 1 0 3 0 0 1 1 0 1 1 0 0 1 0 0 0 1 1 1 1 0 1 1 0 0 1 1 0 1 0 1 1 0 1 
1 0 1 1 0 0 1 1 1 0 1 1 1 0 1 1 0 0 1 1 3 1 0 1 0 0 0 0 2 0 0 0 0 1 0 1 1 1 0 1 1 1 1 1 1 0 1 0 1 0 0 1 
1 1 1 0 1 0 1 1 0 0 1 1 1 1 0 1 1 1 1 1 0 0 1 1 1 1 0 1 1 0 1 1 1 0 0 0 0 1 0 0 1 1 1 1 1 1 1 0 1 1 0 0 
1 0 0 1 1 0 1 0 0 1 1 0 0 0 0 0 0 0 1 0 2 0 0 1 0 0 0 1 0 1 0 0 0 0 0 1 1 1 0 0 1 1 0 0 0 0 0 1 0 0 0 1 

# Size = 21 | Time = 888 ms
1 1 1 0 2 1 1 1 0 0 0 0 0 0 0 0 1 1 0 1 0 0 0 0 0 1 1 0 3 1 0 0 0 0 1 1 0 0 1 0 0 0 0 0 0 0 1 0 0 0 0 1 
0 0 1 0 0 1 0 1 1 1 1 1 1 1 1 1 1 1 0 0 2 0 0 1 1 0 0 1 0 0 0 1 0 0 0 0 0 1 1 0 0 1 1 1 1 1 1 1 0 0 1 1 
1 0 0 0 0 1 0 0 1 0 1 0 1 1 1 0 1 1 0 1 3 0 1 0 1 0 1 1 1 1 0 0 0 1 1 1 1 0 0 0 0 0 0 0 0 1 0 0 0 0 0 0 
1 0 0 0 2 1 1 0 1 0 0 0 1 1 1 0 0 1 0 0 3 1 1 0 0 1 1 0 3 1 0 0 1 1 1 1 1 0 1 1 1 1 1 1 0 1 1 0 0 1 0 0 
1 0 0 0 1 0 0 1 1 0 1 1 1 0 1 1 1 0 1 0 3 1 0 0 1 1 1 0 2 1 1 0 0 1 1 0 0 1 0 1 0 1 1 0 0 0 1 0 1 0 1 1 
0 1 0 0 1 0 0 0 1 0 0 0 0 0 1 1 0 0 0 0 1 0 0 1 0 1 1 0 0 0 0 1 1 1 0 1 0 1 0 1 1 1 0 0 0 1 1 0 0 0 0 1 
0 1 1 1 1 0 0 1 0 1 0 0 1 1 0 1 1 0 1 1 3 1 1 1 0 0 0 0 1 0 1 1 1 0 1 0 1 1 0 1 0 0 0 1 1 0 1 1 0 1 0 1 
0 0 1 1 2 1 1 0 0 1 1 1 0 1 0 0 0 1 1 1 1 1 1 0 0 1 1 1 2 0 1 0 0 0 1 0 1 0 0 0 1 0 1 1 1 1 0 1 0 1 1 0 
0 0 0 1 0 1 1 0 0 1 0 0 1 1 1 0 1 0 1 1 0 1 1 0 1 1 0 1 0 0 1 0 1 1 1 1 1 0 0 1 1 0 1 1 1 1 0 1 0 1 1 0 
1 1 1 1 1 0 0 1 0 1 0 0 0 0 0 1 0 0 0 0 2 1 0 1 1 1 0 1 3 0 1 0 1 1 1 0 1 0 0 0 1 0 0 0 0 0 1 1 0 1 0 1 
1 1 1 1 2 1 0 0 0 0 0 0 0 0 0 0 1 1 1 1 1 0 1 1 1 0 0 1 0 1 0 1 1 0 0 1 0 0 1 0 1 0 1 1 1 0 0 0 1 0 1 1 
0 0 1 1 1 1 1 1 0 0 0 1 0 0 0 0 0 1 0 1 3 0 0 1 1 1 1 1 1 1 1 0 0 0 0 1 1 1 1 1 1 1 1 0 0 1 0 1 0 1 1 0 
0 1 0 1 0 0 1 1 1 1 0 0 0 0 0 0 0 0 0 0 1 0 1 1 0 0 0 0 2 0 0 1 1 1 0 0 1 1 1 1 0 1 0 1 1 0 1 0 1 1 0 1 
0 1 0 1 2 1 1 0 0 1 1 1 1 1 1 1 1 0 1 0 1 1 0 0 0 0 1 0 3 1 1 1 1 0 0 0 0 1 1 1 1 1 0 1 1 1 1 0 1 1 1 0 
1 1 0 1 2 0 1 0 1 0 1 0 1 0 0 0 1 1 1 1 2 1 1 0 0 0 1 0 2 1 1 1 0 0 0 1 1 1 0 1 0 0 1 1 1 1 0 0 1 1 0 0 
1 1 1 1 2 0 0 1 0 0 1 1 1 1 1 1 0 1 1 1 3 0 0 0 0 0 0 0 0 1 1 1 0 1 0 1 0 0 1 0 1 0 0 1 1 1 1 1 0 0 1 0 
1 0 1 1 1 0 0 0 1 1 1 1 1 1 0 1 0 0 1 0 0 0 0 1 0 0 1 1 1 1 0 1 0 1 0 0 0 1 0 1 1 1 0 1 1 1 1 0 1 1 0 0 
1 0 1 1 0 0 1 1 1 1 1 0 1 0 0 0 0 0 1 0 2 0 0 1 0 0 0 0 3 0 1 1 1 1 1 1 1 0 1 0 0 0 0 0 0 1 0 0 1 0 1 0 
1 0 1 0 1 0 0 0 0 1 0 1 1 1 0 0 0 0 1 1 0 0 1 0 0 1 1 1 2 1 0 0 1 1 0 1 0 0 0 0 1 0 0 0 0 0 1 0 1 1 0 1 
0 1 1 1 2 1 0 1 0 0 1 0 0 0 1 1 1 0 1 0 2 0 1 1 0 0 0 0 1 0 0 1 1 0 0 0 1 1 0 1 1 0 0 1 0 0 1 1 0 1 1 1 
1 1 1 1 2 1 0 1 0 0 1 0 0 1 0 1 0 1 0 0 1 0 0 0 0 0 1 1 1 0 1 1 1 1 0 0 1 0 0 0 1 1 1 0 0 1 1 1 0 1 0 0 

