# Size = 23 | Time = 12186 ms
1 0 0 1 1 0 0 1 1 1 0 0 1 1 0 1 1 1 0 1 1 0 0 1 0 1 0 1 0 1 1 1 0 1 0 1 1 1 0 0 0 1 1 1 1 0 1 0 0 1 0 1 
0 1 0 0 0 1 1 0 0 0 0 1 0 0 1 0 0 0 1 0 0 0 1 0 1 0 1 0 2 0 0 0 1 0 0 0 0 0 0 1 1 0 0 0 0 1 0 0 1 0 1 0 
1 1 1 0 2 1 0 0 0 1 1 1 0 1 1 0 1 1 1 0 2 1 1 1 0 1 0 0 3 1 0 1 0 0 1 1 0 1 1 1 0 0 1 1 0 0 0 1 0 0 0 1 
0 0 1 1 0 0 0 0 1 0 1 0 0 0 0 1 0 0 0 1 3 1 0 0 1 0 1 0 1 0 1 0 0 1 1 0 1 0 1 0 0 1 0 0 0 1 1 1 0 1 0 0 
0 1 0 0 2 1 1 1 0 0 1 1 1 1 0 1 1 0 0 0 3 1 0 0 1 1 0 1 1 0 0 1 1 1 1 1 1 1 1 1 1 1 0 1 1 0 1 0 1 0 1 1 
1 0 1 1 1 0 1 1 1 1 1 0 1 0 0 0 0 1 1 1 0 0 0 1 0 0 0 1 3 0 0 0 1 0 1 0 0 0 0 0 1 0 1 0 0 1 0 0 1 0 1 0 
0 0 0 0 2 1 1 1 0 1 1 1 1 0 1 0 0 0 0 1 1 1 1 0 0 0 1 0 0 1 1 0 1 0 0 0 0 0 0 0 1 1 0 1 1 0 0 1 0 1 1 1 
0 1 0 1 1 0 0 0 1 0 0 0 1 1 1 1 1 1 0 0 2 0 1 1 1 0 1 1 2 0 1 1 1 1 1 0 0 1 0 1 0 0 0 0 0 1 1 0 1 1 0 0 
1 0 1 0 0 0 1 1 0 1 0 0 0 0 1 0 1 0 1 0 0 0 0 1 1 1 1 1 2 1 0 1 0 1 0 1 1 0 1 0 0 0 1 1 1 1 0 1 0 1 0 0 
1 1 1 1 2 0 0 0 0 0 0 1 0 1 0 1 0 0 1 0 1 0 0 0 1 1 0 1 0 1 0 0 0 0 1 1 0 1 1 0 0 0 1 0 0 1 1 0 1 0 1 0 
1 1 0 0 1 1 0 0 1 0 0 1 0 1 0 0 0 0 1 1 2 1 1 0 1 1 1 0 3 0 1 1 0 0 0 0 1 0 0 1 1 1 0 0 0 0 1 0 0 0 0 1 
0 0 0 1 0 1 0 0 1 0 0 0 1 1 1 0 0 1 1 1 3 0 1 0 0 0 0 0 1 1 0 0 0 0 0 1 0 1 0 0 0 0 1 0 0 0 0 0 0 0 1 1 
0 0 0 1 2 0 0 0 0 1 1 0 0 0 0 1 1 0 0 0 0 1 1 0 0 0 0 0 2 1 1 0 1 0 0 1 1 1 0 1 0 1 0 0 0 0 1 1 0 0 1 1 
1 0 0 0 1 0 1 0 0 1 0 0 1 0 0 0 1 0 1 0 2 1 0 1 0 0 0 1 1 0 1 0 0 0 0 0 1 0 1 0 1 0 0 1 1 1 0 1 0 0 1 1 
0 1 0 0 2 1 1 0 1 1 0 0 0 0 0 1 0 0 0 0 3 1 0 1 0 1 0 1 3 0 1 0 0 1 1 0 0 1 1 0 0 0 0 1 1 0 1 0 0 1 1 1 
0 0 0 0 0 0 1 1 0 0 0 1 0 1 1 1 1 1 0 1 2 0 0 0 0 1 0 0 0 0 0 0 0 0 0 0 1 1 0 1 1 0 1 0 0 0 1 1 0 1 0 1 
0 0 0 1 0 0 0 0 0 0 1 1 0 0 0 0 0 0 1 1 1 0 0 1 0 1 0 1 3 0 1 0 1 0 0 1 0 1 0 1 0 0 1 1 0 1 0 0 1 1 0 0 
1 1 1 1 1 1 1 0 0 0 0 0 0 0 1 0 0 0 1 1 3 0 0 0 0 1 1 1 2 1 1 1 0 0 1 1 1 1 0 1 1 0 1 0 0 1 0 1 0 1 0 0 
0 0 1 1 2 0 0 1 0 1 0 1 1 1 1 0 1 1 0 1 0 1 0 1 0 1 1 0 1 1 1 1 0 1 0 1 1 0 0 0 1 0 1 0 0 1 1 1 0 0 0 1 
1 1 0 1 2 0 1 1 1 0 0 1 0 0 0 1 1 1 0 0 3 0 1 1 0 1 1 1 0 0 0 1 1 0 1 1 0 0 1 1 0 0 0 1 0 0 1 1 0 1 0 1 
0 1 1 1 0 1 1 0 1 0 0 1 1 0 1 0 1 1 0 0 0 0 1 0 1 0 0 1 0 1 1 0 1 0 0 1 1 1 1 0 1 0 0 0 0 1 1 0 0 0 0 1 
1 0 1 1 2 0 1 0 0 1 0 1 1 0 1 0 1 0 1 1 1 1 0 1 1 0 0 0 1 1 1 1 0 1 0 1 1 1 1 0 0 1 1 1 0 1 0 1 0 0 1 1 
1 0 1 1 2 1 0 1 1 0 1 0 0 1 0 0 1 0 1 0 1 0 1 1 0 1 0 0 2 1 1 0 1 1 0 0 1 0 1 0 0 0 1 1 1 0 1 1 0 1 1 1 

# Size = 26 | Time = 15921 ms
1 0 1 0 1 1 1 1 1 0 1 0 1 0 1 0 0 1 0 0 0 0 0 0 0 0 1 1 0 0 1 0 0 0 1 1 0 1 0 1 1 1 0 0 0 1 1 1 0 0 0 1 
0 0 0 1 0 0 0 0 0 1 0 1 0 0 0 1 0 0 1 0 1 1 1 1 1 1 0 0 2 1 0 1 1 0 0 0 0 0 1 0 0 0 1 0 0 1 1 0 1 0 0 0 
0 1 0 0 0 1 1 1 0 0 0 0 0 1 0 0 1 0 0 1 3 0 0 1 0 0 0 0 1 0 0 1 0 1 0 0 1 0 1 1 0 1 0 1 1 0 0 0 0 1 1 1 
1 1 1 1 2 0 1 0 0 1 0 1 1 0 1 0 1 1 0 1 2 1 1 0 1 1 0 0 3 1 1 0 1 1 1 1 1 1 0 0 1 1 1 1 1 0 0 0 1 1 0 1 
1 1 0 1 2 1 0 0 1 1 1 1 0 1 1 1 1 1 1 0 2 0 1 0 1 0 1 1 3 0 0 0 0 0 0 0 1 0 0 0 0 0 0 1 1 1 1 1 0 1 1 0 
0 0 1 0 1 0 0 0 1 0 0 0 1 1 0 1 1 0 1 1 0 1 0 1 0 1 1 1 0 1 1 1 1 1 0 1 0 1 1 1 0 0 0 0 0 0 1 1 0 0 1 1 
0 1 0 0 2 0 0 1 1 0 1 0 1 1 0 0 0 0 1 1 3 0 0 0 1 1 0 1 1 1 0 1 0 0 1 1 0 1 0 0 1 0 1 0 0 1 0 0 1 0 1 0 
0 0 1 1 0 1 1 1 0 0 1 0 0 1 1 0 0 1 0 0 1 1 1 0 0 0 1 1 2 0 1 0 1 1 1 0 1 1 1 1 1 0 1 1 1 0 0 1 0 1 0 1 
1 1 0 0 1 1 0 1 0 1 1 1 0 0 0 0 0 0 0 0 0 0 1 1 0 1 0 0 0 0 0 0 1 1 1 0 1 0 1 0 1 1 0 1 0 1 0 0 1 1 1 0 
0 0 0 1 0 0 1 1 1 0 1 1 1 0 1 1 0 1 0 0 3 1 0 1 0 0 1 0 3 0 1 1 0 0 0 1 0 0 0 1 1 0 0 1 1 1 1 1 0 0 0 0 
0 0 1 1 2 0 0 0 0 0 0 0 0 0 0 1 0 1 1 0 2 1 0 1 0 0 0 0 1 1 0 0 0 0 1 1 1 0 1 1 0 1 1 0 0 1 1 1 0 0 0 0 
1 1 0 0 1 1 1 1 0 1 0 0 0 0 0 0 0 1 1 1 1 0 0 0 1 0 1 0 2 1 0 1 0 1 0 1 0 1 0 1 1 1 0 0 0 1 1 0 1 1 1 0 
1 1 1 1 1 0 0 0 1 1 0 1 0 0 1 0 1 0 0 0 3 1 1 0 0 0 1 1 1 0 1 0 1 0 0 0 1 0 0 0 1 0 1 1 1 0 1 0 1 1 0 1 
1 1 1 0 0 0 0 1 1 0 1 0 1 0 0 0 0 0 0 0 2 1 1 0 0 1 0 0 3 0 0 1 0 1 1 0 0 0 1 0 0 0 0 0 0 1 0 1 0 1 0 0 
0 0 0 1 2 0 0 0 1 1 0 1 1 0 1 0 0 0 1 0 0 0 1 0 1 0 0 0 0 1 0 1 0 0 0 0 0 0 0 0 0 0 1 1 1 1 0 0 0 0 0 0 
1 1 1 1 2 1 0 1 1 1 0 1 1 1 0 1 1 1 0 1 1 1 1 0 1 1 0 1 2 0 0 0 1 0 0 1 0 0 0 0 0 1 1 1 1 1 1 1 0 1 1 0 
0 1 1 0 0 1 1 1 0 1 0 1 1 1 1 0 1 0 0 1 2 1 1 1 0 1 1 1 0 1 0 0 0 0 1 0 0 0 1 1 1 1 0 0 0 1 1 1 0 1 0 0 
0 0 0 0 0 1 0 0 1 1 0 1 1 1 1 0 0 0 0 1 0 0 1 1 0 1 1 1 3 0 1 0 0 0 1 0 1 0 0 0 0 0 1 0 0 1 1 0 1 0 0 0 
1 1 1 0 1 0 1 0 0 0 0 1 0 0 0 0 0 0 0 0 2 0 0 0 1 1 0 0 2 0 1 0 0 0 0 1 0 0 1 0 1 1 0 1 0 0 1 0 1 0 1 1 
0 0 0 1 1 1 1 1 0 0 1 1 0 0 1 0 0 1 1 0 1 1 0 1 1 1 0 1 3 0 1 1 0 1 1 1 1 0 0 1 1 0 1 1 1 1 1 0 1 0 0 1 
0 1 0 1 1 0 1 1 1 1 1 0 0 0 0 1 1 1 0 1 1 0 0 0 0 0 1 0 0 0 1 1 1 1 0 1 0 1 1 0 0 1 1 0 0 1 1 0 0 0 0 0 
0 1 0 1 2 1 1 0 0 0 0 0 0 0 0 1 1 0 0 1 3 1 0 1 0 1 0 0 2 0 0 0 0 1 0 0 1 1 1 0 1 0 1 0 0 1 1 0 0 0 0 0 
1 0 0 1 2 1 1 0 0 0 1 1 1 1 1 0 1 0 1 0 3 1 1 0 1 0 1 0 0 1 0 0 0 0 0 1 0 1 1 0 1 1 1 0 0 1 1 0 0 0 1 0 
0 0 0 1 0 1 0 1 0 1 1 1 0 1 0 0 1 1 1 0 0 1 0 1 1 0 1 0 1 0 0 1 0 1 0 0 1 1 1 0 1 0 0 1 0 1 1 0 0 0 1 0 
1 1 1 0 1 0 1 1 0 1 0 0 0 1 0 0 0 0 1 0 1 1 1 1 1 0 1 0 1 1 1 0 0 0 1 1 0 0 1 0 1 0 0 0 0 1 0 0 1 0 1 0 
0 1 1 1 0 1 1 1 0 1 1 0 0 1 0 0 0 1 1 1 0 1 0 1 0 1 1 0 2 1 0 1 0 1 0 0 1 0 0 1 0 0 1 0 0 1 1 0 1 1 0 0 

# Size = 23 | Time = 16044 ms
1 0 0 0 2 1 1 1 1 1 1 1 0 1 0 1 0 1 0 0 2 1 0 1 0 0 0 0 3 0 0 0 1 0 0 1 1 1 1 0 0 1 1 1 1 1 1 0 1 1 0 1 
0 0 1 1 1 0 0 0 0 0 0 0 0 0 1 0 1 0 0 0 0 0 1 0 1 1 1 1 0 1 1 1 0 0 0 0 0 0 0 1 1 0 0 0 0 1 0 0 0 0 0 0 
0 1 0 0 0 0 0 0 0 1 1 0 1 1 0 0 1 0 1 1 1 1 0 0 0 0 0 0 1 0 1 0 0 1 1 0 1 0 1 0 0 1 0 0 0 0 0 1 0 0 1 1 
1 1 1 1 0 1 1 0 1 0 0 1 1 0 1 1 0 1 1 1 3 0 1 0 0 1 1 0 2 1 0 1 1 1 1 1 0 1 0 1 1 0 1 1 1 0 1 0 0 0 1 1 
0 1 1 1 2 0 0 1 0 0 0 0 0 1 0 1 0 1 1 1 3 0 1 1 1 1 0 1 3 0 0 0 0 1 1 0 1 1 0 0 0 0 0 1 0 1 1 1 0 1 0 0 
1 0 0 0 1 1 0 1 1 0 1 1 1 0 1 0 0 0 0 1 1 1 0 1 1 0 1 1 1 1 1 1 1 0 1 1 0 0 0 1 1 1 1 1 0 1 0 0 1 1 0 0 
0 0 1 0 1 0 1 1 1 1 0 1 1 0 0 0 1 1 0 0 0 0 1 1 1 0 0 1 0 0 0 1 1 1 0 1 0 0 1 1 0 1 1 1 1 0 1 1 0 0 1 1 
1 1 1 1 2 0 1 0 0 1 1 0 0 1 1 0 1 0 1 0 2 0 0 0 1 1 1 0 2 1 0 1 0 0 0 0 1 0 1 0 1 0 1 0 0 1 0 0 1 0 1 0 
1 0 0 1 0 1 0 1 1 0 0 1 0 0 1 1 1 0 0 0 0 1 0 0 0 0 1 1 2 0 1 0 0 0 1 1 0 1 1 0 1 0 0 0 0 0 1 1 0 1 0 1 
0 1 0 0 1 1 1 0 1 1 0 0 1 1 1 0 1 1 0 1 3 1 1 1 0 1 0 0 0 1 1 0 0 0 0 0 1 1 0 0 0 1 0 1 1 1 0 0 1 1 1 0 
0 0 0 0 0 1 0 0 0 0 0 1 1 0 0 0 0 0 1 0 2 0 1 1 1 1 1 1 3 1 1 1 1 1 0 0 0 0 0 1 0 0 0 0 0 0 0 0 1 0 0 1 
0 0 1 1 2 0 1 1 0 1 0 0 0 1 0 0 0 1 0 0 1 0 1 0 0 0 0 1 1 0 0 0 0 0 0 1 0 1 0 1 1 0 0 0 0 1 1 0 0 0 0 0 
1 0 0 1 0 1 0 1 1 1 1 0 0 0 1 1 0 0 1 0 3 0 0 0 0 0 0 0 0 0 0 0 1 0 1 0 1 0 1 1 1 1 0 0 0 1 1 0 0 0 0 0 
0 1 1 0 2 1 0 0 0 0 1 1 1 0 0 0 0 0 1 0 0 1 1 1 0 1 0 0 2 1 1 0 0 1 1 1 1 1 0 0 0 1 0 1 1 1 0 1 0 1 1 0 
0 0 0 0 1 1 0 0 0 0 1 0 0 0 1 1 1 0 1 1 2 1 1 0 0 0 0 0 3 0 1 1 1 0 1 0 0 0 0 0 1 0 1 0 0 1 1 1 0 1 1 1 
0 0 1 0 2 1 1 1 1 0 0 0 0 1 0 1 1 1 0 1 0 0 1 0 1 1 1 0 1 1 1 0 1 0 0 0 0 1 0 0 1 0 0 1 1 0 1 0 1 0 1 1 
0 0 0 1 2 0 0 1 1 0 0 1 0 1 1 1 1 1 1 0 1 1 1 0 0 1 0 0 0 0 0 0 1 0 1 1 1 0 0 1 1 0 1 1 1 1 1 0 1 0 1 1 
0 1 1 1 1 1 0 1 1 0 0 1 0 1 1 0 0 0 1 0 1 1 0 0 0 0 0 0 2 1 1 1 1 0 0 0 1 0 0 1 1 1 1 1 1 0 0 0 1 0 1 1 
1 0 0 1 2 1 1 0 0 1 0 1 1 1 0 0 0 1 0 1 3 1 1 1 1 0 0 0 1 1 1 0 0 0 1 0 1 1 1 0 1 1 1 0 0 0 1 0 0 1 0 1 
1 1 0 1 0 1 1 0 1 1 1 1 0 1 0 1 0 0 0 0 2 0 0 1 1 0 1 1 0 0 0 1 0 0 0 1 1 1 0 1 0 1 1 1 1 1 1 0 0 0 1 0 
1 0 0 1 0 0 1 0 1 1 0 1 0 1 1 0 0 0 1 0 2 0 1 1 0 1 0 0 1 0 0 0 0 0 0 1 1 1 1 1 0 1 1 1 0 0 0 0 1 0 1 1 
1 1 0 0 2 1 1 1 0 1 1 1 0 0 0 1 1 1 0 0 0 1 0 1 0 0 1 0 3 0 0 1 0 1 0 0 1 0 1 0 1 1 1 1 1 0 1 0 1 0 1 1 
1 1 1 0 0 1 1 1 0 1 1 1 0 0 1 0 1 1 1 1 1 0 1 1 1 0 0 0 3 0 0 0 1 0 1 0 0 1 1 0 1 0 0 1 0 1 1 1 0 1 0 1 

# Size = 22 | Time = 13758 ms
1 0 1 0 0 0 1 1 0 0 0 0 0 1 1 0 1 1 1 0 2 1 0 0 1 1 1 0 2 1 0 0 0 1 1 0 1 1 0 1 0 0 0 0 0 1 0 1 0 0 1 0 
0 0 0 1 0 1 0 0 1 1 0 1 1 0 0 1 0 0 0 1 3 0 1 1 0 0 0 1 3 0 1 0 1 0 0 1 0 0 0 0 1 1 1 1 1 0 1 0 1 1 0 1 
1 1 0 0 1 1 0 0 0 0 1 0 0 0 0 1 0 1 0 0 1 1 0 0 0 1 0 0 0 1 0 1 0 0 0 1 1 1 1 0 0 1 0 1 1 0 1 0 0 0 0 1 
0 1 1 1 2 0 1 1 1 0 1 0 1 1 1 0 0 0 1 1 0 0 1 1 0 0 0 1 1 0 1 1 0 1 0 0 0 0 1 1 0 0 0 0 0 1 0 0 1 1 0 0 
0 1 0 0 2 1 1 0 0 1 1 1 1 0 1 0 1 0 0 0 0 0 1 0 1 0 1 0 1 0 0 1 1 1 1 0 1 1 1 0 1 1 1 1 0 0 0 1 0 1 1 1 
1 1 0 1 1 0 0 1 1 1 0 1 0 1 0 0 1 1 1 1 3 1 0 0 1 1 1 0 0 1 1 0 1 0 1 1 0 0 0 1 0 0 1 0 0 1 1 1 0 0 1 0 
0 0 1 0 2 0 1 0 0 1 0 0 1 0 1 0 1 1 1 0 1 1 0 1 1 1 1 1 3 1 0 1 1 0 0 1 1 0 1 1 1 0 0 1 1 1 0 0 1 0 1 0 
1 0 1 0 1 0 0 0 0 0 0 1 0 1 0 1 0 0 0 1 2 0 1 1 0 0 1 1 2 0 1 1 0 1 1 1 0 1 1 0 1 1 1 0 0 0 1 1 0 1 0 1 
0 0 1 1 2 1 0 1 1 0 1 0 0 0 1 1 0 0 1 0 2 0 0 1 1 0 0 0 0 0 0 0 1 1 1 0 0 1 0 0 0 0 1 1 1 1 1 0 1 0 1 1 
1 0 1 1 1 1 1 1 1 1 0 1 0 1 0 1 1 0 0 1 1 0 1 0 0 0 0 0 3 1 1 1 0 1 1 0 1 1 0 1 0 1 0 0 0 1 1 0 1 0 0 0 
1 0 0 1 0 1 0 1 0 1 0 0 0 1 0 1 0 1 0 1 0 1 1 1 1 1 0 0 1 0 0 0 0 0 0 1 0 0 1 1 0 0 1 1 1 0 1 1 0 0 0 1 
1 1 0 0 1 0 0 1 0 1 1 0 1 0 1 0 0 1 1 0 3 0 0 0 1 1 0 0 2 1 1 1 1 0 0 0 0 0 1 0 1 1 0 1 1 1 0 0 1 1 0 0 
1 0 1 0 2 1 1 0 1 0 0 0 0 0 0 0 0 0 0 1 3 1 1 0 0 0 1 1 0 1 0 1 0 1 0 0 1 0 0 0 0 1 0 0 0 1 0 0 1 1 1 1 
0 1 0 0 0 1 1 0 1 0 1 0 0 1 0 0 0 1 1 1 1 1 0 0 1 0 0 0 3 0 0 0 0 0 0 1 0 1 1 1 0 0 1 1 0 0 0 1 0 1 0 1 
0 1 0 0 1 0 1 0 0 1 0 0 1 0 0 0 1 0 0 0 2 0 0 0 0 0 0 1 1 1 0 0 1 0 0 1 1 0 0 0 0 1 0 0 0 0 0 0 1 0 0 1 
0 0 0 1 1 1 1 1 1 0 0 0 1 0 1 0 0 0 0 1 0 0 0 1 0 1 1 0 2 1 0 0 1 0 0 0 0 0 0 1 1 1 0 0 0 0 0 0 1 1 0 1 
0 1 0 1 0 1 0 1 1 0 0 0 1 0 1 0 0 0 0 0 0 0 0 1 0 1 0 0 0 0 0 1 0 1 1 1 1 0 0 0 1 0 1 0 0 1 1 0 0 1 1 0 
1 0 0 1 2 0 1 0 0 0 1 1 1 1 1 0 1 1 1 1 3 0 1 1 0 1 0 1 1 0 0 0 0 0 1 1 1 1 0 1 1 0 1 0 0 1 1 0 0 0 0 0 
1 0 0 1 2 1 1 0 1 0 1 0 1 0 1 0 1 1 1 1 1 0 0 1 0 1 0 1 2 1 1 1 1 0 1 1 1 1 1 1 0 0 1 1 1 0 0 0 0 1 0 1 
0 0 0 0 2 1 1 1 0 1 1 0 1 0 1 0 0 1 1 1 0 1 0 0 1 0 0 1 3 1 1 1 0 0 0 1 1 0 0 1 0 1 0 1 0 0 0 0 1 0 0 1 
1 0 0 1 2 1 1 0 0 0 0 1 1 1 0 1 0 1 1 0 1 1 0 0 0 1 0 1 1 0 1 0 0 0 1 0 0 0 0 1 0 1 0 1 1 0 1 0 1 0 1 1 
0 0 0 0 2 1 0 0 1 1 1 0 0 1 0 0 1 1 0 0 2 0 0 1 1 0 0 0 3 1 1 0 0 1 1 1 1 1 1 0 1 1 0 1 0 1 0 0 1 0 1 0 

# Size = 25 | Time = 13949 ms
0 0 1 1 2 1 0 1 1 1 1 1 1 1 0 1 1 1 1 1 0 0 1 1 1 1 0 1 1 1 1 0 1 0 0 1 0 1 0 0 0 0 1 1 1 0 1 1 0 0 0 1 
1 0 0 0 1 0 1 0 0 0 0 0 0 0 1 0 0 0 0 0 2 1 0 0 0 0 0 0 3 0 0 0 0 0 1 0 1 0 1 1 1 1 0 0 0 1 0 0 0 0 1 0 
0 1 0 0 0 1 0 0 0 0 0 0 1 1 0 1 0 0 1 1 3 0 0 0 1 1 1 1 2 0 1 1 1 1 0 0 0 0 1 1 0 0 0 0 0 1 1 0 1 1 0 0 
1 1 1 1 0 0 0 1 1 1 0 1 0 0 1 0 1 0 0 1 1 1 1 0 0 0 1 0 0 1 0 1 0 0 1 1 1 1 0 0 0 0 1 0 0 0 0 0 1 1 0 1 
0 1 0 1 2 1 1 0 0 1 1 0 0 0 0 0 0 1 0 0 1 0 0 1 0 1 1 0 0 1 0 1 0 1 0 1 0 1 1 1 1 1 0 1 1 0 1 1 0 0 1 1 
1 0 1 0 1 0 0 1 1 0 1 1 1 0 1 0 1 1 1 0 3 1 1 1 1 0 0 1 3 0 0 1 1 1 1 0 1 0 0 0 1 1 0 1 1 0 0 0 1 1 0 1 
1 1 0 1 2 0 1 0 1 0 1 1 0 1 1 1 0 0 0 0 0 1 0 0 1 0 1 0 1 1 1 0 0 1 1 0 0 0 0 0 1 1 1 1 0 1 1 0 1 0 1 0 
1 1 1 0 1 1 1 1 1 0 0 0 0 0 0 1 1 0 1 1 2 0 1 1 0 0 1 1 2 1 0 0 0 0 0 1 1 1 0 1 0 1 1 1 1 1 1 1 0 1 1 0 
0 0 0 0 0 1 0 0 0 1 0 0 1 1 0 0 0 1 0 1 3 1 1 1 0 1 1 0 3 0 1 0 1 0 1 1 1 0 1 0 1 0 1 0 0 1 0 1 0 0 1 0 
0 0 0 0 2 0 1 1 0 0 0 1 1 0 1 0 1 0 0 0 0 0 0 0 0 0 0 0 1 0 0 1 1 0 0 0 0 1 1 1 0 0 0 0 0 1 0 1 0 1 0 0 
1 0 1 0 1 0 0 0 0 0 1 1 0 0 0 1 0 0 0 0 1 0 0 0 1 1 0 1 0 0 1 0 1 0 1 0 0 0 0 0 0 0 1 0 0 1 1 0 0 0 0 0 
0 1 1 1 0 0 0 1 0 1 1 1 1 1 0 0 0 1 0 0 2 1 0 1 1 1 0 0 2 0 1 0 0 1 0 0 0 0 0 0 0 0 1 1 0 0 0 0 1 0 1 1 
0 1 1 0 2 1 1 0 0 0 0 1 0 1 1 1 1 1 1 0 3 0 1 0 0 1 1 0 3 1 0 1 0 1 0 0 0 1 0 0 0 1 1 0 0 1 1 1 0 1 1 1 
0 0 1 0 0 1 1 1 1 0 0 1 1 1 1 1 1 0 1 1 1 0 0 0 1 1 0 1 2 1 0 1 0 0 1 0 0 1 1 0 1 1 0 1 1 1 1 0 0 0 1 0 
0 0 0 1 1 1 1 0 0 1 0 1 1 1 1 1 0 0 1 0 2 1 0 0 1 1 1 0 0 0 0 1 1 0 0 1 0 0 0 1 0 0 0 1 0 0 1 0 1 0 0 1 
0 0 1 0 0 1 1 1 1 0 0 0 1 1 1 0 0 1 1 1 0 1 1 0 1 1 0 0 1 1 0 0 1 0 0 1 1 0 0 1 1 0 1 1 1 1 0 0 1 0 1 1 
0 0 1 1 2 1 0 1 1 1 0 0 1 0 1 0 1 0 1 0 3 0 1 0 0 1 1 0 3 0 1 1 1 0 1 1 1 1 1 0 0 1 0 1 0 1 0 0 0 0 1 1 
0 0 1 0 1 1 1 1 0 0 0 0 0 1 0 0 1 0 1 1 3 0 1 1 1 1 1 1 1 1 1 1 0 0 0 1 1 0 1 0 1 1 1 0 0 1 0 1 0 0 1 1 
0 1 0 1 1 0 0 1 1 1 0 0 1 1 1 0 1 0 1 0 0 0 0 1 0 1 0 1 0 1 0 0 0 1 0 0 0 0 1 1 0 0 0 1 0 0 0 0 1 1 0 1 
0 1 1 1 2 0 0 0 1 0 0 1 0 0 0 0 1 1 0 1 0 0 1 1 1 0 1 1 2 0 0 1 0 0 0 0 1 0 0 1 0 1 1 1 1 1 0 1 0 1 0 0 
1 1 0 0 2 1 0 1 1 1 0 1 1 1 0 1 1 0 0 0 2 0 0 1 1 1 0 1 1 0 1 0 0 0 1 0 1 1 0 1 1 1 1 1 1 1 1 1 0 0 0 0 
1 0 0 1 0 1 0 1 0 0 0 0 0 1 0 0 1 0 1 1 1 1 1 0 1 1 0 0 1 1 1 0 1 0 1 0 1 1 0 0 0 0 0 0 0 1 0 1 0 1 0 1 
1 0 1 0 0 0 0 0 0 1 1 0 1 1 0 1 0 0 0 1 1 0 0 1 1 0 0 1 3 1 1 0 0 0 0 1 1 0 1 1 0 0 1 1 1 1 1 1 0 0 0 1 
0 1 0 1 1 0 0 1 1 1 1 0 1 0 0 0 1 1 0 1 0 1 1 1 0 0 1 1 3 1 1 0 1 0 1 0 1 1 1 1 0 0 1 1 1 1 0 0 1 1 0 1 
1 0 0 1 0 1 1 0 0 1 0 0 0 1 1 0 1 1 1 0 3 0 1 1 0 1 1 0 0 0 0 0 0 0 0 1 0 1 0 0 0 0 0 1 1 0 0 1 0 0 1 1 

# Size = 25 | Time = 14754 ms
1 1 0 0 0 1 0 0 1 0 0 0 0 1 0 0 1 1 0 0 2 1 1 1 1 0 0 0 0 0 1 1 1 0 0 1 1 0 1 0 0 1 1 0 0 1 0 1 0 1 0 0 
0 0 0 1 2 0 1 0 0 1 1 0 1 0 1 0 0 0 0 1 1 0 0 0 0 1 1 1 3 1 0 0 0 0 1 0 0 0 0 1 1 0 0 1 0 0 1 0 1 0 1 1 
1 1 1 1 1 1 1 1 1 0 0 1 0 0 0 1 0 1 1 0 3 1 0 0 0 0 1 0 1 1 0 0 0 1 0 0 0 1 1 1 0 1 0 1 1 0 1 0 0 1 0 1 
0 0 1 0 1 0 0 1 0 0 0 1 0 1 1 1 1 0 1 1 0 0 1 1 1 1 0 1 2 0 1 0 0 1 1 1 1 1 0 0 1 0 0 1 1 1 1 0 0 0 1 0 
0 1 1 0 2 0 0 1 0 1 1 1 1 0 0 0 0 0 1 0 3 0 0 0 0 0 0 1 0 0 0 1 1 1 0 0 1 1 0 1 0 0 1 0 0 1 0 1 0 0 1 0 
1 0 1 1 0 1 1 0 1 1 1 0 1 0 1 0 1 1 0 1 0 1 1 1 1 1 0 0 2 1 1 1 0 0 1 1 0 1 1 0 1 1 1 0 0 0 0 0 1 0 0 1 
1 0 0 0 0 1 0 0 0 1 1 1 0 1 0 1 0 1 1 1 2 0 0 1 1 1 1 1 1 0 0 0 1 1 0 0 0 0 0 0 1 0 1 0 0 0 1 0 1 1 1 1 
0 1 0 1 2 0 0 1 0 0 0 1 0 1 1 1 0 0 0 0 1 1 1 0 0 0 1 0 3 1 0 1 1 0 1 1 1 1 1 0 0 1 1 1 1 1 1 1 0 1 0 0 
1 1 1 0 1 0 1 0 1 0 0 0 1 1 0 0 1 0 1 1 1 0 0 1 0 0 1 1 3 0 1 0 1 1 0 0 1 0 0 1 1 1 0 1 1 0 0 1 0 0 0 1 
0 0 0 0 0 1 0 1 1 1 0 0 1 0 1 0 0 0 0 0 2 0 0 0 0 0 0 0 1 1 1 1 0 0 0 1 0 0 0 1 0 0 0 1 1 1 0 0 1 0 0 0 
0 0 0 0 1 0 1 0 0 0 0 0 0 0 1 1 1 1 0 1 3 1 1 0 1 1 1 1 0 1 0 0 0 0 1 0 0 0 1 0 0 0 0 0 0 0 1 0 1 0 1 1 
0 1 0 0 2 1 1 0 0 0 0 0 1 1 0 0 0 1 0 0 0 0 0 0 0 0 1 0 2 0 0 0 1 1 0 0 0 0 1 1 0 1 0 0 0 1 0 0 1 1 1 0 
1 0 1 0 2 0 1 1 0 0 1 0 0 1 0 1 1 1 1 0 2 1 1 1 1 1 1 0 1 1 1 0 0 0 1 0 1 0 0 0 0 0 0 1 1 1 1 1 0 0 0 1 
0 1 1 0 1 1 1 1 1 1 1 0 0 0 1 0 0 1 0 0 1 0 1 1 1 1 0 1 3 0 1 1 0 0 0 0 0 1 0 1 1 0 0 0 0 0 0 1 0 0 1 1 
0 0 0 1 0 0 0 0 0 0 1 1 0 1 0 0 0 0 1 0 3 0 0 1 1 0 0 1 0 0 1 1 0 0 0 1 1 1 0 1 1 0 0 1 1 0 0 0 1 1 0 1 
0 0 0 1 1 0 0 0 0 0 0 0 1 0 0 1 0 0 0 0 2 0 0 0 1 1 0 0 2 1 1 0 0 0 0 1 0 1 1 1 0 1 1 0 0 0 1 1 0 1 0 1 
1 1 0 0 2 1 0 0 1 0 1 1 1 0 1 0 1 0 0 1 0 1 0 0 0 0 1 0 3 0 0 1 1 0 1 0 0 0 0 1 1 0 0 1 1 1 0 1 0 0 0 0 
1 1 1 1 0 1 0 1 0 0 1 1 0 1 0 0 0 1 1 0 1 1 0 1 1 1 0 0 1 0 0 0 1 0 1 0 1 0 1 1 0 1 1 1 0 0 0 0 1 1 0 1 
0 0 1 1 0 0 0 1 0 0 1 1 0 0 0 0 1 0 0 1 3 1 1 0 1 1 0 0 3 0 0 0 0 0 0 1 1 1 1 0 1 0 0 1 1 1 0 1 0 0 1 0 
0 1 1 0 0 1 0 0 0 0 1 0 1 1 1 1 1 1 0 1 1 0 1 0 1 1 0 0 0 1 1 1 0 1 0 0 0 0 1 1 0 0 1 1 1 1 1 0 1 0 1 1 
0 1 1 0 2 1 0 1 0 0 1 1 0 0 0 1 0 1 0 1 2 0 0 0 1 0 0 1 3 0 0 1 0 0 1 0 1 0 0 0 1 1 0 0 0 1 1 1 0 1 1 0 
1 0 1 0 2 1 0 0 1 1 0 1 1 0 1 0 0 0 1 0 3 1 0 1 0 0 0 1 2 0 0 0 1 1 1 0 1 1 1 0 0 0 0 1 1 1 0 1 0 1 1 0 
0 1 1 1 2 0 0 1 0 0 1 0 0 0 0 0 0 1 1 1 0 0 0 1 1 0 0 1 0 0 1 1 0 0 0 1 1 1 0 1 1 0 1 0 0 0 0 0 1 0 1 1 
0 0 1 0 0 1 0 0 1 0 1 0 0 1 1 0 0 0 0 1 1 0 0 1 1 0 0 0 2 1 1 1 1 0 1 1 1 1 0 1 0 0 1 1 1 1 0 1 0 0 0 0 
1 0 0 1 0 1 0 0 0 1 1 1 0 0 0 0 0 0 1 1 0 1 0 1 1 1 1 0 1 0 0 1 0 0 1 1 1 1 0 0 0 1 1 1 0 0 0 0 1 0 0 1 

# Size = 20 | Time = 13785 ms
0 0 0 1 1 1 0 1 0 1 0 0 0 1 1 0 1 1 0 1 0 0 0 0 0 1 0 1 3 1 0 0 1 1 0 0 0 1 1 1 1 0 1 0 0 0 0 0 1 1 1 1 
1 1 1 0 0 0 0 0 0 0 1 0 1 0 0 0 0 0 1 0 3 0 1 1 0 0 1 0 2 0 0 0 0 0 1 1 1 0 0 0 0 0 0 1 1 1 1 0 0 0 0 0 
0 0 1 0 2 1 1 0 1 0 0 1 1 0 0 1 0 0 0 1 1 1 0 0 1 0 0 0 0 0 1 1 0 0 0 0 0 0 1 0 0 1 1 0 0 0 1 1 0 0 1 1 
1 1 0 0 0 0 1 1 1 1 1 1 0 1 1 1 1 1 0 0 2 0 1 1 1 1 1 1 1 0 1 1 0 1 0 0 0 1 0 1 1 1 0 1 1 0 1 1 0 1 0 1 
0 1 0 1 2 0 1 1 1 1 1 1 0 0 0 0 1 1 1 0 1 1 1 0 1 1 0 1 2 1 1 1 1 0 1 1 1 0 0 0 0 1 1 0 0 1 0 0 1 1 0 0 
0 0 0 0 1 1 0 0 0 0 0 0 1 1 1 0 0 0 1 1 2 1 0 1 0 0 1 0 0 1 0 0 1 1 1 1 1 1 0 1 1 1 0 1 0 1 0 1 0 0 0 0 
1 0 1 1 1 0 0 0 1 0 1 1 0 0 0 1 0 0 1 0 0 0 0 1 0 0 0 1 1 1 0 1 1 1 0 1 1 0 1 1 0 0 0 1 1 1 1 0 1 0 1 0 
1 1 1 1 0 1 1 0 1 1 0 0 0 1 1 0 0 1 0 0 3 0 1 1 1 0 1 0 3 0 1 0 0 0 1 0 1 0 1 0 1 0 1 0 0 0 0 1 0 1 1 1 
1 1 1 0 2 0 1 1 0 0 0 0 1 1 0 1 1 0 0 1 0 1 1 0 1 1 1 0 0 0 0 0 0 0 1 1 0 1 0 1 0 0 0 1 1 1 1 0 1 1 0 0 
0 0 0 0 0 0 0 1 0 1 1 1 1 0 1 1 0 0 1 1 3 1 0 0 1 1 0 1 3 1 1 1 0 1 0 1 0 1 0 0 0 1 0 0 0 0 1 0 1 0 0 1 
1 0 0 1 2 1 0 0 0 0 1 0 1 1 1 0 1 1 1 0 1 0 0 1 0 0 0 0 2 0 1 0 0 1 0 0 0 0 1 1 1 0 0 1 1 1 0 0 1 0 0 1 
0 0 0 1 1 0 1 1 0 0 0 1 0 0 0 0 0 0 0 1 2 0 1 0 0 0 0 0 1 0 1 0 0 0 1 0 0 0 1 0 1 0 0 0 0 0 0 0 1 1 0 1 
0 1 1 1 1 0 0 0 0 0 0 0 0 0 0 1 1 1 0 1 2 0 0 0 1 1 0 0 2 0 0 1 1 0 0 0 0 1 0 0 0 0 1 1 1 1 1 1 0 0 0 0 
0 0 0 1 0 0 1 1 0 1 1 1 0 0 0 1 0 1 1 0 0 0 0 0 0 0 1 1 0 1 0 0 1 0 0 0 0 0 0 0 1 1 0 1 0 1 1 1 0 0 1 0 
1 0 1 0 2 1 1 0 1 0 1 0 1 1 1 0 1 0 1 1 3 1 0 1 0 0 0 0 1 0 0 0 1 1 1 0 0 0 1 1 1 0 1 0 0 1 1 0 1 1 1 0 
0 0 0 0 1 0 0 1 0 0 1 0 0 0 0 0 1 1 0 1 1 1 0 0 1 1 1 0 3 0 0 0 0 0 0 0 0 1 0 0 0 1 0 1 0 1 0 0 0 0 0 0 
0 1 0 0 2 1 0 1 1 0 1 0 1 1 1 0 1 1 0 1 2 0 1 1 1 1 1 0 3 1 0 1 1 0 1 0 0 1 1 1 1 1 1 1 1 0 0 0 1 1 1 1 
0 1 1 1 0 1 0 0 1 0 0 0 0 0 0 0 1 1 1 0 0 0 0 0 1 1 1 1 2 1 1 1 1 0 1 0 1 0 0 1 0 0 0 1 1 0 1 1 0 1 1 1 
0 0 1 0 0 0 1 0 1 1 0 1 0 1 0 1 0 0 1 0 1 1 0 1 0 0 0 1 1 0 1 0 1 1 0 1 1 1 0 0 0 1 0 0 0 1 1 0 1 1 0 0 
0 0 1 1 1 0 0 1 0 1 1 1 1 1 0 1 0 0 1 1 3 0 1 1 1 0 1 0 0 0 0 1 1 0 1 1 1 0 1 0 1 0 0 1 1 1 1 0 1 0 1 1 

# Size = 22 | Time = 12580 ms
0 1 1 1 2 0 1 0 0 1 0 1 0 1 0 1 1 0 0 0 3 1 0 1 0 1 0 1 0 1 0 1 1 1 0 1 0 1 1 1 0 0 0 0 0 0 1 1 0 0 1 1 
1 0 0 0 0 1 0 0 0 0 1 0 1 0 1 0 0 1 0 0 1 0 1 0 0 0 1 0 2 0 1 0 0 0 0 0 1 0 0 0 1 0 1 1 1 1 0 0 0 1 0 0 
1 0 0 0 1 1 0 1 1 1 0 1 1 0 1 0 0 0 1 1 2 1 0 0 1 1 0 1 3 1 0 1 1 0 1 0 0 1 0 0 0 1 1 1 0 0 0 0 1 0 0 1 
0 1 1 1 0 0 0 1 1 0 1 0 0 1 0 0 1 1 1 1 0 0 0 1 1 0 1 0 1 0 0 0 0 1 1 1 1 0 1 1 1 1 0 0 0 1 1 0 1 1 0 0 
0 0 0 0 2 0 1 1 1 1 0 0 1 1 0 1 0 0 0 1 0 1 1 0 1 0 0 0 0 0 1 0 0 0 1 1 0 0 0 0 0 1 1 1 1 1 1 1 0 0 1 0 
1 1 0 1 1 1 1 0 0 0 1 1 0 0 1 0 1 1 1 0 2 0 1 0 0 1 0 0 3 1 1 0 1 1 0 0 0 1 1 1 1 1 0 1 1 0 0 1 0 1 1 1 
1 0 1 0 0 0 1 1 0 0 0 0 0 0 1 1 1 1 1 0 3 0 1 0 1 0 1 1 1 0 1 1 1 0 1 0 1 1 0 0 0 0 1 0 0 0 1 0 1 0 1 1 
0 0 1 1 2 1 1 0 1 1 1 0 1 1 1 0 0 0 1 1 1 1 0 1 1 1 1 1 2 1 0 1 0 0 0 0 0 0 1 1 1 0 0 0 0 0 0 0 1 1 0 1 
1 1 1 0 1 1 0 1 1 0 0 0 0 1 0 1 0 0 0 1 3 1 1 1 0 1 1 1 3 1 0 1 0 1 0 1 1 1 0 0 1 0 0 1 1 1 1 0 1 1 0 0 
0 1 0 1 1 0 0 1 1 0 0 1 1 0 0 0 1 0 0 0 1 0 0 1 0 0 0 1 2 0 1 0 1 1 1 1 1 0 1 0 1 1 1 0 0 1 0 1 0 0 1 0 
0 1 0 0 0 1 1 0 0 1 1 1 1 0 0 0 0 0 0 0 0 1 0 0 0 1 0 1 1 1 0 1 0 0 0 0 0 0 0 1 0 0 0 1 1 0 0 1 0 0 0 1 
1 0 1 0 2 0 0 0 0 0 1 0 0 0 1 0 1 1 0 1 2 0 1 1 0 0 1 1 0 1 1 0 0 0 1 1 1 0 1 0 0 0 1 0 0 0 0 0 1 1 0 1 
0 0 0 1 0 0 0 0 0 1 1 1 0 0 0 1 0 1 0 0 2 0 1 0 1 0 1 0 3 0 0 1 1 1 0 0 1 0 0 0 0 0 1 0 0 1 1 1 0 0 0 0 
0 0 0 0 1 1 1 0 0 0 1 1 1 0 0 0 0 1 0 0 3 1 0 0 0 1 1 0 2 0 0 0 0 1 0 0 0 0 1 1 0 1 1 1 1 0 1 0 0 0 0 1 
0 0 0 0 0 1 0 1 0 0 0 0 0 0 0 1 0 0 1 0 1 0 0 1 0 0 0 1 0 0 1 0 0 0 0 0 0 1 0 0 0 0 0 0 0 1 1 0 0 0 1 1 
1 0 0 1 1 0 0 1 0 0 0 1 0 1 1 1 0 0 0 1 0 0 1 1 0 1 1 0 2 0 1 0 1 1 1 1 0 1 0 0 1 0 1 1 0 1 1 0 0 1 0 0 
1 0 0 0 2 0 1 1 1 1 0 1 1 1 1 0 1 1 1 1 2 0 1 1 1 1 1 1 1 1 0 1 0 0 0 1 0 1 0 0 0 0 1 1 1 1 1 0 1 1 0 1 
1 1 1 0 1 1 0 0 0 0 0 1 1 0 0 0 0 0 1 1 3 0 1 0 1 0 0 1 0 1 1 0 1 0 0 0 0 0 0 0 1 0 1 1 1 0 0 0 0 1 0 1 
0 1 0 0 2 1 0 1 1 0 1 1 1 0 1 0 1 0 1 1 0 0 0 0 0 1 0 0 3 0 0 1 1 0 0 1 1 0 0 0 1 0 0 0 0 1 0 0 1 1 1 1 
1 0 0 1 1 1 1 0 1 1 1 0 0 0 1 0 1 0 1 1 1 0 1 0 0 1 1 0 1 1 0 0 1 1 1 0 1 1 0 1 1 0 0 1 1 1 1 1 0 1 1 0 
0 0 0 0 0 0 0 0 0 0 1 1 0 1 1 0 0 0 1 1 2 0 0 1 1 0 1 1 2 0 1 0 1 1 1 0 0 1 1 0 1 1 0 1 1 1 1 1 0 1 0 0 
0 1 1 0 2 1 1 0 1 0 1 0 1 1 1 0 1 1 0 0 1 0 1 0 1 1 1 0 3 0 0 0 0 0 1 1 1 0 1 0 1 1 0 0 0 1 0 1 0 1 0 0 

# Size = 24 | Time = 14737 ms
0 0 0 0 0 1 1 0 0 0 1 0 1 0 1 0 1 1 0 1 1 1 0 0 1 0 0 1 3 1 0 1 1 0 0 0 0 1 0 1 1 1 0 1 0 1 0 0 0 1 0 0 
0 1 1 0 2 0 0 1 1 1 0 0 0 1 0 1 0 0 0 0 0 0 1 1 0 0 1 0 0 0 1 0 0 1 1 1 1 0 1 0 0 0 1 0 0 0 1 1 0 0 0 1 
1 0 0 1 1 0 0 0 0 0 0 1 0 0 0 0 0 1 1 0 2 0 0 0 0 1 0 1 2 0 0 0 1 1 0 1 1 0 0 1 1 0 0 0 0 0 0 0 1 0 1 1 
1 1 1 1 1 1 1 1 1 0 1 1 0 1 0 1 1 0 1 1 3 1 1 1 1 1 1 0 1 1 0 1 0 0 1 0 0 0 1 0 0 0 1 1 1 0 1 0 1 1 1 1 
1 1 1 0 2 0 0 0 0 1 1 1 1 0 1 0 0 1 1 1 3 1 0 0 0 0 1 1 1 0 1 0 0 1 1 1 0 1 0 0 0 1 1 1 1 1 1 1 0 0 1 0 
1 0 0 1 0 0 0 1 1 1 0 0 1 1 1 1 0 0 1 0 1 0 1 1 1 1 0 0 0 1 1 0 0 0 0 0 1 0 0 0 1 1 0 0 0 1 1 0 1 1 0 0 
1 0 0 1 2 1 1 1 1 1 0 1 1 1 1 0 1 1 0 0 0 0 0 1 1 0 0 0 2 0 1 1 1 1 0 1 0 1 1 1 0 1 1 1 1 0 0 1 0 1 1 1 
0 0 1 0 0 0 1 1 1 1 0 0 0 0 0 0 1 0 0 1 2 1 1 0 0 0 1 1 3 0 1 1 1 0 1 0 1 1 1 1 0 0 0 1 1 1 0 1 0 0 0 0 
0 1 1 0 2 1 0 0 0 0 1 1 0 0 0 1 1 0 0 0 0 1 0 0 0 1 0 0 0 0 0 1 1 0 0 0 0 1 1 1 1 1 0 0 0 0 1 0 1 0 0 1 
0 0 0 0 1 1 0 0 0 0 0 0 1 1 0 1 0 1 1 0 1 0 1 1 0 1 1 0 3 1 1 0 0 0 1 1 0 0 1 0 1 0 1 0 0 1 1 1 0 0 1 1 
0 1 0 0 0 0 1 0 1 0 0 0 0 1 1 0 1 0 0 0 3 0 1 0 0 0 0 1 1 1 0 0 1 1 0 0 1 1 1 1 1 0 0 0 0 0 0 1 0 0 0 1 
0 1 1 0 0 1 0 1 0 0 1 0 1 0 1 1 0 0 0 1 2 0 1 1 0 0 1 1 2 0 0 0 0 0 1 1 1 0 1 0 1 1 1 0 0 1 1 0 1 1 1 0 
0 0 0 1 1 0 1 0 0 1 0 0 1 0 1 0 0 1 0 1 0 0 0 1 1 0 0 1 0 0 0 1 0 0 1 0 1 1 0 0 1 1 1 1 1 1 0 0 0 0 1 0 
1 1 1 1 2 1 0 0 0 0 0 1 0 1 0 0 0 0 0 0 1 0 0 0 0 1 1 0 3 0 1 0 1 1 0 1 0 0 0 0 0 0 0 0 0 0 0 0 0 0 1 1 
0 0 0 0 2 0 1 0 1 0 1 0 0 1 1 0 0 0 0 0 2 1 0 0 0 0 0 0 2 1 0 0 0 0 0 0 0 0 0 1 0 0 0 0 0 1 0 0 0 1 0 0 
1 0 0 0 0 1 0 0 1 1 0 1 1 0 1 0 0 0 1 1 0 0 1 1 1 0 1 0 1 1 0 1 0 0 1 0 1 1 0 0 0 0 0 1 1 1 0 0 1 0 1 0 
1 0 1 1 1 1 1 0 0 0 0 1 1 1 1 1 1 0 0 1 3 1 1 1 0 1 1 1 3 0 1 0 1 1 0 0 1 0 0 1 0 0 1 1 1 1 1 0 1 1 0 1 
1 0 1 1 2 0 0 0 0 0 1 0 0 0 1 0 1 1 0 0 1 1 0 0 1 1 0 0 2 0 1 1 0 1 1 1 0 0 0 1 0 1 1 1 1 1 0 0 1 0 1 1 
0 0 0 0 2 1 1 1 1 0 1 1 1 1 0 1 1 0 1 0 2 0 0 1 1 0 0 0 0 0 0 0 0 0 0 0 0 1 1 1 0 0 0 0 0 1 1 0 0 0 0 0 
0 0 0 1 0 0 1 0 1 0 0 0 1 0 0 1 0 0 1 0 1 1 1 0 0 1 1 1 1 0 0 0 0 1 1 0 0 1 1 0 1 0 1 1 0 0 1 1 0 0 1 1 
1 1 1 0 0 1 1 0 0 1 1 0 0 0 1 1 0 0 0 0 3 0 1 1 0 1 1 0 0 1 0 0 1 0 1 1 0 0 1 1 0 0 1 0 0 0 1 0 1 0 1 1 
0 0 1 1 2 1 1 0 0 0 0 1 1 0 0 0 0 1 0 1 2 1 1 0 0 1 0 0 1 0 1 1 1 1 1 1 1 1 0 1 0 0 1 1 0 0 1 1 0 0 0 1 
1 1 1 0 2 0 1 1 1 0 0 0 1 1 0 0 0 1 1 0 0 0 1 0 1 0 0 1 3 1 1 0 1 0 1 0 0 1 1 0 1 0 1 1 1 1 1 1 0 0 0 1 
1 1 1 0 0 1 0 0 0 1 0 0 0 0 0 0 1 0 1 1 3 1 0 1 0 0 0 1 2 0 0 1 1 1 1 0 1 0 0 0 0 1 1 0 0 1 1 1 0 0 0 1 

# Size = 26 | Time = 16201 ms
1 1 0 1 1 1 1 1 1 0 1 0 0 0 1 1 1 0 0 0 2 1 0 0 0 0 0 1 3 1 1 0 0 1 0 1 0 1 1 0 0 0 1 1 1 1 1 1 0 1 0 1 
0 0 1 0 2 0 0 0 0 1 0 1 1 1 0 0 0 1 1 1 0 0 0 1 1 0 1 0 2 0 0 0 1 0 0 1 1 0 0 1 1 1 0 0 0 0 0 0 0 0 1 1 
0 0 0 1 0 0 0 0 1 0 1 0 1 0 1 0 0 1 0 0 3 1 1 0 0 1 0 0 1 0 0 1 0 0 1 0 0 1 1 1 1 0 1 0 0 1 0 0 1 0 1 0 
1 0 1 0 1 1 1 1 0 1 0 1 0 1 0 1 1 0 1 0 1 0 1 0 0 1 1 0 0 0 0 1 1 1 1 0 1 0 0 0 0 1 0 1 0 1 1 0 1 0 0 0 
0 1 0 0 0 1 0 0 0 1 0 0 0 0 0 0 0 0 1 1 0 0 1 1 1 1 0 1 1 1 1 1 1 0 1 0 0 0 0 0 0 0 1 1 1 0 0 1 0 1 0 1 
1 1 1 0 2 0 1 1 1 0 1 1 1 0 0 1 0 1 0 1 1 1 0 1 1 1 1 0 0 1 1 0 0 1 0 0 1 1 1 1 1 0 0 0 0 0 1 1 0 1 0 1 
0 0 1 1 2 0 0 0 0 0 0 1 0 1 1 0 1 0 0 1 2 0 1 1 0 0 1 1 3 1 1 0 0 1 1 1 0 0 0 1 1 1 0 1 1 1 1 0 1 0 1 0 
1 1 0 1 0 1 1 1 0 0 1 0 1 1 1 0 1 1 1 0 3 1 0 0 1 0 1 1 2 0 0 1 0 0 0 1 1 1 1 0 0 1 1 1 1 1 0 1 0 1 1 0 
0 0 0 1 1 1 0 0 1 1 0 0 1 1 1 0 1 0 0 1 1 0 0 0 1 0 0 1 0 0 0 1 1 0 0 1 0 1 0 0 1 1 0 0 0 0 0 0 1 1 1 1 
0 1 1 0 2 0 0 1 1 1 1 0 0 0 0 1 0 1 1 0 2 1 0 0 1 1 0 0 3 1 0 1 1 0 0 0 0 0 1 0 0 1 1 0 0 0 1 0 1 0 1 1 
1 0 1 0 0 0 1 0 1 0 0 1 0 0 0 1 0 0 0 0 3 0 0 1 0 1 0 0 2 1 0 0 1 1 1 1 1 0 1 1 0 0 0 0 0 0 1 1 0 1 0 1 
1 0 0 1 1 1 1 0 1 0 1 1 0 0 0 1 1 1 0 0 0 0 0 0 0 0 0 0 1 0 1 0 0 1 0 1 0 1 1 1 1 1 1 1 0 1 1 0 0 1 0 0 
1 0 0 0 1 0 0 1 1 1 0 0 1 1 1 0 0 0 0 1 3 1 1 0 0 0 0 0 2 0 1 1 0 0 0 0 0 0 0 0 0 0 0 1 1 0 0 0 1 0 0 1 
0 0 1 0 2 1 1 1 0 1 0 0 1 1 1 0 0 1 0 0 0 1 0 0 1 1 0 0 1 0 1 0 0 1 1 1 1 1 1 0 0 0 0 1 0 1 0 1 0 0 1 1 
1 1 0 0 0 0 0 0 1 1 1 0 1 0 0 0 0 0 0 0 2 1 1 0 0 0 1 1 3 0 1 0 0 1 0 0 1 0 0 0 1 0 0 1 0 1 0 0 0 1 0 1 
0 0 1 1 0 0 1 0 1 1 0 1 0 1 0 1 1 1 1 1 1 0 1 0 1 0 0 0 0 1 1 1 0 0 0 1 0 1 0 1 0 0 1 1 1 1 1 1 0 0 0 0 
0 1 0 1 2 0 0 0 0 1 0 1 1 0 0 0 1 1 1 1 1 0 1 1 0 1 1 0 1 0 0 1 1 0 1 0 0 1 0 0 0 1 1 1 0 1 1 0 0 1 0 1 
0 0 0 1 1 1 1 1 1 0 1 0 1 1 1 0 0 0 1 0 0 1 1 1 1 0 0 1 0 0 1 0 1 1 0 0 0 1 0 1 1 0 1 1 1 0 1 0 1 1 1 1 
0 0 0 1 2 1 0 1 1 0 0 0 0 0 1 1 0 1 0 1 3 1 1 0 1 0 1 1 0 0 1 1 1 1 1 1 1 0 0 0 0 0 0 0 0 1 1 0 1 0 0 0 
1 0 1 0 2 0 1 0 1 1 1 1 1 0 1 1 0 1 1 0 2 1 0 0 1 1 1 1 0 0 0 1 1 1 0 0 1 0 1 0 1 1 1 0 0 0 1 0 1 0 0 1 
1 0 1 0 2 0 0 1 0 1 1 1 1 1 0 1 1 0 0 1 1 0 1 0 1 1 0 1 3 0 1 1 1 1 1 1 0 0 0 0 1 1 1 1 0 1 1 0 1 0 0 1 
0 0 1 0 2 0 1 0 1 0 1 1 1 0 1 0 0 1 1 1 0 1 0 1 0 0 1 0 3 0 0 1 0 1 0 1 1 1 0 1 1 0 0 0 0 1 1 0 0 0 1 1 
0 0 0 1 0 0 0 0 1 1 1 1 1 1 0 0 0 0 1 0 2 1 1 0 1 1 0 0 2 0 1 1 0 1 1 0 0 0 0 1 1 0 1 1 1 1 0 0 0 0 0 0 
0 1 0 0 1 0 1 1 0 1 1 1 0 1 0 0 0 1 1 1 3 0 1 1 0 1 1 1 3 1 0 1 1 0 0 0 0 1 1 0 1 0 1 1 0 1 0 0 0 0 1 0 
0 1 0 0 2 0 0 0 0 1 1 1 1 0 1 0 0 1 1 1 2 1 1 0 1 1 0 1 1 1 1 0 1 0 0 0 0 1 0 1 0 1 1 1 1 0 0 0 0 0 0 1 
1 1 0 1 0 0 0 0 0 0 1 1 0 0 1 1 1 0 0 0 1 1 0 0 1 1 0 0 2 1 1 0 0 1 0 1 1 1 0 0 0 0 0 1 0 0 1 0 0 0 0 1 

# Size = 23 | Time = 13492 ms
0 0 0 1 0 1 0 0 1 0 1 0 1 0 1 0 1 1 0 1 2 0 1 0 1 1 1 0 1 0 1 1 1 0 1 0 0 1 0 1 0 0 0 1 1 0 0 0 1 0 0 1 
0 1 0 0 2 0 1 1 0 1 0 1 0 1 0 1 0 0 1 0 3 0 0 1 0 0 0 1 2 1 0 0 0 1 0 1 1 0 0 0 1 1 1 0 0 0 1 1 0 0 1 1 
1 1 1 1 1 0 0 1 0 0 1 0 0 0 1 1 0 0 1 0 0 1 1 1 0 0 1 0 3 1 1 0 1 1 0 0 0 0 1 0 0 0 0 1 1 1 1 0 0 1 0 0 
1 0 1 0 1 0 0 0 0 0 0 0 1 0 0 0 0 1 0 1 1 1 0 1 1 1 0 1 0 0 0 1 0 0 1 1 1 1 1 0 1 1 0 0 0 1 0 0 1 0 1 0 
1 0 0 1 0 1 1 0 1 1 0 1 1 1 0 0 1 0 1 0 0 1 0 0 0 0 0 0 0 0 0 0 1 1 1 1 1 1 1 1 0 1 1 1 1 1 1 0 1 1 1 0 
0 1 1 0 2 1 0 1 1 0 1 1 0 1 1 0 1 1 0 0 1 0 1 0 0 1 0 1 3 0 1 0 0 0 0 0 0 0 0 1 1 0 1 0 0 1 0 1 0 1 0 0 
1 0 0 0 2 1 1 0 1 1 1 0 1 0 0 1 1 1 0 1 3 0 0 0 1 0 1 0 2 1 0 1 1 0 1 0 0 0 1 1 0 0 0 1 1 1 1 1 0 1 0 1 
0 1 1 1 0 0 1 1 0 1 0 1 0 1 1 0 0 0 1 0 2 1 0 0 1 1 1 1 1 1 1 1 0 1 0 0 1 1 1 0 1 1 0 0 0 0 0 1 0 0 0 1 
1 0 0 1 1 1 1 1 1 1 1 1 0 0 0 1 0 0 1 1 1 0 0 1 1 1 1 0 3 1 1 0 0 0 0 1 0 1 0 0 0 1 1 0 0 0 1 0 1 0 1 1 
1 1 1 0 2 0 0 0 0 1 0 0 0 1 1 0 1 1 0 1 2 1 1 1 0 0 0 1 1 0 0 1 0 1 1 1 1 0 0 1 1 0 1 1 1 1 0 0 1 0 1 0 
0 1 0 0 0 0 1 1 1 0 0 0 1 0 1 1 1 1 0 0 0 0 1 1 1 1 0 1 0 1 0 1 0 0 0 0 0 0 0 0 0 0 0 0 0 0 1 1 0 0 0 1 
0 1 0 1 1 0 0 0 0 0 0 0 0 0 1 0 1 1 1 1 3 1 1 0 1 1 0 1 2 0 1 0 1 1 0 1 0 1 1 1 0 1 1 0 0 1 0 0 0 0 0 0 
0 1 0 0 1 1 1 0 0 1 0 0 1 1 0 1 0 0 0 0 2 1 0 0 0 0 0 0 3 0 0 0 1 0 1 0 0 0 0 0 1 0 0 1 0 0 1 1 0 1 1 1 
0 1 1 1 2 1 0 0 1 0 0 1 0 1 0 0 0 0 0 1 0 1 1 0 1 0 1 1 1 0 0 0 0 0 1 1 1 0 1 1 1 1 0 0 0 1 1 0 0 1 0 1 
0 0 1 0 0 1 1 1 1 0 1 0 0 1 0 0 0 1 0 1 1 1 0 0 0 0 1 1 0 1 1 0 1 1 0 1 1 1 1 0 0 1 1 1 1 1 1 1 0 1 1 1 
0 0 1 0 0 0 0 1 0 0 0 1 0 0 1 1 0 0 0 0 3 0 1 1 1 0 0 0 3 0 0 1 0 0 1 0 1 0 0 1 0 0 0 1 0 1 1 0 1 0 0 0 
0 0 1 1 0 1 1 1 0 0 1 1 0 0 0 0 0 1 0 1 0 0 0 0 0 0 0 1 2 0 0 0 0 0 1 0 0 0 1 0 0 0 0 0 0 1 0 0 1 0 1 1 
0 0 0 0 2 1 1 0 1 0 1 1 0 0 1 0 0 1 1 1 2 0 0 1 1 1 1 1 0 0 1 0 1 1 0 0 1 1 1 1 0 1 1 1 0 1 0 0 1 1 1 0 
1 0 0 1 1 1 1 0 1 0 0 1 0 0 1 1 0 1 0 1 3 0 0 1 1 1 1 1 1 1 1 1 1 1 0 1 0 1 0 1 0 1 0 1 1 1 1 1 0 0 1 1 
0 0 1 1 0 0 0 1 0 0 0 0 1 1 0 0 0 0 1 0 2 0 0 1 0 0 0 1 2 0 0 1 1 1 0 1 0 1 0 1 1 1 1 0 0 1 0 0 1 1 0 0 
0 0 0 0 2 1 0 0 0 0 0 0 0 0 0 0 1 1 0 1 1 1 0 0 1 1 0 0 1 1 0 1 0 1 0 0 0 0 1 1 0 1 1 1 0 0 0 0 0 1 0 1 
1 0 1 0 0 1 0 0 1 0 1 1 0 1 0 0 0 1 1 0 3 1 0 0 1 1 0 0 0 1 1 1 1 1 0 1 0 0 0 0 1 1 0 0 0 0 1 1 0 0 0 1 
1 1 0 1 1 1 0 0 0 1 1 1 0 1 1 0 0 1 0 0 1 1 0 1 1 1 0 1 2 0 1 1 1 0 0 1 0 0 0 1 0 0 1 1 0 1 0 1 0 0 0 0 

# Size = 21 | Time = 17951 ms
1 1 1 1 1 1 0 1 1 1 1 1 1 0 0 0 0 0 0 1 0 1 0 0 0 0 0 0 2 1 0 0 0 0 0 1 1 0 1 0 1 0 1 0 0 1 1 0 1 1 0 0 
0 0 0 0 0 0 0 0 0 0 0 0 0 0 0 0 0 1 1 0 1 0 1 1 0 1 0 0 0 0 1 1 1 1 1 0 0 1 0 1 0 1 0 1 1 0 0 0 0 0 1 1 
0 1 0 0 2 1 1 1 0 0 0 0 0 1 1 1 1 1 0 0 3 0 0 0 1 1 1 1 1 0 0 0 0 1 0 0 1 0 0 0 1 1 0 0 0 1 1 1 0 0 0 0 
0 0 1 1 2 1 1 0 0 0 1 1 1 1 1 1 1 0 1 1 0 0 1 1 1 0 1 1 3 1 1 1 1 0 1 1 0 1 1 0 0 0 1 1 0 0 1 0 1 1 1 1 
1 0 1 1 1 0 0 1 1 1 0 0 0 0 1 0 1 0 0 0 2 1 1 1 0 0 1 1 3 0 0 0 1 0 0 0 0 1 1 1 0 0 0 0 0 0 0 1 0 0 0 1 
1 1 0 0 0 0 1 0 1 1 1 1 1 1 1 0 0 0 1 1 2 1 0 0 1 1 0 1 0 1 1 1 0 1 1 0 0 0 0 1 1 1 1 1 1 1 0 1 0 1 0 0 
1 0 1 0 0 0 1 0 1 1 1 0 0 0 0 1 0 1 0 1 3 1 0 1 0 0 1 0 1 1 0 1 0 0 0 1 1 1 1 1 0 0 0 1 1 1 1 0 1 0 1 1 
1 1 0 1 1 1 0 1 0 1 0 1 1 1 0 1 1 1 1 0 1 0 1 0 1 1 1 0 2 0 1 0 1 0 1 1 0 0 0 0 0 1 0 1 1 1 1 1 0 0 1 0 
0 1 0 1 2 0 0 0 1 0 0 0 0 0 1 0 0 1 0 0 1 0 1 1 0 0 0 0 0 0 0 0 0 1 1 1 1 0 1 0 1 0 1 0 0 0 0 0 1 1 0 1 
0 0 1 0 0 0 1 1 0 0 0 0 1 0 0 0 1 1 0 0 0 1 0 0 1 1 0 1 2 1 1 0 0 1 0 0 0 1 0 1 0 1 0 0 0 0 0 0 1 0 0 1 
0 0 0 0 1 1 0 0 0 1 0 1 1 1 0 0 0 1 1 1 3 0 0 0 0 0 0 0 3 0 0 1 0 1 0 1 0 0 0 1 1 1 0 0 0 1 0 0 0 1 1 0 
0 0 1 1 0 1 0 1 0 0 1 1 0 0 0 0 0 0 1 0 2 0 1 1 0 1 0 0 1 0 1 1 1 0 1 0 1 1 1 0 0 1 1 1 1 1 0 0 1 1 1 0 
1 1 1 0 2 1 1 1 1 0 1 1 0 0 0 1 0 0 0 1 1 0 0 0 0 1 0 1 0 1 0 1 1 0 0 0 0 1 0 1 1 0 0 1 0 0 1 0 1 0 0 1 
0 1 0 1 1 1 1 0 0 0 1 1 0 0 0 0 0 0 0 0 3 0 1 1 1 0 1 1 2 1 0 1 1 0 1 0 1 0 0 0 1 0 1 1 1 0 0 0 0 0 0 1 
0 1 0 0 2 0 1 0 0 0 1 1 0 0 0 1 0 0 1 0 0 1 1 1 0 1 1 0 3 0 1 1 0 1 1 0 1 0 0 1 0 0 1 1 1 1 1 1 0 0 0 0 
0 0 0 1 2 1 1 0 1 1 0 0 0 1 1 1 0 1 1 0 2 0 1 0 1 1 1 0 2 0 0 0 1 1 0 1 1 1 0 0 1 0 0 1 0 1 1 1 0 0 0 0 
0 0 0 0 1 1 0 0 0 1 1 0 1 0 0 0 0 1 0 0 1 1 1 1 0 0 0 0 1 0 0 0 0 0 0 1 0 0 0 1 0 1 0 0 0 0 1 0 1 0 1 1 
1 0 1 1 1 1 1 0 0 1 1 0 0 1 0 1 1 0 0 0 3 0 0 0 0 0 1 1 0 0 1 1 1 0 0 0 0 0 0 1 0 1 1 0 0 0 1 0 0 1 0 1 
0 0 0 0 0 0 0 0 0 0 0 1 1 0 0 0 1 0 0 1 1 0 0 0 0 1 0 0 3 0 1 0 0 1 0 1 1 0 0 0 1 1 0 0 0 1 0 0 0 0 0 1 
0 0 0 0 1 0 0 1 1 1 1 1 1 0 1 1 1 1 1 0 0 1 1 0 0 1 1 0 0 1 0 0 1 1 0 1 0 0 0 0 1 1 0 0 0 1 1 0 1 0 0 1 
0 1 1 0 1 1 0 1 0 1 0 1 1 0 1 0 1 1 0 1 0 1 1 1 1 1 0 1 1 0 1 1 0 1 1 0 1 1 1 0 0 0 0 1 1 0 0 1 0 0 1 1 

# Size = 28 | Time = 13883 ms
1 0 1 0 2 0 0 1 1 0 0 0 1 0 0 1 1 0 1 0 0 1 1 0 0 0 0 0 0 1 1 1 0 0 1 0 1 1 1 1 1 0 0 0 0 0 1 0 0 0 0 1 
0 1 0 1 0 1 1 0 0 1 0 1 0 1 1 0 0 1 0 1 3 0 0 1 1 1 1 0 1 0 1 0 1 1 0 1 0 0 0 0 0 1 0 1 1 1 0 0 1 0 1 0 
1 1 1 0 1 0 1 0 0 1 1 0 0 0 1 1 0 0 0 1 1 0 0 1 0 0 1 1 3 0 0 0 0 0 1 0 0 0 0 1 0 1 1 0 0 0 1 1 0 1 0 1 
0 0 0 1 1 1 0 1 1 0 1 0 0 0 0 0 1 1 1 0 2 1 0 0 1 0 0 1 2 1 0 1 1 1 0 1 1 1 0 0 0 0 1 1 1 1 0 1 0 1 1 0 
0 0 0 1 0 1 0 0 0 0 0 1 1 1 0 0 0 0 1 0 1 0 1 0 0 1 0 1 3 0 0 0 0 0 0 1 0 1 1 0 1 0 1 0 0 0 0 0 1 1 0 1 
0 0 1 0 2 0 1 1 1 1 0 1 1 1 0 1 1 1 1 1 2 1 1 1 1 1 1 1 2 1 1 1 1 1 1 0 1 0 1 1 1 1 0 1 0 1 1 1 0 0 1 0 
1 1 1 0 0 0 0 0 0 0 1 0 1 1 1 0 1 0 0 0 3 1 0 0 0 0 0 0 1 0 0 0 1 1 1 0 1 0 1 0 1 0 1 0 0 0 0 0 1 0 1 1 
1 0 0 1 2 1 0 1 1 0 1 1 0 0 1 1 0 0 0 1 0 0 0 1 0 1 1 0 0 0 0 0 0 0 0 1 0 1 0 0 0 1 1 1 1 1 1 0 1 1 1 0 
1 1 0 0 1 0 1 0 0 1 0 0 0 1 0 0 0 1 0 0 2 0 1 0 0 1 1 0 2 1 1 1 0 0 0 0 0 0 0 1 1 0 0 1 1 0 0 0 0 0 0 1 
0 1 1 1 0 1 1 1 1 1 1 0 0 0 1 0 0 1 1 0 1 1 1 1 1 0 0 0 3 1 1 1 1 1 1 0 1 1 1 1 0 0 0 0 0 1 0 1 0 1 0 0 
0 0 0 0 2 0 0 0 0 1 0 1 1 0 0 0 1 0 0 0 3 1 1 0 1 1 0 1 1 1 0 1 0 0 1 1 0 0 0 1 0 1 0 0 0 0 0 0 1 1 0 1 
0 1 0 0 1 1 1 0 0 0 1 1 1 1 0 0 1 1 0 0 0 0 1 0 0 0 0 1 0 0 1 0 1 1 1 1 1 0 1 1 0 1 1 1 1 1 0 1 0 0 0 0 
0 1 1 1 2 0 0 0 1 0 1 0 1 1 0 0 1 0 0 1 1 1 0 0 1 0 0 1 3 0 0 1 1 0 0 1 1 1 0 0 1 0 0 1 1 1 0 0 0 0 1 1 
0 0 0 0 0 0 0 1 1 0 1 0 1 0 0 1 1 1 1 0 3 0 0 1 0 0 0 0 1 1 0 0 0 1 0 0 1 1 1 1 0 0 0 0 0 1 1 1 0 0 1 0 
1 1 0 0 0 0 1 0 0 1 1 1 0 0 1 0 0 0 1 0 2 1 1 0 1 0 0 0 2 0 0 0 0 1 0 1 0 0 1 0 0 0 0 0 0 1 1 0 1 0 1 0 
0 1 0 0 0 0 0 1 0 1 0 0 1 0 0 1 1 0 0 0 0 0 0 1 1 0 1 0 0 0 1 0 0 0 0 0 0 0 0 0 0 0 1 1 0 0 1 0 0 1 0 1 
1 1 0 0 1 1 0 1 1 1 1 1 1 1 0 0 1 1 0 0 3 1 1 0 0 0 1 1 2 1 1 0 0 1 1 0 0 0 1 1 0 0 1 0 0 0 1 0 1 0 1 1 
0 0 0 1 1 1 0 1 0 1 0 0 0 1 0 0 0 0 0 1 2 0 1 0 0 1 1 1 1 0 0 1 1 0 1 0 0 0 0 1 0 1 0 1 1 0 0 0 0 0 1 1 
0 1 1 1 2 1 0 1 1 1 0 1 0 1 1 0 1 0 1 1 3 1 1 1 1 0 1 0 0 0 1 0 0 0 1 1 1 1 1 0 0 1 1 0 0 1 0 0 1 0 0 1 
1 0 0 0 0 0 0 1 1 0 1 0 1 1 0 1 1 1 0 1 2 1 0 0 0 0 1 1 3 1 0 1 1 1 1 0 1 1 0 0 1 0 1 0 0 1 1 0 0 0 1 1 
0 1 0 0 0 1 0 0 0 0 1 1 1 1 0 0 1 1 0 1 1 1 0 1 1 0 1 1 1 1 0 1 0 1 1 0 0 1 0 1 1 1 0 0 0 1 0 0 0 1 0 0 
0 0 1 0 1 1 0 1 1 0 0 0 0 1 0 0 1 0 1 0 3 1 0 1 1 0 0 0 3 1 0 0 0 0 0 0 0 0 1 1 0 1 0 0 0 1 1 0 0 1 0 0 
1 0 1 1 0 1 1 0 0 1 1 0 1 0 0 0 0 1 0 0 1 1 1 1 0 1 1 0 2 1 1 0 0 1 1 1 0 0 1 0 0 1 1 0 0 0 0 0 1 1 1 1 
1 0 0 0 2 1 1 1 1 0 0 1 1 0 1 0 0 1 1 1 0 0 0 1 0 0 0 1 2 0 0 0 0 1 0 1 0 0 0 0 1 1 1 1 1 0 0 1 0 0 0 1 
0 0 1 1 0 0 0 1 1 1 1 1 0 1 1 0 1 1 1 0 1 1 0 0 1 1 1 1 0 1 1 1 0 1 0 0 0 0 1 1 1 1 0 0 0 0 1 1 0 1 0 1 
1 0 1 1 2 1 0 1 0 0 0 0 0 0 0 0 0 1 0 1 0 1 0 1 0 0 0 1 3 0 1 0 0 1 1 1 1 0 1 1 1 1 0 1 0 1 0 1 0 0 1 1 
1 1 0 0 2 0 0 0 1 1 0 0 0 0 0 0 1 0 0 1 0 0 1 1 1 1 0 1 1 1 0 1 1 0 0 1 0 1 0 0 1 0 0 1 0 1 1 0 1 0 1 1 
1 0 0 0 1 0 0 1 0 1 0 1 0 1 0 0 1 1 0 1 2 1 1 1 0 1 0 1 0 0 1 1 1 0 1 0 0 1 1 1 0 1 0 1 0 1 0 0 1 0 1 1 

# Size = 20 | Time = 14060 ms
0 0 1 1 0 1 0 1 1 0 1 1 0 0 1 0 1 0 0 0 2 1 1 1 1 1 1 0 1 0 1 1 0 0 1 0 0 1 1 0 1 0 0 0 0 1 0 0 0 1 1 0 
1 1 0 0 2 0 1 0 0 1 0 0 1 0 0 0 0 1 1 0 0 0 0 0 0 0 0 1 0 1 0 0 1 1 0 0 1 0 0 1 0 0 1 1 0 0 1 0 1 0 0 1 
1 1 1 0 1 0 0 1 0 1 1 1 0 1 0 1 1 0 1 1 3 1 0 1 0 0 1 0 3 0 0 1 1 1 1 1 1 1 0 0 1 1 1 1 1 1 1 1 0 1 0 1 
0 0 0 1 0 1 0 0 1 0 0 0 1 1 1 0 0 1 0 1 1 0 1 0 1 1 0 0 0 1 1 0 0 0 0 1 0 0 1 1 0 1 0 1 1 1 0 1 0 0 0 0 
0 0 0 1 1 1 1 1 0 0 0 0 0 1 0 1 1 1 0 1 3 0 0 1 0 1 0 1 2 0 0 0 0 0 0 0 0 1 1 0 0 1 0 0 0 0 1 0 1 1 1 1 
1 0 1 0 2 0 1 0 1 0 1 1 1 1 1 0 0 0 1 0 1 1 1 0 0 0 1 1 2 1 1 1 1 1 0 1 0 0 0 1 1 0 1 0 0 1 0 0 1 0 1 0 
0 1 0 0 2 0 1 0 1 1 0 0 0 0 1 1 0 0 0 1 2 0 1 0 1 0 0 1 3 0 1 1 0 0 1 0 1 0 0 1 1 0 0 1 1 0 1 1 0 0 1 1 
1 1 1 1 1 1 1 0 1 1 1 0 1 0 1 1 1 1 1 0 0 1 0 0 1 1 0 0 1 1 0 0 0 1 1 1 1 0 1 0 0 1 0 1 1 1 1 0 1 1 1 0 
0 0 1 0 0 1 0 1 0 1 0 1 1 0 0 0 0 0 0 0 0 0 0 1 0 1 1 1 1 1 0 0 1 0 0 1 1 1 0 0 0 0 1 0 0 0 0 1 0 0 0 1 
1 1 0 1 2 1 0 1 0 0 1 0 0 0 0 0 0 1 0 0 2 1 1 0 1 0 1 0 3 1 0 0 1 0 0 1 0 1 1 1 0 1 1 0 0 0 0 0 0 1 0 1 
0 1 1 0 0 0 1 1 0 0 0 1 0 0 0 1 1 0 1 1 1 1 0 1 0 0 1 0 0 0 1 0 0 1 1 0 1 0 1 0 0 0 0 0 0 1 1 0 1 0 1 0 
0 0 0 0 1 0 0 0 1 1 1 1 1 0 0 0 0 1 0 0 3 0 1 1 1 1 0 0 0 0 0 0 0 0 0 0 0 0 1 1 1 0 1 1 0 0 0 0 1 0 0 1 
0 1 0 0 2 1 0 0 0 0 1 0 0 0 1 1 1 1 0 0 0 0 0 1 1 1 0 0 2 0 1 1 1 0 1 0 0 1 0 1 0 0 0 1 1 0 1 1 0 1 0 1 
0 0 0 1 2 0 0 0 1 0 0 1 1 1 1 0 0 1 0 1 3 0 0 0 0 0 1 1 1 1 1 0 0 1 0 0 0 0 0 0 0 0 0 0 0 1 0 0 1 0 0 0 
0 0 0 0 0 0 0 0 1 1 0 1 1 0 0 1 0 1 1 0 1 0 0 0 1 1 0 0 3 1 0 1 0 0 0 0 0 1 0 0 1 0 0 1 1 0 1 0 1 1 0 1 
1 1 0 0 0 0 0 1 1 1 0 1 1 1 0 1 0 1 1 1 2 1 0 0 0 0 0 1 2 1 0 1 1 1 0 1 1 1 0 0 1 0 0 1 0 1 1 0 1 1 0 0 
0 1 0 0 1 0 1 0 0 1 0 1 0 1 0 0 0 1 0 1 0 0 1 0 1 1 0 1 3 0 1 0 0 1 0 1 0 1 0 1 1 0 0 0 0 1 0 0 0 0 1 0 
0 0 0 0 1 1 0 0 0 1 0 0 0 1 0 0 1 1 0 0 2 1 0 1 1 0 1 0 0 0 0 1 1 1 0 0 0 1 1 0 1 0 1 1 0 0 1 0 0 1 1 1 
0 0 0 0 1 0 0 0 0 0 0 0 0 0 0 0 1 0 0 0 1 1 0 0 0 0 0 0 1 0 0 0 0 0 0 0 0 0 0 1 0 0 1 0 0 1 1 1 0 0 0 0 
1 0 0 0 0 1 1 0 0 0 0 1 1 1 0 0 1 0 1 0 3 0 1 0 0 1 1 1 3 0 0 0 0 1 1 0 1 0 0 0 0 1 1 0 0 1 1 0 0 0 1 0 

# Size = 26 | Time = 15654 ms
1 0 1 1 2 1 1 1 1 0 0 0 0 0 1 0 1 1 1 0 1 0 0 0 1 0 0 1 1 0 0 0 0 1 1 1 1 0 0 0 1 0 1 1 1 1 1 0 1 0 1 0 
0 1 0 0 0 0 0 0 0 0 1 1 0 1 0 0 0 0 0 1 0 1 0 1 0 1 1 0 3 0 0 0 1 0 0 0 0 1 0 1 0 0 0 0 0 0 0 0 0 1 0 1 
1 0 0 1 1 1 1 1 0 1 1 0 1 1 0 1 0 0 0 1 3 1 1 1 1 0 1 0 0 1 1 1 0 1 0 0 1 0 1 0 0 1 1 1 0 1 1 1 0 1 0 0 
0 1 1 0 1 0 0 0 0 0 0 1 1 0 0 0 1 0 1 0 2 0 1 0 0 1 0 1 2 1 1 1 1 0 0 1 0 1 1 1 1 1 0 0 0 0 0 0 1 0 1 1 
0 1 0 0 2 0 0 0 1 1 0 1 0 1 1 1 0 1 0 0 3 0 0 0 0 1 1 1 0 1 1 0 0 0 1 0 0 0 0 0 0 1 0 1 1 0 1 1 0 0 1 1 
1 0 1 0 0 1 0 1 1 1 1 0 1 0 1 0 1 1 1 1 0 1 1 1 0 0 0 0 3 1 0 1 1 1 1 1 1 0 0 1 1 0 0 0 0 1 0 1 0 0 0 0 
0 0 0 1 0 0 1 0 1 1 0 0 0 0 1 1 0 1 0 1 2 1 0 1 1 0 0 1 2 0 0 0 1 0 0 0 1 1 1 1 1 0 1 1 1 0 1 0 1 1 0 1 
1 1 0 1 2 1 0 1 0 1 1 1 0 1 0 0 1 0 0 0 1 0 0 1 1 1 1 0 1 0 0 1 1 0 0 0 0 1 1 0 0 1 1 0 0 1 0 1 0 1 0 1 
0 1 0 0 0 0 1 0 0 0 1 1 1 1 0 0 0 0 1 0 0 0 0 0 1 0 0 0 0 0 0 1 0 1 1 1 0 1 1 0 0 1 0 1 1 1 0 0 1 0 1 0 
1 0 1 1 1 1 1 0 1 0 1 0 0 0 1 1 1 0 1 0 3 1 1 0 0 1 0 1 3 0 1 0 0 0 1 1 0 0 0 0 0 0 1 0 0 1 1 0 0 1 1 0 
0 1 1 0 1 0 0 1 0 0 0 0 1 0 0 1 0 1 0 1 1 1 0 1 0 1 1 0 1 1 1 0 0 1 1 0 1 1 0 1 1 1 0 1 1 0 1 1 0 0 1 1 
1 0 1 1 2 1 0 1 0 0 1 1 0 1 1 0 0 1 0 1 2 1 1 0 0 0 1 0 2 0 0 0 0 1 1 1 1 0 0 0 0 0 0 0 0 1 0 1 0 0 0 0 
0 0 0 0 0 1 1 1 1 0 0 1 0 1 0 0 0 1 1 1 3 0 1 0 0 1 1 1 3 0 1 1 1 0 0 0 0 1 1 1 1 1 1 1 1 0 0 0 1 0 0 1 
1 1 0 1 2 0 0 0 1 0 0 0 1 0 0 1 1 0 0 0 0 0 0 0 1 0 0 1 0 0 1 1 0 1 0 0 1 0 0 1 1 0 1 0 0 1 1 0 0 1 0 0 
1 0 1 0 0 0 0 0 1 0 0 0 0 0 0 0 0 0 0 0 1 1 1 0 0 0 0 0 1 0 0 0 1 0 0 0 0 0 1 0 0 0 0 0 0 0 1 0 0 0 0 1 
0 0 1 0 1 0 1 0 0 0 0 1 1 0 0 1 0 1 0 0 0 0 0 1 0 0 1 0 0 0 0 0 1 0 0 0 0 0 0 0 0 0 1 1 1 0 1 1 0 1 0 1 
1 1 1 1 2 0 1 1 0 0 1 0 0 1 0 1 0 1 1 0 1 0 0 0 1 0 0 1 3 1 1 1 0 1 0 1 0 1 1 0 1 1 1 1 1 1 1 0 1 1 0 1 
0 0 1 0 1 1 1 0 1 1 1 0 0 0 1 0 0 1 1 1 3 1 1 1 0 0 1 0 1 0 0 0 1 1 1 1 1 0 0 0 0 1 0 1 1 1 0 0 1 0 1 0 
1 1 1 1 1 1 0 0 0 1 0 0 1 1 1 1 1 1 0 0 0 1 1 0 0 0 0 0 2 0 1 1 0 1 1 1 1 1 1 0 1 1 0 1 0 1 1 0 1 1 1 0 
1 1 1 1 1 1 1 1 1 0 0 1 0 1 1 0 0 0 1 1 2 1 0 1 0 0 1 1 1 1 1 1 0 1 0 1 1 0 0 0 1 1 0 1 0 1 0 0 0 1 1 1 
0 1 0 1 1 0 0 0 0 0 0 0 0 1 1 1 0 1 0 0 2 1 1 0 0 1 0 1 3 0 1 0 0 0 1 1 1 1 1 0 1 1 1 1 1 0 1 0 1 1 0 1 
1 1 1 1 1 1 0 1 0 0 0 0 0 1 0 1 0 1 0 1 0 0 1 1 0 1 1 1 1 1 0 0 1 0 0 1 0 1 0 1 0 1 1 0 0 1 1 0 1 1 1 0 
0 0 1 0 2 0 1 1 1 1 0 1 0 1 0 1 1 0 0 0 1 0 1 0 1 1 1 0 2 0 1 1 1 0 0 1 0 1 1 0 1 0 1 0 0 0 1 0 0 0 0 1 
1 0 0 0 1 1 1 0 1 1 0 1 0 0 1 0 1 0 0 1 2 0 1 1 0 0 0 0 0 1 0 0 0 0 0 0 1 1 0 1 1 1 0 0 0 0 0 0 1 0 0 1 
0 0 0 1 0 0 1 1 0 1 0 1 0 0 1 1 0 1 0 0 1 0 0 1 0 1 0 0 0 1 1 0 1 0 1 0 1 1 1 0 1 0 1 1 0 1 1 0 0 1 0 0 
1 1 1 1 1 1 0 0 1 1 0 0 0 0 1 0 0 0 1 1 3 0 0 0 1 1 0 1 2 0 0 1 1 0 0 1 1 1 1 0 1 0 0 1 0 1 1 1 0 1 1 0 

# Size = 20 | Time = 11862 ms
0 1 1 1 2 1 1 1 1 1 0 1 0 0 0 1 1 0 1 1 0 1 0 0 0 0 0 1 0 1 1 1 0 1 1 1 1 0 1 0 1 1 1 0 0 1 1 1 0 1 1 0 
1 0 0 0 0 0 0 0 0 0 1 0 1 1 0 0 0 0 0 0 3 0 1 1 1 1 1 0 3 0 0 0 1 0 0 0 0 0 0 1 0 0 0 1 1 0 0 0 1 0 0 1 
0 1 1 1 1 0 1 0 0 0 0 1 0 0 1 0 0 1 0 1 1 0 0 0 0 0 1 0 1 0 0 1 0 1 1 0 0 1 0 1 1 1 0 1 0 0 0 0 0 1 0 1 
1 0 0 0 1 1 0 1 1 1 1 0 1 0 1 1 1 1 1 0 2 1 0 1 1 1 0 0 2 1 1 0 0 0 0 1 1 1 1 0 0 0 0 0 0 1 1 0 1 0 1 0 
1 1 0 0 2 1 0 0 1 1 0 0 0 1 1 0 1 1 1 1 2 1 1 1 0 1 1 1 3 1 0 1 1 1 0 0 0 1 0 1 1 0 1 1 1 1 0 1 0 1 1 0 
0 0 1 1 0 0 1 1 0 0 1 0 1 1 0 1 0 1 0 0 0 0 1 0 1 0 0 1 2 0 1 0 1 0 1 0 0 0 1 0 0 1 1 1 1 1 1 0 0 0 0 0 
0 0 0 0 0 0 0 0 1 0 0 1 0 1 1 0 0 0 1 0 1 0 1 1 0 0 0 0 0 1 0 0 1 0 0 1 1 0 1 0 0 0 1 0 0 0 0 1 0 0 0 1 
1 1 0 0 0 1 0 1 0 1 0 1 1 1 0 1 1 0 0 1 3 1 0 0 0 1 0 0 1 0 0 0 0 1 1 1 1 1 0 1 1 1 1 1 1 0 1 0 1 0 1 1 
1 0 1 1 2 0 1 1 0 1 1 1 0 0 0 0 0 0 0 0 2 1 1 0 1 1 1 1 1 1 1 0 1 0 0 0 0 0 0 0 1 0 0 0 0 0 0 0 1 1 0 1 
0 1 0 0 2 1 1 0 0 0 1 1 1 1 1 0 1 0 1 1 0 0 0 1 1 1 1 0 2 0 0 1 1 1 1 1 0 1 0 1 0 0 0 0 0 0 1 1 0 0 0 1 
0 1 1 1 1 1 1 0 1 0 0 1 0 0 1 0 0 0 0 0 3 0 0 1 1 0 0 1 3 0 1 1 0 0 0 0 0 0 0 0 0 1 1 0 0 1 1 0 1 1 1 0 
1 0 1 0 1 0 0 0 0 1 1 0 1 0 0 1 1 1 0 1 1 0 0 0 1 0 1 0 0 0 1 1 1 0 0 0 1 0 0 1 0 0 0 1 1 1 1 0 1 0 1 0 
0 0 0 1 0 1 0 0 1 0 1 0 1 0 1 1 1 0 1 0 2 0 0 0 0 0 0 0 1 0 1 1 1 1 1 0 0 0 1 0 0 1 0 0 0 1 1 0 1 1 0 1 
1 0 1 0 1 1 1 0 0 0 0 1 0 1 1 0 0 0 0 0 3 1 1 1 0 0 1 0 2 1 0 1 0 1 0 1 0 0 1 1 1 0 0 1 1 0 0 1 0 1 1 1 
0 0 1 0 2 1 1 1 0 0 1 0 0 0 1 1 0 1 0 1 1 1 0 0 0 1 1 1 3 0 1 0 1 1 1 1 1 0 1 0 0 0 0 1 1 1 1 1 0 0 1 0 
1 0 1 0 1 1 0 0 0 0 0 0 0 0 0 0 0 0 0 0 0 0 0 1 1 0 0 0 1 0 1 1 0 0 0 0 0 0 0 0 0 1 0 0 0 1 0 1 0 0 1 0 
1 1 1 0 2 1 1 1 1 0 0 1 0 0 1 0 1 1 1 1 3 1 0 0 1 1 0 0 0 0 0 0 0 0 0 0 0 1 0 1 0 0 0 0 0 1 0 0 0 1 1 0 
0 0 0 1 1 0 0 1 1 0 1 0 1 1 1 0 0 0 1 1 0 1 0 0 1 1 0 0 3 0 1 0 0 1 1 1 0 1 0 0 0 0 0 1 0 1 1 0 1 0 0 1 
0 0 1 1 0 1 1 0 1 0 1 1 0 1 1 0 0 0 0 1 2 1 0 0 1 1 1 1 0 0 0 1 1 0 0 1 0 0 0 1 0 1 0 1 1 1 0 0 0 0 0 1 
1 1 1 0 2 1 0 0 0 1 1 0 0 0 1 0 0 1 0 1 1 1 0 1 1 0 1 1 2 0 0 0 0 0 1 1 0 1 1 1 1 1 1 1 0 1 1 1 0 1 1 1 

# Size = 23 | Time = 12899 ms
1 0 1 0 0 1 0 0 0 1 1 1 1 0 0 1 1 1 1 0 0 0 1 0 1 0 0 1 2 1 1 0 1 1 0 0 1 0 0 1 0 0 1 1 1 1 1 0 0 0 1 0 
0 1 0 1 2 0 1 0 0 0 0 0 0 0 0 0 0 0 0 0 1 0 0 1 0 0 1 0 1 0 0 1 0 0 0 1 0 0 1 0 0 1 0 0 0 0 0 0 0 1 0 1 
0 1 0 1 1 1 0 1 1 0 1 0 1 1 1 0 1 1 1 1 3 1 0 0 0 1 0 0 3 0 0 1 0 1 1 0 0 1 1 0 1 0 0 1 1 1 1 1 0 1 1 0 
0 0 1 0 0 0 1 1 1 1 0 1 0 1 1 0 0 0 0 1 2 1 1 0 1 1 1 1 0 0 0 0 0 0 1 1 1 1 0 1 1 0 0 0 0 0 0 0 1 0 1 1 
1 0 0 1 2 1 0 1 1 0 1 0 1 0 1 1 0 0 0 1 0 0 0 1 0 1 1 1 0 1 1 0 1 0 1 1 0 1 0 0 1 1 1 0 0 1 1 0 1 1 0 0 
1 1 1 0 1 0 1 0 1 1 0 1 0 0 0 1 1 0 1 0 3 1 1 1 1 0 0 0 3 1 1 1 1 0 0 0 0 0 1 1 0 1 0 0 0 0 1 1 0 0 0 1 
1 0 0 0 2 1 1 1 0 0 0 0 0 1 0 0 0 1 1 1 2 0 0 1 1 0 0 0 2 1 1 1 0 1 1 1 1 0 1 0 0 1 1 1 1 0 0 0 1 0 0 1 
0 1 0 1 2 0 0 0 0 1 1 1 0 1 0 0 1 0 0 1 1 1 1 0 0 1 0 1 1 1 0 0 1 1 0 0 1 1 0 1 1 0 1 1 1 1 0 1 0 0 1 0 
1 0 1 0 1 0 0 1 0 1 0 0 1 0 1 0 0 1 0 0 3 0 0 0 0 0 1 0 2 0 0 0 0 0 0 1 1 0 0 1 1 1 0 0 0 0 0 1 0 1 0 1 
0 0 1 1 0 1 1 0 0 0 0 0 0 0 0 1 1 0 1 0 2 0 1 1 0 0 1 0 0 0 0 1 0 0 0 0 0 1 1 0 0 0 1 1 0 1 1 0 1 1 0 0 
0 0 0 1 0 0 1 0 0 0 1 0 0 1 1 0 0 0 0 0 0 0 0 1 1 1 1 0 3 0 1 0 0 1 1 0 1 0 1 1 0 1 0 0 0 0 0 1 0 0 1 1 
0 1 0 0 1 1 1 0 1 1 0 1 1 0 1 1 1 1 1 0 1 1 1 1 1 0 1 1 1 0 1 0 1 0 1 1 0 0 1 0 0 0 1 1 1 1 1 0 1 1 0 1 
0 1 0 1 0 1 0 0 1 0 1 1 0 0 0 0 1 0 0 1 2 1 0 0 0 1 1 0 2 1 1 1 1 0 0 0 0 1 0 1 1 1 0 0 0 1 1 1 0 0 1 1 
1 1 1 0 2 1 0 1 0 0 1 0 0 1 0 1 0 1 0 1 3 0 1 0 1 0 0 1 0 1 1 0 0 1 0 0 1 0 0 1 0 1 1 1 1 1 1 0 0 0 0 1 
1 0 1 1 2 1 1 1 0 1 0 0 1 1 0 1 0 0 0 1 1 1 0 1 1 1 0 1 3 0 1 1 1 0 0 1 0 1 0 1 1 0 1 0 0 0 1 0 1 1 0 1 
1 0 1 0 0 0 0 1 0 1 0 1 0 0 1 0 1 0 0 0 0 1 0 1 1 1 0 0 1 1 0 1 0 0 0 0 0 1 0 1 0 1 0 0 0 0 0 1 0 1 0 1 
0 1 1 0 1 0 0 1 0 0 1 1 1 0 0 0 1 0 0 0 2 0 1 0 1 0 0 1 0 0 0 1 1 0 0 1 1 1 0 1 0 1 1 1 0 0 0 1 0 0 0 1 
1 0 0 1 0 1 1 0 1 1 0 0 0 1 0 0 1 0 0 1 3 1 0 0 0 0 1 0 1 1 0 1 1 0 1 0 1 1 1 0 0 1 0 1 1 1 1 0 1 0 0 1 
0 0 0 0 0 1 1 0 1 1 1 1 0 0 1 1 0 1 0 1 1 1 0 1 1 1 1 0 0 0 0 1 0 0 0 0 0 0 1 0 1 1 1 1 0 1 1 0 1 0 0 0 
1 1 1 1 1 0 1 0 0 1 0 1 1 1 1 0 1 1 1 0 0 0 0 1 0 0 0 0 0 0 1 1 1 1 1 0 1 1 0 0 1 1 1 1 1 1 0 1 0 0 1 0 
0 1 1 0 1 1 1 1 0 0 1 0 1 1 0 1 1 1 1 0 2 1 0 0 0 0 0 1 1 1 0 1 0 1 0 1 0 1 1 1 1 0 0 1 0 0 1 0 1 1 0 1 
1 1 0 1 2 0 0 1 0 1 1 1 0 0 1 0 1 1 1 0 1 0 1 0 0 0 0 1 2 0 0 1 1 1 1 1 0 0 1 1 1 0 0 0 0 1 1 0 1 0 0 0 
0 1 0 0 1 0 1 0 0 1 1 0 0 1 0 0 0 0 1 1 2 1 0 1 0 0 1 0 3 1 0 0 0 0 1 0 0 0 1 1 1 0 0 1 1 0 0 0 1 1 0 1 

# Size = 25 | Time = 15172 ms
0 1 1 0 0 0 0 1 0 0 1 1 1 0 0 0 0 0 1 1 0 1 1 1 0 1 0 0 2 1 0 1 1 0 0 0 0 1 1 0 0 1 1 1 0 1 0 0 0 0 1 0 
0 0 0 0 0 1 1 0 1 1 0 0 0 0 0 1 1 1 0 0 3 0 0 0 0 0 0 1 0 0 1 0 0 1 0 1 1 0 0 1 1 0 0 0 0 0 1 0 1 0 0 1 
1 1 0 1 1 0 1 0 0 1 0 1 0 1 1 1 0 1 1 1 1 0 1 1 1 0 1 1 3 0 0 1 0 0 1 0 1 0 1 1 0 1 0 1 1 1 1 1 0 1 0 1 
1 0 1 1 2 0 0 0 1 0 0 0 1 1 1 0 0 0 0 0 2 1 0 0 1 1 1 0 1 0 0 0 0 0 1 1 0 1 0 0 0 0 0 0 0 1 0 0 1 0 0 0 
1 0 1 1 2 1 0 1 0 0 1 0 0 1 0 0 1 0 1 1 1 0 0 0 1 1 0 0 3 1 1 0 1 1 0 0 0 0 0 1 1 0 1 0 0 0 0 1 0 1 1 1 
0 1 0 0 1 1 1 1 1 1 1 0 1 0 0 0 1 1 0 0 0 1 0 0 0 0 1 1 0 1 1 1 1 0 1 1 0 1 1 0 1 1 1 1 1 1 0 1 0 1 1 0 
0 0 1 0 1 1 0 0 1 0 1 1 1 0 1 1 1 1 1 0 2 1 1 1 0 0 0 0 1 1 0 0 1 1 0 0 1 1 0 0 1 1 1 1 1 0 1 0 1 0 1 1 
1 1 0 1 2 0 0 1 0 1 1 1 1 0 1 1 0 0 0 1 3 0 1 0 1 1 1 1 2 0 1 1 0 1 1 1 0 0 1 0 0 0 1 0 0 0 1 0 1 1 0 1 
1 0 1 0 2 1 1 1 0 0 0 0 0 1 0 0 1 0 0 0 3 1 0 1 0 0 1 0 2 1 0 1 1 0 0 0 1 1 0 1 0 0 0 1 1 1 0 1 0 0 1 0 
0 0 0 1 0 0 0 0 0 0 0 0 0 1 1 0 0 0 1 1 0 0 1 1 1 1 0 0 0 0 0 0 1 1 1 0 1 0 0 1 1 0 0 0 0 1 1 0 0 1 0 0 
0 1 0 0 0 0 1 0 1 0 0 0 0 0 0 0 1 0 0 1 2 1 1 0 1 0 1 1 1 1 1 1 0 0 0 0 0 0 1 0 0 1 1 0 0 0 1 1 0 1 0 1 
0 1 1 0 0 1 1 0 1 0 1 1 1 0 0 0 0 0 0 0 1 1 0 1 0 1 0 0 3 0 1 0 0 1 0 1 0 1 0 0 0 1 0 1 1 1 0 0 0 0 1 0 
0 0 1 1 1 0 0 0 0 1 0 1 0 0 0 1 0 1 0 0 2 0 0 0 0 1 0 1 2 1 0 0 0 1 0 0 0 1 1 1 1 0 1 0 0 1 1 0 0 0 0 0 
1 1 1 0 0 0 0 1 0 1 1 1 1 1 1 0 1 0 1 1 0 0 0 1 0 0 0 0 1 0 0 0 0 0 1 1 0 0 1 1 1 1 0 0 0 0 0 1 0 0 0 1 
0 0 1 1 2 0 0 0 1 0 1 1 1 0 1 1 1 1 0 1 0 1 1 0 0 0 1 0 0 0 0 0 1 0 0 1 0 0 1 0 0 1 0 0 0 1 1 0 1 0 0 0 
1 0 1 1 1 1 0 1 1 1 1 1 1 1 1 1 0 0 1 1 3 0 1 1 1 0 1 1 2 0 0 1 1 0 0 0 0 1 0 0 0 1 1 1 1 1 1 1 0 1 0 1 
1 1 1 0 0 0 1 1 1 1 1 1 1 0 0 1 0 0 0 1 2 1 1 1 0 0 0 0 0 1 0 0 0 0 0 1 1 0 1 1 1 1 1 0 0 1 1 1 0 0 0 1 
0 1 1 0 2 1 1 0 0 0 0 1 1 0 1 1 0 0 0 0 1 1 0 0 0 1 0 1 3 1 1 1 0 1 0 1 1 1 0 0 0 0 0 1 0 1 1 0 1 0 0 0 
0 1 1 0 0 1 0 0 1 0 0 0 1 0 1 1 0 1 0 1 3 1 0 1 1 1 0 0 1 0 0 0 1 1 0 0 1 0 1 0 0 0 1 1 0 0 1 1 0 1 0 1 
0 1 1 0 2 1 0 1 1 0 1 1 0 1 1 1 1 1 1 0 1 1 1 1 0 1 1 0 1 0 0 0 1 1 1 0 0 1 0 0 1 1 1 0 0 0 1 0 0 1 1 1 
0 0 0 1 0 1 0 0 0 1 1 1 1 1 1 0 1 1 1 1 2 0 1 1 0 0 1 0 3 0 0 1 1 1 1 1 0 0 0 1 0 1 1 0 0 0 1 1 0 1 0 1 
1 1 1 0 2 1 1 1 1 0 0 1 1 1 0 0 1 0 1 1 1 1 1 1 1 1 1 0 0 0 0 0 1 0 0 1 0 0 1 0 1 0 1 1 0 0 0 1 0 1 1 1 
1 0 0 0 1 0 0 1 0 0 0 0 1 1 0 1 1 0 0 1 0 1 1 0 1 1 1 0 3 0 0 0 0 0 0 1 0 0 1 1 1 1 0 0 0 1 1 1 0 1 0 1 
0 1 1 0 2 0 1 1 0 0 1 0 1 1 1 0 1 1 0 1 1 1 1 0 0 1 1 1 2 0 0 0 0 0 0 1 0 0 1 0 1 1 1 0 0 1 1 0 0 0 1 0 
0 0 0 1 2 1 0 0 0 0 1 0 1 0 0 0 1 0 1 0 3 1 0 1 0 0 1 1 3 0 0 1 0 1 0 1 1 0 0 1 0 0 0 0 0 1 0 1 0 1 0 1 

# Size = 22 | Time = 14550 ms
0 1 0 1 0 1 0 0 0 0 0 0 1 0 0 0 0 1 1 1 3 0 0 1 1 1 1 0 1 0 0 0 1 1 0 1 1 0 1 1 1 1 1 0 0 0 1 0 1 0 0 1 
1 0 1 0 0 0 1 0 1 1 0 0 0 0 1 0 1 0 0 0 1 0 1 0 0 0 0 1 0 1 1 0 0 0 1 0 0 1 0 0 0 0 0 1 1 1 0 1 0 0 1 0 
0 1 0 0 1 1 1 1 0 0 1 1 0 1 1 1 1 0 0 1 0 1 0 0 1 0 0 0 3 1 0 1 1 1 1 0 0 1 0 1 1 1 0 1 1 1 1 0 1 1 1 1 
1 0 1 1 2 0 0 0 1 1 1 1 0 1 0 1 0 1 1 0 2 1 1 0 0 0 1 1 2 0 0 1 0 0 0 0 1 0 0 0 0 0 1 0 0 0 1 0 0 1 0 1 
0 1 1 0 2 1 1 1 0 1 1 1 1 1 0 0 0 0 0 0 0 1 0 1 1 1 1 1 3 0 1 1 0 1 0 1 0 0 1 0 0 0 0 1 0 1 0 1 0 0 0 0 
1 0 0 0 1 0 0 1 1 0 0 0 1 0 1 0 1 1 1 1 2 0 1 0 0 1 0 0 0 0 1 0 1 0 1 1 0 1 1 1 1 0 1 0 0 1 0 1 0 1 0 0 
0 0 0 1 2 0 0 1 0 0 0 0 1 0 0 1 0 1 0 0 3 0 1 1 0 0 0 0 2 1 1 1 0 1 1 0 1 1 1 0 1 1 0 1 1 0 1 1 0 0 1 1 
1 0 1 1 1 1 1 1 1 0 0 0 0 1 1 0 1 0 1 1 1 1 0 1 0 1 1 1 1 1 1 0 1 0 0 0 0 0 0 0 0 1 1 1 1 1 0 0 1 1 1 0 
1 1 0 0 2 0 0 0 0 1 1 1 0 0 1 0 0 0 0 0 1 0 1 0 1 0 0 0 1 1 0 0 0 0 1 1 1 0 1 1 0 0 0 0 0 1 1 0 1 0 1 0 
1 1 1 0 0 1 1 1 1 1 1 1 0 1 0 0 1 0 0 1 3 1 1 1 1 0 1 1 0 0 0 0 0 1 0 1 1 1 0 1 1 0 1 1 1 0 0 0 1 1 1 1 
0 1 0 0 1 0 1 0 1 1 0 1 0 0 1 0 0 1 0 0 0 0 0 0 0 1 0 1 2 1 0 0 1 0 0 1 0 0 0 1 0 1 0 0 0 0 0 1 0 0 0 1 
0 0 0 1 0 0 0 0 1 0 0 0 1 0 0 1 0 1 1 0 1 0 1 1 1 1 1 1 3 0 1 1 0 0 1 1 0 0 0 0 1 1 1 1 1 0 1 0 0 0 0 1 
0 1 0 1 0 0 1 1 0 0 1 0 1 0 1 1 0 0 1 0 2 1 0 0 1 1 0 0 0 1 1 0 0 1 0 0 0 0 0 1 0 1 0 1 0 0 1 0 1 0 1 1 
1 0 1 1 1 1 0 0 0 0 0 0 0 1 0 1 1 0 1 1 0 0 1 0 0 0 0 0 2 0 0 0 0 0 1 0 1 0 0 0 1 0 1 0 0 1 1 0 1 0 1 0 
1 0 0 1 2 0 0 0 0 0 1 0 1 0 1 0 1 0 0 1 3 0 0 0 0 0 1 0 3 0 0 0 0 0 1 0 1 0 1 0 0 0 0 0 0 1 1 0 0 0 0 0 
1 0 0 1 2 1 1 0 1 1 1 0 0 0 1 1 0 1 0 1 2 1 1 1 1 1 0 0 1 0 0 1 1 1 1 1 1 1 1 0 0 1 0 1 1 0 1 1 0 0 0 1 
0 0 1 0 0 1 1 0 1 1 0 0 1 1 1 0 1 0 0 0 1 0 1 1 1 0 1 0 2 0 0 1 1 1 0 1 1 1 0 0 0 1 1 1 0 1 1 1 0 1 0 0 
0 0 0 1 2 0 0 1 1 0 1 1 0 1 0 0 1 1 1 1 3 0 1 1 1 0 0 1 0 0 0 1 0 1 1 1 0 0 1 1 0 0 0 0 0 1 1 1 0 0 1 0 
1 1 0 0 0 1 1 0 0 0 1 0 0 1 0 1 1 1 1 1 0 0 0 0 1 0 1 1 0 0 1 0 1 0 0 1 0 0 0 1 1 0 1 1 1 0 1 1 0 1 1 1 
1 0 0 1 1 0 1 1 1 0 0 1 1 1 0 1 1 0 1 0 3 1 0 1 1 1 1 1 0 0 1 1 0 0 1 0 1 1 1 0 1 0 1 1 0 1 1 0 1 0 0 0 
0 0 0 1 1 1 1 1 0 0 1 0 1 1 0 1 1 0 1 0 2 0 0 1 1 1 1 1 3 0 1 0 1 1 0 1 1 1 0 1 1 0 1 1 0 1 1 1 0 1 1 0 
0 0 1 0 2 0 0 1 0 0 1 0 1 0 1 0 1 0 0 1 0 0 1 0 0 1 1 1 1 1 0 1 0 1 1 1 0 1 0 1 0 1 0 0 0 0 0 0 1 0 0 1 

# Size = 22 | Time = 15890 ms
0 0 1 0 2 1 0 1 0 1 0 1 1 1 1 0 1 0 1 1 0 1 0 1 0 1 0 0 1 1 1 1 1 1 0 0 0 0 0 0 1 1 0 0 0 0 0 0 0 0 1 1 
1 1 0 0 1 0 0 0 0 0 1 0 0 0 0 1 0 0 0 0 1 0 0 0 1 0 1 1 3 0 0 0 0 0 1 1 1 0 1 1 0 0 1 1 1 1 1 1 0 1 0 0 
0 0 0 1 0 0 1 0 1 0 0 0 1 0 0 0 0 1 0 0 2 0 1 1 0 0 0 0 0 1 0 0 0 0 0 0 0 1 0 0 0 0 1 0 0 1 0 0 1 0 0 1 
0 1 1 1 0 1 1 0 1 1 1 0 0 1 1 1 1 0 0 1 3 1 1 0 1 1 0 1 2 0 1 1 1 1 0 1 1 1 1 1 0 1 0 1 1 0 1 1 0 1 1 1 
1 1 0 1 2 1 1 1 1 0 1 1 1 0 1 1 0 1 1 1 0 1 1 0 1 1 1 0 0 0 1 1 0 0 1 1 1 1 1 0 1 1 0 1 0 1 1 0 1 0 0 0 
1 0 1 0 1 1 1 1 0 1 0 0 0 1 0 0 1 1 1 0 3 0 0 1 0 0 1 1 2 0 0 0 1 1 1 0 0 0 0 1 1 0 1 0 0 1 0 0 1 1 1 0 
1 0 1 0 1 0 0 1 1 1 0 1 0 1 1 0 0 1 1 0 2 0 1 0 0 1 1 0 3 1 0 1 0 1 1 1 1 0 0 0 0 0 0 1 1 0 0 1 0 1 0 1 
0 1 1 1 2 0 1 0 0 0 0 1 1 0 0 0 1 0 0 1 1 1 1 1 1 0 0 0 3 1 1 0 1 0 0 0 0 0 0 1 1 0 1 0 0 0 1 1 0 0 1 1 
0 0 0 0 0 0 0 1 0 1 1 0 0 0 0 1 0 0 0 0 0 0 0 1 0 1 1 1 1 0 0 0 1 0 1 0 0 1 1 1 0 1 1 1 1 0 1 0 1 0 0 1 
1 1 0 0 1 0 0 1 0 0 1 1 1 1 0 0 1 0 0 1 2 1 0 0 1 0 0 1 0 1 0 1 0 1 0 0 0 0 1 1 0 1 0 0 0 1 0 1 0 0 1 0 
0 1 0 1 2 1 0 0 1 0 0 0 1 0 1 1 1 1 1 0 1 0 0 0 0 0 1 1 1 1 1 0 0 0 0 0 1 1 0 0 0 1 0 1 1 1 1 0 1 1 0 0 
0 0 0 0 0 0 0 0 0 0 0 1 1 0 1 1 0 0 1 0 3 0 1 0 0 0 0 0 2 1 0 1 0 0 1 1 1 0 1 0 1 0 1 0 0 1 1 0 0 0 0 0 
0 0 0 1 1 1 0 1 0 0 1 0 1 1 0 1 0 0 1 0 2 1 1 1 0 0 1 1 1 0 1 1 1 0 0 1 0 0 0 1 1 0 0 1 1 0 1 1 0 1 1 1 
1 0 0 0 0 1 1 1 0 1 0 0 0 0 0 0 0 1 1 0 1 1 1 0 1 1 0 1 0 0 1 1 1 1 1 0 0 1 0 1 0 0 0 1 1 0 0 0 1 1 0 1 
0 0 1 0 2 1 1 0 0 0 0 0 0 1 0 0 1 0 0 1 0 0 0 0 1 0 0 0 3 0 0 1 1 0 0 1 0 1 1 1 0 0 1 0 0 1 0 0 1 1 1 0 
1 0 0 1 1 1 1 0 0 1 0 1 1 0 1 1 1 1 0 0 3 1 1 1 1 0 1 0 1 1 1 1 1 0 0 1 1 1 1 0 1 1 1 1 1 1 1 0 1 1 0 0 
1 0 1 0 2 0 0 0 1 0 0 1 0 0 1 0 1 1 1 1 3 1 0 1 0 0 1 0 0 0 0 1 0 1 1 0 0 0 0 0 1 0 0 1 0 0 0 0 0 0 0 1 
1 1 0 1 2 1 0 1 0 1 1 1 1 1 0 1 0 0 1 1 2 1 0 1 0 1 1 1 2 0 0 0 0 0 1 1 0 0 1 1 1 0 0 0 0 0 1 0 0 0 1 1 
0 0 1 0 0 0 1 1 0 0 1 1 1 1 1 0 1 1 0 0 0 0 0 1 0 1 0 1 3 1 1 1 1 1 0 0 1 0 0 1 1 1 1 0 0 1 0 1 0 0 1 0 
1 0 1 1 0 0 0 0 1 0 1 0 1 1 0 0 1 0 0 0 1 1 0 0 1 1 1 0 2 0 1 0 1 1 1 0 0 0 1 1 0 0 1 0 0 1 0 0 1 0 1 0 
1 1 1 1 1 0 1 0 0 1 1 1 0 1 1 0 0 1 1 0 0 0 0 1 1 1 0 1 2 0 1 0 0 0 0 1 0 0 0 1 1 0 1 1 0 1 0 0 0 0 0 1 
1 1 1 0 0 1 1 1 0 1 0 1 0 1 0 1 0 1 1 0 3 1 1 1 0 1 1 0 3 0 0 1 0 0 1 1 0 0 1 0 0 0 0 0 0 1 1 0 0 1 1 0 

# Size = 20 | Time = 12997 ms
1 1 0 1 1 1 1 1 1 1 0 1 1 1 0 1 0 1 0 1 0 0 0 0 1 1 1 0 1 0 0 0 0 1 1 0 1 0 0 1 1 1 1 0 0 0 1 0 1 1 0 1 
0 0 0 0 0 0 0 0 0 0 0 0 0 0 1 0 1 0 1 0 2 1 0 1 0 0 0 0 0 0 1 0 1 0 0 1 0 0 1 0 0 0 0 1 1 1 0 0 0 0 1 0 
1 0 1 0 2 0 0 0 1 1 1 0 0 1 0 0 1 0 1 1 1 1 1 0 1 0 0 1 3 1 0 1 0 0 1 0 1 1 0 0 0 0 0 0 0 0 0 1 0 1 0 1 
0 1 1 1 2 1 0 1 0 0 1 1 1 0 1 0 0 1 0 0 3 0 1 0 0 1 0 1 2 1 1 1 1 0 0 1 0 1 0 1 1 1 1 1 1 1 1 1 0 0 1 0 
1 0 1 0 1 0 1 0 1 0 1 0 1 0 0 1 0 1 1 0 0 1 1 1 0 0 1 1 3 1 1 0 1 1 0 1 0 1 1 0 1 0 1 0 0 1 1 0 1 0 0 0 
0 1 1 0 0 1 1 0 0 1 0 1 0 0 0 1 1 0 0 1 3 0 0 1 0 0 1 0 0 0 0 1 0 1 1 0 1 1 1 1 0 1 0 1 0 0 1 1 0 1 1 1 
0 0 0 1 0 0 1 1 1 0 1 1 1 0 1 0 0 0 1 1 1 1 1 1 1 1 1 0 2 0 0 1 1 1 1 0 0 0 0 0 0 1 0 1 1 1 0 0 1 0 0 1 
1 0 0 1 1 1 0 1 0 0 1 0 0 1 1 0 1 0 0 0 2 0 0 0 1 1 1 1 1 0 1 1 0 0 0 1 1 1 1 0 1 0 0 1 1 0 0 1 0 1 1 1 
0 0 0 0 2 0 0 1 0 1 0 0 0 1 1 1 1 1 1 0 1 0 0 1 0 0 0 0 2 1 1 0 0 0 0 0 0 0 1 1 0 0 1 0 0 1 1 0 1 0 1 0 
0 1 0 0 0 0 1 0 0 1 0 1 0 0 0 0 0 1 0 1 2 1 1 0 1 1 0 1 3 0 0 0 1 1 1 1 1 0 0 1 0 1 1 1 1 1 0 1 0 1 0 0 
1 1 1 1 0 0 0 0 0 1 1 0 0 1 1 0 0 0 1 0 0 0 0 0 1 0 0 0 0 1 0 1 1 0 1 0 0 0 0 0 1 0 1 0 0 0 0 1 0 0 0 1 
0 0 0 0 1 0 0 0 1 0 1 0 0 0 0 0 0 0 1 1 3 0 0 1 0 0 0 0 1 1 1 0 1 0 1 0 0 0 0 0 0 0 0 0 0 1 0 0 1 0 0 0 
0 0 0 1 2 1 0 1 1 0 0 0 1 0 1 1 1 1 1 0 0 1 0 1 0 0 1 0 3 0 1 0 0 1 1 0 0 0 0 0 0 1 0 1 1 1 1 0 0 0 1 0 
1 0 0 0 2 1 1 0 1 0 1 1 1 1 0 1 0 0 0 1 2 1 1 0 0 0 0 0 2 1 0 0 0 0 0 0 0 0 0 0 0 0 0 0 0 0 1 0 1 1 1 1 
0 1 0 0 1 1 0 1 1 0 0 1 1 0 0 1 0 1 0 0 1 0 0 0 0 1 0 1 0 0 1 0 0 0 1 1 1 0 0 0 1 1 0 1 0 0 1 0 1 0 0 1 
1 0 1 0 2 1 0 0 0 0 1 0 0 1 1 0 0 0 0 1 3 1 1 0 1 0 0 0 1 0 0 0 1 0 1 1 1 0 1 0 0 1 0 0 0 1 1 0 0 0 1 0 
0 1 0 0 1 0 0 0 0 1 1 1 0 0 1 0 1 1 0 0 0 0 0 0 0 0 0 1 2 0 0 0 1 0 0 0 1 0 0 0 0 0 1 1 1 0 1 0 1 0 0 1 
0 0 1 1 2 1 0 1 1 1 0 1 1 1 0 0 1 0 0 0 2 1 1 1 1 0 0 1 0 1 0 1 0 0 0 0 1 1 1 0 0 1 1 1 1 0 0 0 0 0 1 1 
1 0 0 0 0 0 0 1 0 1 1 0 1 0 1 0 1 0 0 1 3 0 0 0 0 1 1 0 3 0 0 0 1 1 1 0 1 1 1 0 0 0 0 0 0 0 0 1 0 0 1 1 
1 1 1 0 0 0 1 0 1 0 0 0 0 1 0 0 0 1 1 1 1 1 1 0 0 0 0 1 1 1 0 1 1 0 1 1 0 0 1 0 0 0 0 1 1 1 0 1 0 1 0 1 

# Size = 23 | Time = 13178 ms
1 0 0 1 1 1 1 1 1 1 1 0 1 1 1 0 1 0 1 0 0 1 0 1 1 1 1 0 1 1 1 0 0 0 1 0 1 0 0 0 0 0 0 1 0 1 0 0 0 0 0 0 
0 1 0 0 2 1 0 0 0 0 0 0 0 0 0 1 0 1 0 0 1 0 0 0 0 0 0 0 0 0 0 1 0 1 0 1 0 1 1 1 1 1 1 0 0 0 1 0 1 1 1 1 
0 0 1 1 0 0 1 0 0 0 0 1 0 0 0 0 0 0 0 1 2 0 1 0 0 0 0 1 3 0 0 0 1 0 0 0 1 0 0 0 0 0 0 1 1 0 0 1 0 0 0 1 
1 1 1 0 0 0 0 1 1 1 0 1 1 1 1 1 1 0 0 1 3 0 1 1 1 1 0 1 2 1 1 1 1 0 1 1 0 1 1 0 1 1 1 0 0 1 1 1 0 0 1 0 
1 0 1 0 2 0 0 1 0 0 1 1 1 1 0 0 1 1 1 1 3 1 0 0 0 0 1 1 2 0 0 0 1 1 1 0 0 0 0 1 0 1 1 1 1 1 1 0 1 1 0 0 
0 1 0 0 1 0 0 0 1 1 1 0 0 0 1 0 0 1 1 0 2 1 1 1 1 1 1 0 3 1 0 0 0 1 0 1 1 1 1 1 1 0 0 0 0 0 0 1 0 1 0 1 
0 1 1 1 1 1 1 0 0 0 0 0 0 1 1 1 1 0 1 0 0 0 1 1 0 0 1 1 1 1 1 1 0 1 0 0 0 1 1 1 1 0 0 1 1 0 1 0 1 1 1 1 
1 1 1 1 0 0 0 1 1 0 1 1 0 0 1 0 0 1 1 1 1 1 0 0 1 1 0 0 0 0 1 1 0 0 1 0 1 0 0 0 0 0 0 0 0 1 0 0 1 1 0 0 
1 0 0 1 2 1 1 1 0 1 1 0 1 1 0 1 0 0 0 1 1 1 0 0 1 1 1 1 0 1 1 0 1 0 0 1 1 0 1 1 0 1 1 1 1 0 1 1 0 0 1 1 
0 0 0 0 1 1 1 0 1 1 1 1 1 0 0 0 1 1 0 0 0 0 0 0 0 0 0 0 3 0 0 0 1 1 0 1 0 1 0 0 1 1 1 0 0 1 0 0 1 0 1 0 
0 0 0 1 0 1 0 0 0 0 0 0 0 0 0 0 0 0 1 0 3 1 0 1 0 1 0 0 2 0 0 0 0 1 1 0 0 0 0 1 1 0 0 1 0 0 0 0 1 1 0 1 
0 0 0 0 2 0 0 1 0 0 0 1 1 0 0 1 0 1 0 1 2 0 0 0 1 0 0 0 1 0 0 1 1 1 1 0 0 1 1 0 0 1 1 0 0 1 1 0 0 0 1 0 
1 0 1 0 2 0 0 1 1 1 0 1 0 1 1 1 0 0 0 1 0 0 1 1 1 0 0 0 3 0 1 1 0 0 1 1 1 0 0 0 0 1 0 1 1 1 1 0 0 1 0 1 
1 1 0 1 2 1 0 0 0 0 0 0 0 1 0 0 1 0 0 0 2 0 1 1 0 0 0 0 0 0 1 0 0 0 0 0 0 0 0 0 0 0 1 1 0 1 0 0 1 1 0 0 
0 1 0 0 1 1 1 0 1 0 1 0 1 1 1 0 1 1 0 1 1 0 1 1 0 1 1 1 2 0 0 0 1 1 0 1 1 0 0 0 0 0 1 1 1 1 1 1 0 0 1 1 
0 1 0 0 0 0 1 0 1 0 0 0 1 0 1 0 1 0 0 0 3 0 0 0 0 0 1 0 1 0 0 0 1 0 0 1 1 0 1 0 0 1 0 1 1 0 0 1 0 1 0 1 
0 1 1 0 1 1 0 0 0 0 0 0 1 0 0 0 0 1 0 1 0 1 0 1 0 1 1 0 0 0 0 0 0 0 1 0 1 1 1 0 1 1 0 1 0 1 0 1 0 1 1 1 
1 1 0 1 1 0 0 1 1 1 0 0 1 1 0 0 1 0 0 1 3 1 1 1 0 0 1 1 3 1 1 0 1 0 0 1 1 1 0 0 1 1 0 0 0 0 1 0 1 1 0 1 
0 0 1 1 0 0 1 0 0 0 0 0 0 0 0 1 1 0 0 1 0 0 1 1 0 1 0 0 2 1 0 0 0 0 0 0 0 1 0 1 0 0 0 0 0 1 1 0 0 0 0 0 
0 0 0 1 2 1 0 1 1 0 1 0 1 1 1 0 1 0 0 0 3 0 1 0 0 0 0 0 0 1 1 1 1 1 1 0 1 1 0 1 1 1 0 1 1 0 1 1 0 1 1 1 
0 0 0 0 1 1 1 0 0 0 1 0 0 0 0 0 1 1 0 0 1 1 1 1 1 1 0 0 3 0 1 0 1 1 0 0 1 1 0 1 0 1 0 1 1 1 0 1 0 0 0 0 
1 1 0 1 1 0 1 1 0 0 0 1 1 1 1 0 1 0 1 0 2 1 1 1 1 1 1 0 2 0 0 1 1 1 0 1 1 0 0 1 1 0 0 0 0 1 0 0 1 1 0 0 
0 0 1 1 1 0 1 1 1 0 1 0 1 1 1 0 0 0 1 0 1 1 1 1 1 1 0 1 1 1 1 1 0 1 0 1 1 1 1 1 0 0 0 1 0 1 1 0 0 1 0 0 

# Size = 23 | Time = 14671 ms
1 1 0 0 0 1 0 0 1 0 0 1 0 0 0 0 0 1 0 1 3 0 0 1 1 1 1 0 1 1 0 0 0 1 1 1 1 1 0 0 0 0 1 1 0 1 0 0 1 0 0 1 
0 0 0 1 1 0 1 0 0 0 1 0 1 1 1 1 0 0 0 0 0 1 1 0 0 0 0 0 0 0 1 1 1 0 0 0 0 0 1 1 1 1 0 0 0 1 1 1 0 1 0 0 
1 0 1 1 2 0 1 1 0 1 0 1 0 1 0 0 1 1 1 0 2 1 0 0 0 1 0 1 3 0 0 1 0 0 0 0 0 0 0 0 0 0 1 1 1 0 1 0 0 0 1 1 
0 1 1 0 2 1 0 1 1 1 0 0 1 0 1 0 1 0 1 1 1 0 1 1 1 0 1 1 2 1 1 0 1 1 1 0 0 1 0 1 1 1 0 0 0 0 0 1 0 1 1 1 
0 0 1 0 0 1 0 0 0 1 1 1 0 0 0 1 1 0 1 0 1 0 0 0 0 0 1 1 2 0 1 1 0 1 0 1 1 1 1 1 1 1 0 1 1 1 1 0 1 0 0 0 
1 1 0 1 1 1 0 1 1 0 1 0 0 1 1 1 1 1 0 1 3 1 1 1 1 1 0 0 3 1 0 0 1 0 1 1 1 0 1 0 0 0 1 0 0 1 1 1 0 1 1 0 
0 1 1 0 1 0 1 0 1 0 1 0 1 0 0 0 0 1 0 1 0 0 0 1 0 0 1 1 0 1 1 0 1 0 0 1 0 0 0 0 0 0 1 1 1 0 0 0 1 0 1 1 
1 0 0 1 0 0 1 1 1 1 0 0 1 1 1 0 0 0 1 0 2 1 1 0 1 1 0 0 1 0 0 0 0 1 1 0 1 1 0 0 1 1 0 0 0 0 0 1 0 0 0 1 
0 1 0 0 2 0 0 0 0 0 1 1 1 0 0 0 0 0 0 1 2 1 0 1 0 1 1 0 3 0 1 1 1 0 1 0 1 1 1 1 1 0 1 0 0 1 0 0 1 1 0 0 
1 0 0 0 0 0 1 1 0 0 0 1 0 1 1 1 0 1 0 1 3 0 1 0 1 0 0 0 2 1 0 0 0 0 0 0 0 0 1 1 0 1 0 1 1 0 1 0 1 1 0 1 
1 0 0 1 1 0 0 1 1 1 0 1 0 0 0 1 1 0 1 0 0 1 0 0 1 1 1 1 0 1 0 1 0 1 1 1 1 0 0 1 0 0 0 1 1 1 1 1 0 0 0 0 
1 1 1 1 2 1 1 1 0 0 0 0 0 0 1 1 0 1 1 0 1 0 0 0 0 1 0 0 1 1 1 0 1 0 0 1 0 0 0 0 0 1 1 1 1 0 1 0 1 1 1 1 
0 0 0 1 1 1 1 0 0 1 0 1 1 1 0 1 1 0 0 0 3 0 0 1 0 0 1 1 1 0 0 1 0 0 0 0 1 1 0 1 1 0 0 0 0 1 1 0 0 1 0 0 
1 1 0 1 0 0 0 1 0 0 0 0 0 1 0 0 0 1 0 1 1 1 1 0 0 1 0 0 2 0 0 0 1 1 0 1 1 0 0 0 1 0 1 1 0 1 0 0 0 0 1 0 
0 1 1 0 0 1 1 1 0 0 0 1 1 1 0 1 0 1 1 1 2 0 0 0 0 0 0 0 3 1 0 1 0 1 0 1 0 1 1 1 0 1 0 1 0 1 1 1 0 1 0 0 
1 0 1 0 2 1 1 0 0 0 1 0 1 1 1 1 0 0 1 0 3 1 1 0 0 0 0 1 0 0 1 1 1 1 0 1 0 1 0 1 1 0 1 0 0 1 1 1 0 1 1 1 
1 1 0 0 0 1 1 1 1 1 1 1 0 1 0 1 0 0 0 0 0 1 1 1 0 0 0 1 1 0 1 0 0 1 0 0 0 1 1 0 0 1 1 1 0 0 1 0 1 0 0 1 
0 1 1 1 1 0 1 0 0 1 1 0 0 1 0 0 1 1 0 0 2 0 1 0 0 1 0 1 2 0 1 1 0 0 1 0 0 1 0 0 0 0 0 0 0 1 1 0 0 1 0 0 
0 0 0 0 0 1 1 1 0 1 0 0 0 1 0 0 0 1 0 0 2 0 1 0 1 1 0 1 0 0 0 0 1 1 1 0 1 0 1 0 0 0 1 0 0 0 1 0 0 0 0 1 
1 1 1 0 1 1 0 0 1 0 0 0 0 1 0 1 1 0 0 1 1 1 0 1 0 1 0 0 0 1 1 1 1 1 0 0 0 0 0 1 1 1 0 1 0 0 1 1 0 1 1 1 
0 1 1 0 2 0 1 0 1 0 1 1 1 1 1 0 1 0 0 0 0 0 0 0 1 1 0 1 3 0 1 1 0 0 0 1 0 0 0 1 0 1 0 1 1 1 1 0 0 0 0 1 
0 0 1 1 1 0 0 0 1 1 1 0 1 0 0 1 1 0 0 0 1 0 0 1 1 1 1 0 3 0 0 1 1 1 0 0 1 0 1 1 0 0 1 1 1 0 1 0 1 0 0 1 
1 0 0 1 0 1 0 0 0 0 0 1 0 0 1 1 0 1 0 1 0 1 1 1 1 1 0 0 2 0 0 0 0 0 0 0 0 1 1 1 1 1 0 1 1 1 1 1 0 1 0 0 

# Size = 21 | Time = 12814 ms
0 1 1 0 0 1 0 1 0 1 1 0 1 0 0 1 1 1 0 0 3 0 0 1 0 1 0 1 1 0 0 1 0 1 0 1 0 1 0 0 1 0 1 0 0 1 1 0 0 1 0 0 
1 0 0 0 2 0 0 0 1 0 0 1 0 1 0 0 0 0 1 1 0 1 0 0 1 0 1 0 0 1 1 0 1 0 0 0 0 0 1 0 0 1 0 1 1 0 0 1 0 0 1 1 
0 0 0 1 1 1 1 0 0 0 1 0 0 1 1 1 0 0 1 0 2 0 1 1 0 0 1 0 3 1 0 1 1 1 1 0 1 0 0 1 0 1 1 0 0 0 1 0 1 0 0 1 
1 1 0 1 0 0 1 0 1 1 0 1 1 0 1 0 1 1 0 1 1 0 1 0 1 1 0 1 2 0 1 0 0 0 1 1 1 1 1 1 0 0 0 0 0 1 0 0 1 0 1 0 
0 0 1 1 2 0 1 1 0 0 0 0 1 0 0 0 0 0 0 0 1 1 1 0 0 0 0 0 0 0 0 0 0 0 1 0 1 0 0 1 1 0 1 1 1 1 0 1 0 1 0 0 
1 1 1 0 1 1 0 1 1 1 1 1 0 0 1 0 1 1 1 1 0 1 1 1 0 1 1 1 3 1 0 1 1 1 0 1 0 1 1 1 1 1 0 1 1 0 0 1 0 1 0 1 
0 0 1 1 0 0 0 1 0 0 1 0 0 1 0 1 0 0 0 0 3 1 0 0 1 0 1 1 2 0 1 1 0 1 1 1 0 1 1 0 1 1 0 1 0 0 1 1 0 0 1 1 
1 0 1 0 1 1 0 1 1 1 0 0 1 1 1 1 1 1 1 1 2 1 0 0 0 1 1 0 1 1 1 0 0 0 0 0 1 0 0 0 0 0 1 1 1 1 1 0 1 1 1 0 
1 1 0 0 2 1 1 0 0 1 1 1 1 1 0 1 0 0 0 0 0 0 1 1 1 1 0 1 0 0 1 1 1 0 1 0 0 0 0 0 1 0 1 0 0 0 1 0 1 1 0 1 
0 1 0 1 2 0 1 0 0 0 0 0 0 0 1 0 0 1 0 0 2 1 0 1 1 0 0 0 1 0 0 0 1 1 0 1 0 1 1 1 1 1 0 0 0 1 0 1 0 0 0 0 
0 0 1 0 0 1 0 0 0 1 1 0 0 1 0 0 1 0 1 1 1 0 0 1 0 0 0 0 2 1 0 0 1 1 0 0 0 0 0 0 0 0 0 1 1 0 1 0 0 1 0 1 
0 1 0 0 1 0 1 0 1 0 0 1 1 0 0 0 1 0 0 1 3 0 0 0 1 0 0 0 3 1 0 0 0 0 0 0 1 0 1 0 0 0 1 0 0 1 0 1 0 0 0 1 
1 0 1 1 1 0 0 0 1 0 0 0 1 0 1 0 1 1 1 0 3 0 1 0 1 1 0 0 0 0 0 1 0 1 0 0 1 1 0 1 1 1 0 1 1 1 0 0 1 1 0 1 
0 0 0 0 1 0 1 1 1 0 0 1 0 1 0 1 0 0 0 1 1 0 1 1 1 1 1 1 1 1 0 1 1 0 1 0 0 0 1 0 0 1 0 0 0 0 1 0 0 0 1 1 
0 1 0 1 0 0 0 1 0 0 0 0 1 1 1 0 0 1 0 0 0 0 0 0 0 0 0 1 3 0 1 0 0 1 1 1 0 0 0 0 1 1 0 0 0 1 0 0 1 0 1 0 
0 1 0 0 0 1 0 1 1 1 0 1 0 0 0 0 0 1 1 0 2 0 1 1 1 0 0 1 0 1 0 1 0 1 1 1 1 0 0 1 1 1 0 0 0 1 1 0 1 1 1 1 
1 0 1 0 2 1 1 0 0 1 0 1 1 0 0 0 1 0 1 0 3 0 0 0 0 0 0 0 2 1 1 0 1 1 1 1 1 0 1 1 1 0 1 0 0 1 0 0 0 0 0 0 
0 0 0 1 1 1 0 1 1 0 0 0 1 0 1 1 0 0 0 1 0 0 0 0 0 0 1 1 2 0 1 0 0 1 1 1 1 0 1 0 1 0 0 0 0 1 1 1 0 1 0 1 
1 1 1 1 2 0 0 0 0 1 0 0 0 0 1 0 0 1 0 0 1 1 0 0 0 0 1 1 3 0 0 1 1 0 0 1 1 1 1 1 1 0 0 1 0 1 0 0 0 0 1 0 
1 1 1 1 0 0 0 0 1 1 1 0 1 1 0 0 0 0 0 0 2 0 0 1 1 0 0 1 2 0 0 0 1 0 1 1 0 0 1 0 0 0 0 1 1 1 0 0 0 1 0 1 
1 1 0 1 1 1 0 1 1 0 0 0 1 1 1 0 1 0 0 0 0 0 0 1 1 1 0 1 1 0 1 0 1 0 1 1 0 0 1 1 0 1 1 1 0 0 0 0 1 0 1 1 

# Size = 20 | Time = 13188 ms
0 1 0 0 1 1 0 0 1 1 1 1 0 0 1 1 0 1 0 0 3 0 0 1 0 0 0 1 0 1 1 0 1 0 0 0 0 0 0 1 0 0 0 0 0 1 1 0 0 1 0 1 
0 0 1 1 0 0 1 1 0 0 0 0 1 1 0 0 1 0 1 1 0 1 1 0 0 1 1 0 2 0 0 1 0 0 1 0 1 1 0 0 1 1 0 1 1 0 0 1 0 0 1 1 
1 1 0 0 2 0 0 1 0 0 0 1 1 0 1 1 0 0 0 0 1 0 1 0 1 1 0 0 3 0 0 1 0 1 0 1 0 0 1 0 1 1 1 1 0 1 1 0 1 0 1 0 
1 0 1 1 0 1 0 0 1 1 1 0 0 0 0 0 1 1 1 1 2 1 0 1 1 0 1 1 1 0 1 0 1 1 0 1 1 1 0 0 1 0 1 0 0 1 0 1 0 0 0 0 
1 1 0 1 2 1 1 0 0 1 0 0 0 1 0 0 1 1 0 1 0 1 1 0 0 0 1 1 3 1 1 0 1 1 1 1 1 0 1 1 0 0 1 1 1 0 1 0 1 1 0 1 
0 0 1 0 1 1 0 0 1 0 1 1 1 1 0 0 0 0 1 0 1 1 0 0 1 0 0 0 1 1 0 1 1 0 1 1 0 1 1 1 0 0 0 0 0 0 0 0 1 1 1 1 
1 0 1 1 1 0 1 1 0 0 1 0 0 1 0 1 0 1 1 0 3 0 0 1 1 1 0 0 0 1 0 0 0 1 1 0 1 1 1 1 0 0 0 1 1 1 1 1 0 0 0 0 
0 1 0 0 2 0 1 1 1 1 1 0 1 0 1 0 0 0 1 1 2 0 1 1 0 0 1 1 2 1 0 0 1 0 1 0 0 0 1 0 0 1 1 1 1 1 0 1 0 1 0 0 
0 0 1 1 0 1 1 0 1 1 0 1 0 1 1 0 1 0 0 0 2 0 0 1 0 1 0 1 0 0 1 1 0 0 0 0 0 1 0 1 0 1 1 0 0 0 0 0 1 1 1 1 
1 0 0 0 0 0 1 1 0 1 0 0 0 0 1 1 1 1 0 1 1 0 1 1 0 0 0 0 1 1 1 0 0 0 0 0 1 0 1 1 1 1 0 0 0 0 1 1 0 1 0 1 
0 0 1 0 2 1 0 0 1 0 1 1 1 0 1 1 0 1 0 0 0 0 0 1 1 0 1 0 2 0 1 1 0 1 0 1 0 0 0 0 0 0 0 0 0 1 1 0 1 0 1 0 
0 0 1 1 1 1 1 0 0 0 0 1 1 0 1 0 1 0 0 1 3 1 1 0 1 0 1 0 3 0 0 0 0 0 1 0 1 0 0 0 1 1 1 0 0 1 0 0 1 1 1 0 
0 1 0 0 0 0 0 0 0 0 1 1 0 1 0 1 0 0 1 0 2 1 0 0 0 1 0 1 3 0 0 0 1 0 0 1 0 1 0 0 1 0 0 1 1 1 1 1 0 0 1 0 
0 1 1 0 2 1 0 1 1 1 0 1 0 1 1 1 1 0 1 1 1 1 1 0 1 0 1 0 0 1 1 1 0 0 0 1 1 0 0 0 1 0 0 0 0 1 1 1 0 1 0 0 
1 1 0 0 2 0 0 0 1 1 0 1 0 0 1 0 1 1 0 1 3 1 1 0 1 1 0 1 1 1 1 1 1 0 0 1 1 1 0 1 0 1 0 1 1 0 1 1 0 1 0 1 
1 1 0 1 1 1 0 0 0 0 0 0 0 1 1 0 1 0 1 1 1 1 1 0 0 0 0 1 2 0 0 1 1 0 1 0 1 1 1 1 0 0 1 1 1 1 1 0 0 0 0 0 
1 1 1 1 1 0 0 1 1 0 1 0 0 1 1 1 1 1 1 1 2 0 1 1 0 1 0 0 3 0 0 1 1 1 1 0 1 0 1 1 0 1 0 1 1 0 1 0 0 1 0 1 
0 0 1 1 1 1 0 0 1 1 0 0 1 1 0 0 1 1 0 1 0 0 1 0 0 1 0 0 0 0 1 0 1 1 0 0 1 0 1 1 0 1 0 0 0 1 0 1 0 1 1 0 
0 1 0 0 0 1 0 1 0 1 0 0 1 1 1 0 0 0 0 1 3 1 1 0 1 1 1 0 2 1 1 1 1 1 1 0 0 1 1 1 0 0 1 1 0 1 0 1 0 0 1 0 
0 1 1 0 2 1 0 1 1 0 1 1 0 0 0 0 1 1 0 1 0 0 0 1 1 0 1 0 1 0 0 0 0 1 0 0 1 0 1 0 1 0 1 1 0 1 0 0 1 0 0 1 

# Size = 25 | Time = 14312 ms
1 1 1 0 1 0 0 1 0 1 1 1 0 1 1 1 1 1 1 1 2 0 1 1 1 0 1 0 0 1 1 1 1 0 0 1 1 1 1 0 1 1 1 1 1 0 1 1 0 0 1 1 
0 0 0 1 2 1 0 0 0 0 0 0 1 0 0 0 0 0 0 0 3 1 0 0 0 1 0 0 1 0 0 0 0 1 1 0 0 0 0 1 0 0 0 0 0 1 0 0 0 1 0 0 
1 0 1 0 0 0 1 1 1 0 0 0 0 1 0 1 0 1 1 0 0 1 1 1 0 0 1 1 2 0 0 1 0 1 1 0 0 0 1 0 0 1 0 1 0 0 1 0 1 1 0 1 
0 1 0 1 0 1 1 0 0 1 1 1 1 0 1 0 1 0 0 1 1 0 0 0 1 1 0 1 3 1 1 0 1 0 0 0 1 1 0 1 0 0 1 0 0 1 0 0 1 0 0 0 
0 0 0 0 1 0 1 0 1 0 0 0 0 0 0 0 0 1 0 0 2 0 0 0 0 1 0 1 0 0 1 0 0 0 1 1 1 0 0 1 1 0 1 1 1 0 0 1 0 0 1 1 
1 1 0 1 2 1 0 1 1 1 1 0 1 1 0 0 1 0 0 1 0 1 1 0 1 0 1 0 2 1 0 1 1 0 0 1 0 0 0 0 1 1 0 1 1 1 0 0 1 1 1 0 
0 0 1 1 2 1 0 0 1 1 0 1 0 0 1 1 1 0 1 0 1 0 0 1 0 0 0 0 3 0 0 0 0 1 1 1 0 1 1 0 1 1 0 0 0 0 1 1 0 0 1 1 
1 1 1 0 1 0 0 0 0 0 0 0 1 1 0 1 0 1 1 1 3 0 0 0 1 1 1 1 1 1 1 1 1 1 0 1 0 1 1 0 0 0 1 0 0 1 1 1 0 0 1 0 
1 1 1 1 1 0 0 1 0 0 1 1 0 0 1 0 0 0 0 1 0 1 1 1 0 0 0 1 0 1 1 0 0 1 1 0 1 0 0 1 0 0 0 0 0 1 1 0 1 1 0 0 
0 0 0 0 0 1 0 0 0 0 1 1 1 1 0 0 1 1 1 0 3 0 0 1 0 1 0 0 2 0 0 1 1 1 0 0 1 1 1 1 1 1 1 1 1 0 0 1 0 1 0 1 
0 0 0 1 2 1 0 1 1 1 0 0 1 0 1 1 1 1 0 1 2 1 1 0 1 0 1 1 1 0 0 0 0 1 0 0 1 0 0 1 1 1 1 0 0 1 1 0 1 1 1 1 
0 1 1 0 2 0 1 1 1 0 0 0 0 1 0 0 0 1 0 0 1 1 1 0 1 1 1 0 3 0 1 1 0 0 1 1 1 0 1 0 0 1 0 1 1 1 0 1 0 1 0 0 
0 0 1 1 0 1 1 0 1 0 1 0 0 0 1 0 1 1 0 0 0 0 0 1 1 1 0 0 1 1 0 1 1 0 1 1 0 1 1 0 1 0 1 1 1 0 0 1 0 0 1 1 
0 0 0 0 1 1 1 1 1 1 0 1 0 0 0 1 0 0 1 1 3 1 0 1 0 0 0 0 2 1 1 0 0 0 0 0 0 0 0 1 1 0 0 0 0 1 1 0 1 0 0 0 
0 0 0 1 0 1 0 0 0 0 0 0 1 1 0 0 0 0 0 1 2 0 1 0 0 0 1 1 0 1 0 0 0 0 0 1 0 0 0 0 0 0 0 0 0 1 0 0 0 0 0 0 
1 0 0 0 1 0 0 0 0 0 0 1 0 1 0 1 0 0 0 1 1 1 1 1 1 0 0 0 3 0 0 0 1 0 1 1 1 1 0 0 0 0 0 1 0 1 1 0 1 0 0 1 
0 0 0 1 0 0 1 1 0 1 1 1 1 1 1 0 1 0 0 0 3 1 1 0 1 1 1 1 2 0 0 0 1 0 0 0 0 1 0 0 0 1 0 1 0 1 1 0 1 0 1 1 
1 0 0 0 1 1 1 0 1 0 0 1 1 0 1 1 0 1 1 1 1 1 0 1 0 0 1 1 1 1 1 0 0 1 1 0 1 1 0 1 1 1 1 1 1 1 1 0 0 1 1 0 
0 1 0 0 2 1 1 1 0 1 1 1 1 1 1 0 0 1 1 1 3 1 0 1 1 1 1 0 0 0 0 1 1 0 1 1 1 0 0 0 0 1 0 1 1 1 0 0 1 1 0 0 
1 0 0 1 0 0 1 1 1 1 1 0 0 0 0 0 1 1 1 1 2 0 0 1 1 1 0 1 2 0 0 1 1 1 1 0 0 0 1 1 0 0 0 0 0 1 1 0 1 0 1 0 
0 1 1 0 0 1 0 1 0 0 1 1 1 1 0 0 0 0 1 0 1 0 1 1 0 1 1 0 2 1 1 1 0 1 0 1 1 1 0 0 1 0 1 0 0 1 0 1 0 0 1 0 
1 0 0 1 2 0 0 0 1 0 1 1 1 1 0 1 0 1 1 0 1 1 1 0 1 0 0 0 0 0 1 0 0 1 1 0 0 1 1 1 1 1 0 1 1 1 1 1 0 0 1 0 
1 1 1 0 0 1 0 0 1 0 1 0 0 1 1 1 0 1 0 0 3 1 0 1 0 1 0 0 3 0 1 0 0 0 1 0 1 1 0 1 0 1 1 0 0 0 1 0 1 1 1 1 
0 0 1 0 0 1 1 0 0 0 1 0 1 1 1 0 0 0 0 1 2 0 0 1 0 0 1 0 3 1 0 0 1 0 0 0 1 1 1 0 0 1 1 0 0 0 0 1 0 0 0 1 
1 1 0 1 1 0 0 1 0 1 0 1 1 1 1 0 0 1 0 1 0 1 0 1 1 1 1 0 3 1 0 1 1 1 0 0 1 0 0 0 1 0 1 0 0 0 0 0 1 1 0 1 

# Size = 23 | Time = 12734 ms
0 0 0 1 2 0 0 1 1 1 1 1 0 0 0 0 1 0 1 1 1 1 0 1 1 0 0 1 0 1 1 0 0 1 0 0 1 1 1 0 0 1 1 0 0 0 0 0 1 0 1 1 
0 1 1 0 0 1 1 0 0 0 0 0 1 1 1 1 0 1 0 0 0 0 1 0 0 1 1 0 1 0 0 0 1 0 1 0 0 0 0 1 1 0 0 0 0 1 1 1 0 0 0 0 
1 1 0 1 1 1 1 1 1 1 0 0 1 0 1 1 1 1 0 0 2 0 0 0 0 0 1 1 3 1 1 1 1 1 0 1 0 0 0 0 1 0 1 1 1 0 1 0 1 1 1 1 
1 0 1 0 1 0 0 0 0 0 1 1 0 1 0 0 0 0 0 0 3 0 0 1 1 1 0 0 2 0 0 1 0 0 0 1 1 1 1 0 0 1 0 1 1 1 0 0 0 1 0 0 
1 1 0 0 2 0 1 1 1 0 1 0 1 0 0 0 1 0 1 1 3 1 1 0 1 0 0 0 0 0 0 1 1 1 1 1 0 0 0 1 0 0 0 1 1 0 0 1 0 1 0 1 
0 0 0 1 0 1 0 0 0 1 0 1 0 1 0 1 0 1 1 1 2 1 1 1 0 0 0 0 3 1 0 0 0 0 1 1 0 1 0 1 0 1 1 1 0 1 1 1 0 1 1 0 
1 0 1 0 0 0 0 0 0 1 0 0 1 0 1 0 0 0 1 0 0 1 1 1 1 1 1 1 1 0 1 1 1 1 1 1 1 1 1 0 1 1 0 0 0 0 0 0 1 0 1 1 
0 1 1 1 2 0 0 1 1 0 1 1 0 1 1 0 1 0 0 1 1 0 0 0 0 1 1 1 2 1 1 1 0 0 0 0 1 0 1 1 1 0 1 1 1 1 1 0 1 0 0 0 
1 0 0 0 0 1 1 1 1 0 1 1 0 1 0 0 0 1 0 1 0 1 0 1 0 0 0 1 1 1 1 0 0 0 0 0 1 1 1 0 0 0 1 1 1 0 0 1 0 1 1 1 
1 0 0 1 1 1 1 0 0 1 0 0 1 0 0 1 1 1 0 0 1 1 1 0 1 0 1 1 2 0 0 0 0 1 1 0 0 0 1 0 0 1 0 0 0 1 1 1 0 0 1 0 
0 0 1 0 2 0 0 0 0 1 0 0 0 0 1 1 0 1 0 0 3 0 1 0 0 0 0 0 0 1 1 0 1 0 0 0 1 1 0 0 1 1 1 0 0 1 1 0 0 0 1 0 
0 1 1 0 1 0 0 1 0 1 1 0 0 0 0 0 0 0 1 1 2 0 0 1 0 1 1 0 3 0 0 0 0 0 1 0 1 1 1 1 1 1 0 0 0 0 0 0 1 0 0 1 
0 0 0 0 0 1 0 0 1 0 1 1 1 0 1 1 1 0 0 1 1 1 1 0 0 1 1 0 2 1 0 1 1 0 0 1 1 0 0 0 0 1 0 0 0 0 1 0 0 1 0 1 
0 1 1 1 1 1 0 1 1 0 0 1 0 1 0 0 1 0 1 0 0 0 0 1 1 1 1 0 0 0 0 0 0 1 0 1 0 0 1 0 0 0 1 0 0 1 1 0 0 0 1 1 
0 1 0 1 2 1 0 0 1 0 0 1 0 0 0 0 1 1 0 0 3 1 0 1 1 1 1 1 3 1 1 0 0 1 1 1 0 0 0 1 0 0 1 1 1 0 1 0 1 1 0 1 
1 0 0 1 2 0 0 1 0 0 0 1 1 1 0 1 1 1 1 0 2 1 0 0 1 1 1 1 1 1 1 1 1 1 0 1 0 1 0 0 1 0 0 0 0 0 1 0 1 0 0 1 
1 1 1 0 1 0 0 1 1 0 0 1 0 1 0 0 0 0 1 0 1 1 0 0 1 0 0 0 1 0 0 1 1 1 0 1 0 1 1 0 0 0 1 1 0 1 1 0 0 0 0 0 
0 1 0 0 2 0 0 0 0 0 0 0 0 1 0 0 0 1 1 0 0 0 0 1 1 1 1 0 2 1 1 0 0 1 0 0 0 0 0 0 0 1 1 1 0 0 1 0 1 1 0 1 
0 1 0 1 0 0 0 0 1 0 1 1 1 1 1 0 0 1 1 0 3 1 1 1 0 0 1 1 1 0 0 0 0 1 1 0 1 1 0 0 0 1 0 1 1 0 0 0 0 1 0 1 
0 0 1 0 0 0 1 1 0 0 0 0 0 1 1 0 1 0 0 1 2 1 1 1 0 1 0 0 0 0 1 1 0 1 1 0 1 0 1 1 1 0 0 1 1 1 0 1 0 0 1 1 
1 0 0 0 0 1 1 0 0 1 1 1 0 1 1 1 1 0 1 1 2 1 1 0 1 1 1 1 2 0 1 0 1 0 0 1 0 1 1 1 0 1 0 1 0 0 1 0 0 1 0 1 
1 1 0 0 1 1 0 0 0 0 1 0 0 0 0 0 1 1 1 1 1 0 0 1 1 0 0 0 3 1 0 1 1 0 0 0 1 1 0 1 0 0 1 0 0 1 1 1 0 1 1 0 
1 1 1 0 0 0 0 0 1 0 1 1 0 0 0 1 1 1 0 0 0 1 0 0 0 0 0 1 3 0 1 0 0 0 1 0 0 0 1 0 1 0 0 1 1 1 1 1 0 0 1 1 

# Size = 23 | Time = 15467 ms
1 0 0 1 0 0 0 0 1 0 0 1 1 0 0 0 0 0 0 1 3 1 0 1 0 1 1 0 3 0 0 1 0 1 0 0 1 1 0 0 1 1 1 1 1 0 1 0 0 0 0 1 
0 1 0 0 1 1 1 1 0 1 0 0 0 1 0 1 1 1 1 0 0 0 0 0 0 0 0 1 0 1 1 0 1 0 1 1 0 0 1 1 0 0 0 0 0 1 1 0 1 1 1 0 
0 0 1 0 2 0 0 0 0 0 1 0 0 0 1 0 0 1 1 0 2 0 1 0 1 1 1 0 1 1 1 0 0 0 0 0 0 0 0 0 0 0 1 0 0 1 0 1 0 0 0 1 
1 1 1 1 0 1 1 1 0 0 1 0 1 1 1 0 0 0 0 0 1 1 1 1 1 0 0 1 2 0 0 1 1 0 1 1 0 0 1 1 1 1 1 1 1 0 0 1 0 1 1 1 
0 1 0 1 2 0 1 1 1 1 1 1 1 1 1 1 1 0 1 1 1 1 1 0 1 1 0 0 0 0 0 1 1 1 0 0 1 0 1 0 0 0 0 1 0 1 1 0 1 0 0 0 
1 0 1 0 1 0 0 0 1 1 0 1 0 0 1 0 1 1 0 1 0 0 0 0 0 0 0 1 2 1 1 0 0 1 1 1 1 1 0 0 1 0 0 0 0 1 0 1 0 1 0 0 
0 0 1 0 1 1 1 0 1 0 0 0 0 0 0 1 0 1 0 1 2 0 0 1 1 0 1 0 1 0 0 0 0 0 1 0 0 1 0 1 0 1 0 1 1 0 1 0 1 0 1 1 
1 1 1 1 2 1 0 1 0 1 0 1 0 1 0 0 1 0 1 0 3 0 1 1 0 1 1 1 3 1 1 0 1 1 1 0 1 1 1 1 1 1 0 0 0 0 0 0 1 1 1 1 
1 1 0 0 0 1 0 0 0 0 0 0 0 0 0 1 1 1 1 1 2 1 0 1 0 1 1 0 1 1 1 1 1 1 0 1 1 0 1 1 0 0 1 1 1 1 1 1 0 0 0 0 
0 0 0 1 1 1 1 1 1 1 1 0 1 1 0 0 0 1 0 0 0 1 0 0 0 0 1 0 3 1 0 1 0 0 0 0 0 0 0 0 1 1 1 0 0 1 0 1 0 1 1 0 
0 0 0 0 0 0 0 0 1 1 1 0 1 0 0 0 0 0 0 0 1 0 0 0 0 0 1 1 0 0 1 0 0 0 0 0 0 1 0 1 1 1 1 0 0 0 0 1 0 0 1 1 
0 1 0 0 2 1 0 0 0 1 1 1 0 1 0 1 1 1 0 0 3 0 0 0 1 0 0 0 2 0 0 1 0 0 0 1 0 1 0 0 0 0 0 1 1 1 1 0 1 0 0 0 
0 0 0 1 1 0 1 1 0 0 1 1 0 0 1 1 1 0 0 1 0 1 1 1 0 1 0 1 1 0 1 0 0 0 0 1 1 1 1 1 1 0 1 1 1 0 1 0 1 0 0 1 
0 0 0 0 0 1 0 1 1 1 0 1 1 1 1 0 0 0 1 0 2 0 0 1 0 1 0 1 3 1 0 1 1 1 0 1 0 0 0 0 0 0 0 1 0 0 0 0 1 1 1 1 
1 0 0 1 1 0 1 1 0 1 0 0 1 1 1 1 0 0 0 0 3 0 0 0 0 1 0 0 1 0 0 0 1 0 0 0 1 0 0 0 0 1 0 0 0 1 1 1 0 1 0 0 
1 0 1 1 0 0 1 0 1 0 1 0 1 1 0 1 0 0 1 0 2 0 0 1 0 0 1 0 0 1 0 0 1 0 1 0 0 1 0 1 1 0 1 1 1 1 1 0 1 1 0 0 
0 0 1 1 1 0 1 1 1 0 0 1 0 1 0 1 0 1 1 0 1 1 0 0 1 1 1 0 2 1 1 0 0 1 0 0 1 1 0 0 1 1 1 1 0 0 1 0 0 1 0 1 
0 1 0 1 2 0 1 0 0 0 0 0 1 0 0 1 1 0 0 0 0 1 1 0 1 0 1 0 3 0 1 0 0 1 1 0 1 0 1 0 1 1 0 0 0 0 1 0 1 0 1 1 
1 1 0 1 2 0 1 1 0 0 1 0 0 0 0 1 1 0 0 1 1 1 0 1 1 1 1 1 1 1 1 0 0 1 0 0 0 1 0 0 0 0 1 1 0 1 1 0 1 1 0 0 
1 0 1 0 2 1 0 1 0 1 1 1 0 0 0 0 1 0 0 0 1 1 1 0 1 0 0 0 3 0 1 0 0 0 0 0 0 1 1 1 0 1 1 0 0 1 1 0 1 1 0 1 
1 1 0 1 2 1 0 1 1 0 1 0 0 0 1 0 1 0 1 1 2 0 0 1 0 0 0 0 2 0 1 1 0 1 1 1 1 0 1 0 0 0 0 0 0 1 0 0 1 0 1 1 
0 1 0 1 0 1 0 0 0 1 0 0 1 1 0 0 1 1 0 0 3 1 0 1 0 0 0 0 0 1 1 0 0 0 1 0 0 0 0 0 1 1 1 0 0 1 0 0 0 0 1 0 
0 1 0 1 0 0 0 1 0 1 0 0 1 1 0 0 0 0 0 0 0 0 1 1 1 0 1 1 3 0 1 1 0 0 0 0 0 0 0 1 1 0 1 1 0 0 1 1 0 0 1 1 

# Size = 24 | Time = 14888 ms
0 1 1 1 2 1 1 0 0 1 0 1 0 1 0 1 1 1 1 0 0 0 1 1 0 1 0 1 2 0 1 1 0 1 0 0 0 1 0 0 0 0 0 1 1 1 1 0 1 0 1 0 
0 0 0 0 1 0 0 1 1 0 1 0 0 0 1 0 0 0 0 1 1 0 0 0 0 0 0 0 0 1 0 0 1 0 0 0 1 0 1 1 0 0 0 0 0 0 0 1 0 1 0 1 
1 1 0 0 0 1 0 1 0 0 1 1 1 0 0 1 1 0 0 0 2 1 0 0 1 0 1 0 1 0 1 0 0 0 1 1 1 0 0 0 1 1 1 1 0 1 1 0 0 0 0 0 
1 0 1 1 0 0 1 0 1 1 0 0 0 1 1 0 0 1 1 1 3 1 1 1 1 1 1 0 3 0 0 0 1 1 1 1 0 1 1 1 1 1 1 0 0 0 0 1 0 0 0 1 
0 0 0 0 2 1 1 0 1 0 1 0 1 0 0 0 0 0 1 1 0 1 0 0 1 0 1 1 2 1 0 1 0 0 1 1 0 1 0 1 1 1 1 1 1 0 0 0 1 1 1 1 
1 1 1 0 1 0 0 1 0 1 0 1 1 1 1 0 0 1 0 0 2 0 1 1 0 1 0 1 0 1 1 1 1 1 0 1 1 0 1 0 1 1 0 1 1 1 0 1 0 0 1 0 
1 1 0 1 2 1 0 1 0 0 0 1 1 0 1 1 1 0 0 0 3 0 1 0 0 0 1 0 3 1 0 1 1 1 1 0 1 0 1 0 0 0 0 0 0 0 1 0 1 1 0 1 
0 0 1 1 1 0 0 0 1 1 1 0 0 0 0 1 1 1 1 1 1 1 0 1 1 1 1 1 1 0 0 0 0 0 0 0 0 1 0 1 0 0 0 0 0 1 1 1 0 1 0 0 
0 0 0 0 0 1 1 1 1 0 0 0 0 1 0 0 0 1 0 0 2 0 1 1 0 0 0 0 1 0 1 1 1 0 0 0 0 1 0 0 0 0 1 0 0 0 1 0 1 1 1 1 
1 0 0 1 2 0 0 0 0 1 1 1 1 1 0 0 1 0 1 1 1 0 1 0 1 1 0 1 0 0 1 0 0 1 1 1 0 0 0 0 0 1 1 1 1 1 1 0 1 0 1 1 
1 1 1 0 0 0 0 0 0 0 0 0 0 0 1 1 0 0 0 0 0 1 0 1 0 0 0 0 2 1 0 0 1 0 1 0 1 0 1 1 1 0 0 0 0 1 1 1 0 1 0 1 
0 1 1 0 1 1 1 1 1 0 1 1 1 0 0 0 1 1 0 0 3 1 0 0 1 1 0 1 3 0 1 0 0 0 0 0 1 0 0 1 0 1 1 1 0 1 0 1 0 0 0 0 
0 0 0 0 0 1 1 1 0 1 0 0 1 0 1 1 0 0 1 0 1 1 1 0 0 0 0 1 0 0 0 1 0 0 1 1 1 1 0 0 1 0 1 1 1 0 1 0 1 0 0 1 
0 1 1 1 2 0 1 0 0 0 0 0 0 1 1 0 0 0 1 1 2 0 0 1 0 0 1 0 1 1 0 1 0 1 1 0 0 1 1 0 1 0 1 1 1 1 0 1 0 0 1 0 
0 0 0 0 1 1 0 1 0 1 0 1 1 1 0 1 0 1 0 1 2 0 1 1 0 0 1 0 2 1 1 0 0 1 1 1 0 1 1 1 1 1 1 1 0 1 1 0 1 1 1 0 
1 1 1 1 1 1 1 1 0 1 0 1 1 0 1 0 1 1 1 1 0 1 0 0 0 0 0 0 3 0 1 1 1 0 0 1 0 1 0 0 1 0 1 1 1 0 0 0 0 0 1 1 
1 1 0 1 0 0 1 0 1 1 1 1 0 0 1 0 1 1 0 0 3 1 0 1 1 0 1 1 0 0 0 0 1 1 0 1 0 1 1 0 0 0 0 1 1 1 0 0 0 0 1 0 
0 1 1 1 0 1 0 0 1 0 0 1 1 1 1 1 1 0 0 1 1 0 1 0 1 0 0 1 2 1 1 0 1 1 0 1 1 1 0 1 1 0 0 0 0 0 1 0 1 1 1 1 
1 1 1 0 1 1 1 0 0 1 0 0 1 0 0 0 1 0 1 0 3 0 1 1 1 1 1 0 1 1 1 0 1 0 0 0 0 1 0 0 0 0 1 0 0 1 1 0 0 0 1 0 
0 0 1 0 0 0 0 1 1 0 0 1 0 0 0 0 0 1 0 1 2 1 0 1 0 0 1 1 3 1 1 1 1 1 0 1 1 1 0 1 1 0 1 1 0 1 1 0 1 0 1 0 
0 1 0 0 2 1 0 0 1 1 1 0 1 1 1 0 0 0 0 0 0 0 1 0 0 0 0 1 1 0 0 1 1 1 1 1 1 0 1 1 1 1 0 0 0 1 1 0 1 1 1 1 
0 1 0 0 0 1 0 0 1 0 0 1 0 0 1 0 1 0 1 1 1 1 0 0 0 1 0 0 3 0 0 1 1 1 0 0 0 1 1 0 0 1 1 1 1 1 1 1 0 1 0 0 
1 1 1 0 0 0 0 1 0 0 0 0 0 1 1 0 0 1 0 0 0 0 1 0 0 1 0 1 0 1 0 0 1 1 1 0 1 1 1 0 1 0 1 1 1 0 0 0 1 0 0 1 
0 0 0 0 2 0 0 0 1 0 1 1 0 0 1 1 0 1 0 0 3 0 0 0 0 0 1 1 2 1 1 1 1 0 0 1 1 1 0 0 1 1 0 1 1 1 1 0 1 0 1 1 

# Size = 23 | Time = 14972 ms
1 0 1 1 1 1 1 0 0 0 0 0 0 0 1 1 1 1 0 1 1 1 1 1 0 1 0 1 3 0 0 1 1 1 1 0 0 0 1 0 1 0 0 1 1 0 1 0 0 1 0 1 
0 1 0 0 0 0 0 1 0 1 1 0 1 1 0 0 0 0 1 0 3 0 0 0 0 0 1 0 2 1 1 0 0 0 0 1 1 1 0 0 0 1 0 0 0 1 0 1 0 0 1 0 
0 0 0 0 2 1 1 1 1 0 1 1 1 0 0 0 1 0 1 0 2 1 1 0 1 0 0 0 0 1 1 0 0 1 0 0 0 0 1 1 1 1 1 0 0 0 1 0 1 1 0 1 
1 1 1 1 2 0 0 0 1 0 0 1 0 0 1 0 0 1 0 0 0 0 0 1 1 1 1 1 1 0 0 1 1 0 0 1 0 1 0 1 0 0 1 0 0 1 0 0 0 0 1 0 
0 0 1 0 0 0 0 0 1 1 1 1 0 1 0 1 0 0 0 1 2 0 0 1 1 0 0 0 0 0 0 0 1 1 1 0 1 0 0 1 0 0 0 1 1 1 1 1 0 0 1 1 
0 1 0 1 1 1 0 1 0 1 0 0 1 1 1 1 1 1 1 1 3 1 1 0 0 1 1 1 1 1 0 1 0 0 1 0 1 1 0 0 0 0 1 1 1 0 1 0 1 0 0 1 
1 0 0 1 1 1 1 0 0 1 1 1 1 0 0 0 0 0 0 1 0 0 1 1 1 1 1 1 2 1 1 1 1 0 1 1 1 0 1 0 1 1 1 1 1 1 0 1 0 1 0 0 
1 1 1 0 0 0 1 1 1 1 0 0 0 1 1 1 1 1 0 0 1 1 0 0 1 0 0 0 3 0 1 0 0 0 0 1 0 0 0 1 1 1 0 1 0 1 1 0 1 1 0 0 
1 0 1 1 2 0 1 0 0 0 0 1 0 1 0 0 0 1 1 0 3 1 0 1 0 0 0 0 2 0 0 1 0 1 0 0 0 1 1 1 1 1 0 1 1 0 0 1 0 0 1 1 
0 0 0 0 0 1 1 1 1 0 0 0 1 0 1 1 1 0 1 1 0 0 1 0 0 1 0 0 1 0 1 0 1 0 0 1 0 0 1 0 0 1 0 0 0 0 1 0 1 1 1 1 
0 1 1 0 1 1 0 1 1 0 0 0 1 0 0 0 0 0 1 0 1 0 0 1 1 0 1 1 3 1 0 0 1 0 1 0 1 1 1 0 0 0 1 0 0 1 0 0 1 0 0 0 
1 1 0 1 1 0 0 0 0 0 0 0 0 0 1 0 0 1 0 0 2 0 1 0 0 1 1 1 0 1 0 1 1 0 0 1 0 1 1 0 1 0 1 0 0 0 0 0 1 1 0 1 
0 1 0 1 2 0 0 1 1 1 1 0 0 1 1 1 1 1 1 1 1 0 1 1 1 0 1 1 2 0 1 0 0 1 0 1 0 0 0 0 1 0 1 0 0 1 1 1 0 0 1 0 
1 1 0 0 1 1 1 1 1 1 1 0 1 0 0 0 1 0 0 0 3 0 1 0 1 0 0 0 1 0 1 1 1 0 0 1 1 0 0 1 1 0 0 1 1 1 0 1 0 1 1 1 
1 1 0 1 0 0 0 0 0 0 1 1 0 1 0 0 1 0 1 0 0 1 1 1 1 0 1 1 3 0 0 1 0 1 1 0 1 1 0 0 0 0 1 0 0 1 1 0 0 1 0 0 
0 1 0 0 2 0 0 0 1 0 0 1 0 0 0 0 1 0 0 1 2 0 0 0 0 0 0 0 3 0 1 0 1 0 0 0 1 0 0 0 1 1 0 0 0 1 1 1 0 0 1 0 
0 1 0 1 2 0 0 1 1 0 1 1 1 1 0 0 1 0 1 0 1 1 0 0 0 0 0 0 0 0 0 0 1 1 1 1 0 0 1 0 0 1 0 0 0 1 1 0 1 0 1 0 
1 0 0 0 0 1 0 0 0 0 1 0 1 1 0 0 0 0 0 1 2 1 1 1 0 0 1 0 2 0 0 1 0 0 0 1 1 0 0 0 0 0 0 1 1 1 1 0 1 1 1 0 
0 1 1 1 1 1 1 1 1 1 1 0 0 0 0 0 1 0 0 0 1 1 1 0 1 0 0 0 1 0 1 0 0 1 0 1 0 0 0 0 0 1 1 1 1 1 0 1 0 1 0 0 
0 1 0 1 2 0 1 1 0 0 1 0 1 1 1 1 0 1 1 1 3 0 1 1 1 1 1 0 0 1 1 1 0 1 0 0 1 1 0 0 1 1 0 1 1 1 1 0 1 1 0 0 
1 1 1 0 0 1 0 0 1 0 0 0 1 1 0 0 1 1 0 0 3 0 0 1 1 1 0 1 3 1 0 0 0 0 0 0 1 0 1 1 0 1 0 1 1 1 0 1 0 0 1 0 
1 1 1 0 1 1 0 0 1 1 0 0 0 0 0 0 1 0 0 0 2 1 1 1 0 1 0 0 1 0 1 1 1 0 0 0 0 0 0 1 1 0 0 0 0 1 1 0 1 0 1 0 
1 1 1 1 2 1 1 1 0 0 1 1 1 1 1 0 1 0 0 1 0 1 0 1 1 0 0 1 0 0 1 1 0 1 0 1 1 1 0 1 0 1 0 1 0 1 0 0 1 0 0 0 

