# Size = 27 | Time = 5893 ms
0 1 1 0 1 1 1 1 1 0 0 1 1 0 3 0 1 2 
0 0 0 0 0 0 0 0 0 1 1 0 0 1 2 1 2 0 
0 0 1 1 1 0 0 0 0 0 0 1 0 2 0 2 0 1 
0 1 0 0 0 1 1 1 1 1 1 0 0 3 1 3 3 3 
1 0 0 1 1 1 1 0 1 1 1 0 1 2 0 0 2 1 
1 0 0 0 0 0 0 1 0 1 0 1 1 0 0 0 0 3 
0 1 1 1 1 0 0 0 0 0 1 0 0 3 3 3 3 2 
0 1 1 1 1 0 1 1 1 0 0 1 0 1 2 1 1 3 
0 1 0 0 0 1 1 1 0 0 0 0 0 2 1 2 1 0 
0 0 1 1 1 1 0 0 1 1 1 0 0 0 1 3 0 0 
1 0 0 0 0 0 0 0 0 1 1 1 0 3 0 0 1 2 
0 0 0 0 0 0 1 1 0 1 0 1 1 1 3 0 3 0 
0 1 1 0 0 1 1 1 0 0 0 1 0 3 2 3 2 1 
0 0 1 0 1 0 0 1 1 1 1 1 0 1 1 2 2 2 
0 0 1 0 1 1 0 0 1 0 0 0 0 0 2 1 3 1 
0 1 0 0 0 1 1 0 1 0 1 0 0 2 3 1 0 2 
0 0 1 1 1 1 1 1 1 0 0 1 1 1 2 0 0 1 
1 0 0 0 0 1 0 0 1 0 1 1 1 3 0 0 3 0 
0 1 0 0 1 0 1 0 1 1 0 0 0 0 3 2 2 3 
0 1 0 0 1 0 0 1 1 0 0 0 0 2 0 3 1 3 
0 0 0 0 0 0 0 0 0 0 0 0 0 3 1 1 0 1 
0 1 0 1 1 0 0 1 1 0 1 1 0 2 2 2 3 0 
0 0 0 0 1 1 0 1 0 1 0 0 0 1 0 3 1 1 
0 0 1 0 1 1 0 1 0 0 1 0 1 0 1 0 0 3 
0 0 0 0 0 1 0 0 0 0 0 0 0 3 3 2 0 1 
0 0 1 0 0 1 1 0 1 1 1 1 0 1 2 0 3 2 
0 0 0 0 1 1 0 0 0 0 1 1 0 2 0 1 1 0 

# Size = 28 | Time = 6500 ms
0 1 0 0 0 0 0 1 0 0 1 0 0 1 0 3 2 2 
0 0 1 1 1 1 1 0 1 1 0 1 1 3 1 0 3 0 
1 0 0 0 0 1 0 0 1 1 0 0 0 2 0 0 0 3 
0 1 1 0 1 0 1 1 0 0 1 1 1 0 3 0 1 1 
0 1 0 1 1 0 0 1 0 0 0 1 0 2 2 2 0 0 
0 0 1 0 0 1 1 1 0 0 1 0 0 3 2 1 3 3 
0 0 0 0 0 0 0 0 1 1 0 0 0 0 1 1 1 1 
1 0 0 1 1 0 1 0 1 0 1 0 1 3 0 0 2 2 
0 0 1 1 1 1 0 0 1 1 0 1 0 1 3 3 2 3 
0 1 1 0 0 1 1 0 0 1 1 0 0 1 1 2 0 0 
0 1 1 1 1 1 1 1 1 1 0 1 0 2 2 1 1 2 
1 0 0 0 0 0 0 1 0 0 0 1 1 0 0 0 3 3 
0 1 0 0 0 1 1 0 1 0 0 0 0 0 3 2 3 2 
0 0 0 1 1 1 1 0 0 0 1 1 0 0 2 3 2 1 
0 1 1 1 1 1 0 1 1 0 0 1 0 3 1 2 1 3 
0 0 0 0 1 0 0 0 0 1 1 0 0 2 1 3 2 0 
0 0 1 0 1 0 0 0 0 1 0 0 0 1 0 2 3 1 
0 0 0 0 0 1 0 0 0 1 0 0 0 1 0 1 1 0 
0 0 0 0 0 0 0 0 0 0 0 1 1 1 2 0 0 1 
0 0 1 1 1 0 0 1 0 0 0 0 0 3 3 1 0 1 
1 0 0 1 1 1 1 0 0 0 1 1 1 2 0 0 1 1 
0 0 0 1 1 0 0 1 1 0 0 1 0 2 3 3 3 0 
0 0 0 0 0 0 0 0 1 0 0 0 0 0 1 0 0 2 
0 1 0 0 1 1 1 1 0 0 1 1 0 3 3 3 0 3 
0 1 1 1 1 0 1 0 1 0 1 0 0 0 0 1 2 0 
1 0 0 1 1 0 1 0 0 1 0 0 0 0 0 0 0 0 
0 0 0 0 0 0 0 1 0 0 0 1 0 0 0 3 1 0 
0 1 0 0 0 0 1 0 1 1 1 1 0 3 2 2 2 0 

# Size = 27 | Time = 6053 ms
1 0 0 1 1 0 1 1 1 1 0 0 1 0 0 0 3 3 
0 1 1 0 0 1 0 0 0 0 1 1 0 2 0 1 0 0 
0 0 0 0 0 0 1 0 1 0 0 0 0 1 3 2 2 2 
0 1 0 1 1 1 0 1 1 1 1 1 0 3 1 3 1 1 
0 0 1 0 1 0 0 0 0 0 0 1 1 0 2 0 1 1 
0 1 1 0 0 1 1 0 0 1 0 0 0 3 2 3 3 3 
0 0 0 0 0 0 1 1 0 1 1 0 1 2 1 0 0 0 
0 1 1 1 1 0 0 1 0 1 1 1 0 1 3 2 2 2 
0 0 0 1 1 0 0 1 1 0 0 0 0 3 2 1 0 0 
1 0 0 0 0 1 0 0 0 0 0 1 1 3 0 0 2 2 
0 1 1 0 0 1 1 0 1 0 1 1 0 0 1 2 3 3 
0 0 0 0 0 1 1 0 1 1 0 0 0 2 3 1 1 1 
0 0 0 1 1 0 0 0 0 0 1 0 0 2 3 3 0 3 
0 1 0 0 0 1 0 1 0 0 0 0 0 1 1 1 3 2 
0 1 1 0 0 0 1 0 0 1 0 1 1 1 0 0 1 3 
0 0 1 0 1 0 1 1 0 1 1 0 0 0 2 3 2 2 
0 1 1 0 1 1 1 0 1 1 1 0 0 0 3 0 3 0 
0 0 0 0 0 0 0 0 0 1 0 0 0 1 0 2 0 1 
0 1 1 0 1 1 1 0 1 0 1 1 0 2 2 2 2 0 
1 0 0 0 0 0 0 0 0 1 1 0 0 2 0 0 3 1 
0 0 0 0 0 1 1 0 0 0 0 0 0 1 2 3 1 0 
0 0 0 0 0 0 1 0 1 1 0 0 0 0 1 1 2 3 
1 0 0 1 1 0 1 0 1 1 1 0 0 0 0 0 0 0 
0 0 0 0 0 1 0 1 1 0 0 0 0 3 3 2 1 2 
0 0 0 0 0 1 1 0 0 0 0 1 0 2 0 3 0 2 
0 0 1 1 1 1 0 1 0 0 1 0 1 0 3 0 2 1 
1 0 0 0 1 0 0 1 0 0 0 0 1 2 0 0 1 2 

# Size = 27 | Time = 6773 ms
0 0 0 0 0 1 0 0 0 0 1 1 0 3 1 0 1 0 
0 1 1 1 1 0 1 1 1 1 0 0 0 0 0 2 0 2 
0 1 0 0 1 0 1 1 0 0 0 1 1 1 3 0 2 3 
0 0 1 0 0 1 0 0 1 1 0 0 0 2 2 3 3 3 
1 0 0 1 1 0 1 0 1 0 1 0 1 2 0 0 3 1 
0 1 1 0 0 1 0 1 0 1 1 1 0 1 3 1 0 1 
0 0 1 1 1 0 0 1 0 1 0 0 0 3 1 1 2 0 
0 0 0 0 0 1 0 0 0 0 1 1 0 0 0 2 2 2 
0 1 1 1 1 1 1 1 1 0 1 1 0 1 2 3 1 0 
0 1 0 0 0 0 1 0 1 1 1 0 1 3 2 0 0 2 
1 0 0 0 0 1 0 1 0 1 0 1 1 0 0 0 1 3 
0 1 0 1 1 0 1 0 0 0 1 0 0 2 3 1 1 2 
0 0 1 0 1 0 0 0 1 0 0 0 1 1 1 0 0 1 
0 1 0 0 0 0 1 0 0 0 0 0 0 0 1 3 3 2 
0 0 1 0 1 0 0 0 1 1 0 1 0 2 3 2 3 0 
0 0 1 0 0 1 1 0 0 0 0 0 0 0 2 2 2 1 
0 1 0 1 1 1 1 0 1 1 1 1 0 3 0 3 0 3 
0 0 0 0 0 0 0 1 1 1 0 0 0 0 0 1 3 0 
0 1 1 0 0 0 1 1 1 0 0 1 0 2 1 2 2 3 
0 0 0 0 0 0 0 1 0 0 1 0 0 3 3 2 1 1 
0 1 0 1 1 1 0 1 0 0 0 0 0 0 3 3 2 1 
1 0 0 0 0 1 0 1 0 0 1 1 0 2 0 0 0 0 
1 0 0 0 0 1 0 1 1 1 0 1 1 3 0 0 2 2 
0 0 0 1 1 1 0 1 0 0 0 0 0 1 0 2 0 2 
0 1 0 1 1 1 1 0 1 0 1 0 0 3 2 1 3 3 
0 0 1 0 1 0 0 0 1 0 0 1 1 3 2 0 0 0 
0 1 0 1 1 0 0 0 0 0 1 1 1 1 3 0 3 2 

# Size = 28 | Time = 7155 ms
0 0 1 0 1 0 0 1 1 0 0 1 0 2 3 1 3 2 
0 1 0 0 0 1 0 0 0 1 1 0 1 1 1 0 1 1 
1 0 0 1 1 0 1 0 0 1 0 0 0 3 0 0 0 0 
0 1 1 1 1 1 1 1 1 0 1 1 0 0 2 3 2 3 
1 0 0 0 0 0 0 1 1 0 0 1 1 0 0 0 2 3 
0 0 1 0 0 1 1 1 0 1 1 1 0 3 1 2 3 0 
0 1 1 0 0 0 0 0 1 0 0 0 0 1 2 2 0 1 
0 1 0 0 0 0 1 0 0 0 1 0 0 2 3 3 1 2 
0 0 0 1 1 1 1 1 0 1 1 0 0 1 0 1 1 1 
0 1 1 1 1 1 0 0 1 1 0 0 1 0 3 0 3 2 
0 1 1 0 0 0 0 0 1 0 0 1 0 3 1 1 1 0 
0 0 0 0 1 1 0 0 0 1 0 0 0 2 2 2 2 3 
1 0 0 1 1 1 1 1 0 0 1 1 1 2 0 0 0 1 
0 0 0 1 1 1 0 0 0 1 0 1 0 0 1 3 0 0 
0 0 0 0 0 1 0 1 0 1 0 1 1 3 2 0 3 2 
0 0 0 0 0 1 0 0 0 0 0 1 0 1 3 1 2 0 
0 1 0 1 1 1 0 0 1 1 0 0 0 0 3 2 1 1 
0 0 1 0 1 0 0 0 1 1 0 0 0 1 0 3 3 1 
0 0 0 0 1 1 0 0 0 0 1 0 0 3 3 1 0 3 
0 1 0 1 1 1 0 1 1 1 1 0 0 1 0 2 0 2 
0 1 1 0 0 1 1 0 0 0 0 0 0 3 1 3 2 1 
0 0 0 0 0 0 1 0 0 1 0 1 0 2 2 1 1 0 
0 0 1 1 1 1 0 0 1 1 1 0 1 1 1 0 3 3 
0 0 0 1 1 1 1 0 0 0 0 1 0 2 1 2 2 2 
0 1 0 0 0 1 1 1 0 1 0 0 1 0 0 0 3 0 
1 0 0 0 1 1 1 0 0 1 0 0 0 2 0 0 3 2 
0 0 0 0 1 1 0 0 1 0 0 0 0 0 1 1 1 3 
1 0 0 0 0 0 0 0 0 0 1 0 1 0 0 0 1 1 

# Size = 29 | Time = 6578 ms
0 1 1 1 1 0 0 1 0 1 0 0 0 2 1 3 1 1 
1 0 0 0 0 1 1 0 1 0 1 0 1 0 0 0 3 3 
0 0 0 0 1 1 0 1 1 1 1 1 0 1 2 1 0 0 
0 1 1 0 0 0 1 0 0 0 0 1 0 0 3 2 2 2 
1 0 0 1 1 0 0 1 0 0 0 1 1 3 0 0 2 0 
0 1 1 1 1 0 1 0 1 1 1 0 0 3 3 1 3 3 
0 0 0 0 0 1 0 0 0 0 1 1 0 2 1 3 1 1 
0 1 1 1 1 1 1 1 1 1 0 0 0 1 2 2 3 2 
0 1 1 0 0 0 1 0 0 0 0 0 1 1 2 0 0 0 
0 0 0 0 0 1 1 1 1 1 1 1 1 2 3 0 1 2 
0 1 0 0 0 1 0 0 1 1 1 0 0 3 0 2 2 1 
0 0 1 1 1 0 0 1 0 0 0 1 0 0 1 1 3 3 
0 0 1 0 0 1 1 0 1 1 1 0 0 0 1 3 0 1 
1 0 0 0 0 0 0 0 0 1 0 0 0 2 0 0 0 2 
0 1 1 1 1 0 0 1 0 1 1 0 0 1 3 3 2 3 
0 0 0 0 1 1 1 0 0 0 1 1 0 2 1 2 2 0 
0 0 1 1 1 1 0 0 0 0 1 0 1 1 0 0 1 1 
0 0 1 1 1 0 1 1 0 1 1 1 0 3 2 3 1 3 
0 1 1 0 0 0 1 0 0 0 0 0 0 0 2 1 2 1 
0 0 0 1 1 1 1 0 1 0 0 0 1 3 1 0 0 2 
0 0 1 0 1 0 0 1 0 1 1 0 0 2 0 3 3 0 
0 0 0 0 0 0 1 0 0 1 0 0 0 0 0 1 1 0 
0 0 0 0 1 0 0 0 1 1 0 0 0 2 3 2 0 3 
0 0 1 1 1 0 1 1 1 1 1 0 0 2 3 1 3 1 
0 0 0 0 1 1 0 0 0 0 1 1 0 1 1 1 3 2 
0 0 1 1 1 0 1 1 1 0 0 0 0 1 3 2 1 0 
1 0 0 0 0 0 1 1 0 0 0 0 0 2 0 0 1 1 
0 0 1 1 1 1 1 0 1 0 1 1 0 0 0 3 2 2 
0 1 0 0 1 0 0 1 0 1 0 1 0 2 2 3 3 1 

# Size = 29 | Time = 7372 ms
1 0 0 0 0 0 0 1 1 0 1 0 0 0 0 0 3 3 
0 1 0 1 1 1 1 0 0 1 0 1 1 3 3 0 1 1 
0 1 1 0 1 0 1 1 1 1 0 0 0 2 1 1 0 2 
0 0 1 0 0 1 0 0 0 0 1 0 0 1 2 2 2 0 
0 1 1 1 1 0 0 0 0 0 0 1 0 0 0 3 3 0 
0 0 0 0 0 0 1 1 1 1 0 1 0 3 2 3 2 1 
0 0 0 1 1 1 0 0 1 0 1 1 1 2 1 0 0 2 
0 1 1 1 1 0 0 1 1 1 0 0 0 1 3 2 1 3 
0 0 0 0 0 1 1 1 0 0 1 0 0 0 3 1 1 0 
1 0 0 0 0 1 1 0 0 1 0 1 1 2 0 0 2 3 
0 1 1 1 1 1 0 1 0 1 1 0 1 3 2 0 3 1 
0 1 0 0 0 0 1 0 0 0 0 0 0 1 1 2 3 2 
0 0 0 0 0 0 0 0 0 0 1 1 0 1 0 1 0 1 
1 0 0 1 1 0 0 0 1 1 0 0 1 3 0 0 0 0 
0 0 1 1 1 1 0 1 0 1 1 0 0 0 3 3 2 2 
0 0 0 1 1 0 1 0 1 1 1 1 0 0 2 2 0 1 
0 1 0 0 0 0 0 0 0 0 0 1 0 3 1 3 2 3 
0 0 0 1 1 0 1 1 0 1 0 1 0 2 2 3 1 2 
1 0 0 0 0 1 0 0 1 0 0 1 1 3 0 0 1 2 
0 1 0 0 1 0 0 0 0 0 1 1 0 2 3 1 3 3 
0 0 1 0 0 0 1 0 0 0 1 0 0 2 1 2 1 1 
0 1 0 1 1 1 0 1 0 0 0 0 1 1 3 0 0 3 
0 1 0 1 1 1 0 1 1 1 1 1 1 0 1 0 1 0 
0 0 1 1 1 1 1 0 0 0 0 0 0 0 2 1 2 3 
0 0 0 1 1 1 1 0 0 1 1 1 0 1 3 3 0 1 
0 1 1 0 0 1 0 0 0 1 1 1 0 3 0 2 2 2 
0 1 1 0 1 1 0 0 0 1 1 1 0 2 1 0 0 0 
0 1 0 1 1 0 0 0 1 0 0 0 0 3 3 1 0 2 
1 0 0 0 0 0 0 1 1 1 0 0 1 3 0 0 3 1 

# Size = 28 | Time = 6545 ms
0 1 0 1 1 0 0 0 1 1 1 1 0 2 3 1 3 0 
1 0 0 0 0 1 1 1 0 0 0 0 1 0 0 0 1 2 
0 0 1 0 0 1 0 0 0 1 0 1 0 3 1 2 2 1 
0 1 1 1 1 0 1 1 1 0 1 0 0 1 2 3 0 3 
1 0 0 1 1 0 0 0 1 1 1 1 1 3 0 0 0 1 
0 1 1 0 0 0 0 0 0 1 0 0 0 0 2 3 1 0 
0 0 1 0 0 1 1 0 0 0 0 1 0 1 3 1 3 3 
0 1 0 1 1 1 0 1 1 1 1 0 0 0 1 2 2 2 
0 1 1 0 0 1 1 1 1 0 0 0 1 2 1 0 0 0 
0 0 0 1 1 1 1 1 0 0 0 1 0 2 2 3 1 1 
0 1 0 0 0 0 0 0 0 0 1 1 0 1 0 2 2 3 
0 1 1 0 1 0 1 0 0 0 1 0 0 3 3 1 0 2 
0 0 0 0 0 0 1 0 1 1 1 0 1 1 1 0 1 3 
1 0 0 0 1 0 0 1 0 0 1 0 0 3 0 0 3 0 
0 0 1 0 1 0 0 1 0 0 1 0 1 0 3 0 2 1 
0 0 1 1 1 0 1 1 0 0 0 1 0 2 2 2 2 2 
0 1 1 0 0 1 1 0 1 0 0 1 1 0 2 0 3 1 
0 0 1 0 0 0 1 1 0 0 1 0 0 0 0 1 1 3 
0 0 1 0 0 0 1 0 1 0 1 0 0 1 1 3 3 2 
0 1 1 0 0 0 0 1 0 1 0 1 0 3 3 2 1 0 
0 0 1 1 1 0 0 1 1 0 0 1 0 3 2 3 2 0 
1 0 0 1 1 1 0 0 0 0 0 0 1 2 0 0 2 3 
0 1 0 0 1 1 0 0 0 0 0 0 0 0 2 1 0 1 
0 0 0 0 0 0 0 1 0 0 0 0 0 1 1 1 2 1 
0 1 0 0 1 0 1 0 0 1 0 1 0 1 0 3 3 0 
0 1 0 0 0 1 0 1 0 0 0 0 0 3 0 2 3 3 
0 1 0 0 0 0 1 0 1 0 1 1 0 2 1 2 0 1 
0 0 1 0 0 0 1 1 1 0 1 1 0 0 3 3 2 1 

# Size = 26 | Time = 7031 ms
1 0 0 0 1 1 1 0 0 0 1 0 0 3 0 0 1 3 
0 1 1 0 0 0 0 1 1 1 0 1 0 1 1 1 0 0 
0 0 0 1 1 1 0 1 1 0 0 1 1 2 2 0 2 1 
0 1 1 1 1 0 1 0 0 1 0 0 0 0 3 3 3 2 
1 0 0 0 0 0 0 1 1 1 1 0 1 0 0 0 3 0 
0 1 1 0 0 0 1 0 0 0 1 0 0 2 2 2 0 1 
0 1 0 0 0 1 0 0 1 1 0 1 0 3 3 2 1 2 
0 0 0 0 0 0 0 1 0 0 1 1 0 1 1 3 2 3 
0 0 1 1 1 1 1 1 0 0 1 0 0 1 0 1 0 2 
0 1 1 1 1 0 1 0 0 0 1 1 1 3 3 0 2 0 
0 0 1 1 1 1 1 0 1 0 0 1 0 0 1 2 3 3 
1 0 0 1 1 0 0 0 0 1 0 1 1 2 0 0 0 3 
0 1 0 1 1 0 1 0 0 1 0 0 0 0 2 1 1 1 
0 0 0 0 1 0 0 1 0 0 0 0 1 2 1 0 1 2 
0 0 1 1 1 1 1 0 1 0 0 0 0 1 2 3 1 0 
0 0 0 1 1 1 1 1 0 0 0 0 0 3 3 1 3 1 
0 1 0 1 1 0 0 1 1 1 0 0 0 0 0 2 2 3 
0 1 0 0 0 1 1 1 1 0 0 0 0 3 1 3 0 1 
0 0 1 0 0 0 1 0 0 1 1 0 1 1 3 0 0 1 
0 1 0 0 1 0 1 1 1 1 0 0 0 2 0 3 3 0 
0 1 1 0 0 0 1 0 0 0 0 1 0 1 2 2 3 0 
0 0 1 0 1 1 0 0 1 1 0 1 0 2 3 1 2 3 
0 1 1 0 0 1 0 1 1 1 0 1 0 3 2 1 2 2 
1 0 0 0 0 1 0 0 1 1 0 0 1 3 0 0 2 1 
0 0 1 1 1 1 1 0 0 0 0 1 1 0 2 0 0 3 
1 0 0 1 1 1 1 0 1 1 0 0 1 3 0 0 3 2 

# Size = 29 | Time = 6464 ms
0 1 1 0 0 1 0 0 0 1 0 0 0 2 1 1 0 2 
1 0 0 1 1 0 1 1 1 0 1 1 1 3 0 0 1 2 
0 0 1 1 1 1 0 0 1 0 1 0 0 1 3 3 2 1 
0 0 0 0 0 0 1 1 0 1 0 1 0 0 2 2 3 3 
0 1 0 0 1 1 0 1 0 1 0 0 1 1 0 0 2 0 
0 1 1 0 0 0 1 0 0 0 0 1 0 3 3 3 1 0 
0 1 0 1 1 1 0 0 1 0 1 0 0 0 2 2 0 3 
1 0 0 0 0 0 0 0 1 1 0 0 1 2 0 0 3 1 
0 0 1 1 1 0 1 1 0 0 1 0 0 2 1 1 3 0 
0 0 0 1 1 1 1 1 1 1 1 1 0 3 1 1 0 1 
0 0 1 0 0 1 0 1 1 1 1 0 1 0 3 0 1 3 
0 0 1 0 0 0 1 1 0 0 0 1 0 1 2 2 2 2 
1 0 0 1 1 0 0 0 1 1 0 1 0 0 0 0 0 0 
0 1 0 0 1 1 0 1 0 1 1 1 0 2 2 3 1 1 
0 1 1 0 0 1 0 1 0 0 0 0 0 3 0 3 3 3 
0 1 1 0 0 0 1 0 0 0 1 0 0 1 1 1 1 3 
0 0 0 0 0 1 1 1 0 0 0 0 0 0 3 3 0 2 
0 0 0 0 1 0 1 0 1 1 1 0 0 0 1 1 2 1 
0 0 1 0 1 0 0 0 1 1 1 1 0 2 3 2 2 3 
0 1 1 0 1 1 1 0 0 1 0 1 0 3 2 2 2 0 
0 0 0 0 1 0 1 0 0 0 1 1 0 1 3 1 3 2 
1 0 0 1 1 1 0 1 0 1 1 1 0 3 0 0 2 3 
0 0 0 1 1 0 0 0 0 1 0 1 1 1 2 0 0 3 
0 0 1 0 0 0 1 0 0 0 0 0 0 1 1 2 1 1 
0 0 1 0 0 1 1 1 0 0 1 1 1 1 1 0 1 0 
0 0 1 1 1 0 0 1 0 0 0 0 0 0 1 3 3 1 
0 0 0 1 1 0 0 0 0 1 0 1 0 0 2 1 1 3 
0 0 1 1 1 1 1 0 0 0 1 1 0 1 0 2 3 3 
0 0 1 0 0 1 0 0 0 0 0 0 0 0 0 1 0 2 

# Size = 28 | Time = 6647 ms
0 0 1 0 0 1 1 0 1 1 0 0 0 1 3 2 3 3 
0 1 0 1 1 0 0 1 0 0 1 1 1 3 1 0 1 0 
1 0 0 0 1 0 1 0 1 0 0 1 0 0 0 0 0 2 
0 1 1 0 0 1 0 1 0 1 1 0 0 2 2 3 0 1 
0 1 1 1 1 1 1 0 0 0 1 0 0 0 3 1 2 2 
1 0 0 1 1 0 0 0 1 1 0 0 1 2 0 0 2 1 
0 0 0 0 0 0 1 1 1 0 0 1 0 3 2 1 3 0 
0 0 0 0 0 1 0 0 0 1 0 1 0 1 1 3 1 3 
0 1 1 0 0 0 1 1 0 0 1 0 1 1 0 0 3 3 
0 1 1 1 1 1 0 0 1 1 1 0 0 3 1 2 0 0 
0 0 0 0 0 0 1 1 0 0 1 1 0 2 3 2 2 1 
0 1 0 1 1 0 1 0 1 0 0 0 0 1 2 3 1 2 
1 0 0 0 0 1 0 1 0 1 1 0 1 0 0 0 3 2 
0 0 0 1 1 0 0 0 0 1 0 0 0 2 1 1 3 3 
0 0 1 0 1 0 0 0 0 1 0 1 1 1 3 0 0 0 
0 0 1 0 0 0 1 0 1 1 0 0 0 0 1 1 1 1 
0 0 0 0 0 0 0 0 0 0 0 0 0 3 0 3 2 0 
0 0 0 1 1 0 1 1 0 0 0 1 1 0 2 0 2 3 
0 0 0 0 0 0 0 0 1 0 1 0 0 2 0 2 1 2 
1 0 0 0 0 0 1 0 1 1 0 0 0 3 0 0 0 3 
0 0 0 1 1 1 1 0 1 1 0 0 0 1 0 1 3 1 
0 0 1 0 1 1 0 1 1 1 1 0 0 0 3 3 1 0 
0 1 0 1 1 0 0 0 1 1 0 0 0 1 1 1 2 2 
0 1 0 0 1 0 1 0 0 0 0 1 0 3 3 3 3 1 
0 0 0 1 1 0 0 0 0 1 1 0 0 0 2 2 2 2 
0 0 1 0 1 0 0 0 1 1 0 0 0 2 1 1 0 0 
1 0 0 1 1 1 1 1 0 0 1 0 1 0 0 0 1 0 
0 0 1 0 1 0 1 1 0 1 1 0 0 3 1 2 2 2 

# Size = 27 | Time = 6777 ms
0 0 1 1 1 1 0 1 0 1 1 1 0 0 2 3 0 1 
0 1 0 0 0 0 0 0 1 0 0 0 1 1 0 0 1 0 
0 1 0 0 0 0 1 1 0 1 1 0 0 2 1 2 2 2 
1 0 0 1 1 1 1 0 0 0 0 1 1 3 0 0 3 3 
0 0 1 0 0 0 1 0 1 1 0 0 0 3 3 1 3 1 
0 1 1 1 1 1 0 1 1 0 1 1 0 2 3 1 1 3 
0 0 0 0 1 0 1 0 1 0 0 0 0 0 2 2 0 0 
0 0 1 0 0 1 0 0 1 0 0 1 0 1 1 3 2 2 
1 0 0 1 1 0 0 1 1 1 1 0 1 2 0 0 2 0 
0 1 0 1 1 1 0 1 0 1 1 1 0 1 3 2 3 0 
0 1 1 0 0 0 0 0 0 1 1 0 1 0 2 0 0 3 
0 1 0 1 1 0 1 1 0 0 0 1 0 3 1 3 1 1 
0 0 0 1 1 1 0 1 0 1 1 0 0 3 0 1 0 2 
0 0 1 1 1 1 0 0 0 1 0 0 0 2 1 3 3 0 
1 0 0 0 0 1 1 0 0 1 1 1 0 0 0 0 1 2 
0 0 1 1 1 0 1 1 1 0 0 0 1 1 1 0 0 1 
0 1 1 0 0 0 1 1 0 0 1 1 1 0 3 0 3 2 
0 0 1 0 0 0 0 0 0 0 0 0 0 2 0 2 0 1 
0 0 0 0 0 1 0 0 1 0 0 0 0 0 1 1 2 3 
0 0 0 0 0 0 0 0 0 0 0 1 0 3 2 1 2 0 
0 0 0 0 1 0 0 0 0 0 0 0 0 1 2 2 1 3 
0 1 0 1 1 0 0 0 1 0 0 1 1 2 2 0 3 2 
0 1 0 0 1 0 1 1 0 1 1 1 0 3 3 3 0 3 
0 0 0 0 0 0 1 1 1 1 0 1 0 1 3 1 2 1 
0 1 0 1 1 1 0 1 1 0 1 0 0 3 2 2 3 1 
1 0 0 1 1 1 0 1 1 0 1 0 1 0 0 0 0 1 
0 0 0 0 1 0 0 1 1 1 1 1 0 0 0 3 0 0 

# Size = 29 | Time = 6943 ms
0 1 1 1 1 0 1 0 0 0 1 1 0 0 3 3 2 0 
0 0 0 0 0 1 0 0 1 1 0 0 1 2 1 0 1 3 
1 0 0 0 1 0 0 1 1 0 1 1 0 3 0 0 3 1 
0 1 1 1 1 1 1 1 0 1 0 0 0 1 2 2 0 2 
0 1 0 0 0 0 1 1 0 0 1 1 0 2 2 1 1 3 
0 0 1 1 1 1 1 0 0 1 1 0 1 3 0 0 3 1 
0 0 0 0 0 0 0 0 1 1 0 1 0 0 3 2 0 2 
0 1 0 0 0 0 0 1 0 0 0 0 1 1 1 0 2 0 
0 0 1 0 0 1 0 0 1 1 0 1 0 1 0 1 2 0 
0 0 1 1 1 1 1 1 1 0 1 0 0 2 1 3 0 3 
1 0 0 1 1 1 0 0 0 1 1 0 1 0 0 0 1 2 
0 1 0 0 0 0 0 0 1 1 0 0 0 3 2 3 3 1 
0 1 1 1 1 1 1 1 0 0 1 0 0 1 3 1 1 1 
0 1 0 1 1 0 0 1 0 0 1 1 0 0 1 2 3 1 
0 1 1 1 1 0 0 1 1 0 1 0 0 3 0 2 2 3 
0 0 0 0 1 0 1 1 0 0 1 0 1 3 2 0 0 0 
0 0 0 1 1 0 1 1 0 0 0 1 1 2 3 0 3 2 
1 0 0 0 0 0 1 0 0 0 0 0 0 2 0 0 0 1 
0 1 1 1 1 0 0 0 1 0 0 0 0 3 1 1 0 2 
0 1 0 1 1 0 1 0 1 1 1 1 0 2 2 2 2 0 
0 1 1 0 1 1 0 0 1 1 0 0 0 1 3 1 3 3 
0 0 1 0 1 1 0 0 1 0 0 0 0 0 2 1 1 0 
0 0 0 0 0 1 0 0 1 0 1 0 0 1 0 3 2 2 
0 1 1 0 0 1 0 1 0 0 1 1 0 3 3 3 1 2 
1 0 0 0 1 1 0 1 0 1 0 0 0 0 0 0 2 0 
0 0 1 0 0 0 1 0 1 1 0 0 0 0 0 2 1 3 
0 0 0 0 1 0 1 0 1 0 0 1 1 3 3 0 2 1 
0 0 1 1 1 0 0 1 0 1 0 1 0 2 0 1 3 0 
1 0 0 1 1 1 0 0 1 1 0 1 0 0 0 0 2 3 

# Size = 28 | Time = 7400 ms
0 1 1 0 1 0 0 0 0 1 0 1 0 0 3 3 3 1 
1 0 0 1 1 1 1 1 1 0 1 0 1 3 0 0 0 3 
0 0 1 0 0 0 1 1 1 0 0 0 0 2 2 2 2 0 
0 1 0 0 0 1 0 0 0 1 1 1 1 1 1 0 0 2 
0 0 1 1 1 0 0 0 0 0 0 0 0 1 0 1 1 2 
0 1 0 1 1 1 1 0 1 1 1 1 0 2 2 1 3 0 
0 1 0 0 0 0 0 1 0 1 0 1 0 3 1 2 1 3 
0 0 1 1 1 1 1 1 0 1 1 0 1 0 3 0 2 1 
1 0 0 0 0 0 0 0 0 0 0 1 1 0 0 0 3 0 
0 1 0 0 0 1 1 1 1 0 0 0 0 1 1 3 2 1 
0 1 1 1 1 0 0 0 1 0 1 1 0 3 3 2 0 2 
0 0 1 1 1 0 0 0 0 0 0 1 0 2 1 3 2 3 
1 0 0 1 1 0 1 1 0 1 1 0 1 2 0 0 1 2 
0 0 0 0 0 0 0 1 0 0 1 0 0 1 3 1 3 3 
0 1 0 0 0 1 0 1 0 1 1 1 0 3 2 3 1 1 
0 0 0 0 0 1 0 0 1 0 0 1 0 0 2 0 0 2 
0 1 0 0 0 1 0 1 1 0 0 0 0 0 0 2 1 1 
0 1 0 0 0 1 0 1 1 0 0 1 0 2 1 1 0 1 
0 0 0 1 1 0 0 1 1 1 0 0 0 2 3 3 0 0 
1 0 0 0 1 1 1 1 1 0 1 1 0 3 0 0 2 2 
0 0 0 1 1 1 1 0 1 0 0 1 0 1 2 2 1 0 
0 0 0 0 1 1 1 1 1 0 0 1 0 0 2 1 2 3 
0 0 0 0 0 1 0 1 0 0 1 0 0 3 1 2 3 0 
0 0 1 1 1 1 0 0 1 0 1 0 1 0 2 0 3 2 
0 1 1 1 1 1 1 0 0 1 0 0 0 0 1 3 3 2 
0 0 1 1 1 1 0 1 0 0 0 1 0 3 3 1 1 0 
0 0 0 1 1 0 0 0 1 0 1 0 0 3 0 3 2 3 
1 0 0 0 1 1 0 1 0 1 1 0 1 2 0 0 2 1 

# Size = 27 | Time = 6505 ms
1 0 0 0 1 0 1 1 1 0 1 1 1 2 0 0 3 3 
0 1 1 0 0 1 0 0 0 1 0 0 0 0 3 2 2 2 
0 1 1 1 1 0 1 0 1 0 0 1 0 1 1 1 1 0 
0 0 0 1 1 1 0 1 0 1 1 0 0 3 2 0 0 1 
0 0 1 0 0 0 0 0 1 1 0 1 0 2 2 3 3 1 
1 0 0 0 0 1 0 0 0 0 0 0 1 0 0 0 1 0 
0 1 1 0 0 0 1 1 1 0 0 1 1 3 3 0 0 2 
0 0 0 0 0 1 0 0 0 1 1 0 0 1 1 1 0 3 
0 0 0 1 1 0 1 1 0 0 1 1 0 0 3 3 2 2 
0 1 0 1 1 1 1 1 1 1 1 0 0 2 0 2 3 0 
0 1 1 1 1 0 1 1 0 0 1 0 1 1 2 0 2 1 
0 0 0 0 0 0 0 0 0 1 1 1 0 3 2 2 1 3 
0 1 1 1 1 1 0 1 1 1 0 1 1 0 1 0 2 3 
0 1 1 1 1 0 0 1 0 0 0 0 0 2 3 1 1 2 
0 1 0 0 1 1 0 0 0 1 0 0 0 1 0 3 3 2 
0 0 1 0 0 1 0 1 0 1 0 1 0 3 0 1 2 0 
1 0 0 1 1 1 1 0 0 1 1 1 0 0 0 0 0 1 
0 0 0 0 0 0 1 0 1 0 0 0 0 0 2 1 3 0 
0 0 0 0 1 0 0 0 0 0 0 0 0 2 1 2 0 1 
0 0 1 0 0 0 1 1 0 0 0 0 0 3 1 3 3 0 
0 0 0 1 1 1 0 1 1 0 0 1 0 1 3 2 3 0 
0 1 1 1 1 1 1 1 1 0 0 0 0 1 3 1 1 1 
0 0 0 0 0 0 0 0 1 0 0 0 0 1 3 3 1 3 
1 0 0 1 1 1 0 1 0 0 1 1 0 3 0 0 2 2 
0 0 1 1 1 0 1 1 0 1 1 0 0 2 0 3 0 0 
0 0 0 0 0 0 1 1 0 0 0 0 0 2 1 1 2 2 
0 1 1 0 0 0 0 1 1 0 1 0 0 2 2 1 1 2 

# Size = 27 | Time = 7050 ms
0 0 0 1 1 1 1 1 1 0 0 1 0 0 1 1 1 3 
1 0 0 0 0 0 0 0 0 1 1 0 1 3 0 0 0 2 
0 1 1 0 0 0 0 0 0 0 0 1 0 2 3 2 3 1 
0 1 1 0 1 1 1 1 1 1 1 0 1 1 2 0 2 0 
0 1 1 1 1 0 0 1 1 0 0 0 0 3 0 3 0 2 
1 0 0 1 1 1 1 0 0 1 1 1 0 2 0 0 3 0 
0 0 0 0 0 0 0 0 0 1 0 1 0 1 2 3 2 3 
0 1 0 0 0 0 0 0 0 1 1 0 0 0 1 1 1 1 
0 0 1 0 0 1 1 0 1 0 0 0 1 0 3 0 0 1 
0 0 0 1 1 1 0 1 1 0 1 0 0 3 3 2 2 0 
0 0 1 0 0 0 1 1 0 0 0 1 0 3 2 1 0 0 
1 0 0 1 1 1 0 1 1 0 0 0 1 2 0 0 1 3 
0 1 1 1 1 1 1 0 1 0 1 1 0 1 1 3 3 2 
0 0 0 1 1 0 1 1 1 1 0 0 0 0 2 2 3 1 
0 1 1 0 0 0 0 0 1 1 1 1 0 1 3 2 0 3 
0 1 1 0 0 0 0 1 1 0 0 1 0 2 2 1 1 2 
0 0 0 0 0 1 0 1 0 1 1 1 0 2 1 3 1 0 
1 0 0 0 1 1 1 1 0 0 0 1 1 0 0 0 2 1 
0 0 0 0 0 0 0 0 0 0 0 0 1 3 1 0 3 3 
0 1 1 0 1 0 1 1 1 0 0 1 0 1 3 1 1 2 
0 0 0 1 1 0 0 1 1 0 0 1 0 3 0 2 1 2 
0 1 1 0 0 1 0 1 0 0 1 0 0 0 1 3 2 2 
0 1 0 0 0 0 1 1 1 1 1 0 0 1 0 1 3 1 
0 0 0 0 0 0 0 0 0 0 0 0 0 0 1 2 0 0 
0 0 0 0 0 1 0 1 1 1 0 0 0 2 3 3 2 1 
0 0 0 0 0 0 0 1 0 0 0 0 0 3 1 1 2 1 
1 0 0 1 1 1 1 0 0 0 0 1 0 2 0 0 0 3 

# Size = 30 | Time = 6792 ms
1 0 0 0 0 0 1 1 1 1 0 0 1 2 0 0 0 0 
0 1 1 0 1 1 0 0 0 0 0 1 0 1 2 1 1 1 
0 0 0 1 1 0 0 0 0 1 1 0 0 3 1 3 2 2 
0 1 1 1 1 1 1 1 1 0 1 1 0 0 3 2 3 3 
0 1 1 0 0 1 0 0 0 0 1 1 1 2 0 0 0 2 
0 1 1 0 0 1 1 1 1 0 0 1 0 3 1 3 2 0 
0 0 0 0 0 0 0 0 0 1 0 0 0 0 3 2 3 3 
0 0 0 0 0 0 1 1 1 0 1 0 0 1 2 1 1 1 
1 0 0 1 1 1 0 1 0 1 0 1 1 0 0 0 1 1 
0 1 0 1 1 0 1 0 0 1 1 1 0 0 2 1 0 0 
0 0 1 1 1 0 1 1 1 1 0 0 0 1 0 2 3 2 
0 1 0 1 1 1 0 0 1 0 1 0 0 2 3 3 3 1 
1 0 0 0 1 0 1 0 1 0 1 0 1 3 0 0 2 3 
0 1 0 0 0 0 0 0 1 0 0 1 1 1 3 0 3 0 
0 0 1 0 0 1 0 1 1 0 0 0 0 3 1 2 0 1 
0 0 0 0 1 0 0 0 0 1 1 0 0 2 1 1 1 3 
0 0 1 0 1 1 0 1 1 0 1 0 0 3 3 1 1 2 
0 0 0 0 0 0 1 0 1 0 1 1 0 1 2 3 0 3 
0 1 1 0 1 1 1 0 1 1 1 1 0 3 2 0 3 2 
0 1 0 0 0 1 0 0 0 1 0 1 0 2 2 2 2 0 
0 0 0 0 0 0 1 0 1 1 1 0 1 0 1 0 3 2 
0 1 1 1 1 0 1 0 0 0 0 1 0 0 0 1 2 1 
0 0 0 0 0 1 0 1 0 1 0 0 0 0 0 3 1 0 
0 1 0 0 0 1 0 1 0 1 0 1 0 1 1 2 2 1 
0 1 0 0 1 0 1 0 1 0 0 1 0 3 3 3 0 3 
1 0 0 0 0 0 1 1 1 1 1 0 0 2 0 0 3 2 
0 0 0 1 1 1 0 1 1 1 1 1 1 2 2 0 0 1 
0 0 0 0 0 0 0 1 0 1 1 1 0 0 2 2 1 3 
0 1 0 0 0 1 0 0 0 1 0 1 0 0 1 1 3 2 
0 1 1 0 1 0 0 0 0 1 0 1 0 3 3 2 2 0 

# Size = 28 | Time = 6786 ms
0 1 1 0 1 0 0 1 0 1 0 0 0 1 3 2 0 3 
0 0 0 0 0 1 1 0 1 0 1 1 1 3 1 0 1 0 
1 0 0 1 1 1 0 0 0 0 0 0 0 2 0 0 2 1 
0 0 1 0 0 0 1 1 1 1 1 0 0 0 2 1 3 2 
0 1 1 1 1 0 1 1 1 1 0 1 0 3 0 3 1 1 
0 1 0 1 1 0 0 0 0 0 0 1 1 0 2 0 3 2 
0 1 1 0 0 1 0 1 0 1 1 0 0 2 1 3 2 0 
0 0 0 0 0 1 1 0 0 0 1 1 0 1 0 2 0 3 
0 0 0 0 0 1 1 0 1 0 1 1 0 2 3 1 2 1 
1 0 0 0 0 0 0 1 1 1 0 0 1 3 0 0 0 3 
0 0 1 1 1 0 0 0 0 0 0 0 0 1 1 1 1 0 
0 0 0 1 1 1 0 0 1 0 1 1 0 1 3 3 3 2 
0 1 0 1 1 1 0 0 0 1 0 1 0 3 2 2 2 3 
0 0 1 0 1 0 1 0 0 0 1 0 1 1 2 0 2 1 
0 0 0 1 1 0 1 1 1 0 0 0 0 2 1 2 0 2 
1 0 0 0 0 1 1 0 0 0 1 1 0 0 0 0 3 0 
0 0 0 0 0 0 1 1 1 1 1 1 0 0 1 2 3 1 
0 0 0 0 0 0 0 1 0 1 0 0 1 2 3 0 1 3 
0 0 0 0 0 0 0 0 0 1 0 1 0 0 2 3 0 0 
0 1 0 0 0 0 1 0 1 0 1 1 0 3 3 1 1 2 
0 1 0 0 1 0 1 0 0 0 1 1 0 0 2 1 1 3 
1 0 0 0 1 1 1 0 1 1 1 0 1 3 0 0 2 2 
0 0 0 0 0 1 1 1 0 0 0 1 0 0 3 2 1 0 
0 0 0 0 0 1 0 0 1 0 0 0 1 2 2 0 3 3 
0 0 1 0 1 1 1 0 0 0 0 1 0 3 0 1 0 1 
0 1 0 0 0 0 1 1 0 0 1 1 1 0 1 0 2 3 
0 1 0 0 0 1 0 0 1 1 0 1 0 3 3 3 3 3 
1 0 0 1 1 0 0 1 1 0 1 1 1 3 0 0 1 3 

# Size = 29 | Time = 7326 ms
0 1 0 0 1 1 0 1 0 0 1 0 0 0 3 3 3 1 
0 0 1 0 0 0 1 0 1 1 0 1 1 1 0 0 0 3 
1 0 0 1 1 0 0 1 0 1 0 0 0 3 0 0 2 0 
0 0 0 1 1 1 1 0 1 0 1 1 0 2 1 1 1 2 
0 1 1 0 0 1 0 0 0 0 0 0 0 1 2 2 1 0 
0 1 1 1 1 0 1 1 1 1 1 1 1 0 2 0 2 1 
0 1 0 0 0 0 0 1 0 1 0 0 0 2 1 3 0 2 
0 0 1 1 1 0 0 0 1 0 1 1 0 3 3 2 3 3 
1 0 0 0 0 1 1 0 0 0 1 0 1 0 0 0 2 3 
0 1 1 0 0 0 1 1 0 1 0 1 0 3 3 1 3 0 
0 0 1 0 0 1 0 0 1 1 0 0 0 3 0 3 1 1 
0 0 0 1 1 1 1 1 0 0 1 1 0 1 2 3 0 3 
0 0 1 1 1 0 0 0 1 0 0 0 1 2 1 0 3 2 
0 1 0 1 1 0 1 1 0 1 0 0 0 0 1 2 0 0 
0 1 0 0 0 0 0 1 1 0 0 0 0 0 0 1 1 3 
0 0 0 0 0 0 1 0 1 0 0 0 0 1 1 1 2 1 
1 0 0 0 1 1 0 1 1 0 1 1 1 2 0 0 1 0 
0 0 0 0 0 0 0 0 0 0 0 0 0 2 3 2 2 2 
0 0 1 0 1 1 0 0 1 0 0 0 1 3 3 0 0 2 
0 1 0 0 1 0 1 0 1 1 0 1 0 1 0 2 3 2 
0 1 0 0 0 0 1 1 0 0 0 1 0 2 2 1 0 1 
0 0 1 0 1 1 0 1 0 0 0 0 0 1 3 3 1 0 
0 0 0 0 0 0 0 0 1 0 1 1 0 0 2 3 2 2 
0 1 1 0 1 1 0 0 1 1 1 1 0 3 1 1 2 3 
0 0 1 0 0 1 0 0 0 0 1 1 1 3 2 0 3 1 
1 0 0 0 0 0 0 0 1 1 0 0 0 2 0 0 3 3 
1 0 0 0 0 1 0 0 1 1 0 1 1 0 0 0 0 2 
0 1 1 0 1 0 1 0 1 1 1 0 0 3 1 2 0 1 
1 0 0 0 1 0 0 0 1 0 0 0 0 0 0 0 3 1 

# Size = 29 | Time = 6283 ms
0 1 0 0 1 1 1 0 0 0 1 0 1 0 3 0 2 3 
0 0 1 1 1 0 0 1 1 1 0 1 0 2 2 2 0 2 
1 0 0 0 0 0 0 0 1 0 0 1 1 3 0 0 1 1 
0 1 1 0 0 1 0 1 0 1 1 0 0 1 1 3 3 0 
0 0 0 1 1 0 1 0 0 1 0 0 0 3 0 1 3 0 
0 1 0 0 0 1 1 0 1 0 1 1 0 2 1 1 0 2 
0 1 1 1 1 1 1 1 1 0 0 0 0 0 2 3 1 1 
0 0 1 1 1 0 0 1 1 1 0 1 1 1 3 0 2 3 
1 0 0 0 0 1 0 1 0 1 1 0 1 0 0 0 0 2 
0 1 0 0 0 0 1 0 0 0 1 0 0 1 2 2 2 1 
0 0 1 0 0 0 1 0 0 0 0 1 1 2 1 0 3 0 
0 0 1 0 0 0 0 0 0 1 1 1 0 3 3 3 1 3 
0 1 0 0 1 1 0 1 1 0 1 1 0 3 1 2 2 0 
0 1 1 1 1 0 0 1 1 0 0 1 0 0 1 1 3 3 
1 0 0 1 1 1 1 0 0 0 1 0 0 2 0 0 2 3 
0 1 1 0 0 0 1 0 0 1 0 0 0 1 0 1 1 1 
0 1 1 0 1 1 0 1 1 1 0 1 0 2 3 2 3 1 
0 0 0 0 1 0 1 1 0 0 0 0 1 3 2 0 0 0 
0 0 0 0 0 0 0 1 1 0 1 1 0 1 3 3 0 2 
0 0 1 0 1 1 1 1 0 0 0 1 0 0 1 2 1 0 
0 0 1 0 0 1 0 1 0 1 1 1 0 2 0 3 1 2 
0 0 0 0 0 0 0 0 0 1 1 1 0 3 2 1 2 2 
0 1 0 0 0 1 0 1 0 0 1 0 0 2 2 2 0 3 
0 1 0 0 0 0 0 0 1 1 0 1 0 3 3 1 1 0 
0 1 1 0 0 1 0 1 1 0 1 1 1 1 1 0 0 1 
0 1 0 0 0 0 1 0 0 0 1 1 1 0 2 0 3 2 
1 0 0 1 1 0 1 0 1 0 0 1 0 0 0 0 3 0 
0 1 1 0 0 1 1 1 1 1 0 0 0 2 0 3 2 3 
0 1 1 1 1 1 0 0 1 1 1 1 0 1 0 2 3 0 

# Size = 29 | Time = 6581 ms
0 1 1 0 1 1 0 1 0 0 1 1 0 2 3 2 1 3 
0 0 0 1 1 0 1 0 1 1 0 0 1 3 1 0 2 0 
0 1 0 0 0 1 1 0 1 0 0 1 0 0 2 1 3 2 
0 0 1 0 0 0 0 0 0 1 1 0 1 1 0 0 0 1 
1 0 0 1 1 1 1 1 1 0 1 1 0 0 0 0 0 1 
0 1 0 1 1 0 0 1 0 1 0 0 0 1 2 3 3 3 
0 1 1 0 0 1 0 1 0 0 1 0 0 3 1 3 2 0 
0 0 0 0 0 0 1 0 1 1 0 0 0 2 3 2 1 2 
0 0 1 1 1 0 0 1 0 1 0 1 0 0 3 1 2 2 
0 1 1 0 0 1 1 1 1 0 0 1 1 1 0 0 1 3 
1 0 0 0 0 0 1 0 0 0 1 0 1 2 0 0 3 2 
0 0 1 1 1 0 1 0 1 1 0 1 0 2 2 3 0 1 
0 0 1 0 0 1 0 0 1 1 0 1 0 0 1 2 3 0 
1 0 0 1 1 0 0 0 0 1 0 1 0 3 0 0 1 3 
0 1 1 1 1 0 0 0 1 0 1 0 0 3 1 1 0 1 
0 1 0 1 1 0 0 1 1 1 1 1 0 3 2 2 2 1 
0 1 1 1 1 0 0 1 1 0 1 0 0 0 0 1 1 0 
0 1 1 0 1 1 0 0 1 1 1 0 0 1 1 1 2 3 
0 0 0 0 0 1 0 0 1 0 1 1 0 1 3 2 0 0 
0 0 0 1 1 1 0 1 0 1 0 1 1 3 3 0 3 1 
0 1 0 0 0 1 0 0 0 1 0 0 1 0 2 0 1 1 
0 1 1 1 1 0 0 0 1 1 0 1 0 3 1 3 1 2 
0 0 0 0 1 1 0 1 1 1 0 1 0 0 3 3 0 3 
0 0 1 0 0 0 1 1 0 0 0 1 0 2 0 1 2 0 
0 0 0 0 1 0 1 1 0 0 0 0 0 1 0 2 0 2 
0 1 1 0 0 1 1 1 1 1 1 1 0 2 1 1 3 1 
0 0 0 0 1 0 0 1 1 0 1 0 0 2 2 3 2 0 
0 0 0 0 0 1 1 0 0 1 0 1 0 0 0 3 1 0 
1 0 0 0 1 0 0 0 0 0 0 0 0 0 0 0 2 0 

# Size = 27 | Time = 7144 ms
0 0 1 0 1 1 0 0 1 1 0 0 0 2 2 3 1 3 
0 1 0 0 0 0 1 1 0 0 1 1 1 1 1 0 3 0 
1 0 0 1 1 0 1 0 1 0 0 1 0 3 0 0 2 1 
0 1 1 0 0 1 0 1 0 0 1 0 0 0 3 1 0 2 
0 1 1 1 1 0 0 0 0 1 0 0 0 1 1 2 2 0 
1 0 0 1 1 1 0 1 1 1 1 0 1 0 0 0 3 2 
0 0 0 0 0 0 1 1 0 1 0 1 0 3 3 2 0 3 
0 1 1 0 0 0 1 1 0 0 1 0 0 2 0 3 1 1 
0 0 0 1 1 0 1 0 0 1 0 1 0 0 2 1 1 2 
0 1 1 0 0 1 0 0 1 1 1 0 1 3 2 0 2 1 
0 0 0 1 1 1 0 0 1 1 1 1 0 1 3 3 0 0 
1 0 0 0 0 1 1 0 0 0 1 1 1 2 0 0 0 3 
0 0 1 1 1 1 0 0 1 0 0 1 0 2 1 2 3 3 
0 1 0 0 0 0 0 1 1 0 0 1 0 3 2 1 3 0 
0 1 0 0 0 0 1 1 1 1 0 0 1 2 3 0 2 3 
1 0 0 0 0 0 0 1 0 0 1 0 1 0 0 0 1 0 
0 1 0 1 1 0 1 0 0 1 1 0 0 3 1 2 1 2 
0 0 0 0 0 0 1 1 0 0 0 0 0 0 1 1 2 1 
0 1 1 0 0 0 0 0 0 1 0 1 0 1 3 2 3 1 
0 0 1 0 1 1 0 1 0 0 0 0 0 1 2 3 2 2 
0 1 0 0 0 1 0 0 0 0 0 0 0 1 0 1 1 3 
0 0 1 1 1 0 1 1 0 1 0 0 0 3 1 3 0 1 
0 0 0 1 1 0 0 0 0 0 0 1 0 0 0 3 3 3 
0 0 1 0 1 1 0 0 0 1 1 0 0 0 2 2 0 0 
0 1 1 1 1 1 1 1 1 0 1 1 0 2 1 1 0 0 
0 1 0 0 1 1 0 0 0 0 1 0 0 2 0 2 0 2 
0 1 1 0 0 1 1 1 0 1 0 0 1 1 3 0 1 1 

# Size = 27 | Time = 5985 ms
0 1 1 0 1 0 0 1 1 1 0 1 0 1 0 0 1 1 
0 0 0 1 1 1 1 0 0 0 1 0 0 0 1 1 0 2 
1 0 0 0 0 1 0 1 0 0 0 0 1 3 0 0 2 3 
0 1 1 0 0 0 1 0 1 0 1 1 1 2 2 0 3 0 
0 0 0 1 1 1 0 1 0 1 0 1 0 2 3 3 3 0 
0 1 1 0 0 0 1 0 1 1 1 0 0 3 3 2 2 3 
1 0 0 1 1 0 0 0 1 0 1 1 1 0 0 0 0 1 
0 1 1 0 0 1 0 1 1 1 0 0 0 0 2 3 0 2 
0 0 0 1 1 1 1 0 0 0 0 1 0 1 2 2 1 3 
0 1 1 0 0 0 0 0 0 1 0 0 0 2 1 1 1 1 
0 1 0 1 1 0 1 1 1 0 1 1 0 3 1 3 2 1 
0 0 1 0 0 0 0 1 1 1 1 1 1 1 3 0 1 2 
0 0 1 1 1 0 0 1 0 1 0 0 0 1 1 2 0 0 
1 0 0 0 0 0 1 1 0 1 1 0 0 2 0 0 3 2 
0 0 1 0 0 1 0 1 0 1 0 1 0 1 1 1 3 3 
0 1 0 1 1 1 0 0 1 0 0 1 0 0 3 2 3 1 
0 1 0 0 0 0 0 0 1 1 0 0 0 3 2 1 2 0 
0 0 0 1 1 1 1 0 0 1 1 1 0 0 0 3 1 0 
0 0 1 0 0 0 0 0 0 0 0 0 0 2 0 2 0 3 
0 0 0 0 1 1 1 0 1 1 1 1 1 3 1 0 2 2 
0 0 0 0 0 0 1 1 0 0 1 0 0 0 2 0 2 3 
0 1 0 0 0 0 1 1 1 1 0 1 0 3 3 1 0 1 
1 0 0 0 0 1 1 0 0 1 0 1 0 3 0 0 1 0 
0 0 0 0 1 1 0 0 0 1 1 1 0 1 2 3 2 3 
0 0 0 0 0 0 1 0 1 0 0 1 0 2 2 2 2 2 
0 0 0 0 0 0 0 0 1 0 1 1 0 3 0 1 3 0 
0 0 1 0 0 1 1 0 0 0 1 0 0 1 2 1 2 1 

# Size = 26 | Time = 6096 ms
1 0 0 0 0 0 0 1 1 1 0 0 0 2 0 0 1 0 
0 1 1 1 1 1 1 0 0 0 1 1 1 3 2 0 3 3 
0 1 0 0 0 1 0 1 0 0 0 1 0 1 1 3 2 1 
0 0 1 1 1 0 0 0 1 1 1 0 0 0 3 2 0 2 
0 0 0 0 0 0 1 1 1 0 0 0 0 0 2 1 3 3 
0 0 1 1 1 0 1 0 1 1 0 1 1 1 0 0 2 1 
0 1 1 1 1 1 1 0 0 0 1 1 0 2 1 1 1 0 
1 0 0 0 0 1 1 0 0 0 1 0 1 3 0 0 0 2 
0 1 1 0 1 0 1 1 0 1 1 0 0 3 3 3 2 2 
0 1 0 0 0 1 0 1 1 0 0 1 0 1 3 2 0 3 
0 0 0 1 1 0 0 1 1 1 0 1 1 0 1 0 3 2 
0 1 1 0 0 1 0 0 0 1 1 0 0 0 2 2 1 1 
0 0 0 1 1 0 0 0 1 0 0 0 0 3 1 3 0 0 
0 0 0 0 0 0 0 0 1 1 1 0 0 1 2 1 2 2 
1 0 0 1 1 0 1 0 0 1 1 1 1 2 0 0 2 3 
0 1 0 0 0 0 1 0 0 0 0 1 0 0 0 2 2 0 
0 0 0 0 0 0 0 1 0 0 0 0 0 2 3 1 0 1 
0 0 0 1 1 0 0 0 1 1 0 1 0 2 2 3 3 0 
0 0 1 0 0 1 1 0 1 0 0 0 1 1 3 0 1 0 
0 1 1 0 0 0 0 0 0 1 0 1 0 3 3 2 3 1 
0 0 0 1 1 0 1 0 1 0 0 0 0 3 1 3 1 3 
1 0 0 0 0 1 0 0 1 1 1 0 0 0 0 0 3 1 
0 1 0 0 1 1 1 0 0 0 0 0 0 0 0 3 1 2 
0 0 1 0 0 0 0 0 0 1 0 0 0 2 2 2 0 2 
0 0 1 0 0 0 0 0 0 0 1 0 0 3 0 1 2 2 
0 1 1 1 1 0 0 1 0 0 0 1 0 1 1 2 3 2 

# Size = 28 | Time = 6820 ms
0 0 1 0 0 0 1 1 0 0 1 0 0 2 3 2 1 1 
0 1 0 1 1 1 0 0 0 1 0 1 1 3 0 0 0 0 
1 0 0 0 0 0 0 0 1 0 0 0 0 0 0 0 3 3 
0 0 1 1 1 1 1 1 1 1 1 1 0 1 2 3 2 2 
0 1 1 0 0 0 0 1 1 0 1 1 0 0 1 1 0 0 
0 1 0 0 0 0 0 0 0 0 0 0 0 1 2 3 2 2 
0 1 0 1 1 1 1 0 0 1 1 0 0 2 1 1 3 3 
0 1 0 0 0 1 1 1 1 1 0 1 1 3 3 0 1 1 
1 0 0 1 1 0 1 1 0 0 1 0 1 3 0 0 2 0 
0 1 1 1 1 1 0 0 0 1 0 0 0 0 3 2 1 1 
0 0 0 0 0 0 0 1 1 1 0 1 0 2 2 2 0 3 
0 0 1 0 1 0 1 0 1 1 0 0 1 1 1 0 0 2 
0 0 1 0 0 0 0 1 0 1 0 1 0 3 3 1 3 2 
0 0 1 0 0 1 1 0 0 0 0 0 0 1 0 1 1 1 
1 0 0 1 1 1 1 0 0 1 0 1 1 2 0 0 1 2 
0 0 1 0 0 1 1 1 1 1 1 1 1 0 2 0 1 3 
0 0 0 0 0 0 1 0 1 1 0 1 0 3 3 3 0 3 
0 0 0 1 1 0 1 1 0 0 1 1 0 1 2 2 3 0 
0 1 1 1 1 0 0 1 0 0 0 0 0 3 1 2 2 1 
0 0 1 0 1 0 1 0 1 0 1 0 0 2 1 3 1 0 
0 0 0 0 0 1 0 0 0 1 0 0 0 3 0 3 3 1 
0 0 1 0 1 0 1 0 0 1 0 1 0 1 3 1 2 3 
0 0 1 1 1 0 0 1 0 0 0 1 0 0 0 2 2 2 
1 0 0 0 0 0 1 0 0 1 0 1 0 0 0 0 0 1 
0 0 1 0 0 1 1 1 1 1 1 1 0 2 2 1 2 1 
0 1 0 0 0 0 1 1 1 1 1 0 1 1 3 0 3 0 
0 1 0 0 1 0 1 0 1 0 0 1 0 0 3 3 1 2 
0 1 1 0 0 0 0 0 1 1 0 1 0 3 2 0 0 1 

# Size = 28 | Time = 6134 ms
0 0 1 1 1 0 1 0 0 0 1 0 1 0 1 0 0 0 
0 1 0 0 0 1 0 1 1 1 0 1 0 3 3 0 2 2 
0 0 1 0 0 0 0 0 0 1 0 0 0 1 2 1 1 3 
1 0 0 1 1 1 1 1 1 0 1 1 0 2 0 0 3 1 
0 1 1 0 0 0 0 0 0 0 0 0 0 2 0 3 3 1 
0 1 0 0 0 1 1 1 1 1 1 1 0 0 1 2 0 3 
1 0 0 1 1 0 1 0 0 1 0 0 1 3 0 0 2 2 
0 1 0 1 1 1 1 0 0 0 1 1 0 1 3 3 1 0 
0 0 1 0 1 0 0 1 1 0 1 0 0 0 2 2 2 0 
0 1 1 1 1 1 1 0 1 0 1 1 0 3 2 1 0 2 
0 1 1 0 0 0 0 1 0 1 0 1 1 1 1 0 1 1 
0 0 1 1 1 0 0 0 0 1 0 0 0 2 3 2 3 3 
1 0 0 0 0 1 0 0 1 1 0 0 1 3 0 0 0 0 
1 0 0 0 1 0 0 0 1 0 0 0 0 0 0 0 1 3 
0 0 0 0 0 0 0 1 1 1 1 1 0 3 1 3 2 3 
0 0 0 0 0 0 0 1 0 0 0 1 0 2 2 1 3 0 
0 0 1 0 1 1 0 0 1 0 0 0 0 0 3 1 2 1 
0 0 1 1 1 1 1 0 0 0 0 1 0 2 1 2 1 2 
0 1 0 0 0 1 0 1 0 0 1 0 1 2 2 0 0 1 
0 0 0 0 1 0 0 0 1 0 0 0 0 1 0 2 3 2 
0 0 1 0 1 1 1 0 0 0 0 0 0 0 2 3 0 2 
0 1 1 1 1 1 1 1 0 0 0 1 1 3 1 0 3 1 
0 1 0 0 0 1 0 0 1 0 1 0 1 1 3 0 0 3 
0 1 0 0 1 0 1 0 1 1 0 1 0 1 0 1 2 0 
0 1 0 0 0 1 1 0 0 1 0 1 0 0 1 2 3 1 
0 1 0 0 0 0 1 1 1 0 1 1 0 3 0 2 1 0 
0 1 1 0 1 0 1 0 0 0 0 1 1 2 1 0 2 1 
0 0 1 0 0 0 1 0 1 0 0 1 0 3 1 1 2 3 

# Size = 28 | Time = 7668 ms
0 0 0 1 1 1 0 1 0 1 1 1 0 3 2 2 3 1 
0 1 1 0 0 0 1 0 1 0 0 0 1 0 1 0 0 0 
1 0 0 0 0 0 0 0 0 0 1 0 0 2 0 0 2 2 
0 1 1 1 1 1 1 0 1 1 0 1 0 1 3 3 1 3 
1 0 0 1 1 1 1 1 1 1 0 1 1 2 0 0 2 0 
0 0 1 0 0 1 0 1 0 0 1 1 0 0 3 1 0 3 
0 1 0 1 1 0 1 1 1 0 1 0 0 1 1 1 3 2 
0 0 1 0 0 0 0 0 0 0 0 0 0 3 2 3 1 1 
0 1 1 0 0 0 0 0 0 1 0 0 0 1 0 2 3 0 
0 1 0 1 1 0 1 0 0 1 1 0 1 3 3 0 0 3 
0 1 1 0 1 0 1 0 1 0 1 1 0 2 2 2 2 1 
1 0 0 1 1 1 0 1 1 1 0 0 1 0 0 0 1 2 
0 0 0 1 1 1 0 1 1 1 1 1 0 3 1 3 2 0 
0 0 1 0 1 0 0 0 0 0 0 0 1 1 2 0 0 1 
0 0 1 0 0 0 0 0 0 1 0 0 0 2 1 1 1 1 
0 1 1 0 0 0 1 0 1 0 1 1 0 2 0 3 0 2 
1 0 0 1 1 1 1 0 0 0 1 1 1 3 0 0 3 3 
0 0 0 0 1 1 0 1 1 1 0 0 0 0 3 2 2 1 
0 1 1 0 1 0 1 1 1 1 1 0 0 3 2 1 1 0 
0 1 0 0 0 0 0 1 0 1 1 0 0 2 1 2 1 3 
0 1 1 0 1 0 0 1 0 1 0 0 1 2 3 0 3 2 
0 1 0 0 0 0 1 0 1 0 1 1 0 0 2 3 3 2 
0 1 1 0 0 0 0 1 0 1 0 0 0 1 0 1 2 1 
1 0 0 1 1 0 1 0 0 1 0 1 0 3 0 0 0 2 
0 1 0 1 1 0 1 1 0 1 1 1 0 3 2 1 2 3 
0 0 1 1 1 1 0 0 1 1 1 0 0 2 0 2 0 2 
0 1 0 0 1 0 1 0 1 0 1 0 0 1 3 3 1 0 
1 0 0 0 0 0 1 1 1 1 1 1 1 2 0 0 2 1 

# Size = 28 | Time = 6997 ms
0 0 0 0 1 0 0 0 0 1 1 0 0 1 2 1 1 3 
0 0 1 1 1 1 1 1 1 0 0 1 1 3 1 0 0 2 
0 1 0 0 0 0 1 0 0 0 0 1 0 0 0 0 2 0 
0 1 1 0 0 1 0 1 1 1 1 0 0 2 3 3 3 1 
1 0 0 1 1 0 0 0 0 0 1 0 1 2 0 0 0 1 
0 0 0 0 0 0 0 0 0 1 0 0 0 3 1 2 3 2 
0 1 1 1 1 0 1 1 1 1 0 1 0 1 2 2 1 0 
0 0 1 1 1 1 1 1 0 0 0 0 0 0 3 1 2 3 
1 0 0 0 0 1 1 1 1 1 1 1 1 0 0 0 3 0 
0 1 0 0 0 0 0 0 1 0 0 1 0 1 3 3 0 3 
0 1 1 0 1 1 0 0 0 1 1 0 0 3 1 3 2 0 
0 1 0 0 0 0 1 1 0 0 0 1 0 2 1 1 1 1 
0 1 0 1 1 1 0 1 1 0 1 1 1 1 2 0 2 2 
0 1 0 0 0 1 0 0 0 0 1 0 0 0 2 2 0 1 
0 0 1 0 0 1 1 1 0 0 0 0 1 3 0 0 1 3 
0 0 0 0 0 0 1 1 0 1 0 0 0 0 0 3 1 2 
0 0 1 1 1 0 0 1 1 0 0 0 0 3 2 1 3 0 
1 0 0 0 0 0 1 1 1 0 0 0 0 2 0 0 2 2 
0 1 0 1 1 1 0 1 0 1 1 0 0 2 3 2 0 0 
0 1 0 0 1 0 0 0 0 0 1 0 0 1 0 2 2 1 
0 1 1 0 1 0 0 1 0 1 1 1 0 1 1 2 3 3 
0 0 0 0 0 1 0 0 0 0 0 0 1 3 3 0 1 1 
0 0 1 0 1 1 1 1 0 0 0 1 0 2 2 3 0 3 
1 0 0 0 0 1 1 0 0 0 1 0 1 3 0 0 1 3 
0 1 0 0 1 0 1 0 0 1 0 0 0 0 1 1 0 2 
0 1 0 0 1 1 1 0 0 0 0 0 1 0 3 0 2 2 
0 0 1 0 0 1 0 1 0 1 0 1 0 0 0 1 3 0 
0 0 1 1 1 0 1 0 1 1 1 0 0 0 1 3 3 1 

# Size = 27 | Time = 6159 ms
0 1 0 0 0 1 0 0 1 0 0 1 0 2 0 2 0 2 
0 0 1 1 1 0 1 1 0 1 1 0 1 0 1 0 3 0 
0 1 0 0 1 0 0 1 0 1 1 1 0 3 2 3 2 3 
1 0 0 0 0 1 1 0 0 0 0 0 1 3 0 0 1 1 
0 1 1 1 1 1 0 1 1 0 1 0 0 1 3 1 1 1 
1 0 0 1 1 0 0 0 1 1 0 1 1 0 0 0 0 3 
0 0 0 0 0 0 1 0 0 1 0 1 0 1 3 1 3 0 
0 0 1 0 0 1 0 0 1 0 0 0 0 0 1 3 2 2 
0 1 1 0 0 0 1 1 1 0 1 0 0 2 2 2 3 3 
0 1 1 1 1 1 1 0 0 1 1 1 1 2 2 0 0 2 
0 1 1 1 1 1 0 1 1 0 1 0 0 3 0 3 3 0 
0 0 0 0 0 0 1 1 0 1 0 1 0 2 1 2 1 1 
0 0 0 1 1 1 1 0 0 0 0 0 0 1 2 2 2 0 
0 1 0 0 0 1 0 1 0 0 1 0 0 1 1 1 0 3 
0 0 0 0 0 0 0 1 0 0 0 1 0 3 3 1 0 2 
1 0 0 0 0 1 0 1 1 1 1 0 0 2 0 0 2 0 
0 1 1 0 1 1 1 0 1 1 0 1 1 0 3 0 2 1 
0 0 0 0 0 0 1 1 1 0 0 0 0 0 2 3 1 1 
0 1 1 0 1 1 0 0 1 1 0 1 0 2 3 3 1 3 
0 1 1 1 1 0 1 0 1 0 1 1 0 1 0 3 1 2 
0 0 0 1 1 0 0 1 0 0 1 1 0 0 3 2 1 0 
0 1 1 0 1 1 0 1 1 0 1 0 0 2 0 1 3 2 
0 1 0 0 1 0 1 1 1 0 1 1 1 1 0 0 0 1 
0 0 0 0 0 0 0 0 0 1 0 0 0 3 1 2 3 1 
1 0 0 0 0 0 1 1 0 0 0 0 0 3 0 0 3 2 
0 0 0 0 1 1 1 0 0 0 0 1 0 0 2 1 2 1 
0 0 1 0 0 1 0 0 0 1 1 0 0 0 0 3 0 0 

# Size = 29 | Time = 6578 ms
0 0 0 0 0 0 1 1 0 0 1 1 1 3 0 0 0 3 
0 1 1 1 1 1 0 0 1 1 0 0 0 0 3 3 3 0 
1 0 0 0 1 1 0 1 1 0 0 0 0 2 0 0 1 2 
0 1 1 0 0 0 0 0 0 1 1 0 0 1 1 2 2 1 
0 0 0 1 1 1 1 0 0 1 0 1 0 1 2 1 0 2 
0 1 0 1 1 0 1 1 1 0 0 1 1 0 1 0 2 1 
0 0 1 0 0 0 1 0 0 0 1 1 1 2 3 0 1 0 
0 0 1 0 0 0 0 1 1 0 1 0 0 0 2 1 3 3 
0 1 0 1 1 1 1 0 1 1 0 0 0 3 0 2 1 3 
1 0 0 0 0 1 0 0 0 1 1 1 1 3 0 0 3 1 
0 1 0 0 0 0 0 1 0 1 1 1 0 2 1 3 0 2 
1 0 0 1 1 0 1 1 0 0 1 0 1 0 0 0 2 0 
0 0 1 0 0 0 0 1 1 0 0 0 0 1 0 2 0 0 
0 0 1 0 1 1 1 0 0 0 0 0 0 3 3 3 2 2 
0 0 0 0 1 1 1 0 0 0 0 0 0 0 1 2 3 2 
0 1 0 1 1 1 1 0 1 0 0 0 0 2 2 1 2 1 
0 0 0 1 1 0 0 0 0 0 1 1 0 1 3 3 1 3 
0 0 1 0 0 0 0 1 0 1 0 0 0 3 1 1 1 0 
0 0 0 0 0 0 0 1 1 0 0 1 0 2 3 2 3 3 
0 0 0 1 1 1 0 1 1 1 0 1 1 1 2 0 1 0 
1 0 0 1 1 1 0 0 1 0 1 1 1 0 0 0 0 1 
0 1 0 0 0 0 0 0 0 0 0 0 0 0 0 3 1 1 
0 0 1 0 0 0 1 0 0 1 1 0 0 0 3 1 0 1 
0 1 1 1 1 0 0 1 0 1 0 0 0 3 2 3 2 3 
0 0 1 0 0 1 0 0 1 1 1 0 0 1 0 1 3 3 
0 1 0 0 1 1 1 0 0 0 0 1 0 3 1 3 3 3 
0 0 1 0 1 1 1 0 1 1 1 1 1 3 3 0 0 2 
1 0 0 0 0 1 0 0 0 1 1 0 0 2 0 0 3 3 
0 0 0 0 0 1 1 0 1 0 1 0 0 0 2 2 2 1 

