# Size = 26 | Time = 191 ms
0 0 0 1 1 1 0 1 0 1 0 0 0 1 0 1 2 0 
0 1 1 0 0 0 1 0 1 0 1 1 0 3 2 0 3 2 
1 0 0 0 0 0 0 1 1 0 1 0 1 2 0 0 1 3 
0 0 0 1 1 1 1 0 1 1 0 1 0 0 1 2 0 1 
0 1 1 1 1 1 1 0 0 1 1 1 1 2 3 0 1 3 
0 1 1 0 0 0 0 1 0 0 0 0 0 0 3 3 0 1 
0 0 0 0 1 1 0 1 0 1 0 0 0 3 2 3 3 2 
0 1 0 0 0 0 1 0 1 0 1 1 0 1 1 1 2 0 
1 0 0 1 1 1 1 0 0 0 0 0 1 0 0 0 3 1 
0 0 1 1 1 0 0 1 0 0 0 1 0 3 1 2 1 3 
0 1 1 1 1 0 1 1 0 1 1 1 1 1 2 0 0 0 
1 0 0 0 0 1 0 0 0 1 0 1 1 3 0 0 2 2 
0 0 0 0 0 1 0 0 1 0 0 0 0 2 3 2 3 0 
0 0 1 1 1 1 1 0 0 0 1 1 0 0 2 3 2 3 
0 0 1 1 1 1 0 0 1 0 1 0 0 2 1 1 0 2 
0 1 1 0 1 1 0 1 1 1 0 1 0 0 0 3 1 0 
0 1 0 0 0 0 0 0 0 0 1 0 0 1 2 2 1 1 
0 1 0 1 1 1 0 1 0 1 0 0 0 3 3 1 2 1 
1 0 0 0 0 0 1 0 0 1 0 0 0 3 0 0 0 0 
0 0 0 1 1 1 0 1 0 1 1 0 0 1 3 1 3 3 
0 0 1 0 0 1 1 0 0 1 0 0 1 2 1 0 3 1 
0 0 0 0 1 1 0 0 0 0 0 0 0 0 3 1 1 2 
0 0 1 1 1 0 1 0 1 1 1 0 0 2 0 2 2 2 
0 0 0 0 0 0 0 1 1 1 0 0 0 2 2 1 0 3 
0 1 1 0 0 1 1 0 0 0 1 0 0 1 1 3 1 2 
0 1 0 0 1 1 0 0 0 1 0 1 0 2 3 3 0 1 

# Size = 27 | Time = 189 ms
0 0 0 1 1 1 1 0 0 0 1 1 0 0 2 3 3 2 
0 1 1 0 0 0 0 1 1 1 0 0 1 2 0 0 2 0 
0 1 0 0 0 0 1 1 0 0 1 0 0 1 1 1 1 1 
1 0 0 0 1 1 0 0 0 1 0 1 1 3 0 0 0 3 
0 0 1 1 1 0 0 0 1 0 0 1 0 1 3 2 1 0 
0 1 1 1 1 1 0 1 1 1 1 0 0 3 1 3 0 3 
0 1 1 0 0 0 1 1 1 1 0 0 1 0 3 0 3 2 
0 0 0 0 0 1 0 0 0 1 1 0 0 2 2 2 2 1 
0 1 1 1 1 0 1 0 1 0 0 1 0 2 0 1 0 1 
1 0 0 0 0 0 1 1 1 0 1 1 0 3 0 0 2 0 
0 0 1 1 1 1 0 1 0 1 0 1 1 1 2 0 1 0 
0 0 0 0 0 1 0 0 0 0 1 0 0 0 3 1 2 3 
0 0 0 0 0 0 0 0 0 1 0 1 0 1 1 3 2 2 
1 0 0 0 1 0 1 0 0 0 1 0 1 0 0 0 1 1 
0 1 0 1 1 0 1 1 1 1 1 1 0 3 2 2 3 3 
0 1 1 0 0 0 0 1 0 1 1 0 0 2 3 3 3 1 
0 0 1 0 0 1 1 1 0 0 1 1 1 0 1 0 3 0 
1 0 0 0 1 1 1 1 1 1 0 0 0 2 0 0 3 2 
0 0 1 0 0 0 1 0 0 1 0 1 0 1 0 2 0 2 
0 1 0 1 1 0 0 0 0 1 1 0 0 3 3 1 2 2 
0 1 1 0 1 1 1 1 0 0 1 1 0 2 1 3 1 3 
0 0 0 0 0 0 0 1 0 0 0 0 0 0 2 1 0 0 
0 0 1 0 0 0 0 0 0 0 0 0 0 3 0 3 1 0 
0 0 0 0 0 1 1 0 0 0 1 0 0 1 0 1 3 3 
0 1 0 1 1 1 1 0 0 0 1 0 0 0 1 2 1 2 
0 1 1 1 1 1 0 0 1 1 1 1 0 0 3 0 0 3 
1 0 0 1 1 1 1 1 1 0 0 1 0 3 0 0 0 1 

# Size = 27 | Time = 203 ms
0 0 1 0 1 1 0 1 1 1 1 0 1 2 2 0 3 0 
0 1 0 1 1 0 1 0 0 0 0 0 0 1 0 3 0 2 
0 1 0 0 0 0 0 0 1 1 1 1 0 3 1 2 2 1 
1 0 0 0 0 1 1 0 0 0 0 0 1 0 0 0 1 3 
0 0 1 1 1 0 0 1 0 0 1 1 0 0 3 1 1 3 
0 1 1 0 0 1 1 1 1 1 0 1 0 3 3 1 0 2 
0 1 0 0 0 0 1 0 0 0 0 1 0 2 2 2 3 0 
1 0 0 1 1 0 1 1 0 1 1 0 1 3 0 0 2 1 
0 0 1 0 0 1 0 1 1 0 0 1 0 1 1 3 2 1 
0 1 1 1 1 1 0 1 1 1 1 0 0 0 1 2 1 2 
0 1 1 0 0 0 0 0 0 0 1 1 1 1 1 0 0 3 
0 0 0 1 1 1 0 0 0 1 0 0 0 1 3 1 3 0 
1 0 0 0 1 0 0 1 1 1 0 1 0 2 0 0 0 2 
0 0 0 1 1 0 0 0 0 1 1 1 0 0 2 3 0 0 
0 1 0 1 1 0 0 0 1 1 1 1 1 2 3 0 2 3 
0 0 1 0 0 1 0 0 0 0 0 0 0 2 2 1 1 1 
0 0 0 0 0 1 1 0 0 0 1 1 0 3 1 3 3 0 
0 0 1 0 0 1 0 0 0 1 0 0 0 0 3 2 0 1 
0 1 1 1 1 0 0 0 1 0 1 1 0 3 0 2 3 3 
0 0 0 1 1 1 0 0 1 1 0 0 0 0 0 1 2 0 
0 0 0 0 0 1 0 0 1 0 0 0 0 1 2 2 2 2 
0 0 1 1 1 1 0 0 1 0 0 1 0 3 2 3 1 3 
1 0 0 0 0 1 0 0 1 0 0 0 1 0 0 0 3 2 
0 1 1 0 0 1 0 1 0 1 0 0 0 1 3 3 1 0 
0 1 0 0 1 1 0 1 1 0 0 0 0 2 1 1 3 1 
1 0 0 1 1 0 0 0 0 1 1 0 1 0 0 0 1 0 
0 0 1 1 1 1 1 1 1 1 0 0 0 2 1 3 0 1 

# Size = 27 | Time = 196 ms
0 1 1 0 0 0 0 0 1 0 0 1 0 3 3 0 0 0 
0 0 0 1 1 1 1 1 0 0 1 0 1 2 2 0 3 3 
1 0 0 0 1 0 0 0 1 1 1 0 0 0 0 0 2 2 
0 0 0 0 0 1 0 1 0 1 0 1 0 1 1 1 1 1 
0 1 1 1 1 1 1 1 0 1 0 0 0 0 0 3 0 0 
0 1 0 1 1 0 1 0 1 0 1 1 0 1 2 2 1 1 
1 0 0 0 0 0 0 0 1 0 0 1 1 2 0 0 3 3 
0 0 1 1 1 1 1 1 0 0 1 0 0 3 3 1 2 2 
0 1 1 0 0 0 0 0 0 0 1 0 0 2 1 3 3 2 
0 0 1 0 0 0 0 1 0 0 0 1 0 0 2 2 2 3 
0 0 1 0 0 1 1 0 0 1 0 0 1 1 3 0 1 1 
0 1 0 1 1 1 0 0 1 1 0 0 1 3 1 0 0 3 
1 0 0 1 1 1 1 1 0 1 1 1 0 3 0 0 1 0 
0 0 0 1 1 0 0 1 1 1 0 1 0 1 3 3 3 2 
0 0 1 0 1 0 1 0 0 1 1 0 0 2 2 1 0 0 
0 0 1 0 0 1 1 1 0 1 1 0 0 1 1 2 2 0 
0 1 0 0 1 0 0 0 0 0 1 1 0 3 2 3 2 1 
0 0 0 1 1 1 0 0 0 1 0 0 0 0 0 1 3 1 
0 1 0 0 1 1 0 1 1 0 0 0 0 0 3 1 1 3 
0 0 1 0 1 0 0 0 0 0 1 0 0 2 3 2 1 2 
0 1 0 1 1 0 1 0 1 0 1 0 0 1 0 2 0 2 
1 0 0 0 0 1 0 0 0 0 0 0 1 0 0 0 0 1 
0 1 0 0 0 1 1 0 1 1 0 1 0 3 2 2 3 2 
0 1 1 0 0 0 0 0 0 0 1 0 1 2 0 0 2 1 
0 1 0 1 1 1 0 1 0 1 1 0 0 1 3 3 1 3 
0 0 1 0 0 1 0 0 0 0 0 0 1 0 1 0 3 0 
0 1 1 0 0 1 1 0 0 1 1 0 1 1 1 0 0 2 

# Size = 27 | Time = 200 ms
0 1 0 0 0 0 1 0 0 1 1 1 1 3 2 0 2 1 
0 0 0 1 1 1 0 1 1 0 0 0 0 2 0 2 0 2 
0 1 1 0 0 0 0 1 0 0 1 0 0 1 1 3 3 3 
1 0 0 0 1 1 1 0 1 1 0 1 1 0 0 0 1 0 
0 1 1 1 1 0 1 0 0 0 0 0 0 0 3 1 1 1 
0 0 1 1 1 1 0 1 1 1 0 1 0 3 2 3 2 3 
0 0 1 0 0 1 0 0 0 1 1 1 1 2 3 0 0 2 
0 0 0 1 1 0 1 0 0 1 1 1 0 1 1 2 3 0 
1 0 0 0 0 0 1 1 1 0 1 0 1 0 0 0 3 3 
0 1 0 0 0 1 0 1 1 0 0 0 0 2 1 1 2 0 
1 0 0 0 0 1 0 1 0 0 0 1 0 3 0 0 3 1 
0 1 0 0 0 0 0 1 1 0 0 0 0 1 2 2 1 2 
0 1 0 1 1 0 1 0 0 1 0 0 0 2 3 3 0 3 
0 0 1 0 1 0 0 1 1 0 1 0 0 3 3 1 0 0 
0 0 0 1 1 0 0 0 1 0 1 0 1 1 1 0 0 1 
0 1 1 0 0 1 0 1 1 0 1 1 0 1 0 1 2 2 
0 1 1 1 1 1 0 0 1 1 1 0 0 3 1 2 1 3 
0 0 0 1 1 0 0 0 0 0 0 0 0 0 2 3 0 0 
1 0 0 1 1 1 1 1 0 1 0 0 1 2 0 0 3 2 
0 1 0 0 1 1 0 0 0 0 1 0 0 2 2 1 3 3 
0 1 0 0 0 0 0 0 0 1 0 1 0 2 0 3 1 1 
0 0 1 0 1 0 0 1 0 1 0 1 0 0 3 2 2 1 
0 0 1 0 0 1 1 1 1 1 0 0 0 0 1 3 1 2 
0 0 1 1 1 0 0 1 0 1 1 0 0 1 3 1 3 2 
0 0 0 0 1 0 1 0 0 1 0 0 0 3 1 3 1 2 
1 0 0 0 1 1 1 1 0 0 0 0 0 3 0 0 2 3 
1 0 0 1 1 1 1 0 0 0 1 1 0 2 0 0 0 2 

# Size = 27 | Time = 203 ms
0 0 0 1 1 0 1 0 1 1 0 1 0 2 2 0 1 2 
0 1 1 0 0 1 0 1 0 0 1 0 1 1 0 0 3 1 
0 1 0 1 1 1 0 1 0 0 0 1 0 3 1 1 0 3 
0 0 0 0 0 0 0 0 1 1 1 0 0 0 3 3 2 0 
1 0 0 0 0 0 1 0 0 1 0 0 1 3 0 0 0 3 
0 1 1 1 1 0 1 1 1 0 0 1 0 0 3 2 3 0 
0 0 1 0 1 1 1 0 1 1 1 1 0 1 1 1 2 1 
0 1 1 0 0 1 0 1 0 0 0 0 0 0 2 3 1 2 
1 0 0 1 1 1 0 1 0 0 1 0 0 2 0 0 2 0 
0 1 0 0 0 0 0 0 0 0 1 0 0 2 1 2 0 1 
0 0 1 1 1 1 1 0 1 1 1 1 0 3 2 3 3 3 
0 1 1 1 1 1 0 1 0 1 1 1 1 1 3 0 0 2 
0 1 0 0 0 0 0 0 0 1 0 0 0 1 2 1 1 0 
1 0 0 0 0 1 1 1 1 0 0 1 1 0 0 0 1 1 
0 1 0 1 1 0 1 1 1 0 0 0 1 3 1 0 2 2 
0 0 1 0 1 1 0 0 0 1 1 0 0 2 3 2 1 3 
0 0 0 1 1 0 0 0 1 1 0 0 0 0 1 3 0 0 
0 0 0 1 1 0 0 0 0 1 0 0 0 2 0 1 3 2 
0 1 0 0 0 0 1 1 1 0 0 1 0 3 2 2 2 1 
0 0 0 0 1 1 0 1 0 0 1 1 0 1 0 3 2 3 
0 0 1 1 1 0 0 1 1 0 0 1 0 3 3 1 1 1 
0 0 1 0 0 1 0 0 1 1 0 0 1 0 2 0 0 3 
0 0 0 1 1 0 0 0 0 1 0 1 1 3 1 0 1 0 
1 0 0 0 0 1 0 0 0 0 0 0 1 2 0 0 3 2 
0 0 0 0 0 0 0 1 0 0 1 0 0 1 0 2 3 2 
0 1 0 0 1 0 1 1 1 0 0 0 0 0 1 1 3 1 
0 1 0 1 1 1 1 0 0 0 1 0 0 2 2 3 0 1 

# Size = 28 | Time = 199 ms
0 0 1 0 0 1 0 0 1 0 1 1 0 3 0 2 3 0 
0 1 0 1 1 0 1 1 0 1 0 0 1 2 3 0 0 1 
1 0 0 0 0 0 1 0 1 0 0 0 1 0 0 0 2 2 
0 0 1 0 1 0 0 0 0 1 0 0 0 1 1 1 1 3 
0 1 0 0 0 1 0 1 0 1 1 0 0 0 2 3 2 2 
1 0 0 1 1 1 1 1 1 0 1 1 0 2 0 0 1 3 
0 1 1 0 0 0 0 0 1 0 0 1 0 1 3 3 0 1 
0 1 0 1 1 0 1 1 0 1 0 0 0 3 1 2 3 0 
0 0 1 1 1 1 1 1 0 0 1 1 0 0 2 1 0 1 
0 1 1 1 1 1 0 0 1 1 0 0 1 1 2 0 2 0 
0 1 1 0 0 1 0 0 1 1 1 1 0 2 1 1 2 2 
0 0 0 1 1 0 1 1 0 1 1 0 0 1 3 3 3 2 
0 1 0 0 0 1 1 0 1 1 1 0 0 0 3 2 1 3 
1 0 0 0 0 1 0 0 0 1 1 1 1 3 0 0 0 0 
0 0 0 0 0 0 0 0 1 0 0 1 0 3 2 3 1 3 
0 1 0 1 1 0 0 1 0 1 0 1 0 3 0 1 3 1 
0 0 0 1 1 1 1 1 0 0 0 1 1 0 1 0 3 3 
0 1 0 0 1 0 0 1 0 1 0 1 0 2 2 2 2 1 
0 0 0 0 0 0 0 1 1 0 0 1 0 2 1 3 1 0 
0 1 0 1 1 1 1 1 0 1 0 0 0 0 3 1 0 0 
0 0 0 0 0 1 0 1 1 0 1 0 0 3 3 2 2 2 
0 1 1 0 0 0 1 0 0 0 1 0 0 1 1 2 0 2 
0 1 0 1 1 0 1 0 0 1 0 0 1 1 1 0 1 1 
0 1 1 1 1 1 1 1 1 0 1 0 0 1 0 3 1 2 
1 0 0 0 1 0 0 0 1 0 0 0 0 2 0 0 3 1 
0 0 0 0 1 1 1 1 1 0 0 1 0 2 1 3 2 3 
0 1 1 0 0 1 1 0 1 1 0 1 1 2 0 0 0 3 
0 1 0 0 0 0 1 0 1 0 1 0 0 1 2 3 3 1 

# Size = 29 | Time = 208 ms
0 1 1 0 0 0 0 1 0 1 1 1 0 3 3 2 0 0 
1 0 0 0 1 1 1 0 1 0 0 0 1 0 0 0 2 2 
0 1 1 1 1 0 1 0 1 1 0 0 0 2 1 1 3 1 
0 0 0 1 1 1 0 1 0 0 1 1 0 1 2 3 1 3 
1 0 0 0 0 0 0 1 0 1 0 1 1 2 0 0 3 1 
0 1 1 0 0 0 0 1 1 1 1 0 0 0 2 3 2 2 
0 1 0 1 1 1 1 0 1 0 1 0 1 3 3 0 0 0 
0 0 1 0 0 0 1 0 0 0 0 0 0 1 1 2 1 3 
0 0 1 0 0 1 0 0 1 1 1 1 0 1 0 1 0 3 
0 0 1 1 1 1 1 1 0 0 1 1 1 0 1 0 3 2 
0 0 0 1 1 1 1 0 0 0 0 0 0 2 2 2 2 1 
1 0 0 0 0 1 0 0 1 1 0 0 0 3 0 0 1 0 
0 1 0 0 0 0 1 0 0 0 0 1 0 2 3 1 1 2 
0 0 0 0 0 1 0 0 1 0 0 1 0 2 1 3 0 0 
0 1 0 1 1 0 0 1 0 0 0 0 1 1 2 0 3 0 
0 0 1 0 0 0 0 0 0 0 1 1 0 3 3 3 2 1 
0 1 1 1 1 1 0 1 0 0 1 1 1 2 3 0 3 3 
0 1 0 1 1 1 1 0 1 1 0 0 0 0 0 2 0 2 
0 0 0 1 1 0 0 1 0 0 0 0 0 0 2 1 2 0 
0 0 0 0 0 0 1 1 0 1 1 0 0 3 2 3 3 2 
1 0 0 1 1 0 1 1 0 0 1 1 0 0 0 0 1 3 
0 0 0 0 1 1 0 0 1 0 0 1 0 3 1 3 2 3 
0 1 1 1 1 1 1 1 1 0 1 0 0 0 2 1 0 1 
0 1 0 0 0 0 0 0 0 0 1 1 1 1 3 0 1 1 
0 0 1 0 0 1 0 1 0 0 1 1 0 1 2 1 2 2 
0 1 1 0 1 1 1 0 0 0 1 0 0 2 0 3 1 1 
1 0 0 0 0 1 1 0 0 0 0 1 0 2 0 0 0 3 
0 0 0 0 1 0 0 0 1 1 1 1 0 0 3 2 3 3 
0 0 1 0 0 1 0 1 0 1 1 1 0 3 3 1 1 2 

# Size = 27 | Time = 201 ms
0 0 0 1 1 1 0 1 0 1 0 1 0 3 0 0 3 2 
0 1 1 0 0 0 1 0 1 0 1 0 0 0 1 3 0 0 
1 0 0 0 0 0 0 0 0 1 1 0 1 2 0 0 2 3 
0 1 0 1 1 0 0 0 1 0 0 1 0 1 3 1 1 1 
0 0 1 0 1 1 1 1 0 0 0 0 1 0 2 0 1 1 
0 1 1 1 1 1 1 1 1 0 1 1 0 2 2 2 2 3 
0 0 0 0 0 1 1 1 0 1 0 1 0 1 3 2 0 0 
0 0 1 0 0 0 1 0 1 1 1 0 0 3 2 1 3 2 
0 1 0 1 1 1 0 0 0 1 0 1 1 0 1 0 0 2 
0 0 0 0 0 1 0 1 0 1 1 0 0 1 1 3 1 1 
1 0 0 1 1 1 0 0 1 0 0 1 0 3 0 0 3 0 
0 1 1 1 1 0 0 0 0 0 0 0 0 1 0 2 2 2 
0 1 1 1 1 0 0 1 1 0 0 0 0 3 3 3 3 3 
0 0 0 0 1 1 1 1 0 1 0 0 0 2 0 1 0 1 
0 0 0 0 0 1 0 0 1 1 0 0 1 1 2 0 3 0 
0 1 0 1 1 1 1 1 1 1 1 0 0 0 3 1 2 0 
1 0 0 0 0 0 1 1 0 1 0 0 1 0 0 0 1 2 
0 0 0 0 0 0 1 0 0 0 0 0 0 3 1 2 2 1 
0 0 0 0 0 0 0 0 0 1 0 1 0 2 1 3 3 2 
0 0 0 0 0 0 1 0 1 0 1 0 1 2 3 0 1 0 
0 0 1 0 0 1 0 1 0 1 0 0 0 0 1 1 1 3 
0 1 1 1 1 0 0 1 0 1 0 0 0 3 2 3 0 3 
0 0 0 0 0 0 1 0 0 0 0 0 0 0 3 2 3 1 
1 0 0 0 0 0 0 1 1 0 1 1 1 3 0 0 1 1 
0 1 0 0 1 1 0 0 1 0 0 0 0 3 3 2 1 2 
0 0 1 1 1 0 1 0 0 1 0 0 0 1 0 3 2 3 
1 0 0 0 1 1 1 0 0 0 1 0 0 2 0 0 0 0 

# Size = 26 | Time = 188 ms
0 1 1 1 1 0 0 0 0 1 1 0 0 1 3 3 2 3 
0 0 0 0 0 1 1 1 0 0 0 1 1 3 2 0 3 0 
1 0 0 0 0 0 0 0 1 1 0 0 0 2 0 0 1 2 
0 1 1 1 1 1 0 1 1 0 0 1 0 0 1 1 0 1 
1 0 0 1 1 0 1 0 0 1 1 1 1 0 0 0 0 1 
0 1 0 0 0 1 1 1 1 0 1 0 0 2 3 2 2 0 
0 0 1 0 1 0 1 0 0 1 1 0 0 3 1 1 3 2 
0 0 1 0 0 1 1 1 0 0 0 1 0 1 0 3 1 3 
0 1 1 1 1 0 0 0 0 1 1 1 0 2 2 2 1 0 
0 1 1 0 0 0 0 1 1 0 0 0 1 0 3 0 0 2 
0 1 0 0 0 1 0 1 1 1 1 0 1 1 1 0 3 3 
1 0 0 1 1 1 0 0 1 0 0 1 0 3 0 0 2 0 
0 0 0 0 0 1 0 0 1 0 0 0 0 0 2 3 2 1 
0 0 1 0 0 1 0 0 1 0 0 1 0 1 2 2 0 2 
0 0 0 1 1 0 0 0 1 0 1 1 0 3 3 2 3 1 
0 1 0 0 0 1 1 1 0 0 1 0 0 2 0 1 0 3 
1 0 0 0 0 0 0 1 0 1 0 1 0 0 0 0 3 3 
0 0 0 1 1 1 1 0 1 1 0 0 1 2 1 0 1 1 
0 1 1 1 1 0 0 1 0 1 1 0 0 2 1 3 3 2 
0 1 1 1 1 1 0 1 0 0 1 0 0 3 1 3 0 0 
0 1 1 1 1 0 1 1 1 1 0 1 0 0 0 2 1 0 
0 0 0 1 1 0 1 0 0 1 1 0 0 1 3 1 1 0 
0 1 1 1 1 1 0 0 1 0 0 1 0 3 1 2 1 3 
0 0 1 0 1 1 1 1 1 1 0 0 0 1 2 1 2 2 
0 1 1 0 1 0 1 1 0 0 1 1 1 1 1 0 2 1 
0 0 0 1 1 0 1 1 0 1 1 1 0 2 2 2 3 3 

# Size = 29 | Time = 213 ms
0 1 0 0 0 0 1 1 1 1 1 1 1 3 2 0 2 2 
0 0 0 1 1 1 0 0 0 0 0 0 0 0 1 1 0 0 
0 0 1 0 0 0 1 0 0 0 1 0 0 1 0 2 1 1 
1 0 0 1 1 1 0 1 1 1 0 1 1 2 0 0 3 3 
0 1 1 0 0 0 0 1 0 1 0 0 0 2 3 3 3 0 
0 1 1 1 1 1 1 0 1 0 1 1 0 0 3 3 2 3 
0 0 1 1 1 0 0 0 0 0 0 0 1 3 2 0 1 2 
0 1 1 0 0 1 0 1 1 1 1 1 0 1 1 1 0 1 
0 1 0 0 1 1 1 1 1 1 0 1 0 0 0 2 1 0 
1 0 0 0 0 0 1 0 0 0 0 0 0 2 0 0 2 1 
0 0 1 0 0 0 1 0 1 1 0 0 0 3 2 1 0 3 
0 0 1 1 1 1 1 0 0 0 1 0 0 3 1 2 3 2 
0 0 0 0 1 0 1 1 0 0 0 1 1 1 3 0 0 0 
0 0 0 1 1 1 0 1 1 0 1 1 0 1 2 3 3 1 
0 0 0 0 0 0 0 0 0 1 1 1 0 2 1 2 1 3 
1 0 0 0 0 0 0 0 0 0 1 1 1 0 0 0 0 2 
1 0 0 0 0 0 0 1 1 0 1 1 1 3 0 0 2 0 
0 1 0 0 0 0 0 0 1 1 1 1 0 2 3 1 1 2 
0 0 0 0 1 0 0 1 0 1 1 0 1 1 1 0 2 2 
0 1 0 0 0 0 1 0 0 0 0 0 0 3 3 3 0 1 
0 1 1 1 1 0 1 0 0 0 0 0 1 0 2 0 3 1 
0 0 1 1 1 1 0 0 0 1 1 1 0 0 2 2 2 0 
0 1 0 1 1 0 1 0 0 1 0 0 0 1 0 1 3 3 
0 1 1 0 0 0 1 1 0 0 1 0 0 2 0 3 1 2 
0 0 1 0 1 0 0 0 0 0 0 0 0 2 2 2 0 0 
0 1 0 0 1 0 0 1 1 0 1 0 0 2 1 1 2 2 
0 0 0 0 1 1 1 0 0 0 0 1 0 2 1 3 3 0 
1 0 0 0 1 0 1 1 1 0 0 0 0 3 0 0 1 1 
0 0 0 1 1 1 0 0 1 1 0 1 0 3 3 2 0 2 

# Size = 27 | Time = 192 ms
0 0 0 1 1 0 0 1 0 1 0 0 0 1 3 0 0 2 
0 0 1 0 0 1 1 0 0 0 1 1 0 0 0 2 1 1 
0 1 0 0 0 0 0 0 1 0 0 1 1 2 1 0 3 3 
0 1 1 0 1 0 1 0 1 1 1 0 0 3 2 3 2 0 
1 0 0 1 1 1 0 1 1 1 1 1 1 0 0 0 2 0 
0 1 1 1 1 1 1 1 0 0 0 0 0 2 1 1 1 3 
0 0 1 0 0 1 0 0 1 0 1 1 0 1 3 1 0 2 
0 0 0 1 1 1 0 1 0 0 0 1 0 3 2 3 3 1 
1 0 0 0 0 0 1 1 0 1 0 0 1 3 0 0 1 2 
0 1 0 0 1 0 1 0 1 1 0 0 0 0 3 2 0 1 
0 1 0 0 0 0 1 0 0 1 1 0 0 1 1 1 3 0 
1 0 0 0 1 0 1 0 0 1 1 1 0 2 0 0 0 3 
0 0 1 0 0 0 0 0 0 0 0 1 1 1 2 0 2 1 
0 0 0 0 0 0 0 0 1 0 0 0 0 2 3 3 1 0 
0 1 0 1 1 1 0 0 1 0 1 0 0 2 2 2 2 2 
0 0 1 0 0 0 1 0 0 0 1 1 0 0 1 3 3 2 
0 1 0 1 1 1 1 1 1 0 1 0 0 1 0 3 0 3 
0 1 0 0 0 0 0 0 0 0 0 1 1 3 3 0 0 3 
0 0 1 0 0 1 0 0 0 0 0 1 0 0 2 1 2 3 
0 0 0 0 1 0 1 1 1 0 0 0 0 3 1 2 0 0 
0 0 0 0 1 1 0 0 1 1 0 0 0 1 2 2 1 3 
1 0 0 0 0 0 0 0 1 0 0 0 0 2 0 0 3 1 
0 0 1 0 0 1 1 1 0 1 0 0 0 3 1 1 2 1 
0 1 0 0 1 0 0 0 0 1 0 0 0 3 3 2 3 3 
0 0 0 0 0 0 1 1 0 1 1 0 0 1 2 1 0 3 
0 0 1 1 1 0 0 1 1 0 0 0 0 2 0 1 3 2 
0 0 0 1 1 0 0 1 0 0 0 1 0 1 3 0 2 0 

# Size = 28 | Time = 212 ms
0 0 0 0 1 0 1 1 1 1 0 0 0 0 3 3 1 2 
0 0 1 0 0 1 0 0 0 0 1 1 1 2 0 0 2 3 
0 1 0 1 1 1 0 1 0 0 0 1 0 1 1 2 0 1 
0 1 0 1 1 0 1 0 1 1 1 0 1 3 2 0 3 3 
0 0 1 0 0 1 1 1 0 0 0 0 0 3 2 1 3 0 
1 0 0 0 0 0 0 0 1 1 0 0 0 2 0 0 0 1 
0 1 1 0 0 0 1 0 1 1 1 1 0 1 1 2 2 0 
1 0 0 1 1 0 0 1 0 0 1 1 1 0 0 0 1 0 
0 1 1 1 1 1 0 0 0 0 1 1 0 2 3 3 3 2 
0 1 0 0 0 0 0 0 0 1 0 0 0 0 1 1 1 3 
0 0 1 0 1 1 1 0 1 0 1 1 0 0 2 1 0 1 
0 1 0 1 1 1 0 1 0 1 0 1 1 3 3 0 2 2 
0 0 1 0 0 1 0 0 0 0 1 0 0 1 2 2 1 2 
0 0 1 0 0 0 1 1 0 0 1 0 0 3 3 3 0 3 
1 0 0 0 0 1 1 1 1 0 1 1 0 2 0 0 3 2 
0 0 0 1 1 0 1 0 0 1 1 0 1 1 1 0 3 1 
0 1 0 1 1 0 1 0 0 0 1 0 0 1 0 1 2 1 
0 0 0 0 0 0 0 1 0 1 0 0 0 3 1 3 1 1 
0 1 1 0 1 1 1 0 1 0 0 0 0 2 3 1 1 0 
0 1 0 0 0 0 0 0 1 0 0 0 0 2 2 3 2 0 
0 0 0 0 0 1 1 1 0 1 0 0 0 0 3 2 3 3 
0 0 0 0 0 1 0 1 0 0 0 0 0 2 1 1 0 2 
0 1 0 0 0 0 1 1 1 0 1 0 1 1 3 0 0 1 
0 1 1 0 0 1 1 1 0 1 1 0 0 3 0 2 0 0 
1 0 0 1 1 0 1 0 1 0 1 0 0 3 0 0 2 3 
0 1 1 0 1 1 0 0 0 1 1 0 0 1 0 3 0 3 
0 0 1 1 1 1 1 1 0 0 0 1 0 2 1 2 1 3 
0 1 0 1 1 0 0 1 0 0 1 0 1 0 3 0 2 1 

# Size = 27 | Time = 201 ms
0 1 0 1 1 0 1 0 1 1 0 0 1 3 1 0 2 3 
0 0 0 0 0 1 0 1 0 0 1 1 0 0 0 2 0 0 
0 1 1 1 1 1 0 0 1 1 1 1 0 1 2 1 3 2 
0 0 1 0 0 0 1 0 0 0 0 0 0 2 3 3 1 1 
1 0 0 0 1 0 0 1 0 0 0 0 1 3 0 0 3 2 
0 1 1 1 1 1 1 1 0 1 0 1 1 0 3 0 1 0 
0 1 0 0 0 0 1 1 1 0 1 0 1 1 2 0 0 1 
1 0 0 0 0 1 0 1 1 1 1 1 0 2 0 0 2 3 
0 0 1 1 1 1 0 0 0 1 0 0 0 3 1 2 0 1 
0 0 1 0 0 0 1 0 0 0 0 0 0 0 1 1 2 0 
0 0 0 1 1 1 0 1 1 0 1 1 0 3 3 3 1 3 
1 0 0 1 1 0 1 0 0 0 0 1 1 2 0 0 0 1 
0 0 1 0 0 0 1 0 0 0 0 0 0 1 2 2 3 3 
0 1 0 1 1 1 1 1 1 1 1 1 0 2 1 3 3 2 
0 0 0 0 0 0 1 1 0 0 0 0 0 3 2 1 1 0 
0 1 1 0 0 0 0 0 1 0 0 0 0 1 0 3 1 0 
0 1 0 0 0 0 1 1 1 0 1 1 0 0 3 2 2 2 
0 0 1 0 1 1 0 0 1 0 1 1 0 0 2 3 2 1 
0 1 0 1 1 1 0 0 1 1 1 1 0 2 3 1 3 1 
0 0 0 0 1 0 0 0 0 0 0 1 0 1 3 1 0 3 
0 0 1 0 0 1 0 0 0 0 0 0 0 2 1 2 1 2 
1 0 0 0 0 0 1 0 1 0 0 1 0 0 0 0 3 0 
0 1 0 0 0 1 0 1 1 1 0 1 1 2 2 0 0 0 
0 1 1 0 0 1 0 0 1 1 0 0 0 1 1 2 2 3 
0 0 0 0 0 0 0 0 0 1 0 0 0 3 0 1 0 2 
1 0 0 0 0 0 0 0 1 0 0 0 1 0 0 0 1 3 
0 0 1 0 0 0 0 0 1 0 1 0 0 0 1 3 0 2 

# Size = 28 | Time = 218 ms
0 1 0 0 0 1 0 0 0 1 0 0 0 0 1 1 1 3 
0 0 1 0 1 0 1 1 1 0 1 1 0 3 0 3 3 0 
1 0 0 1 1 0 0 0 0 0 0 1 1 2 0 0 2 1 
0 0 1 0 0 1 1 1 0 1 1 0 1 1 3 0 0 2 
0 1 0 1 1 0 1 1 1 0 0 0 0 0 2 2 0 2 
0 1 1 1 1 1 0 0 1 1 1 1 0 2 3 2 2 0 
0 1 1 0 0 1 0 0 0 1 0 0 0 3 2 3 3 1 
0 0 1 1 1 0 0 1 1 0 1 1 0 1 1 1 1 3 
1 0 0 0 0 0 1 1 1 0 1 0 1 0 0 0 2 0 
0 1 0 0 0 0 1 0 0 1 1 1 1 2 2 0 1 3 
0 0 0 0 0 0 0 0 1 0 0 1 0 1 3 2 0 1 
0 0 0 1 1 1 1 1 0 0 0 0 1 3 1 0 3 0 
0 1 0 1 1 1 0 1 1 0 0 0 0 2 1 3 2 2 
0 1 0 0 0 1 1 0 0 1 1 0 0 1 0 1 0 0 
0 0 1 1 1 0 0 0 0 0 0 1 0 0 0 2 1 2 
1 0 0 0 0 0 1 1 1 1 1 0 0 3 0 0 1 1 
0 0 0 0 0 0 0 0 0 0 1 0 0 1 2 1 2 0 
0 0 1 0 0 0 1 1 1 0 0 0 0 0 3 3 3 3 
0 0 1 0 0 0 0 1 0 1 0 1 0 3 1 2 0 3 
1 0 0 0 0 1 0 0 1 1 0 0 1 2 0 0 3 3 
0 1 0 0 1 1 0 1 0 0 0 1 0 3 3 1 3 2 
0 0 1 0 1 0 0 1 1 0 0 0 0 1 3 3 1 0 
0 0 0 0 0 0 0 0 0 1 0 0 0 2 1 1 0 1 
1 0 0 0 1 0 1 0 0 1 0 1 0 3 0 0 2 2 
1 0 0 0 0 1 0 1 1 1 1 0 1 2 0 0 0 3 
0 0 1 0 0 1 0 1 0 0 1 1 0 1 2 2 3 2 
1 0 0 0 0 1 0 0 0 0 0 1 1 0 0 0 2 3 
0 0 0 1 1 0 0 0 1 1 0 0 0 0 2 3 0 1 

# Size = 27 | Time = 188 ms
0 1 1 0 0 1 0 0 0 0 1 1 0 1 2 3 1 2 
1 0 0 1 1 0 1 1 1 0 0 0 1 0 0 0 0 3 
0 0 0 0 0 0 1 0 0 1 0 0 0 3 1 2 2 1 
0 0 0 0 1 1 0 1 1 1 1 1 1 2 3 0 3 0 
0 1 1 1 1 0 0 0 1 0 0 0 0 2 1 1 3 0 
0 1 1 1 1 1 1 1 0 1 1 1 0 3 0 1 2 3 
0 1 1 0 0 0 0 1 0 1 0 1 0 0 3 3 0 1 
1 0 0 0 0 1 0 0 0 1 0 0 1 3 0 0 1 2 
0 0 0 1 1 0 1 1 1 0 1 0 0 1 2 2 1 1 
0 0 1 1 1 0 1 0 1 0 1 0 0 0 3 3 2 2 
0 1 1 0 0 1 1 0 1 1 1 1 1 1 1 0 0 0 
0 0 1 0 0 1 1 0 0 1 0 1 0 2 2 2 3 3 
1 0 0 0 0 1 0 0 0 0 0 1 0 2 0 0 2 1 
0 1 0 0 0 1 0 0 0 0 0 0 0 1 0 3 3 3 
0 1 1 1 1 1 1 0 1 0 1 1 1 3 2 0 2 0 
0 0 0 0 0 1 1 0 0 1 1 1 0 0 2 1 1 0 
0 1 0 1 1 0 0 1 0 0 1 1 0 0 1 2 3 2 
0 0 0 0 0 0 1 1 0 0 0 0 0 2 3 1 0 2 
0 0 0 1 1 0 1 0 1 0 1 1 0 1 3 2 1 3 
0 0 1 1 1 0 0 1 0 0 0 1 0 3 0 2 3 0 
0 1 0 0 0 0 0 1 1 1 0 1 0 1 1 1 2 3 
0 0 1 0 0 0 1 0 0 0 0 1 0 2 1 3 1 0 
0 1 0 0 0 0 1 1 1 0 1 1 0 3 3 3 0 1 
1 0 0 0 1 0 1 1 0 0 1 1 1 3 0 0 3 1 
0 1 1 1 1 1 1 1 1 1 1 1 0 2 2 1 0 1 
1 0 0 1 1 0 0 0 1 1 0 1 1 0 0 0 2 0 
0 0 0 0 1 0 0 0 1 0 0 0 0 3 3 2 0 0 

# Size = 26 | Time = 188 ms
0 0 0 0 1 1 0 1 0 1 0 1 1 3 1 0 0 1 
0 1 1 0 0 0 1 0 1 0 1 0 0 2 0 3 2 0 
0 1 0 1 1 1 0 0 0 0 0 0 0 1 2 2 3 3 
1 0 0 1 1 0 1 0 1 1 1 1 0 0 0 0 1 2 
0 1 1 0 0 0 0 1 0 0 0 0 1 0 3 0 1 2 
0 0 1 1 1 1 1 1 1 0 0 1 0 2 3 1 0 0 
1 0 0 0 0 1 1 1 1 1 1 0 1 3 0 0 3 3 
0 1 1 0 0 0 0 0 0 1 1 1 0 1 1 1 2 1 
0 0 0 1 1 0 0 1 1 0 0 1 0 3 2 3 2 3 
0 1 1 0 0 0 1 1 0 1 1 0 0 0 2 2 0 1 
1 0 0 0 1 0 0 0 0 1 0 0 1 2 0 0 0 0 
0 0 1 1 1 1 1 1 1 0 0 0 0 1 1 3 1 1 
0 1 1 1 1 1 0 0 0 1 1 0 0 3 3 3 3 2 
0 0 0 0 0 1 0 0 1 1 0 0 0 0 1 1 3 0 
0 0 0 0 1 0 0 0 1 0 1 1 0 2 3 2 1 3 
1 0 0 1 1 1 0 0 0 0 0 1 1 2 0 0 2 1 
0 1 0 0 0 0 0 1 0 0 0 1 1 1 2 0 3 0 
0 0 1 0 0 1 0 0 0 0 0 0 0 2 1 2 2 2 
0 1 1 0 0 0 0 1 0 1 0 1 0 0 1 3 0 3 
0 0 0 0 0 0 0 1 1 0 1 0 0 3 2 1 1 2 
0 0 1 0 0 0 0 0 0 1 1 0 0 1 0 2 0 2 
0 0 1 0 0 1 1 0 0 0 0 0 0 1 3 3 3 1 
0 1 0 0 0 0 1 1 0 0 1 0 0 3 1 2 1 0 
0 0 0 0 1 0 0 1 1 1 0 1 0 2 2 1 3 3 
0 0 1 1 1 1 1 0 1 0 1 0 0 0 3 2 2 3 
0 0 1 0 0 1 1 0 0 1 0 1 0 0 0 1 0 1 

# Size = 28 | Time = 203 ms
0 1 1 1 1 1 1 1 1 1 0 1 0 1 1 1 3 3 
0 0 0 0 0 0 0 0 0 0 1 0 1 0 0 0 1 0 
0 1 0 1 1 0 1 0 0 1 1 0 0 2 2 2 2 2 
0 0 1 0 0 1 0 1 1 0 0 1 1 3 3 0 0 1 
1 0 0 1 1 1 1 0 0 1 0 0 0 3 0 0 0 1 
0 1 1 0 0 0 0 1 1 0 0 1 0 0 2 3 2 2 
0 0 0 1 1 1 0 1 1 0 1 0 0 2 3 3 3 0 
0 0 1 0 0 0 0 0 0 0 1 0 0 1 1 1 1 3 
1 0 0 0 0 1 1 0 1 1 0 1 1 2 0 0 1 2 
0 1 1 0 1 0 1 0 0 1 1 1 0 0 3 2 0 0 
1 0 0 0 0 0 0 1 0 0 1 0 1 3 0 0 3 3 
0 0 0 0 0 1 0 0 1 0 1 0 0 1 2 2 2 1 
0 1 0 1 1 1 0 1 1 1 0 1 1 3 1 0 2 0 
0 1 0 1 1 0 1 0 0 0 0 1 0 0 1 3 1 1 
0 0 0 0 0 0 0 1 0 0 0 1 0 2 1 1 0 2 
0 0 1 0 0 0 1 0 1 1 0 1 0 1 0 3 0 3 
0 0 1 0 1 1 0 0 0 0 0 0 0 0 2 1 3 0 
0 0 0 0 0 0 0 1 1 1 0 0 0 3 2 2 1 3 
0 0 0 0 0 1 0 1 0 0 0 0 1 1 2 0 0 2 
0 0 0 0 1 0 1 1 0 0 0 1 0 3 3 1 2 2 
0 1 1 1 1 1 0 1 1 0 0 0 0 2 0 1 2 1 
1 0 0 1 1 1 0 1 1 0 0 1 0 0 0 0 2 3 
0 0 0 0 1 0 1 0 1 0 1 1 0 1 1 2 3 2 
0 0 0 0 0 0 1 0 0 0 1 0 1 1 3 0 1 3 
0 1 0 1 1 0 1 0 1 1 0 0 0 1 0 2 0 0 
1 0 0 0 0 0 0 1 1 0 1 1 1 0 0 0 0 0 
0 0 0 0 1 0 0 0 1 0 0 0 0 2 0 3 1 3 
0 1 1 1 1 1 0 0 0 0 1 0 0 3 0 3 3 1 

# Size = 28 | Time = 204 ms
0 1 1 0 0 1 1 0 0 0 1 1 0 3 1 0 1 3 
1 0 0 1 1 0 0 1 1 1 0 0 1 0 0 0 0 1 
0 0 1 1 1 1 1 1 0 1 0 1 0 1 3 1 2 2 
0 1 0 0 0 0 0 0 0 0 0 0 0 2 2 3 3 0 
1 0 0 0 0 1 1 0 1 0 1 0 1 2 0 0 2 2 
0 1 1 0 1 0 1 1 1 1 1 1 0 0 2 2 0 0 
0 1 0 0 0 0 0 0 1 0 1 0 0 1 3 1 1 1 
1 0 0 1 1 1 0 1 1 0 1 1 1 3 0 0 3 3 
0 0 0 1 1 0 0 0 0 1 0 0 0 2 1 2 1 3 
0 0 1 1 1 1 1 0 0 0 1 1 0 0 0 3 0 1 
0 0 1 0 0 1 0 1 0 1 0 0 1 3 2 0 2 0 
0 1 1 0 1 0 1 1 1 1 1 1 0 3 1 3 3 2 
0 1 0 0 0 1 0 0 1 0 0 1 0 1 0 2 0 2 
0 1 0 0 0 0 1 0 0 0 0 0 1 0 3 0 2 3 
0 1 0 1 1 1 1 1 0 1 0 1 0 2 1 1 0 0 
0 1 0 1 1 1 0 1 0 1 0 0 1 1 2 0 1 0 
0 1 1 0 1 0 1 1 1 1 1 0 0 2 3 2 3 1 
1 0 0 0 0 0 0 0 0 1 0 0 0 0 0 0 1 0 
0 0 1 0 1 0 0 0 1 1 0 0 0 3 2 1 0 3 
0 1 1 0 1 1 0 1 0 0 0 1 0 0 1 1 2 1 
0 0 0 0 1 0 1 1 0 1 1 1 0 1 3 3 1 3 
0 0 1 0 0 1 1 1 0 0 0 0 1 3 3 0 0 1 
0 0 0 1 1 1 0 0 0 0 0 1 0 0 2 1 3 2 
0 0 0 1 1 0 0 1 1 0 0 1 1 1 1 0 3 2 
0 1 1 0 1 0 0 1 1 1 0 1 0 2 0 1 1 2 
0 1 0 1 1 0 0 0 0 1 1 0 0 3 2 2 2 1 
0 1 1 0 0 0 0 1 0 1 0 1 1 1 3 0 3 0 
0 1 0 1 1 1 1 1 0 0 0 1 0 2 0 3 2 0 

# Size = 27 | Time = 191 ms
1 0 0 0 0 0 0 1 0 0 1 0 0 0 0 0 3 1 
0 1 1 1 1 1 1 0 1 1 0 1 0 3 3 2 1 3 
0 1 1 0 1 0 0 0 0 0 0 0 1 1 2 0 2 2 
1 0 0 0 0 1 1 0 1 1 1 1 1 2 0 0 0 0 
0 1 0 1 1 0 0 1 1 0 0 0 0 2 1 1 0 0 
0 0 1 1 1 0 1 1 0 1 1 1 0 0 1 3 2 2 
0 0 0 0 0 1 1 0 1 0 0 1 0 1 2 3 3 1 
0 0 0 0 0 0 0 1 0 0 1 0 0 3 3 2 1 3 
0 1 1 0 0 1 0 0 0 1 0 0 0 0 0 1 2 1 
0 1 1 1 1 1 1 1 0 1 1 0 1 1 2 0 3 0 
1 0 0 1 1 1 0 0 1 1 0 1 1 3 0 0 1 2 
0 0 1 0 0 1 1 0 0 0 1 1 0 1 1 1 0 3 
0 1 1 0 0 0 0 0 0 1 0 0 0 2 3 3 3 2 
0 0 1 0 1 0 0 0 1 0 1 0 1 0 3 0 0 1 
1 0 0 1 1 1 0 1 1 1 1 1 1 2 0 0 2 3 
0 0 1 1 1 1 1 1 0 0 0 0 0 3 1 2 3 1 
0 1 0 0 0 0 0 0 1 0 0 0 0 0 2 2 1 0 
0 1 1 0 1 1 1 0 1 1 0 1 0 3 3 3 2 0 
0 1 0 0 0 1 0 1 0 0 0 0 0 3 2 1 0 2 
0 0 1 0 0 0 1 0 0 0 0 1 0 1 3 1 1 1 
0 1 1 1 1 0 0 1 0 0 0 0 0 2 2 3 1 3 
0 0 1 0 0 0 0 0 1 1 0 0 0 1 0 2 2 2 
0 1 1 0 0 0 1 1 0 1 1 0 1 0 1 0 3 3 
0 0 0 0 0 0 1 0 1 1 0 0 0 2 0 2 0 1 
0 0 0 0 0 1 0 1 1 0 0 1 0 1 0 3 0 2 
0 1 1 0 1 1 1 0 0 0 1 0 0 0 1 2 1 0 
0 0 1 1 1 1 1 0 0 1 1 1 0 0 3 1 3 3 

# Size = 28 | Time = 196 ms
0 0 1 0 0 1 1 1 0 1 0 0 0 0 0 1 1 0 
0 1 0 1 1 0 0 0 1 0 1 1 1 2 3 0 2 2 
1 0 0 1 1 0 1 1 1 1 0 0 1 3 0 0 3 3 
0 1 0 0 0 1 0 0 0 0 0 1 0 1 2 3 0 1 
0 1 1 0 0 0 1 0 0 0 1 1 0 3 1 2 3 3 
0 0 1 1 1 1 0 1 1 1 1 0 0 1 1 2 0 0 
1 0 0 0 0 1 0 0 0 1 0 0 0 2 0 0 2 2 
0 0 1 1 1 0 0 1 0 0 1 1 0 0 3 3 1 1 
0 1 0 0 1 0 1 0 1 0 0 0 1 0 2 0 1 0 
0 0 1 1 1 0 1 1 1 0 1 1 0 2 2 1 2 2 
0 1 1 1 1 1 1 1 1 1 1 1 1 1 0 0 3 1 
0 1 0 0 0 1 1 0 1 1 0 0 0 0 3 1 0 3 
1 0 0 0 0 1 0 0 0 0 1 1 1 3 0 0 0 0 
0 0 0 0 1 1 1 0 1 1 0 0 0 2 1 3 2 1 
0 0 0 0 1 0 0 0 1 1 0 1 0 1 2 2 1 3 
0 1 0 0 1 0 0 0 0 0 1 1 0 3 3 1 3 0 
0 1 1 1 1 0 0 1 0 1 0 1 0 3 2 3 3 2 
0 0 0 0 1 0 0 1 0 1 1 0 1 0 1 0 1 2 
0 1 1 0 0 1 0 0 1 0 0 0 0 1 3 2 2 2 
0 0 0 1 1 0 0 0 1 1 1 0 0 2 0 2 0 3 
0 0 0 1 1 1 1 1 0 1 1 0 0 3 0 3 2 3 
0 0 1 0 1 1 0 0 0 1 0 0 0 0 0 2 2 0 
0 1 0 0 0 1 1 1 0 1 0 1 0 2 0 3 3 0 
1 0 0 0 0 0 0 0 0 0 0 0 1 3 0 0 1 1 
0 0 0 1 1 1 0 0 0 0 0 1 0 1 1 1 0 1 
1 0 0 0 1 1 0 1 1 0 0 0 1 0 0 0 3 1 
0 0 0 1 1 0 1 0 1 0 0 0 0 2 1 2 1 1 
0 1 1 1 1 0 0 0 1 0 0 0 0 3 0 2 0 2 

# Size = 29 | Time = 201 ms
0 1 1 0 0 1 0 1 1 1 1 1 0 2 2 0 3 3 
1 0 0 0 1 0 1 0 0 0 0 0 1 0 0 0 0 2 
0 1 1 1 1 0 1 0 0 1 0 1 0 3 1 3 2 1 
0 0 0 1 1 0 0 1 1 0 1 0 0 1 3 2 1 0 
0 0 0 0 0 1 0 1 1 0 0 0 0 0 1 1 2 1 
0 1 1 1 1 1 0 0 0 1 1 0 0 1 0 1 0 2 
1 0 0 0 0 1 1 1 1 1 1 1 1 3 0 0 1 0 
0 1 0 0 0 0 1 0 0 0 0 1 0 2 3 2 3 3 
0 1 1 0 0 0 1 0 0 0 0 0 0 0 2 3 1 0 
1 0 0 1 1 1 0 0 1 1 1 0 1 2 0 0 2 3 
0 0 0 0 0 1 0 1 0 0 1 0 0 3 2 3 3 2 
0 1 1 0 0 1 0 0 1 1 0 1 1 1 3 0 0 1 
0 0 1 1 1 0 1 1 0 1 1 1 0 0 2 2 3 1 
0 0 0 0 0 0 1 0 0 0 0 1 0 2 1 1 0 0 
0 1 0 1 1 1 1 1 1 0 1 1 0 1 3 3 2 2 
0 0 1 0 0 0 1 0 1 0 0 1 0 1 1 1 1 3 
0 1 1 0 1 1 1 1 0 1 1 1 1 2 1 0 1 2 
0 0 0 0 1 0 0 1 0 0 1 0 0 3 2 2 0 3 
0 0 1 1 1 0 0 1 0 0 1 0 0 2 0 3 1 1 
1 0 0 0 0 0 0 0 0 0 1 0 0 0 0 0 3 3 
0 0 1 0 0 0 0 0 0 0 0 1 0 1 2 1 3 0 
0 0 0 0 0 1 0 0 0 0 0 0 0 3 3 2 2 0 
0 0 1 1 1 0 0 0 0 1 0 0 0 0 3 3 0 3 
0 0 1 1 1 1 0 1 1 0 1 0 1 2 2 0 3 0 
0 0 0 0 0 0 1 0 0 1 0 0 0 1 1 2 3 2 
0 1 0 1 1 0 0 0 0 0 0 0 0 3 3 1 2 3 
0 0 0 1 1 0 0 1 0 0 1 0 1 3 2 0 2 1 
0 0 1 0 0 0 0 1 0 0 1 1 0 1 0 2 0 2 
1 0 0 1 1 1 1 0 1 1 1 0 1 0 0 0 1 1 

# Size = 29 | Time = 212 ms
0 0 1 1 1 1 1 0 1 0 0 1 0 3 0 1 3 1 
0 1 0 0 0 0 0 1 0 1 0 0 1 0 3 0 0 3 
0 1 0 1 1 1 0 0 1 1 1 0 0 2 2 3 1 2 
1 0 0 0 0 0 1 1 0 0 1 1 0 2 0 0 2 0 
0 0 1 0 0 1 0 0 0 1 1 0 0 1 1 2 3 0 
0 1 1 1 1 0 1 1 0 0 0 1 1 1 1 0 1 2 
0 0 1 1 1 0 1 0 1 0 1 1 0 0 3 2 0 3 
1 0 0 0 1 1 0 0 1 1 1 0 1 3 0 0 2 1 
0 1 0 0 0 0 0 1 0 0 0 0 0 3 2 1 1 0 
0 0 1 0 0 0 1 0 0 0 0 1 0 1 2 3 2 1 
0 0 0 0 0 1 0 1 1 1 1 1 0 1 3 1 3 2 
0 1 0 1 1 1 1 1 1 0 1 0 0 0 0 3 0 0 
0 1 0 0 0 0 1 1 1 1 0 0 0 2 1 2 0 1 
1 0 0 1 1 1 0 1 0 0 0 0 1 2 0 0 3 3 
0 1 0 1 1 0 0 0 0 1 0 0 0 0 1 1 2 3 
0 1 1 1 1 0 0 0 1 1 0 0 0 3 2 3 3 3 
0 0 1 1 1 1 0 0 0 0 0 0 0 3 0 2 1 2 
0 0 1 1 1 0 0 1 0 0 0 1 1 0 2 0 1 1 
0 0 1 1 1 0 0 0 1 0 0 0 1 2 3 0 1 0 
0 0 0 0 0 1 0 1 0 1 0 0 0 1 0 1 0 2 
1 0 0 0 0 0 1 0 1 1 0 0 1 0 0 0 3 2 
0 1 1 0 1 0 1 0 0 0 1 0 0 3 3 2 2 2 
0 0 1 0 1 0 1 0 1 0 0 0 0 3 1 3 0 1 
0 1 1 0 0 1 0 1 1 0 1 0 1 1 3 0 1 3 
0 1 0 0 0 1 1 0 1 0 1 0 0 3 2 2 0 2 
0 0 1 1 1 1 1 0 0 0 0 0 0 3 3 3 2 1 
0 1 0 1 1 0 0 0 1 0 0 1 0 2 1 1 1 2 
1 0 0 0 1 0 0 0 0 0 0 1 1 0 0 0 1 2 
1 0 0 0 1 1 0 0 0 1 0 0 1 0 0 0 0 0 

# Size = 26 | Time = 201 ms
0 0 0 0 0 1 0 1 1 1 1 1 0 1 1 3 2 3 
0 1 1 1 1 0 0 0 0 0 0 0 0 2 0 1 3 0 
1 0 0 0 0 0 1 1 0 1 0 0 1 0 0 0 1 2 
0 1 1 1 1 1 1 0 1 0 1 1 1 0 3 0 0 1 
0 0 0 0 0 0 0 0 0 0 0 1 0 3 2 2 0 1 
0 0 1 1 1 1 1 1 0 1 1 0 0 3 2 2 1 2 
1 0 0 0 1 1 0 0 1 1 1 1 1 2 0 0 3 0 
0 1 1 0 0 0 1 1 0 0 0 0 0 1 3 3 2 0 
0 1 0 1 1 0 0 0 1 0 0 0 0 0 1 1 1 3 
0 0 0 0 0 1 0 1 0 1 1 1 0 2 3 1 0 2 
0 0 1 1 1 0 0 0 1 0 1 1 1 1 2 0 2 2 
1 0 0 0 0 1 1 1 1 0 0 0 0 3 0 0 3 3 
0 0 1 1 1 0 1 0 0 1 1 0 0 2 1 3 3 1 
0 1 1 0 0 0 0 0 0 1 1 1 0 2 2 2 2 3 
0 1 1 0 0 1 1 0 1 1 1 0 1 3 1 0 0 0 
0 1 0 0 0 0 0 1 0 0 0 0 0 1 0 1 2 1 
0 1 0 0 0 1 1 0 0 0 1 0 0 0 2 3 3 2 
0 1 0 1 1 0 0 0 1 0 0 0 0 1 3 2 3 3 
0 0 1 0 1 0 0 1 0 1 1 1 0 0 0 2 1 0 
1 0 0 1 1 0 0 0 0 0 1 1 1 3 0 0 0 3 
0 1 0 1 1 1 1 1 1 1 1 0 0 3 2 1 2 0 
0 1 0 1 1 1 1 0 0 1 0 1 0 1 0 3 1 1 
0 0 0 0 0 1 0 1 0 0 0 0 0 3 3 3 0 0 
0 0 0 0 1 0 0 1 1 0 0 1 0 1 1 2 0 2 
0 0 0 0 0 0 1 0 0 0 0 0 1 2 3 0 1 3 
1 0 0 0 1 0 0 1 0 1 0 1 1 0 0 0 2 1 

# Size = 28 | Time = 197 ms
0 0 0 0 0 1 0 1 0 1 0 1 0 2 3 2 1 0 
0 1 1 1 1 0 1 0 1 0 1 0 1 0 0 0 2 1 
0 0 1 1 1 0 1 1 0 0 0 1 0 3 1 1 0 3 
1 0 0 0 0 1 0 0 1 1 1 0 1 3 0 0 3 2 
0 1 0 0 0 0 1 1 0 0 0 0 0 1 2 3 3 2 
0 1 1 0 1 1 0 0 1 1 1 1 0 1 2 3 0 3 
1 0 0 0 0 1 0 1 0 0 0 1 0 0 0 0 2 1 
0 1 1 1 1 0 1 0 1 0 1 0 0 2 3 2 1 0 
0 1 0 0 0 1 0 0 0 1 1 0 0 0 1 1 0 0 
0 0 0 1 1 0 0 1 0 1 0 1 1 1 2 0 1 1 
1 0 0 1 1 0 0 1 1 0 0 0 1 2 0 0 0 3 
0 0 1 1 1 1 1 1 0 1 1 1 0 2 1 3 3 2 
0 1 1 0 0 0 1 0 0 1 0 0 0 3 3 3 2 0 
0 0 0 0 0 0 0 0 1 0 0 0 0 1 1 2 2 3 
0 0 1 0 0 0 0 1 0 1 1 1 1 1 3 0 3 0 
0 1 0 1 1 1 0 0 1 0 0 0 0 2 2 1 2 1 
0 1 0 1 1 0 0 0 0 1 0 1 0 0 3 1 1 2 
0 0 0 1 1 0 0 1 0 0 0 0 0 0 2 2 3 1 
0 1 0 0 0 1 1 0 0 0 0 1 0 0 0 3 1 3 
1 0 0 0 1 1 1 1 0 1 0 1 0 3 0 0 1 0 
0 0 0 0 0 1 0 1 0 1 1 0 0 3 3 2 0 1 
0 1 1 0 0 0 0 0 0 1 1 1 1 0 1 0 1 1 
0 0 0 0 1 0 0 0 0 0 0 0 0 1 0 1 3 3 
0 0 1 0 0 0 1 1 1 1 0 0 0 2 0 2 2 2 
0 1 0 1 1 0 0 0 0 0 0 1 0 3 2 3 0 0 
1 0 0 0 0 1 1 0 1 0 1 0 0 3 0 0 0 2 
0 0 1 0 1 1 0 0 1 0 0 1 1 2 3 0 1 3 
0 0 1 0 1 0 1 1 0 0 1 1 0 2 2 3 3 1 

# Size = 29 | Time = 214 ms
0 1 1 1 1 0 1 1 1 0 0 1 0 1 1 1 1 3 
0 0 0 0 0 1 0 0 0 1 0 0 1 0 0 0 0 0 
0 0 1 0 0 1 0 1 0 0 1 1 0 2 3 2 2 2 
1 0 0 1 1 0 1 0 1 1 1 0 0 3 0 0 3 1 
0 1 0 0 0 0 0 0 0 0 1 0 0 1 2 3 3 3 
0 1 1 1 1 1 1 1 1 1 0 1 1 0 2 0 0 2 
0 1 0 0 1 0 1 0 0 1 0 0 0 2 3 2 2 1 
1 0 0 0 0 0 0 1 1 0 1 1 1 3 0 0 1 0 
0 0 1 0 0 1 0 0 0 1 0 0 0 0 1 1 1 1 
0 1 1 1 1 1 0 1 0 0 0 1 0 3 3 3 3 0 
0 0 0 0 0 0 1 1 1 1 1 0 0 1 1 3 0 2 
0 1 1 0 0 1 0 0 1 1 1 1 1 1 0 0 2 3 
1 0 0 1 1 1 0 0 0 0 0 0 1 2 0 0 0 3 
0 1 0 1 1 0 0 1 0 0 1 1 0 0 3 1 2 1 
0 0 0 1 1 0 0 0 1 1 0 1 0 0 1 2 3 3 
0 0 1 0 0 0 1 0 0 1 1 1 0 3 2 1 2 0 
0 0 0 0 0 0 0 0 1 1 1 0 0 2 0 1 3 2 
0 0 0 0 0 0 1 0 1 0 1 1 0 2 2 2 1 0 
0 0 1 0 0 0 1 0 1 1 1 0 1 1 3 0 3 1 
0 0 0 0 0 0 0 0 1 1 0 1 0 3 0 2 0 2 
0 1 0 1 1 1 0 1 0 1 0 0 0 0 3 3 1 3 
0 1 0 0 0 0 1 0 0 1 1 0 1 3 1 0 2 3 
1 0 0 1 1 0 0 1 0 1 0 1 0 0 0 0 2 2 
0 1 1 0 0 1 1 0 0 0 0 0 0 2 2 3 2 1 
0 1 0 1 1 0 0 0 0 1 0 0 0 1 1 2 2 0 
0 0 0 0 0 0 1 0 0 0 0 0 0 2 1 1 0 1 
0 0 0 0 0 1 1 1 0 0 1 1 1 0 3 0 0 2 
0 1 0 0 1 1 0 1 0 1 0 0 0 1 0 3 2 0 
1 0 0 0 1 1 1 0 1 1 1 0 0 2 0 0 1 2 

# Size = 28 | Time = 211 ms
0 1 1 0 0 0 1 1 1 1 1 1 0 1 3 0 0 3 
0 0 0 1 1 1 0 0 0 0 0 0 0 2 0 1 3 1 
1 0 0 0 1 0 0 1 1 0 0 1 1 0 0 0 1 0 
0 1 1 0 0 1 1 0 0 0 1 0 1 3 2 0 2 2 
0 0 1 1 1 1 1 0 1 1 1 1 0 3 1 3 1 0 
0 1 0 0 0 0 0 0 0 1 0 0 0 0 1 2 2 3 
0 0 0 1 1 0 0 1 0 0 0 0 0 1 2 3 0 2 
0 1 1 0 0 0 1 1 1 1 1 1 0 2 3 1 3 1 
0 0 1 1 1 1 1 1 1 0 0 0 0 0 3 2 2 0 
1 0 0 0 0 1 1 0 0 1 1 0 1 3 0 0 0 3 
0 1 1 1 1 1 0 0 0 1 1 1 0 1 3 2 1 2 
0 1 0 0 0 0 0 1 1 1 0 1 0 3 2 3 3 0 
0 1 0 1 1 1 1 1 1 0 0 0 1 2 1 0 3 3 
0 1 0 0 0 1 1 0 0 0 1 0 0 0 2 1 1 1 
1 0 0 1 1 0 1 0 1 1 0 1 0 2 0 0 2 2 
0 1 1 0 0 1 0 0 0 0 0 0 0 1 1 1 0 0 
0 0 1 1 1 0 0 1 1 0 0 1 0 1 0 3 2 1 
0 1 0 0 0 1 0 0 0 1 0 1 0 2 2 2 0 1 
0 1 0 0 1 1 0 1 1 0 0 0 1 3 3 0 2 1 
0 1 0 0 0 1 1 0 1 1 0 0 0 0 0 2 3 2 
0 0 1 0 0 1 1 0 1 1 1 1 0 2 3 3 1 3 
0 0 0 0 1 0 0 0 0 0 0 0 0 3 1 1 2 2 
0 1 0 1 1 1 1 1 0 1 0 0 0 0 2 3 0 3 
0 0 0 0 0 0 0 0 0 0 0 0 1 1 1 0 3 1 
1 0 0 0 0 0 0 0 0 0 0 0 1 2 0 0 3 0 
1 0 0 1 1 0 1 0 1 1 1 0 1 0 0 0 2 1 
0 0 1 0 0 1 0 0 0 0 0 0 0 0 3 1 0 3 
0 0 0 0 1 0 1 1 0 0 0 0 0 3 3 2 0 3 

# Size = 28 | Time = 202 ms
0 0 1 1 1 0 1 0 1 1 0 1 0 1 0 2 1 3 
0 1 0 0 0 0 0 1 0 0 1 0 1 0 2 0 3 2 
0 0 0 0 0 1 0 0 0 0 0 1 0 3 1 1 2 1 
0 0 1 1 1 1 0 1 1 1 1 0 0 2 3 3 0 0 
1 0 0 0 1 1 1 0 1 1 1 1 1 0 0 0 2 2 
0 1 1 1 1 1 1 0 0 1 0 0 0 3 2 3 3 1 
0 1 0 0 0 0 1 1 0 0 0 1 0 2 3 2 0 3 
0 1 1 0 0 0 0 0 0 0 0 0 1 1 1 0 1 0 
1 0 0 1 1 0 0 1 1 0 1 0 0 3 0 0 1 1 
0 1 1 0 1 0 0 1 1 0 1 0 0 0 1 1 2 3 
0 0 0 0 0 1 0 1 1 1 1 0 0 1 2 2 3 0 
0 0 1 1 1 0 1 0 0 1 0 0 0 2 1 1 0 2 
1 0 0 0 0 1 0 0 0 0 0 0 1 2 0 0 0 3 
0 1 0 0 0 0 1 0 0 0 0 1 0 0 3 3 2 0 
0 1 1 1 1 1 0 0 0 0 1 1 1 2 3 0 3 1 
0 0 0 1 1 1 0 0 0 0 0 1 0 1 3 3 1 2 
0 1 0 1 1 1 0 1 1 1 1 1 0 1 2 1 2 3 
0 1 1 1 1 1 1 0 0 0 1 0 0 0 0 1 1 0 
0 1 0 1 1 1 1 1 1 0 0 0 0 0 1 2 0 1 
0 1 0 0 0 0 1 0 0 0 0 0 0 3 2 2 0 2 
0 0 0 0 0 1 1 0 1 0 1 0 0 3 0 3 3 3 
0 0 0 0 1 1 0 1 1 1 0 0 0 3 3 1 3 0 
0 1 1 1 1 1 1 1 1 1 1 1 0 2 2 3 1 0 
1 0 0 1 1 1 0 0 0 0 0 1 1 3 0 0 0 0 
0 1 0 0 1 1 1 0 0 1 0 0 0 2 0 2 2 0 
0 0 1 0 1 0 0 0 0 0 0 0 0 1 1 3 0 1 
1 0 0 0 1 0 0 1 1 1 1 1 1 3 0 0 3 3 
0 1 1 1 1 0 0 0 1 0 1 1 0 0 1 3 3 3 

# Size = 29 | Time = 206 ms
0 1 1 0 0 1 0 0 0 1 1 1 0 1 1 1 0 2 
0 0 0 1 1 0 1 1 1 0 0 0 1 2 3 0 3 3 
1 0 0 0 0 0 0 1 0 0 1 0 0 0 0 0 2 1 
0 0 1 1 1 0 1 0 0 0 0 1 0 3 2 3 1 0 
0 1 0 1 1 1 0 1 1 1 1 0 0 0 2 2 1 0 
0 1 1 0 0 1 1 0 1 1 0 1 1 3 0 0 2 1 
0 0 0 1 1 0 1 0 0 0 0 0 0 1 1 2 0 2 
0 1 1 0 0 1 0 0 1 1 1 1 0 0 3 3 3 3 
1 0 0 0 0 1 0 0 0 1 0 1 1 2 0 0 1 0 
0 1 1 1 1 0 1 1 1 1 1 0 0 2 1 1 2 1 
1 0 0 1 1 1 0 1 1 0 1 1 1 3 0 0 0 2 
0 0 0 0 0 0 0 1 0 0 0 1 0 1 2 1 3 3 
0 1 1 0 0 0 1 0 0 0 0 0 0 3 0 2 3 3 
0 1 0 0 1 0 1 1 0 0 0 0 0 0 3 3 0 1 
0 0 0 0 0 0 1 0 1 0 0 0 1 1 2 0 2 0 
0 0 1 1 1 0 0 1 0 0 0 1 1 0 1 0 1 2 
0 0 0 0 0 0 0 0 0 0 0 1 0 1 3 2 1 1 
0 0 0 0 0 1 0 0 1 0 1 0 0 3 1 1 3 0 
0 0 0 0 0 0 0 1 0 0 0 0 0 2 2 3 0 2 
0 1 1 0 1 1 1 0 1 0 1 0 0 1 0 3 2 2 
0 0 0 0 0 0 0 0 0 0 1 1 0 0 3 1 1 0 
1 0 0 1 1 0 1 1 1 0 0 1 0 3 0 0 3 1 
0 0 0 0 0 0 0 0 1 1 1 0 0 3 3 2 2 2 
0 1 1 1 1 1 0 1 0 1 1 0 0 1 1 3 2 3 
1 0 0 0 0 1 0 1 1 1 0 0 0 2 0 0 0 3 
0 1 1 0 0 1 0 1 1 1 1 0 0 2 2 2 0 0 
0 1 0 0 1 1 0 1 1 0 0 0 0 0 0 1 1 3 
0 1 0 1 1 0 0 0 0 0 1 1 0 1 3 3 3 2 
0 0 0 1 1 1 0 1 0 0 0 0 0 3 2 1 3 1 

# Size = 30 | Time = 214 ms
0 0 1 1 1 0 1 0 1 0 1 0 0 3 3 1 3 0 
0 1 0 0 0 1 0 1 0 0 0 0 1 2 0 0 1 3 
0 0 0 0 0 0 1 0 0 1 0 1 0 1 2 3 0 1 
1 0 0 1 1 1 0 1 1 1 1 1 1 0 0 0 2 2 
0 1 1 0 0 0 0 1 0 1 1 0 0 3 1 2 2 2 
0 1 1 1 1 1 1 0 0 0 0 1 0 0 1 2 1 0 
1 0 0 1 1 0 1 0 1 0 1 0 1 2 0 0 0 1 
0 1 0 0 0 1 0 0 1 0 0 1 0 1 3 1 3 3 
0 0 1 0 1 0 1 1 1 1 1 0 1 1 2 0 1 3 
0 0 1 0 0 1 0 1 0 0 0 0 0 0 2 3 0 0 
0 1 0 0 0 1 0 1 0 1 0 1 0 2 3 1 3 1 
1 0 0 0 0 1 0 0 0 0 0 1 0 3 0 0 2 0 
0 0 0 1 1 1 1 0 1 0 1 0 0 2 1 3 3 2 
0 1 0 1 1 0 0 0 0 0 0 1 0 1 2 2 0 2 
0 0 1 1 1 0 0 0 1 0 1 0 0 0 0 2 3 3 
0 1 1 0 0 1 0 1 1 0 1 1 1 3 1 0 3 1 
0 0 1 0 0 0 1 1 0 1 1 0 0 2 2 1 2 0 
0 0 0 0 0 0 1 0 1 0 0 1 0 3 1 1 0 3 
0 0 0 0 0 1 1 0 0 0 0 0 0 1 0 1 1 2 
0 1 0 0 0 0 0 0 0 0 0 1 0 0 3 3 2 1 
0 0 0 0 0 0 1 0 0 0 0 0 0 2 3 2 1 1 
0 0 1 1 1 1 0 0 0 0 1 1 1 1 3 0 2 0 
0 1 0 1 1 1 0 1 1 1 0 1 0 3 2 3 1 3 
0 1 1 0 1 1 0 0 0 0 0 0 0 0 0 1 2 3 
1 0 0 0 1 1 1 1 0 0 1 1 1 2 0 0 3 3 
0 1 0 0 0 1 0 1 0 0 0 1 1 1 3 0 0 2 
1 0 0 0 0 0 0 1 1 1 1 0 1 3 0 0 1 0 
0 1 1 0 1 0 0 0 1 0 0 1 0 0 2 3 3 0 
0 0 1 0 0 0 0 1 1 0 1 0 0 2 0 3 3 1 
0 1 1 0 0 0 0 0 1 1 1 1 1 1 1 0 1 1 

