# Size = 24 | Time = 1062 ms
1 1 1 0 0 1 1 0 0 0 0 0 0 0 0 0 0 1 1 1 1 1 0 0 0 1 1 1 0 0 1 0 1 0 1 1 0 1 0 0 0 1 1 0 0 1 1 0 1 0 1 1 
0 0 0 1 1 0 0 1 1 1 1 0 1 0 1 0 1 0 0 0 0 0 1 0 1 0 0 0 1 1 0 1 0 0 1 0 0 0 1 0 1 0 0 1 1 0 0 0 0 1 0 1 
1 0 0 1 2 0 1 1 0 0 0 1 0 1 0 1 1 1 1 1 3 0 0 1 1 1 0 0 2 0 0 0 1 1 0 0 1 1 1 1 1 0 0 0 0 1 1 1 0 1 0 0 
0 0 1 0 0 1 0 0 1 0 1 0 1 1 1 0 0 0 0 0 0 1 0 1 0 0 0 1 3 1 1 1 0 1 0 1 1 1 0 1 0 1 1 1 1 1 0 1 0 0 1 0 
1 1 0 1 2 1 1 0 1 1 0 1 0 1 1 1 0 0 0 0 2 0 1 1 0 0 1 1 2 1 1 0 0 0 0 1 0 0 0 0 0 0 0 0 0 0 1 0 1 0 0 1 
0 1 1 0 1 0 0 1 0 1 0 1 1 0 0 0 1 0 1 1 2 0 1 1 0 1 1 0 0 0 0 1 1 1 1 0 1 0 1 1 1 1 1 0 0 0 0 0 1 0 1 1 
1 0 1 0 2 0 0 0 0 0 1 1 0 0 1 1 0 1 0 1 3 1 0 0 1 0 1 0 3 0 0 1 1 0 1 1 0 0 0 1 0 0 1 1 1 0 1 0 1 1 0 1 
0 1 1 1 1 0 1 0 0 1 1 1 1 1 0 0 0 0 1 0 1 1 0 0 1 0 0 1 1 1 1 0 0 1 0 0 1 0 1 0 1 0 0 1 1 1 1 1 0 0 1 0 
0 1 0 1 0 1 1 0 1 0 0 1 0 1 0 1 1 1 0 1 0 1 1 0 1 1 1 1 0 1 0 1 0 0 1 0 0 1 0 1 0 1 0 1 1 1 1 1 0 1 1 0 
1 0 0 0 0 1 0 1 0 1 0 0 0 0 1 0 1 1 1 0 1 0 0 1 0 0 0 0 1 0 1 0 1 1 0 0 0 0 1 1 0 1 1 1 0 1 0 0 1 1 0 0 
0 0 1 0 1 0 0 1 0 0 1 0 1 0 0 1 1 1 0 0 2 1 0 0 1 0 0 1 2 0 0 1 0 0 1 1 1 1 0 1 1 0 0 1 1 0 1 1 0 1 0 1 
0 1 0 1 2 1 0 1 1 1 1 0 1 0 1 0 0 0 1 0 3 1 1 0 0 1 0 0 3 1 1 0 1 0 0 0 1 1 1 0 1 0 0 0 0 0 0 0 0 0 1 1 
1 0 0 1 2 0 1 0 0 1 0 0 1 0 1 0 1 1 1 0 0 1 0 0 0 0 0 1 0 0 0 0 1 0 0 1 0 1 1 1 1 1 1 0 0 0 0 0 1 0 0 1 
1 0 0 0 0 0 0 0 1 0 0 1 0 0 1 1 0 0 0 1 1 1 1 0 0 1 0 0 1 0 0 1 0 0 0 1 0 0 0 1 1 0 0 0 0 1 1 0 0 0 1 0 
1 0 1 0 1 1 1 1 0 1 0 0 0 0 0 1 1 1 1 0 3 0 0 0 0 0 0 1 3 0 0 0 0 0 1 0 0 1 1 1 0 1 0 1 1 0 1 0 1 1 0 1 
0 0 1 1 0 1 0 1 0 0 0 0 0 1 1 0 0 0 0 1 2 0 1 1 1 0 0 0 2 1 0 0 1 0 0 1 1 0 0 1 0 1 1 1 1 1 0 1 0 1 1 0 
0 1 1 1 0 1 1 0 0 0 0 0 0 1 1 0 0 0 1 0 3 0 0 0 1 0 1 0 1 0 1 0 0 0 0 1 1 1 0 1 1 1 0 1 1 0 1 0 1 0 1 1 
0 1 0 1 2 0 1 1 1 0 1 0 1 0 0 0 0 0 0 0 1 0 0 1 0 0 0 0 0 1 0 1 0 1 1 0 0 0 0 0 0 0 0 1 1 0 0 0 0 1 0 1 
0 1 0 0 2 0 1 0 0 1 0 1 1 1 0 0 0 0 1 0 2 1 1 0 0 0 0 1 1 1 1 1 1 1 0 1 0 0 0 0 0 1 1 0 0 1 1 0 0 0 1 0 
0 0 1 0 2 0 1 1 0 1 0 1 0 1 1 0 0 0 0 1 2 0 0 0 1 0 1 0 3 0 0 1 0 0 1 0 1 1 0 1 1 1 0 0 0 0 0 0 1 0 1 1 
0 1 0 0 1 0 1 1 0 1 1 1 0 0 1 0 0 0 1 1 3 0 1 0 0 1 1 0 0 1 0 1 1 0 1 0 0 1 0 1 1 1 1 0 0 1 0 1 0 0 0 1 
0 0 0 1 1 1 0 1 1 0 1 0 0 1 1 0 1 0 0 1 1 0 1 1 0 1 0 0 2 0 0 1 0 0 0 1 0 1 1 1 0 1 1 0 0 1 0 0 1 1 1 1 
0 0 0 1 0 0 0 1 1 0 0 0 0 1 0 0 1 0 1 1 0 1 0 0 1 1 0 1 2 1 0 1 1 1 0 1 1 1 0 1 1 0 0 0 0 1 1 0 1 0 1 0 
0 0 1 1 1 0 1 1 0 1 1 1 1 0 0 0 0 0 0 1 1 0 0 0 0 1 0 1 3 1 0 1 0 0 0 0 1 1 1 1 0 0 1 0 0 1 0 1 0 0 0 0 

# Size = 22 | Time = 980 ms
0 1 0 0 1 1 1 0 0 0 1 0 1 0 0 1 1 1 0 0 0 0 0 0 1 0 0 0 2 0 1 0 1 1 0 0 1 1 0 0 1 1 0 0 0 0 1 1 0 0 1 1 
1 0 1 1 2 0 0 1 1 1 0 1 0 1 1 0 0 0 1 1 2 1 1 1 0 1 1 1 1 1 0 1 0 0 1 0 0 0 0 1 0 0 1 1 1 0 0 0 0 1 0 1 
0 0 0 0 0 0 0 0 1 0 0 0 0 0 0 0 0 0 0 0 3 0 0 1 0 0 1 0 0 0 0 0 0 0 0 1 0 0 1 0 0 0 1 0 0 1 1 0 1 0 0 0 
0 1 1 1 2 1 0 1 0 1 1 0 0 0 1 0 1 1 1 1 1 1 1 0 1 1 0 1 3 1 0 1 1 1 0 1 0 1 1 1 0 1 0 1 1 1 0 1 0 0 0 0 
1 0 1 0 0 1 1 1 0 1 0 1 1 1 0 0 0 0 0 1 3 0 1 0 1 0 0 1 3 0 1 0 1 1 1 0 1 0 1 0 1 0 0 1 1 1 0 0 1 1 1 0 
1 1 1 1 0 1 1 0 1 0 1 1 1 0 1 1 0 1 1 1 1 0 1 1 0 1 1 0 3 1 1 1 0 0 1 1 1 1 0 1 1 1 0 0 0 0 1 0 1 1 1 1 
1 0 0 0 1 0 1 1 0 0 0 1 0 1 0 1 1 1 1 0 0 1 0 0 1 0 1 1 1 1 1 1 0 0 0 1 1 1 1 1 1 0 1 1 1 1 1 1 0 0 0 0 
0 1 0 0 2 0 1 0 0 0 0 0 1 1 1 0 1 0 0 0 2 1 0 1 0 1 0 0 2 0 0 0 1 0 0 1 0 0 0 0 1 1 1 0 0 1 0 1 0 1 0 0 
0 1 1 1 1 0 0 1 1 1 0 1 1 1 1 0 1 0 0 0 0 1 1 1 0 0 0 1 0 0 1 0 0 1 1 0 0 0 1 1 0 0 1 0 0 0 0 1 0 0 1 1 
0 0 0 1 2 0 1 0 0 0 1 0 0 0 0 1 1 1 0 1 3 1 0 0 0 1 1 0 0 1 0 1 1 0 1 1 1 0 0 0 0 1 0 1 1 0 1 0 1 0 1 1 
1 0 1 0 1 1 0 1 1 1 1 1 0 1 0 0 0 0 1 0 1 0 0 0 0 0 1 0 2 0 0 0 0 1 0 0 1 0 0 0 0 0 1 1 0 1 1 0 1 1 0 0 
1 1 0 0 0 1 0 0 0 1 0 0 0 0 0 1 0 0 0 0 2 0 1 1 1 0 0 0 1 0 1 0 0 1 0 0 0 1 0 0 0 1 0 0 0 1 1 1 0 0 1 1 
1 0 1 1 0 1 0 0 1 0 0 0 0 1 0 0 1 1 1 1 0 1 1 0 1 0 0 1 2 0 0 1 1 1 1 0 1 1 0 1 1 0 0 0 0 0 0 0 1 1 0 1 
1 0 0 1 1 0 0 0 0 1 1 1 1 0 0 0 0 1 0 0 2 0 0 0 0 1 1 1 3 1 0 0 0 0 0 0 1 1 1 1 0 0 1 1 1 1 1 0 1 0 1 0 
1 0 0 0 2 0 0 1 0 1 0 0 0 1 0 0 0 0 1 1 1 0 0 1 1 0 0 0 0 0 1 0 1 0 1 0 0 0 1 0 0 0 1 0 0 0 0 1 0 1 0 1 
0 1 1 0 1 1 0 1 1 1 0 0 0 0 1 1 0 0 1 1 3 1 0 0 1 0 1 0 1 0 0 1 1 0 1 1 0 1 1 1 0 0 1 0 0 1 1 0 0 1 0 0 
1 1 1 1 2 1 0 0 1 0 1 0 1 0 0 1 0 0 1 0 0 1 0 1 0 1 0 1 1 0 0 0 1 1 1 0 1 1 0 1 0 0 1 0 0 1 1 0 1 0 1 0 
0 0 1 0 0 1 1 0 1 1 1 0 1 1 1 0 0 0 0 0 1 1 1 0 1 1 0 1 0 0 0 1 0 1 1 1 1 1 1 1 1 0 1 1 0 1 0 0 1 1 1 1 
0 0 0 0 0 0 1 0 0 1 0 0 0 1 0 0 0 1 1 1 3 0 1 1 0 1 0 0 2 1 1 0 0 1 0 1 1 1 1 1 0 0 0 1 1 1 1 1 0 1 0 1 
0 1 0 0 1 1 0 0 0 0 0 0 1 0 1 1 0 1 1 0 2 1 1 1 1 1 0 0 0 1 0 0 0 0 0 1 1 0 1 0 0 0 0 1 1 1 1 0 1 0 0 1 
1 0 1 0 0 0 1 1 0 0 1 1 0 1 1 1 1 1 1 0 0 1 0 0 0 1 0 0 3 1 1 0 0 1 0 0 0 1 1 0 1 0 0 1 0 0 1 1 0 0 0 1 
0 0 1 1 2 0 0 0 1 0 0 1 0 1 1 0 0 0 1 1 1 1 0 1 1 1 1 0 1 0 0 1 1 0 0 1 1 1 0 1 0 0 1 1 1 0 0 0 1 1 0 1 

# Size = 22 | Time = 942 ms
1 1 1 0 2 1 1 0 0 0 0 0 1 0 0 0 1 0 1 1 1 0 0 1 0 0 0 0 0 0 1 1 1 0 0 0 1 1 1 1 0 1 1 0 0 1 0 0 0 1 0 1 
0 0 0 1 0 0 0 1 1 1 1 1 0 0 1 1 0 1 0 0 0 0 0 0 1 1 1 0 3 1 0 0 1 1 1 0 0 0 0 0 1 0 0 1 1 0 1 1 0 0 0 1 
0 1 0 0 1 1 0 1 0 0 0 0 0 1 0 0 0 1 0 0 3 1 1 1 0 1 1 1 1 0 0 1 0 0 1 1 0 1 0 1 1 0 0 0 0 1 1 0 1 0 1 0 
0 0 0 0 0 1 0 0 1 1 1 1 1 1 0 1 1 0 1 1 2 1 1 0 1 0 0 1 2 0 1 0 0 0 0 1 1 0 0 0 0 1 1 1 1 1 1 1 0 1 1 0 
1 0 1 1 1 0 1 0 1 0 1 0 0 1 1 0 1 1 0 0 0 1 1 0 1 0 0 1 0 1 0 0 0 0 0 1 1 0 1 1 0 0 0 1 0 0 0 0 1 1 0 1 
1 0 1 1 2 0 0 1 0 1 0 0 0 0 1 1 0 0 1 0 1 1 0 1 0 0 1 1 2 1 1 1 0 1 1 1 0 1 1 0 1 1 1 1 1 0 1 1 0 0 1 1 
0 1 1 1 2 0 1 0 0 1 0 1 1 0 1 0 0 0 0 0 2 0 1 0 1 1 0 0 1 0 0 0 1 1 0 0 0 0 1 0 0 0 1 0 0 1 0 0 1 0 1 0 
1 1 0 0 0 0 0 1 1 0 1 0 1 1 0 0 1 1 0 1 3 0 0 0 0 0 0 0 3 1 1 1 0 1 1 0 1 0 0 0 1 1 0 0 0 0 0 0 1 0 0 1 
1 1 1 1 1 1 1 0 0 1 1 1 0 0 1 0 0 0 1 1 3 0 0 1 1 1 1 0 3 0 1 0 1 0 1 0 1 1 0 1 0 0 0 1 1 1 0 1 0 1 0 0 
0 0 0 0 0 1 1 0 1 0 0 1 0 0 1 1 1 1 1 1 1 0 0 0 0 0 1 0 1 1 0 0 1 1 0 1 0 1 1 1 1 0 0 1 1 1 1 0 1 1 0 0 
0 1 0 0 2 1 0 1 1 0 1 1 1 1 0 1 1 0 0 1 0 0 0 1 0 1 1 0 0 0 0 1 1 1 1 0 0 0 0 0 1 1 0 0 0 0 1 1 0 0 1 1 
0 0 0 1 1 0 1 1 1 0 1 0 0 0 0 0 0 0 0 0 2 1 0 0 1 1 1 1 2 1 0 1 1 0 0 0 0 1 0 1 0 0 0 0 0 0 0 0 1 1 0 1 
1 0 1 0 1 0 0 0 0 0 0 0 1 1 0 1 1 1 0 1 0 0 0 1 0 0 0 1 1 0 1 0 1 0 0 1 1 0 1 0 1 1 1 1 1 1 1 0 0 1 0 0 
1 1 1 0 0 1 0 1 0 0 0 0 1 1 0 0 1 0 0 1 1 1 1 1 0 1 0 1 3 1 0 1 1 0 0 1 1 0 1 1 0 1 1 0 0 0 0 0 0 1 1 1 
0 0 1 1 2 0 1 1 0 1 1 0 0 1 1 1 0 1 0 0 3 1 0 1 0 0 0 0 0 1 0 0 1 0 0 0 1 0 0 1 0 0 1 1 1 1 1 0 1 0 0 0 
0 1 0 0 1 1 0 1 0 0 0 0 0 0 1 0 0 1 0 0 2 0 1 1 0 1 0 0 2 1 0 1 1 1 1 0 0 0 1 0 1 1 1 1 1 1 0 0 0 0 1 1 
0 0 0 0 1 0 0 0 0 0 1 1 0 0 0 0 0 1 1 1 1 0 0 1 1 0 0 0 1 1 0 0 0 0 0 0 0 0 0 0 1 0 0 0 0 0 1 0 0 0 0 1 
1 1 0 1 2 1 1 1 0 1 0 1 1 1 0 0 0 1 0 0 2 1 1 1 1 0 1 0 3 0 1 0 0 1 0 0 1 1 1 0 1 0 1 0 0 1 0 0 1 1 1 0 
0 0 1 1 0 0 0 1 1 1 0 0 0 0 1 1 1 0 1 0 0 0 0 1 0 1 1 0 1 0 0 0 0 1 1 1 0 1 1 0 0 0 1 1 0 1 1 1 0 0 0 0 
0 0 0 0 0 0 1 0 0 0 0 0 1 0 1 0 0 1 0 0 2 0 0 1 1 1 0 0 0 1 1 1 1 0 1 0 1 0 1 1 1 1 0 0 0 0 0 0 0 0 0 1 
1 1 1 0 2 0 1 0 1 1 1 1 1 1 1 0 0 1 0 1 3 0 1 1 1 1 0 1 2 0 0 1 1 0 1 0 1 0 1 1 0 1 1 0 0 0 0 0 1 1 0 1 
1 0 0 0 2 0 1 1 1 1 1 0 1 1 0 0 0 0 0 1 0 1 1 0 0 0 1 0 2 1 0 0 1 0 0 1 0 1 1 1 1 0 0 0 0 1 0 0 0 1 0 0 

# Size = 22 | Time = 899 ms
1 0 0 0 2 0 1 1 1 0 1 1 0 0 0 1 1 0 0 0 1 0 1 1 1 1 0 1 1 1 1 1 0 0 0 0 0 1 0 1 1 0 0 0 0 1 1 0 0 0 1 1 
0 0 0 0 0 1 0 0 0 1 0 0 0 1 1 0 0 0 1 0 3 1 0 0 0 0 1 0 0 0 0 0 0 0 1 1 1 0 1 0 0 1 1 1 0 1 0 1 0 0 0 0 
0 1 1 1 1 0 0 1 0 0 0 0 1 1 0 1 0 0 0 1 0 0 1 1 0 0 1 0 0 1 1 0 1 1 0 0 0 0 0 0 0 0 0 1 1 0 1 1 0 1 0 1 
1 1 1 1 1 1 1 0 1 1 1 1 1 0 1 0 1 1 1 0 2 0 0 0 1 0 0 1 3 0 0 0 1 1 0 1 1 1 1 1 0 1 1 1 0 0 0 0 1 1 1 1 
0 1 1 0 2 1 1 1 0 1 0 1 1 1 0 0 1 1 0 1 0 1 0 0 1 1 0 0 2 1 1 1 0 0 1 0 0 1 1 0 0 0 1 1 1 1 0 0 1 1 1 0 
1 0 1 0 0 0 0 0 1 0 0 0 0 0 1 1 0 1 1 1 2 1 1 0 0 1 0 0 2 0 0 0 0 0 0 1 0 0 0 1 1 1 0 0 0 1 1 0 1 0 0 0 
0 0 0 1 2 0 0 0 1 0 1 1 0 0 1 1 1 1 0 1 3 1 0 1 0 1 1 1 3 0 0 1 1 1 1 0 1 0 0 0 1 0 1 1 1 0 1 1 0 0 0 1 
0 1 0 1 0 1 0 1 0 1 1 0 1 1 0 0 0 0 0 0 1 1 1 1 1 0 1 0 1 1 0 1 1 1 1 1 1 0 1 0 1 1 0 0 0 0 0 0 0 1 0 1 
1 1 0 0 0 0 1 0 0 0 0 0 1 1 1 0 1 1 1 0 1 0 1 0 0 0 1 1 1 0 1 0 1 1 0 0 1 1 0 1 0 1 1 1 1 1 0 1 0 0 1 0 
1 1 1 1 1 1 1 1 0 0 0 1 0 0 0 1 0 0 1 0 3 1 0 1 0 1 0 1 3 1 1 1 0 0 1 0 0 0 1 1 0 0 0 0 0 1 1 0 0 0 0 0 
0 0 0 0 2 1 0 0 1 0 1 1 0 0 1 0 0 1 0 0 0 1 0 0 1 0 0 1 0 1 0 1 0 0 0 1 0 0 0 1 1 1 1 0 0 1 1 0 1 0 1 0 
1 0 0 0 1 0 0 1 0 1 0 0 0 1 0 0 0 0 0 0 2 0 0 1 1 0 0 1 2 0 1 0 1 0 1 1 1 1 0 0 1 1 1 0 0 0 1 1 0 0 0 1 
1 0 0 0 2 0 1 0 0 1 0 0 1 0 0 0 1 0 1 0 3 0 1 1 0 1 1 0 0 0 0 0 0 0 0 1 0 1 0 0 0 0 1 1 1 1 0 0 1 1 0 0 
1 0 0 0 0 0 1 1 1 0 1 1 1 1 1 0 0 0 1 1 0 0 1 0 1 1 0 0 3 0 0 1 0 1 1 0 1 0 1 1 0 0 1 0 0 0 0 0 1 0 1 1 
0 1 1 0 1 0 1 1 0 1 0 0 1 1 0 1 1 0 1 1 2 1 0 1 0 0 1 1 1 0 0 1 1 1 1 0 0 1 0 0 0 0 1 1 1 1 1 1 0 0 0 1 
0 0 1 1 0 1 0 0 1 0 1 0 0 0 0 0 0 1 0 0 3 0 1 1 1 0 1 0 2 0 0 0 0 1 1 0 1 1 0 0 0 0 1 1 1 0 1 0 0 1 1 1 
0 1 1 0 1 1 0 0 1 0 0 0 1 0 1 0 1 0 0 1 1 0 0 0 1 1 0 0 3 1 0 0 1 0 0 0 1 1 0 0 0 1 0 1 1 1 0 0 1 1 0 0 
0 0 1 1 2 0 1 0 1 0 1 0 0 1 0 1 1 0 0 0 2 1 1 0 0 0 0 0 0 1 0 1 1 0 1 0 0 1 0 1 1 0 1 0 0 1 1 1 0 0 0 0 
1 0 1 1 1 1 0 1 0 0 1 1 0 0 1 1 0 0 1 0 0 0 1 1 0 1 0 0 1 1 1 0 1 0 0 1 0 1 0 1 1 0 0 1 1 0 1 0 1 1 0 1 
1 1 1 1 0 0 1 0 1 1 0 0 0 1 1 0 1 0 0 1 1 0 0 1 1 1 0 1 0 0 1 0 0 0 0 1 0 1 0 0 1 1 0 1 1 0 0 0 0 0 0 1 
0 0 1 0 0 0 0 1 0 0 1 0 1 1 1 0 0 1 0 0 1 1 1 1 0 1 0 1 2 1 0 0 0 1 1 0 1 1 0 0 0 0 1 0 0 1 0 0 1 0 1 0 
0 0 0 0 1 0 0 0 0 1 1 1 0 1 1 0 1 1 0 1 3 0 0 0 0 0 1 0 1 0 1 0 0 0 0 1 0 1 0 1 1 0 0 1 1 1 0 0 1 1 0 0 

# Size = 23 | Time = 967 ms
1 0 0 1 2 1 0 0 0 1 0 0 1 0 0 1 0 1 1 0 1 0 1 0 0 1 0 0 2 1 0 0 0 1 1 1 1 0 0 0 1 1 0 1 1 1 1 0 0 0 1 1 
0 0 0 0 1 0 1 1 1 0 1 1 0 1 0 0 1 0 0 1 2 1 0 0 1 0 1 0 0 0 1 1 1 0 0 0 0 0 0 1 0 0 0 0 0 0 0 1 0 1 0 1 
1 1 1 0 0 0 0 0 0 1 0 0 0 1 1 0 0 0 0 1 0 0 0 1 0 0 0 1 3 0 0 1 0 1 0 0 0 1 1 0 0 0 1 0 0 1 1 0 1 0 1 0 
0 1 1 0 0 1 1 1 1 0 0 0 0 0 1 1 1 1 1 0 0 1 1 1 1 1 1 1 1 1 1 0 1 0 1 1 1 1 0 1 1 1 1 1 1 0 1 1 0 1 0 1 
0 1 0 1 2 1 0 1 0 0 1 1 1 0 0 1 0 1 1 1 3 1 0 1 0 0 0 1 2 1 0 0 1 0 0 0 0 1 1 1 0 0 1 1 0 1 1 0 1 1 0 0 
1 0 1 1 1 0 1 0 1 1 1 1 1 1 1 0 1 0 0 0 3 0 1 1 0 0 1 1 1 0 0 0 0 0 1 1 1 0 1 0 0 0 0 1 1 1 0 0 1 0 1 0 
0 1 1 0 2 0 0 0 0 0 1 1 1 0 0 0 0 1 0 0 2 0 1 0 1 1 0 0 0 0 1 1 0 0 0 0 1 1 1 0 1 1 1 0 0 1 0 1 0 0 1 0 
1 0 1 1 1 1 0 0 0 1 0 0 0 0 0 0 1 0 0 0 1 1 0 0 1 1 1 0 3 0 0 1 1 1 0 1 0 1 0 0 1 1 1 0 0 0 0 0 1 1 0 1 
1 0 0 0 0 1 1 1 0 0 0 1 1 1 1 1 0 0 1 1 2 0 1 1 0 1 0 0 3 0 0 0 0 1 1 1 1 0 1 1 1 1 0 0 0 0 1 1 0 0 0 1 
0 0 0 1 2 0 0 1 1 0 1 0 0 1 1 0 1 0 1 1 1 1 0 0 0 0 1 1 2 1 1 1 1 1 1 0 0 1 1 1 0 1 0 1 1 0 0 1 0 0 1 1 
1 1 0 1 1 1 1 1 1 1 0 0 1 0 0 1 0 1 1 0 0 1 0 1 0 0 0 1 0 1 1 1 0 1 0 0 1 0 0 0 1 0 0 1 1 1 1 0 1 1 0 0 
0 0 0 0 0 0 0 0 0 1 1 0 0 0 0 1 0 0 0 1 3 0 0 0 0 0 0 0 1 1 0 0 1 1 0 0 0 0 0 1 1 1 1 0 0 0 1 1 0 0 0 1 
0 0 1 1 0 1 1 0 1 0 1 1 0 0 0 0 0 0 0 0 0 0 1 0 1 1 1 0 2 0 0 0 1 0 0 0 0 0 0 0 0 0 1 1 1 1 0 1 0 1 1 0 
0 1 0 0 2 0 1 0 1 1 0 0 1 1 1 0 1 1 1 0 1 0 1 1 0 0 0 1 3 0 1 1 0 0 1 0 1 0 0 1 0 0 1 1 1 1 0 0 1 0 0 0 
0 0 0 1 0 0 0 0 0 0 0 0 1 0 1 0 1 0 0 0 2 0 0 1 0 0 1 1 0 1 0 0 0 0 1 1 0 0 1 0 0 0 0 1 1 1 0 0 1 0 1 0 
0 1 1 0 1 0 1 0 0 0 0 0 1 1 1 1 0 1 1 0 3 1 1 1 1 1 0 0 2 0 1 1 0 1 0 0 1 1 0 1 1 1 1 0 0 0 1 0 1 1 0 1 
1 0 0 0 2 1 1 0 0 1 1 0 0 1 0 0 1 1 1 1 2 0 1 0 1 1 0 1 1 1 1 1 1 0 1 0 0 0 1 1 1 0 1 0 0 0 1 0 1 1 0 1 
1 0 0 0 0 0 1 0 1 0 0 1 0 1 0 1 0 1 0 0 1 0 1 0 1 0 0 0 0 1 1 0 0 0 1 1 0 1 0 0 1 1 0 0 0 1 1 1 0 0 0 0 
0 0 1 1 2 1 0 0 0 0 1 1 0 1 0 0 0 0 1 0 0 0 1 1 1 0 0 0 3 1 0 1 1 0 0 0 0 0 0 1 1 1 0 1 1 1 0 1 0 1 0 0 
1 1 0 1 2 1 1 0 1 0 0 0 0 0 1 1 0 1 1 0 3 1 1 1 1 1 0 1 0 0 0 1 1 0 0 1 1 1 1 1 1 1 1 1 1 1 1 0 0 1 1 0 
1 1 1 0 1 0 0 1 1 1 0 1 1 1 0 1 0 0 1 1 3 1 0 0 0 0 1 1 3 1 0 1 0 1 0 1 1 1 0 1 0 1 0 0 0 0 1 1 0 0 0 1 
1 0 0 0 0 1 0 1 0 1 1 1 0 1 1 0 1 0 0 1 2 0 1 1 1 1 1 0 2 1 0 0 1 1 0 0 0 0 1 1 0 1 0 0 0 1 0 0 0 0 0 1 
0 0 1 1 1 0 0 1 1 1 0 0 0 0 0 1 1 0 0 0 1 1 0 1 1 1 0 0 1 1 1 0 1 0 1 1 1 1 1 1 1 1 0 1 1 1 1 0 1 1 0 1 

# Size = 23 | Time = 980 ms
0 1 1 1 2 0 0 0 0 0 1 1 1 0 0 0 0 0 1 1 2 1 0 1 1 1 1 0 0 1 1 0 0 1 0 0 0 0 1 0 0 1 1 1 0 0 1 0 1 1 0 1 
0 0 0 0 1 1 1 1 0 0 0 0 0 0 1 0 1 0 0 0 3 0 0 0 0 0 0 1 2 0 0 0 1 0 1 1 1 1 0 1 1 0 0 0 0 0 0 1 0 0 1 1 
1 0 0 1 0 1 0 0 1 1 1 0 0 1 1 1 1 1 0 0 0 1 1 1 0 0 0 0 1 0 0 1 0 1 0 0 0 0 0 0 0 0 0 1 0 1 1 0 0 0 0 0 
1 1 1 0 0 1 1 1 1 1 0 0 0 0 0 1 0 1 1 1 1 0 1 0 0 0 1 0 3 1 1 1 1 0 0 0 1 1 1 0 1 1 1 1 1 1 1 0 1 1 1 0 
1 1 0 0 1 0 0 0 1 1 1 1 1 1 0 0 0 1 1 1 3 0 1 0 1 1 0 1 2 1 0 1 1 1 1 0 0 0 0 1 0 1 1 1 1 1 0 1 0 0 1 0 
0 0 1 1 2 0 1 0 1 0 0 1 1 1 1 1 0 1 0 0 1 1 0 1 1 1 1 0 3 1 1 1 0 0 1 1 1 1 1 0 1 0 0 0 0 1 1 0 0 1 0 0 
1 1 1 1 2 0 0 1 0 0 0 0 1 1 0 0 1 0 1 0 0 0 1 1 1 0 1 1 1 0 1 0 0 0 0 1 0 1 0 1 0 0 0 1 1 0 0 0 1 1 0 1 
1 0 0 0 0 1 1 1 1 1 0 1 0 0 0 0 1 0 0 1 2 1 0 0 0 1 1 1 0 0 0 0 0 1 1 1 1 0 0 1 1 0 1 0 0 1 0 0 0 0 0 0 
0 1 1 1 2 1 1 0 0 1 1 0 1 0 1 0 1 1 1 0 1 0 1 1 0 1 0 0 0 0 0 1 1 0 0 1 0 1 1 0 0 1 1 0 0 0 0 1 0 0 1 1 
0 0 0 0 1 0 0 1 0 0 1 1 0 1 1 1 0 1 0 1 3 1 0 1 1 0 0 1 3 0 0 0 0 0 0 0 0 0 1 0 1 1 0 1 1 0 1 0 1 1 0 1 
0 0 0 0 0 0 1 0 0 0 1 1 1 0 0 1 0 0 0 1 0 1 0 0 0 1 1 0 1 1 0 1 1 1 0 0 1 1 1 1 0 1 0 0 0 1 1 1 0 0 1 0 
1 1 0 1 1 0 0 0 1 0 0 0 1 0 1 0 0 1 0 0 2 0 1 1 0 0 1 0 2 0 1 1 0 0 0 1 0 1 1 0 0 0 0 0 0 0 1 1 0 1 0 1 
0 0 0 0 2 1 0 1 0 1 0 0 0 0 0 0 1 0 0 0 1 0 0 0 1 0 1 1 3 1 1 0 1 1 0 0 1 0 0 1 0 0 1 0 0 0 0 1 0 0 0 1 
0 0 1 1 0 1 1 0 0 0 1 0 1 0 0 1 1 0 1 0 3 1 1 0 1 1 0 0 2 1 1 0 0 1 0 0 0 0 0 0 1 1 0 0 0 0 1 0 1 0 1 1 
0 0 1 0 1 0 0 1 1 1 0 1 0 1 0 1 0 0 0 1 0 0 0 0 1 0 0 1 0 0 1 0 0 0 1 1 0 0 1 0 1 0 0 0 0 1 1 1 0 0 0 1 
1 1 0 1 1 1 1 0 0 1 0 1 0 1 1 1 0 0 0 0 2 1 0 0 0 1 0 1 1 1 0 1 1 0 1 0 0 1 0 0 1 0 0 1 0 1 1 0 1 0 1 1 
0 1 1 0 0 1 1 1 0 1 1 1 1 1 0 1 0 0 0 1 3 1 1 1 0 0 1 0 1 1 0 1 0 1 1 1 1 1 1 1 0 0 1 1 0 0 1 0 1 1 1 1 
1 1 1 1 2 1 0 1 1 1 1 0 0 1 1 0 1 0 0 1 0 0 1 0 1 1 0 1 2 1 0 0 0 0 0 0 1 1 1 1 1 1 1 0 0 1 1 0 0 0 0 0 
0 0 1 0 2 1 1 0 0 0 0 1 1 1 0 1 1 0 0 1 3 1 1 1 1 1 0 0 0 0 1 1 0 0 1 0 1 1 0 1 1 0 1 1 1 1 1 0 1 1 1 0 
1 0 0 1 1 1 0 0 1 0 0 1 0 1 1 1 0 1 0 0 1 0 1 1 0 0 0 1 1 0 0 0 0 1 0 1 0 0 0 0 1 0 1 1 0 1 1 0 0 0 0 1 
1 0 0 1 1 1 0 1 0 0 1 0 1 0 0 1 1 1 0 0 2 0 1 1 0 1 1 0 3 1 1 1 0 1 1 1 0 1 1 0 0 0 1 1 1 0 1 0 1 0 0 1 
1 1 0 1 2 1 1 1 1 0 0 0 0 1 0 1 1 1 0 0 1 0 0 0 0 1 1 1 2 0 0 1 1 0 0 0 1 1 1 1 0 1 0 1 1 1 1 0 1 0 1 0 
0 1 1 0 2 0 0 0 0 0 1 0 0 1 0 0 1 1 0 0 0 1 1 0 1 0 1 0 3 0 1 0 0 0 1 1 0 1 1 0 1 1 1 0 0 0 0 0 1 1 0 1 

# Size = 22 | Time = 880 ms
0 0 0 1 2 1 0 0 1 1 1 1 1 0 0 0 1 1 1 1 1 0 1 1 1 0 0 1 1 0 0 0 1 1 1 0 1 0 0 1 0 1 0 1 0 1 0 0 0 0 0 0 
1 1 0 0 0 0 0 1 0 0 0 0 0 1 0 1 0 0 0 0 3 1 0 0 0 1 1 0 0 1 1 1 0 0 0 1 0 1 0 0 1 0 1 0 0 0 1 0 1 0 1 1 
1 0 1 0 1 0 1 0 1 1 0 0 0 1 1 0 1 0 0 0 0 0 0 1 1 0 1 1 3 0 0 0 1 0 1 1 0 1 1 1 0 0 1 1 1 0 1 1 0 1 0 1 
0 1 1 1 0 1 0 1 0 0 1 0 1 0 1 0 0 0 1 1 2 1 1 0 0 0 0 0 2 1 1 1 0 0 0 0 1 0 1 0 0 1 0 1 1 1 0 1 0 1 0 0 
1 1 1 1 2 1 1 0 0 0 1 1 1 0 1 1 1 1 0 1 0 0 1 1 1 1 1 0 0 0 0 0 0 1 0 0 1 0 0 0 1 0 1 0 0 1 1 0 1 1 1 1 
0 0 0 0 1 0 1 1 0 1 0 1 0 0 0 1 0 1 1 0 2 1 0 0 0 1 0 1 3 1 0 1 1 1 0 1 0 0 1 1 1 1 0 0 0 0 1 0 1 0 1 1 
1 0 0 0 2 1 1 1 1 1 0 1 1 1 1 0 0 1 1 0 3 0 0 1 0 1 0 0 2 0 1 0 1 0 0 0 0 1 1 0 1 1 1 1 1 1 0 0 1 0 1 0 
0 1 1 1 1 0 0 0 1 0 0 0 0 1 0 0 1 0 0 0 1 1 1 0 0 1 1 1 1 0 1 1 0 0 1 1 1 1 1 0 0 0 0 0 0 0 0 1 0 0 1 1 
0 0 0 0 0 0 0 1 1 0 1 1 0 1 0 1 1 0 1 1 3 0 0 0 1 0 0 0 0 1 1 0 1 1 1 0 0 0 0 1 1 0 0 1 1 1 1 1 0 1 0 0 
1 1 0 0 2 1 1 0 0 1 1 0 0 0 1 1 0 1 0 1 1 1 1 1 1 0 0 0 1 1 1 0 0 1 1 1 0 1 0 1 0 1 1 1 1 1 1 0 1 1 1 0 
1 0 0 1 0 0 0 0 1 0 1 0 1 1 0 0 1 0 0 0 2 0 0 1 0 0 1 1 2 0 0 0 0 1 1 0 0 0 0 1 0 0 0 0 0 0 0 0 0 0 0 1 
0 1 0 0 1 0 0 1 0 0 1 0 0 0 0 0 0 0 1 1 0 1 0 0 0 1 1 0 3 1 0 0 0 0 0 0 1 1 0 0 0 0 0 0 0 1 0 0 0 0 0 0 
0 0 1 1 2 1 1 0 0 0 0 1 0 0 0 0 0 0 0 1 3 0 1 1 1 1 0 1 3 0 1 1 0 0 0 0 1 1 0 0 0 0 1 0 0 0 1 0 1 0 0 1 
0 0 0 1 0 0 1 1 0 1 1 1 0 0 0 0 0 1 0 0 1 1 0 0 1 1 0 1 0 0 0 1 0 0 0 1 0 1 1 0 0 1 1 1 0 1 0 1 0 1 0 0 
0 1 1 0 2 0 0 0 0 0 1 1 0 0 1 0 1 0 0 0 2 0 0 0 1 1 0 0 2 0 0 0 1 0 1 1 0 1 0 0 1 0 1 0 0 1 1 1 0 0 0 1 
0 0 0 0 0 1 0 1 0 0 0 0 1 0 1 0 0 0 0 0 0 1 0 0 0 0 0 0 1 0 1 1 0 0 0 1 0 0 0 1 1 0 0 0 0 0 0 0 1 0 1 1 
0 1 0 1 1 1 1 1 1 1 0 0 1 0 1 1 1 1 0 0 0 1 0 1 0 0 0 1 2 0 1 0 1 0 0 0 0 0 1 1 0 1 1 1 1 1 1 0 0 0 0 1 
0 0 1 0 0 0 0 0 0 0 1 1 1 0 0 0 1 1 0 0 1 0 1 0 0 1 1 1 3 0 0 0 0 0 0 1 0 1 0 0 1 1 0 0 0 0 0 1 0 1 0 1 
1 0 1 0 1 1 1 1 1 1 1 1 1 1 1 0 1 0 1 0 3 1 1 1 0 1 1 0 1 1 0 1 1 1 0 1 0 0 0 1 1 0 1 1 0 1 1 1 0 0 0 0 
1 1 0 0 1 0 0 0 0 0 0 0 0 0 0 0 1 0 0 0 2 0 0 0 0 0 0 1 0 0 1 0 0 0 1 1 0 0 0 1 0 0 0 0 0 1 0 0 0 0 0 1 
1 1 0 1 0 1 1 0 0 0 0 0 0 1 0 0 0 0 1 1 1 1 0 1 1 0 1 0 2 1 1 1 0 0 0 1 0 0 0 1 0 0 0 1 1 0 0 0 1 1 1 1 
1 0 0 0 1 1 0 0 1 0 1 1 1 1 1 1 0 1 1 1 2 0 0 0 0 0 0 1 1 0 1 0 0 1 1 0 0 1 1 0 0 1 1 1 0 1 1 0 1 0 1 1 

# Size = 25 | Time = 979 ms
1 0 0 1 1 0 0 0 0 1 1 0 1 0 0 0 1 0 0 1 3 0 0 0 1 1 1 0 2 0 0 0 1 1 1 0 1 0 0 0 1 0 0 0 0 0 0 0 1 0 1 1 
0 1 0 0 2 1 1 1 1 0 0 1 0 1 0 1 0 1 1 0 2 1 1 1 0 0 0 1 3 0 1 1 0 0 0 0 0 0 1 1 0 1 0 0 0 1 1 0 0 1 0 0 
0 1 1 1 0 0 0 0 1 0 1 1 1 1 1 0 0 0 0 0 0 0 1 0 0 1 0 1 1 1 0 0 0 0 0 1 0 1 0 0 1 0 1 1 1 0 1 1 0 1 0 1 
1 0 1 0 2 1 1 1 0 0 0 0 0 0 1 0 1 1 1 1 1 1 0 1 1 0 1 0 0 1 1 1 1 1 1 1 1 1 0 0 0 1 1 1 1 1 0 0 1 0 1 0 
1 0 0 0 0 1 0 1 0 1 1 1 1 1 1 1 0 0 0 1 0 1 0 0 1 0 0 0 1 1 0 0 1 1 0 0 1 0 1 1 0 1 0 1 1 1 1 1 0 0 1 0 
0 0 0 1 1 0 1 0 0 1 0 0 0 0 0 0 1 1 0 0 1 0 0 0 0 0 1 1 0 0 1 1 0 0 0 1 0 0 1 1 0 0 1 0 0 0 0 1 0 0 0 1 
1 1 1 0 0 0 0 0 0 1 1 0 0 0 1 0 1 0 1 1 2 1 1 1 1 1 0 0 3 0 1 1 0 1 1 1 0 1 1 1 1 0 0 1 0 1 0 1 0 1 0 1 
0 0 1 1 1 1 1 1 1 0 0 0 0 1 1 0 0 0 1 0 3 0 1 1 0 1 0 1 2 1 0 0 0 0 1 1 0 1 1 1 0 0 0 0 0 1 0 0 1 1 1 0 
0 1 1 0 2 0 0 1 1 0 0 1 1 1 0 1 1 1 0 1 2 0 0 0 1 0 1 0 3 1 0 1 1 0 1 0 0 1 0 0 1 1 1 1 0 0 1 0 1 0 1 1 
0 1 0 1 2 0 0 0 1 1 1 1 1 0 0 0 0 1 1 0 1 1 1 0 0 1 0 0 0 0 0 0 1 1 0 0 1 1 0 0 0 1 0 0 0 1 1 0 0 1 0 0 
1 0 1 1 0 1 1 0 1 0 0 0 0 0 0 1 1 1 1 1 0 1 1 0 0 1 1 1 1 0 1 0 1 0 0 0 0 0 0 0 1 0 0 0 0 0 1 0 0 0 0 1 
1 1 0 0 1 1 1 0 0 1 1 1 1 0 1 1 0 1 0 0 3 0 0 1 0 0 1 0 2 0 1 1 0 0 0 1 1 0 0 1 1 0 0 1 1 1 1 0 1 1 0 0 
0 0 0 1 2 0 0 0 0 0 1 1 0 0 0 0 0 0 0 0 2 1 0 0 1 0 1 1 2 1 0 0 1 1 0 1 1 0 1 0 0 1 1 1 1 0 0 1 0 1 0 1 
1 0 0 0 1 1 0 1 0 0 0 0 0 1 1 0 0 1 0 0 3 1 0 1 0 1 1 1 1 0 1 1 0 0 1 1 0 0 0 0 0 1 1 0 0 1 0 1 0 1 0 0 
1 0 0 0 0 1 0 0 0 0 0 1 1 0 0 1 0 0 0 1 0 1 0 1 0 1 0 1 0 0 1 1 0 0 1 0 0 1 0 0 1 1 1 0 0 0 1 0 1 0 0 1 
0 0 0 1 1 1 0 0 0 0 1 0 0 1 0 1 0 0 0 1 1 0 1 1 1 0 0 1 3 0 1 0 0 0 1 0 1 0 1 1 1 0 0 1 0 0 1 0 1 1 0 1 
1 0 0 1 2 0 0 0 0 1 0 0 1 0 0 0 0 0 0 0 0 1 1 0 0 0 1 0 1 0 1 0 1 0 0 0 0 1 0 0 0 0 0 0 0 0 0 0 1 0 0 1 
1 0 1 1 0 1 1 0 0 0 0 0 0 1 1 0 1 1 1 0 3 1 1 0 0 1 1 0 3 0 1 0 1 1 0 0 0 0 1 1 1 1 0 1 1 0 1 0 1 1 1 1 
0 1 0 1 2 1 0 0 1 1 1 0 0 1 1 0 1 1 1 0 3 0 1 1 1 1 0 1 0 1 0 0 1 1 0 1 1 0 0 1 1 1 1 0 0 1 0 0 1 0 1 1 
0 0 0 1 0 1 1 1 1 0 0 1 1 1 0 0 1 1 1 1 1 1 0 1 1 1 0 1 2 1 0 1 0 1 1 1 1 0 0 0 1 0 0 1 1 0 0 0 0 1 1 1 
1 1 0 0 1 0 0 0 1 1 1 1 1 1 0 0 1 0 0 1 0 0 0 0 1 1 0 0 3 1 0 0 1 0 1 1 0 0 1 0 1 0 1 1 0 0 0 0 1 0 1 1 
1 1 0 0 1 1 1 1 0 0 0 1 1 1 1 0 1 0 1 1 2 1 1 1 0 1 0 0 1 1 1 0 1 0 1 0 0 1 0 0 1 0 0 1 1 0 0 0 0 0 0 1 
1 1 0 0 0 0 0 0 0 0 1 1 1 0 1 0 1 1 1 0 1 1 1 1 0 1 0 0 1 0 1 1 1 0 1 0 0 0 0 0 0 0 1 0 0 1 1 0 1 1 0 0 
0 0 1 0 2 1 1 0 0 0 1 0 1 0 1 1 0 0 0 0 2 1 0 0 0 0 0 0 0 0 1 1 1 0 0 0 1 1 1 0 1 0 0 0 0 1 1 0 0 0 0 1 
0 0 1 0 2 1 0 1 0 1 0 0 1 0 1 1 0 1 0 0 0 1 0 0 1 1 0 1 2 1 0 0 0 1 1 1 0 0 1 0 1 1 1 1 1 0 1 0 1 0 0 1 

# Size = 24 | Time = 974 ms
1 0 1 0 1 1 1 0 0 1 1 0 0 0 1 0 0 1 1 0 2 1 1 1 0 0 1 0 2 1 1 0 1 0 0 0 1 1 0 0 1 1 0 0 0 1 0 0 0 0 0 1 
0 0 0 1 0 0 0 1 1 0 0 1 1 0 0 1 1 0 0 1 0 0 0 0 0 0 0 1 0 0 0 1 0 1 1 1 0 0 1 1 0 0 0 1 1 0 1 0 0 0 0 1 
0 1 0 0 2 1 1 0 0 1 0 1 0 1 0 1 0 0 0 0 1 0 0 0 1 1 1 0 1 0 1 0 0 0 1 0 1 0 0 1 0 0 1 1 0 1 1 1 0 1 1 0 
1 1 0 1 2 0 0 1 1 0 1 0 0 1 1 0 1 1 0 1 3 1 1 1 1 1 0 1 3 1 1 0 0 0 0 1 0 0 1 0 1 1 1 1 1 1 0 0 1 1 0 0 
0 1 1 0 0 1 0 1 1 0 0 0 1 0 1 0 0 0 1 1 1 1 0 0 1 1 0 0 1 0 0 1 1 1 0 1 0 1 0 0 1 1 1 0 0 0 0 1 0 1 1 1 
1 0 1 1 1 0 0 0 0 1 1 1 1 0 0 1 1 1 1 0 3 0 1 1 0 1 1 1 0 0 0 1 0 1 0 0 0 1 0 0 0 0 0 0 0 1 1 0 1 0 1 0 
1 1 1 0 0 0 1 0 1 0 1 0 0 1 0 0 0 1 1 0 0 0 0 0 0 0 1 1 3 1 0 1 1 1 1 0 1 0 1 1 0 1 0 1 1 0 0 0 1 1 0 1 
0 0 0 1 1 0 0 1 0 1 0 1 1 1 1 0 1 0 0 0 2 0 1 0 1 1 0 0 2 1 0 1 1 0 1 1 1 0 1 0 0 0 0 1 1 0 1 1 0 0 0 1 
0 1 1 0 2 1 1 1 0 0 1 0 1 1 1 1 1 0 0 1 0 0 1 1 0 0 1 1 3 1 0 0 1 0 1 0 1 1 1 1 1 0 0 0 0 1 1 1 0 0 1 0 
1 0 0 0 1 1 1 0 1 1 0 0 0 1 0 0 0 0 0 1 3 1 0 1 0 0 0 0 0 1 1 0 1 1 0 0 1 0 0 1 1 0 1 0 0 0 0 0 1 1 0 1 
1 0 1 1 0 1 1 1 0 1 0 1 0 1 0 1 1 1 0 1 1 1 1 1 1 0 1 1 1 0 1 0 0 0 1 0 0 0 1 1 0 1 0 0 0 1 1 1 0 0 0 0 
0 0 0 0 2 0 0 1 1 0 0 1 0 0 0 0 0 1 0 1 2 0 0 0 0 0 0 1 2 0 1 1 0 1 0 0 0 1 0 1 1 0 1 0 0 1 0 0 0 1 0 0 
0 0 0 1 1 1 0 0 1 0 0 1 0 0 1 1 0 0 1 0 0 1 1 1 1 0 1 0 3 0 1 1 1 1 0 1 1 1 0 0 1 0 0 1 1 1 1 0 1 1 0 0 
1 1 0 0 2 0 1 0 1 0 0 0 1 0 1 1 0 0 0 0 1 0 0 0 0 1 1 0 0 1 1 1 0 0 0 1 0 0 1 0 1 1 0 1 1 0 1 0 0 0 1 1 
0 1 0 1 0 1 0 0 1 0 1 1 0 1 0 1 1 0 1 0 3 0 0 0 1 1 1 0 2 1 1 1 0 0 1 1 0 0 1 1 1 1 0 1 0 0 1 1 0 1 1 1 
1 1 0 0 1 0 0 0 0 0 1 1 0 0 0 1 0 0 0 1 2 0 0 1 0 1 0 0 1 1 0 1 1 0 0 1 0 0 0 1 0 0 1 0 0 1 1 0 1 0 1 0 
0 1 0 1 2 1 1 1 0 1 1 0 0 1 0 1 1 0 1 0 0 0 0 1 1 1 1 0 2 1 0 1 0 1 0 0 0 1 1 1 0 0 1 1 1 1 1 0 1 1 0 1 
1 1 0 0 1 0 0 0 1 0 1 0 0 0 0 0 0 1 0 1 1 0 1 0 1 0 0 1 1 1 0 1 0 1 0 0 1 1 0 0 0 1 0 1 1 1 1 0 1 1 0 1 
0 0 0 0 0 0 0 0 1 1 1 0 0 0 1 0 1 0 0 1 2 0 1 1 1 0 0 0 0 0 1 0 1 0 0 1 0 0 1 0 1 0 0 1 0 1 0 1 0 0 0 0 
1 1 0 1 2 0 1 1 0 1 0 0 0 1 1 1 0 1 0 0 1 0 0 1 1 0 0 0 3 1 1 0 0 0 1 1 1 1 1 0 0 1 0 0 0 0 1 1 0 0 0 1 
1 0 0 0 1 1 1 1 0 1 0 0 0 0 0 1 0 1 1 0 3 0 0 1 1 0 0 0 1 1 0 0 1 0 0 1 1 1 1 0 1 1 1 0 0 0 1 0 0 1 0 1 
0 0 1 1 0 1 1 0 0 1 0 1 1 1 0 0 1 0 1 0 1 0 0 0 1 1 0 0 2 0 1 0 0 0 1 0 1 1 1 1 1 0 1 0 0 1 0 1 0 1 0 0 
1 1 1 1 2 0 1 1 0 0 0 1 0 0 0 0 1 1 0 1 0 0 0 1 1 0 1 0 1 0 1 1 1 1 0 0 0 0 0 1 1 0 1 1 0 1 0 0 0 0 1 0 
0 0 1 1 0 1 0 1 1 1 1 0 0 0 0 0 0 0 1 0 2 1 0 0 1 1 0 0 3 0 1 1 1 1 0 1 0 1 1 1 1 0 0 1 1 1 1 0 0 0 0 1 

# Size = 20 | Time = 912 ms
1 1 1 0 0 0 1 0 0 0 1 0 0 1 0 0 1 1 1 1 0 0 0 0 0 1 1 0 2 1 0 1 1 0 1 1 1 0 1 1 1 1 1 1 1 1 0 1 0 0 0 0 
0 0 0 1 2 1 0 0 1 1 0 1 0 0 0 0 0 0 0 0 1 0 0 1 1 0 0 0 0 0 0 0 0 0 0 0 0 0 0 0 0 0 0 0 0 0 1 0 0 1 1 1 
0 0 1 1 1 0 1 1 0 1 1 1 1 0 1 1 1 0 1 1 2 1 1 0 0 0 0 1 3 1 1 1 1 1 0 0 0 1 0 0 1 1 1 0 0 1 1 0 1 1 0 0 
1 1 0 0 0 1 0 0 0 1 0 0 1 1 1 0 1 0 0 0 3 1 1 0 1 1 0 1 1 0 1 0 0 1 1 1 1 1 0 1 0 0 0 1 1 0 0 1 0 0 0 1 
1 0 1 0 1 0 0 1 1 0 0 0 0 0 0 1 0 1 1 0 3 1 1 1 1 0 1 1 2 1 1 1 0 0 0 0 1 1 1 1 0 0 0 0 0 0 1 0 1 0 1 1 
0 1 0 1 2 1 0 1 0 0 1 1 1 1 1 0 0 1 0 1 0 1 0 1 0 1 0 0 3 0 0 0 0 1 1 0 0 0 1 0 0 0 1 1 1 1 0 0 1 1 1 0 
0 0 0 1 1 0 1 1 1 0 0 0 1 1 0 0 0 0 0 0 2 0 1 1 0 0 0 0 1 0 1 0 1 1 1 1 0 0 1 0 1 1 1 0 0 0 0 1 0 0 1 1 
0 1 0 0 0 1 0 0 1 0 1 1 1 0 1 1 0 1 0 1 1 0 0 0 0 1 1 0 0 1 1 1 0 1 0 1 0 1 0 1 1 0 0 0 0 1 1 0 1 0 0 0 
1 1 1 0 2 1 0 0 0 0 0 1 1 0 0 1 1 1 1 1 2 0 1 0 1 0 1 1 0 0 0 0 1 0 1 1 1 0 0 0 0 1 0 1 1 1 1 1 0 1 0 0 
1 0 1 1 2 1 1 1 1 1 1 0 0 1 0 1 1 1 0 0 0 1 0 0 1 0 1 1 1 1 1 1 0 1 0 0 1 0 0 1 0 1 0 1 1 1 1 1 0 1 1 1 
0 0 0 1 0 1 1 0 0 0 0 1 0 0 1 0 0 0 0 0 3 0 0 0 0 0 1 0 2 0 0 1 1 1 1 0 0 0 0 0 1 0 1 1 0 1 0 0 1 1 0 0 
1 0 0 0 1 0 1 0 1 1 1 0 0 1 0 0 1 0 1 1 1 1 1 1 1 1 1 1 3 1 0 0 1 0 0 1 1 0 1 1 0 0 1 1 1 0 0 1 0 0 0 1 
0 0 0 0 2 0 0 1 0 0 0 0 0 0 0 0 0 0 0 0 0 0 1 0 1 1 0 1 0 1 0 0 0 0 0 1 1 1 1 0 1 0 1 0 0 0 0 0 0 0 0 1 
0 1 1 0 0 0 0 1 1 0 0 0 0 0 1 0 0 0 1 0 2 0 0 0 0 1 1 0 1 0 0 0 0 0 0 0 1 0 0 1 0 0 0 1 0 1 0 0 1 0 1 0 
0 1 0 1 1 1 0 1 0 0 1 0 1 0 0 1 1 1 1 1 1 1 0 1 1 1 0 0 2 1 1 0 0 1 0 1 1 0 1 1 1 1 1 1 0 0 1 0 1 1 0 1 
0 1 1 0 2 0 1 0 0 1 1 1 1 1 1 0 1 0 1 1 3 1 0 0 1 1 1 1 0 1 1 1 1 1 0 0 0 0 1 0 0 1 1 0 0 1 0 0 1 0 1 1 
1 1 1 1 0 0 1 1 0 1 0 1 0 0 1 0 0 0 0 0 3 0 0 1 1 1 1 0 3 0 0 1 0 1 0 0 0 1 0 0 1 0 0 0 0 0 0 1 0 1 0 1 
1 0 1 0 0 0 0 0 0 0 0 1 0 0 0 0 0 0 1 1 1 1 0 1 0 1 1 0 1 1 1 1 0 1 1 0 0 0 0 0 0 1 1 0 0 1 0 1 0 0 1 1 
0 0 0 0 1 1 0 0 1 1 1 0 1 1 0 1 0 1 1 1 0 1 0 0 0 1 0 0 0 0 0 0 1 1 0 1 1 0 1 1 0 0 1 1 1 0 1 0 1 0 1 1 
0 1 1 0 2 1 0 0 0 1 0 1 0 0 0 0 0 0 0 0 2 0 0 0 0 0 0 0 2 0 0 0 0 0 0 0 0 1 0 1 0 1 0 1 1 0 1 1 0 0 0 1 

# Size = 24 | Time = 975 ms
1 1 0 0 1 0 1 1 0 1 1 1 0 0 1 1 1 1 0 0 2 1 1 1 0 1 0 1 1 0 0 1 0 0 1 1 0 1 1 0 1 0 0 1 0 1 1 0 1 0 1 0 
0 0 1 1 0 1 0 0 1 0 0 0 1 1 0 0 0 0 0 1 0 0 0 0 0 0 0 0 2 0 0 0 1 1 0 0 1 0 0 1 0 1 1 0 0 0 0 1 0 0 0 1 
1 0 1 0 2 1 0 1 1 1 1 0 0 0 1 0 1 0 1 1 3 0 1 0 1 1 1 1 3 1 1 0 1 0 0 0 0 0 1 0 1 1 0 1 1 1 0 1 0 1 1 1 
0 0 0 0 2 0 0 0 0 0 0 0 1 0 0 0 0 0 1 0 1 1 0 1 1 0 1 0 0 1 1 1 0 0 1 1 1 1 0 1 0 0 1 0 0 0 1 0 0 1 0 1 
0 1 0 1 0 1 1 0 0 1 0 1 1 1 0 1 0 1 1 0 0 0 1 0 1 0 1 0 1 1 1 0 1 1 0 0 0 0 1 0 0 0 1 1 1 1 1 0 1 1 1 0 
1 1 1 1 1 0 1 1 1 0 1 1 1 1 1 1 1 1 0 0 3 1 0 1 0 0 0 0 3 1 0 1 0 1 1 0 1 0 0 1 1 1 0 1 1 0 1 0 1 0 0 1 
0 1 1 0 1 1 0 1 1 0 1 0 0 0 0 0 0 1 1 0 2 1 0 0 0 1 0 1 0 0 1 0 0 0 0 1 0 1 0 1 0 0 1 0 0 1 0 1 0 1 0 0 
0 0 1 1 0 0 1 0 0 1 0 1 0 1 1 1 0 0 0 1 1 0 1 0 0 1 1 1 0 1 0 1 0 1 1 1 1 1 0 0 1 1 0 0 0 0 1 1 0 0 0 1 
1 1 0 0 2 0 1 0 0 0 1 0 0 1 0 0 1 1 0 1 0 1 0 1 1 1 0 0 2 0 0 0 0 0 1 1 0 0 1 0 0 0 0 0 0 0 0 0 1 0 1 1 
0 0 0 1 1 0 1 0 1 1 0 1 0 0 1 0 1 0 1 1 2 0 0 0 0 0 1 0 2 0 1 1 1 1 1 0 1 1 1 1 1 1 1 0 0 1 0 0 1 0 1 0 
1 0 0 0 0 1 0 1 0 0 0 0 1 0 0 1 1 1 0 0 1 1 0 1 0 0 1 1 3 0 0 1 1 0 0 1 0 1 1 0 0 0 1 1 1 1 1 1 0 1 0 0 
1 1 0 0 2 0 0 0 1 0 0 1 0 0 0 0 0 0 1 1 3 0 0 1 0 0 1 0 1 0 0 0 0 1 0 0 1 1 0 0 0 0 1 0 0 0 0 0 0 0 1 1 
1 1 0 0 0 1 0 1 1 0 1 0 1 0 0 0 1 1 0 0 1 0 1 0 0 0 0 0 0 0 0 0 1 1 0 0 0 0 1 1 1 1 0 1 1 0 0 0 1 1 1 1 
1 0 0 1 2 1 0 0 0 0 1 0 1 1 1 1 0 0 1 0 2 0 1 1 1 1 0 1 2 0 0 0 0 0 0 0 1 0 0 0 0 1 0 1 1 0 1 0 0 1 0 1 
0 0 0 1 1 1 0 1 0 0 0 0 0 0 1 0 0 0 0 0 0 1 1 0 1 0 1 1 1 0 1 1 1 1 1 0 0 1 1 1 1 1 0 0 0 0 1 1 0 0 0 1 
0 1 0 0 0 1 0 0 0 1 1 0 1 0 0 0 0 1 1 0 3 1 0 0 0 1 0 1 3 0 0 0 0 1 1 1 0 0 0 1 0 1 0 0 0 1 0 0 0 0 0 0 
0 1 1 1 2 1 1 1 0 0 0 1 1 1 0 0 0 1 1 1 2 0 1 1 0 0 0 0 2 1 1 0 1 1 0 1 0 0 0 1 1 1 1 1 1 1 1 0 1 1 1 0 
0 1 1 0 1 0 0 1 0 0 0 0 1 0 0 1 1 0 0 0 1 0 1 0 0 0 1 0 1 0 1 0 1 0 1 0 0 0 1 1 0 0 1 1 0 0 1 1 0 0 1 1 
0 0 1 0 2 1 1 1 1 1 1 0 0 1 1 0 1 0 1 1 3 0 0 0 1 1 1 1 0 1 1 0 1 0 0 0 1 1 1 0 0 0 0 0 0 1 1 0 1 1 0 1 
1 0 1 1 0 1 0 0 1 0 1 1 0 0 0 0 0 0 0 0 2 0 0 1 0 1 1 0 3 0 0 0 0 0 1 1 0 1 0 0 0 0 0 0 0 0 1 0 0 1 0 1 
0 1 0 0 0 0 0 1 1 0 1 0 1 0 1 0 0 0 0 1 1 1 0 1 1 0 0 0 2 1 0 0 1 1 0 0 1 0 0 0 0 0 1 0 0 1 1 0 0 0 1 1 
1 0 1 1 2 0 0 0 1 1 0 0 1 1 0 0 0 1 1 0 0 1 1 0 1 0 1 1 0 0 1 0 0 0 0 1 1 0 0 0 1 1 1 0 0 1 0 1 0 0 0 0 
0 0 0 1 2 0 1 1 1 1 0 1 0 0 0 0 0 1 1 0 3 0 0 0 1 1 1 0 2 1 0 0 1 1 0 0 0 0 0 0 1 1 0 0 0 1 0 0 0 1 0 1 
1 0 1 0 2 0 1 0 0 1 0 1 0 1 0 0 0 0 0 1 0 1 0 0 1 1 1 1 3 1 1 0 0 0 1 0 0 0 0 0 0 1 0 1 1 0 0 0 1 0 0 1 

# Size = 23 | Time = 975 ms
1 1 0 1 1 1 1 1 0 1 0 0 1 0 1 0 0 0 1 0 2 0 1 1 1 0 0 1 2 1 0 0 0 1 1 1 0 1 1 0 0 1 1 0 0 0 1 0 1 1 0 1 
0 0 0 0 0 0 0 0 1 0 1 0 0 1 0 1 1 1 0 0 0 0 0 0 0 0 1 0 0 0 1 1 0 0 0 0 1 0 0 0 1 0 0 1 0 1 1 1 0 0 0 0 
0 0 1 1 2 0 1 0 0 0 0 1 1 1 0 0 1 0 1 1 3 1 0 1 0 1 0 0 1 0 0 0 1 1 1 1 0 0 0 1 0 0 0 1 1 1 0 0 0 0 1 1 
1 0 0 0 2 1 0 1 0 1 1 1 0 0 1 0 0 1 0 0 1 1 1 0 1 1 0 0 3 0 1 0 1 0 0 0 1 0 1 1 1 1 1 1 1 0 0 1 0 1 1 1 
1 1 1 0 0 0 0 1 1 1 0 0 0 1 0 0 1 0 1 1 3 0 1 0 1 1 1 1 3 1 1 1 1 0 1 0 1 1 1 1 0 1 0 0 0 1 0 0 1 0 0 0 
0 0 1 0 1 1 1 0 1 0 1 1 1 0 0 1 0 1 0 0 1 1 0 0 0 0 1 1 1 1 0 1 0 1 0 0 0 1 0 1 1 0 1 0 0 0 1 0 0 0 0 1 
0 1 1 1 1 0 1 0 1 0 1 1 0 1 1 0 1 1 0 1 2 1 0 1 0 1 1 0 2 0 1 1 0 0 0 1 1 1 0 0 1 0 1 1 1 1 0 0 1 1 0 0 
0 0 0 0 0 1 0 1 0 1 0 1 1 0 1 1 0 0 0 0 0 0 1 1 1 0 0 1 0 1 0 0 1 1 0 1 0 1 0 0 0 0 0 1 1 1 1 0 1 0 1 0 
1 1 1 1 2 0 1 0 0 0 0 0 0 1 1 1 0 0 1 0 1 0 0 0 0 1 1 0 0 0 1 1 0 1 1 1 0 0 1 0 1 1 0 0 0 1 1 1 0 0 1 0 
0 0 0 1 0 1 1 1 0 0 0 0 0 1 0 1 0 1 1 1 3 1 0 1 1 0 0 1 3 0 0 0 0 0 0 0 0 0 1 0 0 0 0 1 0 0 1 1 0 1 0 1 
1 1 1 1 2 0 0 0 1 1 1 0 1 0 0 0 1 0 0 1 0 0 0 0 1 0 0 0 1 1 0 0 1 0 1 1 1 0 1 0 0 1 1 1 1 1 0 0 1 1 0 0 
0 0 0 0 1 0 0 1 0 1 1 1 0 0 0 1 0 0 1 0 2 0 0 0 0 1 1 0 2 0 0 0 1 0 1 0 0 0 1 1 0 0 0 0 0 0 1 1 0 0 1 1 
0 0 0 1 1 1 1 0 0 1 0 0 1 1 1 0 1 1 1 1 0 1 1 0 0 0 0 0 0 0 1 1 1 1 1 0 1 1 0 1 0 1 1 0 0 0 0 0 0 1 1 1 
1 1 0 0 0 1 0 0 0 0 0 0 1 1 1 0 1 0 0 1 1 0 1 1 0 0 0 0 3 1 1 1 1 1 1 1 0 1 0 1 0 0 1 1 0 0 0 0 1 0 0 1 
0 0 0 0 0 1 0 1 1 0 1 0 0 0 1 0 1 1 0 0 3 0 1 1 0 1 0 0 1 1 1 0 0 0 1 0 0 0 0 1 1 0 1 0 0 1 1 0 0 1 1 1 
0 0 0 0 2 1 0 0 1 0 1 0 1 0 1 0 0 0 0 0 0 0 0 0 0 1 0 1 2 1 1 1 0 0 0 1 0 1 1 1 0 1 0 1 1 1 0 1 0 1 1 0 
1 1 1 0 2 1 0 0 0 0 1 1 0 0 1 0 0 1 0 0 2 1 1 1 1 1 1 1 1 0 0 1 1 1 0 1 1 1 1 0 1 0 1 0 0 1 1 1 0 0 1 1 
0 1 1 1 1 0 0 0 0 0 0 0 1 0 0 0 0 1 1 0 2 0 1 1 1 1 0 0 3 1 1 0 1 1 0 0 0 1 0 0 1 1 0 1 0 1 1 0 1 0 1 1 
0 0 1 1 0 1 1 1 1 0 1 1 0 0 0 0 1 0 1 1 1 1 0 1 0 1 1 0 2 1 1 0 0 0 1 0 0 1 1 1 1 1 1 0 0 1 0 0 0 1 1 1 
1 0 1 0 0 1 1 1 0 0 0 1 0 0 1 0 0 0 0 0 2 1 0 0 0 1 1 1 0 1 1 1 0 1 0 0 1 0 1 1 0 0 0 1 0 1 0 1 0 0 1 0 
0 0 0 1 1 0 0 1 0 0 0 1 0 1 0 0 1 0 0 1 3 1 0 0 1 0 1 0 0 1 1 0 1 1 1 0 0 0 1 1 0 0 1 1 1 1 0 0 1 1 0 0 
1 1 1 1 1 0 1 0 1 0 0 0 1 0 1 0 1 0 0 1 3 1 1 1 0 1 1 0 2 0 0 0 0 0 1 1 1 0 1 1 0 0 0 0 0 0 1 0 1 1 0 1 
0 0 1 0 2 1 0 1 0 0 0 0 1 1 0 1 1 1 0 0 0 1 1 1 1 0 1 1 3 0 1 1 0 0 1 0 0 1 1 1 1 1 1 1 1 1 1 0 1 0 0 1 

# Size = 22 | Time = 887 ms
1 1 0 1 0 0 1 1 1 1 0 0 0 0 1 1 1 0 0 0 1 1 0 1 1 1 1 0 3 1 0 1 0 0 1 0 0 0 1 1 1 1 1 0 0 1 1 0 1 0 1 1 
0 0 1 0 2 1 0 0 0 0 1 1 0 0 0 0 0 1 1 1 3 0 0 0 0 0 0 0 0 0 0 0 1 0 0 1 1 0 0 0 0 0 0 1 1 0 0 1 0 0 0 1 
0 1 0 0 1 0 1 0 0 0 0 0 1 1 0 0 0 0 0 0 2 1 1 0 0 0 0 1 1 0 1 0 0 1 0 0 0 1 1 1 0 0 0 0 0 1 0 0 1 1 0 0 
0 0 1 1 1 1 0 1 0 1 1 0 0 1 1 1 1 1 1 0 0 0 1 0 1 1 0 1 2 1 1 1 1 1 1 1 1 0 0 0 1 1 1 1 1 1 1 1 0 1 1 0 
1 1 0 1 0 1 0 1 1 1 1 1 1 1 0 0 1 1 0 1 0 0 1 1 0 0 1 0 1 1 0 0 0 1 0 1 0 1 0 1 0 1 0 1 1 0 1 0 0 1 1 1 
0 0 1 0 0 0 1 0 1 0 0 1 1 0 1 1 0 0 1 1 2 1 0 1 0 0 1 0 2 0 1 1 1 0 1 0 0 1 0 0 1 0 1 0 0 0 1 1 0 0 0 1 
1 0 0 1 2 0 0 1 1 0 0 1 1 0 0 0 0 1 1 1 1 0 1 0 1 1 1 1 0 0 1 0 1 1 1 0 0 1 1 1 1 0 1 1 0 0 0 0 0 0 1 1 
1 1 1 0 2 1 1 0 0 0 1 1 0 0 1 0 1 0 0 1 3 1 0 1 1 1 0 0 3 1 0 0 0 0 0 0 1 1 1 0 0 1 0 1 1 1 0 0 1 1 0 0 
1 0 0 0 1 1 1 1 1 1 0 1 0 1 1 0 0 1 0 0 3 1 0 0 1 0 1 1 0 1 0 1 0 0 1 1 1 0 0 0 0 0 0 0 0 1 1 1 0 0 0 0 
0 0 0 0 1 0 0 0 0 1 1 0 1 0 0 0 0 0 1 1 0 0 0 1 0 0 0 0 3 0 1 0 1 1 0 1 1 0 0 1 0 1 0 0 0 0 0 0 1 0 0 1 
0 1 0 1 0 0 1 0 0 0 1 0 1 1 0 1 1 1 1 1 1 0 0 0 0 0 0 1 2 0 0 1 0 1 0 1 0 0 1 1 0 0 0 1 1 1 1 1 0 1 0 0 
1 0 1 0 2 0 0 0 1 1 1 0 0 0 1 0 0 1 0 0 2 0 0 1 1 1 0 0 1 0 0 1 1 0 1 1 1 0 1 0 0 0 0 0 0 0 0 0 1 0 1 1 
0 0 0 1 2 0 1 1 0 1 0 0 1 0 0 1 0 1 0 0 3 0 1 1 1 0 1 1 2 1 1 0 0 0 0 0 0 1 1 1 1 1 1 0 0 1 1 0 0 0 1 1 
0 0 0 0 0 0 0 0 1 0 0 1 0 1 1 0 0 0 0 1 0 1 1 0 0 1 0 1 3 0 0 1 1 0 1 0 1 1 1 1 1 0 0 1 0 1 0 1 0 0 1 1 
0 1 1 0 0 1 0 0 0 0 0 0 1 1 1 0 1 0 0 0 1 0 0 0 0 0 0 0 0 0 0 0 1 1 0 0 1 0 0 0 0 0 1 1 1 1 1 1 0 1 0 0 
1 0 1 1 2 1 0 1 1 0 0 1 0 1 0 0 1 1 0 0 2 0 1 0 1 0 0 1 2 1 0 0 0 1 0 1 0 1 0 1 0 1 0 1 0 0 0 0 1 0 1 1 
1 0 0 0 0 1 1 1 1 0 0 0 0 1 1 1 0 1 0 1 3 0 0 0 0 0 1 1 1 1 0 0 0 1 0 1 0 1 1 1 1 1 1 1 0 0 1 1 0 0 1 1 
1 0 0 0 0 1 0 0 1 1 1 0 1 1 0 1 0 1 1 1 0 1 0 1 1 0 1 0 0 0 0 1 1 0 0 1 0 0 0 1 1 1 1 0 0 1 1 0 1 1 0 0 
0 0 1 1 1 1 0 1 0 0 1 0 1 1 0 0 0 1 1 0 2 0 0 0 1 0 1 1 3 1 1 0 0 0 0 0 0 1 1 0 1 0 0 1 1 0 0 0 1 1 0 1 
1 1 0 1 1 1 1 0 1 1 0 0 0 1 1 1 0 1 1 1 1 1 0 0 1 1 0 1 1 0 1 0 0 0 1 0 1 1 1 1 0 1 1 0 0 0 1 1 0 1 0 1 
1 1 1 1 2 0 1 1 0 0 0 0 1 1 1 1 1 0 1 1 0 0 1 0 0 0 0 1 0 1 0 0 1 0 0 1 1 1 1 0 1 1 0 0 0 1 1 1 0 0 1 0 
0 1 0 0 2 0 1 1 1 0 1 1 1 1 0 0 1 0 0 1 2 0 1 1 1 0 0 0 0 1 0 1 0 0 1 1 1 1 1 1 0 0 0 0 0 0 0 1 0 0 1 1 

# Size = 23 | Time = 903 ms
1 0 0 0 2 1 0 1 1 1 1 1 1 0 0 1 0 1 0 1 1 0 1 0 1 1 0 0 3 1 1 0 0 1 1 1 1 1 0 1 0 1 1 1 1 1 1 0 1 1 1 0 
0 1 1 1 0 0 1 0 0 0 0 0 0 1 1 0 1 0 0 0 0 0 0 1 0 0 0 0 0 0 0 1 1 0 0 0 0 0 1 0 1 0 0 0 0 0 0 0 0 0 0 1 
1 0 1 0 1 0 0 0 0 0 1 1 0 0 1 0 0 1 1 0 3 1 1 1 1 0 1 1 1 1 0 0 0 1 0 1 0 1 1 1 1 1 0 1 1 0 0 1 0 0 1 1 
0 1 0 1 2 1 0 0 1 1 0 1 1 1 0 0 1 0 1 0 2 1 0 0 0 1 1 1 2 0 1 0 1 0 0 0 1 0 0 0 0 0 1 0 0 0 1 0 1 1 0 1 
0 0 0 0 1 0 1 1 0 0 0 0 0 0 0 1 0 0 0 1 3 0 0 0 0 0 1 0 1 0 0 1 1 0 1 0 0 1 0 1 0 0 1 0 0 1 1 1 0 0 0 0 
1 1 1 1 0 0 0 1 1 1 1 0 0 1 1 1 0 1 1 1 0 1 1 1 1 1 1 0 0 1 1 1 0 1 1 1 1 0 0 0 1 1 0 1 0 1 1 0 1 1 0 0 
0 1 1 1 2 1 1 0 1 1 1 0 1 0 1 0 1 1 0 1 1 1 0 0 1 1 1 0 3 0 0 1 0 1 1 0 0 0 1 0 0 0 0 0 0 1 0 1 0 0 1 1 
1 0 1 0 0 1 1 1 0 0 0 0 0 0 0 0 1 0 0 1 2 0 1 0 0 0 0 1 2 1 0 1 0 0 0 0 1 1 1 0 0 1 1 1 1 1 0 1 0 1 1 0 
1 1 0 0 1 1 1 1 1 0 1 0 1 1 1 1 0 0 0 0 3 1 0 0 0 0 0 0 2 0 1 0 1 1 1 1 0 0 0 1 1 0 1 1 1 0 1 0 1 1 0 1 
0 0 0 1 2 1 0 0 0 0 0 0 0 1 0 0 0 1 1 1 1 0 1 1 0 1 0 1 0 1 1 0 1 0 0 1 0 1 0 1 0 1 0 0 0 0 0 1 0 0 0 1 
0 0 0 1 0 1 1 0 0 1 0 1 1 1 0 1 1 1 0 0 0 1 0 1 0 0 0 1 1 0 0 1 1 1 0 1 0 0 1 0 1 1 1 1 1 1 1 0 1 0 1 0 
0 1 0 1 1 0 0 0 0 0 1 0 1 0 1 1 0 0 1 0 2 0 1 1 1 0 0 1 3 1 0 1 1 0 1 1 1 1 0 0 1 0 0 1 0 0 1 0 1 0 0 1 
1 0 0 0 1 0 0 0 1 1 0 1 1 0 0 0 1 0 0 0 0 1 0 0 0 0 0 0 0 0 1 0 0 0 0 1 0 0 1 1 0 0 1 0 0 1 1 1 0 0 1 0 
1 1 1 0 2 0 1 1 0 1 0 1 0 0 1 0 0 0 1 0 1 0 1 1 1 0 1 1 2 0 1 0 0 0 0 0 0 0 1 1 1 0 0 1 0 0 0 0 1 0 0 1 
0 1 0 1 0 0 0 0 1 1 0 1 0 1 0 0 1 1 0 0 3 0 0 1 0 1 1 0 3 1 0 0 0 0 0 0 1 1 1 0 1 0 0 1 0 0 1 0 0 0 0 1 
0 1 0 0 0 0 0 1 1 0 0 1 1 1 1 0 0 1 0 1 2 0 0 0 0 1 1 0 1 1 1 1 0 1 0 0 1 1 0 1 1 0 0 0 0 1 1 0 1 0 0 0 
1 0 0 1 1 0 0 1 0 1 0 1 1 1 0 0 0 1 0 0 0 0 0 0 0 1 0 1 2 1 1 1 0 0 0 0 1 1 0 0 1 1 0 1 0 1 1 0 1 0 1 0 
1 1 1 1 2 1 1 0 0 1 0 1 0 0 0 0 0 0 1 1 3 0 1 0 0 1 1 1 0 0 0 0 0 0 1 0 1 0 1 0 1 0 0 1 1 1 1 0 1 1 1 0 
0 0 0 0 2 0 1 1 1 0 1 0 0 1 1 1 1 0 1 0 1 0 0 0 0 1 1 1 1 0 0 1 1 0 1 1 0 1 1 1 0 0 0 1 1 0 1 0 1 1 0 1 
1 0 1 1 2 1 1 1 1 1 1 1 1 0 0 0 0 1 0 0 2 1 1 1 1 1 0 1 0 0 1 1 1 0 0 1 0 1 1 1 0 1 1 1 1 0 0 0 0 1 1 1 
0 0 1 1 2 0 0 0 0 0 1 0 1 0 1 0 1 0 1 1 0 1 0 1 1 1 0 0 3 1 1 1 1 1 0 0 1 0 0 1 0 1 1 0 0 1 1 0 1 1 0 0 
0 1 1 0 0 1 0 1 1 0 1 1 0 0 0 0 1 1 0 1 1 0 1 1 0 0 1 0 3 1 1 1 1 1 1 1 1 1 1 0 0 1 0 1 1 1 1 0 0 1 1 1 
0 0 1 1 1 0 0 0 1 0 0 0 0 0 0 0 1 0 1 0 1 0 1 0 1 1 0 1 0 0 1 0 1 0 1 0 0 0 0 1 0 0 1 0 0 1 0 0 0 0 1 0 

# Size = 22 | Time = 939 ms
1 0 0 0 0 0 1 1 1 1 0 0 1 1 1 1 1 0 0 1 2 1 0 1 1 0 1 0 0 1 1 1 1 1 0 0 1 0 0 0 0 1 0 0 0 1 1 1 0 0 1 0 
0 0 1 1 1 0 0 0 0 0 0 1 0 0 0 0 0 1 1 0 0 0 1 0 0 1 0 0 3 0 0 0 0 0 1 1 0 1 1 1 1 0 0 1 0 0 0 0 1 0 0 1 
1 1 1 1 2 1 0 0 1 1 1 0 0 1 0 1 1 0 0 1 1 1 0 1 1 0 0 1 1 1 0 0 0 0 1 1 0 0 1 0 0 1 1 1 1 0 1 0 1 1 0 1 
0 1 0 0 0 1 1 1 0 0 1 1 1 0 0 0 0 1 1 0 3 0 1 0 0 0 1 0 2 0 0 1 1 1 0 0 1 1 0 1 1 0 1 1 1 1 0 1 0 1 1 0 
0 0 0 1 2 1 1 1 1 0 1 0 0 0 1 0 0 0 1 0 1 1 0 0 0 1 0 1 3 0 1 0 1 1 1 0 0 0 0 1 0 0 1 0 0 1 1 0 0 1 0 0 
1 1 0 0 2 0 0 0 0 0 0 1 0 1 1 0 1 1 0 1 3 0 1 0 1 1 1 1 1 0 1 1 0 1 0 1 0 1 0 0 1 1 0 0 0 0 0 1 0 0 1 1 
0 0 1 0 1 0 1 1 0 1 0 1 1 0 1 1 0 1 0 1 0 0 0 1 1 1 0 1 2 1 1 0 1 0 0 1 1 0 1 0 0 0 1 0 0 1 1 0 1 0 0 0 
1 0 0 1 1 0 0 0 0 1 0 0 1 1 0 0 0 0 1 0 2 1 1 0 0 1 0 0 0 1 0 1 0 0 1 0 0 1 1 1 0 1 1 1 1 0 0 1 0 1 0 1 
0 1 1 1 0 0 0 0 1 0 1 1 0 0 0 1 1 1 0 0 2 0 0 1 0 0 1 0 0 0 1 0 0 0 1 0 0 1 0 0 1 0 0 1 1 1 1 0 1 0 1 0 
0 1 0 0 0 1 0 1 1 1 0 0 0 1 0 0 1 0 1 1 1 0 1 1 0 1 1 0 3 0 0 1 1 0 0 1 1 0 1 1 1 0 0 0 0 0 0 0 1 0 0 1 
1 1 1 1 1 1 0 0 1 1 1 0 0 0 1 0 1 0 1 0 0 1 1 0 1 0 0 1 2 0 0 0 0 1 1 0 1 0 1 0 1 0 0 1 1 0 0 1 0 1 1 1 
0 0 1 1 1 0 1 1 1 1 1 0 1 0 0 0 0 1 0 0 3 1 0 1 1 0 0 0 1 1 1 0 0 0 0 0 0 0 0 1 0 1 0 0 0 1 0 0 1 1 0 1 
1 0 0 1 2 0 1 0 0 0 0 1 1 0 0 1 1 0 0 0 1 0 1 0 0 0 0 0 3 1 0 0 1 1 0 0 1 1 0 0 1 1 0 1 1 1 1 1 0 0 1 0 
1 0 0 0 0 1 0 1 1 0 0 0 0 1 1 1 0 1 1 0 0 1 0 1 0 0 1 1 1 1 0 0 1 1 1 1 1 0 0 1 1 0 1 0 0 0 1 0 1 0 0 1 
0 1 1 0 2 1 0 1 1 1 1 1 0 0 1 1 0 0 0 0 3 1 1 0 1 0 1 0 0 0 1 0 1 0 1 1 0 0 1 1 0 0 0 1 1 1 1 0 0 1 1 0 
0 1 1 1 0 0 1 1 1 1 1 1 0 1 0 0 1 0 0 0 2 1 1 1 0 0 0 1 2 0 0 1 1 1 1 1 0 0 0 1 0 1 0 0 0 0 1 0 0 0 1 1 
1 0 0 0 2 1 0 1 1 0 0 1 1 1 1 0 0 0 0 0 0 1 1 0 1 0 1 1 0 1 0 1 0 0 0 0 1 0 1 0 1 1 1 1 0 0 0 0 0 0 0 1 
0 0 1 1 1 1 0 1 1 1 1 1 1 0 1 1 1 1 0 1 1 0 0 1 1 1 1 0 0 1 0 0 0 0 1 1 0 0 0 0 0 0 0 0 0 1 1 1 0 0 1 0 
0 0 1 0 2 1 1 0 0 0 1 0 1 1 1 0 0 1 1 0 2 0 0 0 1 0 1 0 3 0 1 1 1 1 0 1 1 0 1 0 0 0 0 0 0 0 1 0 0 1 1 1 
0 0 0 0 2 1 1 0 0 0 0 0 1 0 0 1 1 1 1 1 1 1 0 1 0 1 0 0 2 0 0 1 1 0 1 0 1 0 1 0 0 1 0 0 0 0 1 1 0 1 1 1 
0 1 0 0 2 0 1 0 0 0 1 1 0 1 0 0 1 0 0 0 2 0 0 0 1 1 0 1 1 0 0 1 0 0 0 1 0 0 0 0 1 0 1 1 0 1 1 0 1 1 0 0 
1 0 0 1 2 1 1 0 1 1 1 1 1 1 0 0 0 0 0 1 3 0 1 1 1 1 1 0 3 1 1 0 1 1 1 1 1 1 0 0 1 1 0 0 0 1 0 1 0 1 0 0 

# Size = 21 | Time = 877 ms
1 1 1 0 2 1 1 0 0 1 0 0 0 1 0 1 1 1 1 1 3 1 1 0 1 0 0 0 1 1 0 1 0 1 1 1 1 0 0 1 1 1 1 1 0 1 1 0 0 0 1 1 
0 0 0 0 0 0 0 1 0 0 1 1 1 0 1 0 0 0 0 0 2 0 0 0 0 1 1 0 3 0 0 0 0 0 0 0 0 0 0 0 0 0 0 0 0 0 0 0 1 0 0 1 
0 0 0 1 1 0 0 1 1 0 0 0 0 0 0 1 1 1 1 0 0 0 1 1 1 0 1 1 0 0 1 1 0 0 1 0 1 1 1 0 0 0 1 1 1 1 1 1 0 1 0 0 
0 0 1 1 1 1 0 0 1 1 1 1 0 1 1 0 0 0 0 1 1 1 0 1 0 0 0 1 3 0 1 0 1 1 0 1 0 0 1 1 1 1 0 0 0 1 1 0 1 1 1 0 
1 1 0 1 0 1 1 1 1 0 0 0 1 1 0 1 0 0 0 1 0 0 0 1 0 1 0 0 2 1 0 0 1 1 0 0 0 1 1 0 1 1 0 1 1 0 1 1 0 1 1 1 
1 1 1 0 0 1 1 0 0 1 1 1 1 0 1 0 1 0 1 0 3 1 0 1 1 1 1 1 0 1 0 1 1 0 1 1 1 1 0 1 0 0 1 1 0 1 0 0 1 1 0 0 
0 0 0 0 2 0 1 0 1 0 0 0 1 0 0 0 0 1 1 1 1 1 1 0 0 1 0 0 1 1 1 1 1 1 0 0 1 1 1 1 0 0 0 0 0 0 0 1 0 0 0 1 
1 1 1 1 2 0 0 1 0 1 0 1 0 1 1 1 0 1 0 1 2 1 1 0 0 0 0 1 2 0 1 0 0 0 1 1 0 0 0 0 1 0 1 1 1 0 1 1 0 0 0 1 
0 1 1 0 1 0 0 0 0 0 1 0 0 0 0 0 1 1 0 0 0 0 1 0 1 0 1 0 2 1 0 1 0 0 1 1 0 1 0 1 1 1 0 0 0 0 0 0 1 0 1 1 
1 0 0 0 0 0 0 0 1 1 1 1 0 1 0 0 1 0 0 0 3 0 1 1 0 0 1 1 1 0 1 0 0 0 0 0 0 1 0 0 0 0 0 1 1 1 0 0 1 0 1 0 
1 0 0 0 2 0 1 1 0 0 1 0 1 1 0 1 0 0 0 0 1 0 0 0 1 0 1 0 0 0 0 0 0 0 0 1 1 0 0 0 0 0 1 0 0 1 1 0 1 0 1 0 
1 1 1 0 1 1 1 0 0 0 1 0 1 0 0 1 1 0 1 0 2 0 0 0 0 0 0 1 3 1 1 1 1 1 1 0 1 1 1 1 1 1 1 1 1 1 1 1 0 1 0 1 
0 0 1 1 0 0 0 0 0 0 1 1 0 0 0 0 0 1 1 1 3 1 0 0 0 1 1 0 0 0 0 0 0 1 0 0 0 0 0 0 1 0 0 0 0 0 0 0 0 0 1 1 
0 0 1 1 2 1 1 1 0 0 0 0 0 0 1 1 0 0 0 0 0 1 0 1 0 1 0 1 1 1 0 0 0 1 0 0 0 0 0 0 0 1 0 0 0 1 1 0 1 1 0 0 
0 0 1 1 1 1 1 1 0 0 0 0 0 0 1 0 0 0 1 0 3 1 1 0 1 1 0 0 2 0 1 0 1 0 1 0 1 0 1 1 0 0 0 0 0 1 1 1 0 1 1 0 
1 0 0 1 2 1 0 0 0 1 0 1 1 1 1 1 0 1 0 1 0 0 1 0 1 1 1 1 3 0 1 0 0 0 1 0 0 0 0 0 0 1 0 1 0 1 1 0 0 1 0 0 
0 0 0 0 2 0 0 0 1 0 0 1 1 0 0 0 0 0 0 1 2 0 1 1 1 1 0 0 0 1 1 1 1 0 0 0 0 0 0 0 1 0 0 0 0 1 1 0 1 0 1 0 
1 1 0 1 0 0 0 1 0 0 1 0 1 1 0 1 1 0 0 0 1 1 1 0 0 0 0 0 0 1 0 0 1 1 1 0 1 0 0 1 0 1 1 1 1 0 1 0 1 0 0 1 
1 0 0 1 1 0 0 0 0 1 0 0 1 0 0 1 0 0 0 1 2 0 0 0 1 0 0 1 1 0 0 0 1 1 0 1 1 0 1 1 0 1 1 1 0 0 1 0 1 0 1 1 
0 1 1 1 2 1 1 1 1 1 0 1 1 1 1 0 1 0 1 1 1 0 0 1 0 1 0 1 2 1 0 1 0 0 0 1 0 1 1 0 1 0 1 1 0 1 1 1 0 0 0 1 
1 1 0 0 1 0 0 0 0 1 0 0 1 1 1 0 1 0 0 1 3 0 0 0 0 0 1 1 3 0 1 0 0 0 0 1 1 0 0 1 0 1 1 0 0 0 1 1 0 1 0 1 

# Size = 23 | Time = 969 ms
0 1 1 0 1 1 0 0 1 0 1 0 0 1 1 0 1 1 0 0 1 1 0 0 1 0 1 1 1 0 0 1 1 1 1 1 0 0 0 0 0 0 1 1 1 0 0 0 1 1 1 1 
1 0 0 1 0 0 1 1 0 0 0 1 0 0 0 0 0 0 0 1 0 0 1 1 0 0 0 0 2 1 1 0 0 0 0 0 0 0 0 1 1 1 0 0 0 1 1 0 0 0 0 0 
1 1 0 0 0 1 0 1 1 1 1 0 1 0 0 1 0 1 1 0 2 0 1 0 1 1 0 1 3 1 1 0 0 1 0 1 1 1 1 1 0 1 0 1 1 0 1 1 0 0 1 1 
0 0 0 0 2 0 0 0 0 1 0 0 1 1 0 0 1 0 1 1 3 1 0 1 0 1 0 0 0 0 0 1 1 0 1 0 1 1 1 0 0 0 1 0 0 1 0 0 0 1 0 0 
1 0 1 1 2 1 1 0 1 0 0 1 1 0 1 1 1 0 1 1 2 1 0 0 1 1 1 0 3 0 0 0 1 1 0 0 0 1 0 0 1 0 0 1 0 1 1 1 0 1 1 0 
0 0 1 1 1 0 1 1 0 1 1 1 1 1 1 0 0 1 0 0 3 0 0 1 0 0 1 1 0 1 1 1 1 0 1 0 1 0 0 1 1 0 1 0 0 0 0 0 1 0 0 1 
0 1 0 1 2 0 1 1 0 1 0 1 0 1 1 1 0 0 0 0 0 0 1 0 0 1 1 0 1 0 0 1 0 0 1 1 1 0 1 0 1 1 0 1 1 0 1 0 1 1 0 1 
0 1 1 0 0 0 0 0 0 1 1 1 1 1 1 1 0 0 1 1 1 1 0 1 0 0 0 1 2 1 0 0 0 1 0 0 0 1 1 0 1 1 1 0 0 0 1 1 0 0 1 1 
1 1 0 1 1 1 0 0 1 0 0 0 0 0 0 0 1 1 0 0 3 0 1 1 0 0 0 1 1 1 1 0 0 0 1 1 0 1 1 0 0 0 1 0 0 1 0 1 0 0 1 0 
1 0 1 0 0 1 1 1 0 0 1 0 1 0 0 0 1 1 0 1 0 1 1 1 1 1 1 0 2 0 1 1 1 1 0 1 0 1 1 0 0 0 0 1 0 1 0 0 1 1 0 0 
0 0 0 1 1 0 0 0 0 0 0 0 0 0 0 0 1 0 1 1 1 1 0 1 1 1 1 0 3 0 0 1 1 0 0 0 1 0 1 1 1 1 0 1 1 1 0 1 0 0 0 0 
0 1 1 0 2 0 0 0 1 0 1 0 0 0 0 1 0 1 0 0 2 0 1 0 0 0 0 1 0 1 0 0 0 1 0 0 0 0 0 1 1 1 0 0 0 1 1 0 0 0 0 1 
1 0 0 0 0 0 0 1 0 0 1 0 0 1 0 0 0 0 1 0 2 1 1 1 1 0 0 0 3 1 0 1 1 0 1 0 1 0 1 0 1 1 1 0 0 1 1 0 1 1 0 0 
0 1 0 0 2 1 0 0 1 0 1 1 0 1 0 0 0 0 1 0 0 0 0 0 1 1 0 0 0 0 1 1 0 0 0 1 0 0 0 0 0 0 1 1 1 1 0 1 0 0 1 0 
0 0 1 0 1 1 1 0 1 0 1 0 1 0 1 0 1 1 0 0 3 0 1 0 1 0 1 0 2 0 0 0 0 0 0 0 0 0 0 1 0 1 0 1 1 1 1 0 1 1 0 1 
0 0 0 0 1 0 1 0 1 1 0 0 1 1 0 1 0 1 1 1 1 0 1 0 1 1 0 0 1 1 1 0 0 1 0 0 1 0 1 1 0 1 0 0 0 1 1 0 1 0 0 0 
1 0 0 0 2 0 0 1 0 0 0 0 0 0 1 0 0 0 0 0 1 0 0 0 0 0 0 1 2 0 0 1 0 0 1 0 1 0 0 0 0 0 0 1 0 1 0 0 0 1 0 1 
1 0 0 0 0 1 1 0 0 0 1 0 0 0 0 1 1 1 0 1 3 1 0 0 0 0 1 0 0 0 0 1 0 1 0 0 1 0 1 0 0 1 1 1 1 0 1 0 0 1 0 1 
1 1 1 1 1 0 1 1 1 0 0 0 0 1 0 1 0 0 0 1 0 1 1 1 0 1 0 1 3 1 0 0 0 0 1 0 1 0 0 0 0 0 0 0 0 1 1 0 0 1 0 0 
0 1 0 0 0 1 0 0 1 0 1 1 0 0 0 0 0 0 1 1 2 1 1 0 0 0 1 0 1 1 0 0 1 1 0 1 1 0 0 1 0 0 0 0 0 0 0 0 0 1 1 1 
0 0 1 1 1 0 0 1 0 0 1 0 0 0 1 1 1 0 0 0 2 0 1 0 0 1 0 1 2 0 1 1 0 0 0 1 0 1 1 0 1 1 0 0 0 1 1 1 0 0 1 0 
0 1 0 0 2 0 1 0 0 1 1 1 1 1 1 0 0 1 0 1 1 0 1 1 0 1 1 1 0 0 0 0 1 1 0 0 1 1 1 0 1 0 0 1 1 0 1 0 1 0 1 1 
0 1 1 0 0 1 1 1 0 1 1 1 0 1 1 0 1 1 1 1 3 1 0 1 1 0 1 1 3 0 0 0 1 0 1 0 0 0 1 0 1 1 1 1 1 1 1 0 1 0 1 0 

# Size = 24 | Time = 1058 ms
1 0 0 1 1 0 1 0 1 0 0 0 0 0 1 0 0 1 1 1 2 0 1 0 1 1 0 1 2 0 0 1 1 0 0 0 0 1 0 1 1 0 0 0 0 1 1 0 1 0 1 1 
0 0 1 0 2 1 0 1 0 1 1 1 0 0 0 0 0 0 0 0 0 0 0 0 0 0 1 0 0 1 1 0 0 0 1 1 0 0 1 0 0 1 1 1 0 1 0 1 0 1 0 0 
1 1 1 0 0 1 1 1 0 0 0 1 1 1 1 1 1 0 0 1 3 1 1 0 0 0 1 0 3 0 0 0 0 1 1 0 1 0 0 1 1 0 1 1 1 0 1 0 1 0 0 1 
0 1 0 1 0 0 0 0 1 1 1 0 1 1 0 0 1 1 1 0 1 0 0 1 0 0 0 1 1 1 1 0 0 1 0 1 1 1 1 0 0 0 0 1 1 0 0 0 1 0 1 1 
0 1 0 0 1 1 0 0 0 1 1 0 0 1 0 1 1 0 0 0 3 1 1 1 1 1 0 1 1 0 1 1 0 0 1 0 1 1 0 1 0 0 1 0 0 1 1 1 0 1 1 0 
1 1 1 1 2 0 0 1 1 0 0 1 1 0 0 0 1 1 1 1 2 1 0 1 0 1 0 1 3 1 0 1 1 1 0 1 0 0 1 0 0 1 0 0 0 0 0 1 0 1 0 1 
1 0 0 0 2 0 0 0 1 0 0 0 1 1 1 1 0 0 1 0 0 0 0 1 1 1 0 0 0 1 1 1 1 1 0 1 1 1 0 1 1 1 0 1 1 1 1 0 0 0 0 0 
0 0 0 0 0 1 1 1 0 0 1 1 0 0 1 1 0 0 0 1 1 0 0 1 1 0 1 0 2 0 0 0 1 0 1 0 0 0 1 0 1 1 0 0 0 0 1 0 0 1 1 1 
1 0 1 1 1 0 1 0 0 1 1 1 1 0 1 0 0 1 0 1 3 0 0 0 1 0 1 0 1 1 1 1 1 0 0 1 1 0 0 0 0 1 0 1 1 1 0 1 0 0 0 0 
0 0 1 1 0 1 1 0 0 1 0 0 1 0 0 0 1 1 1 0 0 0 0 0 1 1 1 1 3 0 0 0 1 0 1 1 1 1 1 1 1 0 1 0 0 1 0 0 1 0 1 0 
0 1 1 1 2 1 0 0 1 1 0 0 0 1 0 0 0 0 0 0 2 1 1 0 0 0 1 0 2 1 0 0 0 1 1 0 0 0 1 0 0 0 1 1 1 0 0 0 1 1 1 1 
1 0 0 1 1 0 1 1 0 1 0 0 0 1 0 1 1 1 1 0 1 1 1 0 0 0 0 0 0 0 0 1 0 1 1 0 1 1 0 0 1 1 1 0 0 0 1 1 0 0 0 1 
1 1 1 0 2 0 1 0 0 1 1 0 0 0 1 0 1 1 0 1 0 1 1 1 1 0 0 1 0 0 0 1 0 0 0 1 0 0 0 1 0 0 1 1 1 0 0 0 1 0 1 1 
0 0 0 0 0 1 0 0 0 0 0 1 1 0 1 0 1 0 0 0 2 0 0 0 0 1 0 0 2 1 1 1 1 0 0 1 1 1 0 1 1 1 0 1 0 1 1 0 1 0 0 0 
0 0 1 1 1 0 0 1 0 0 0 1 1 0 0 0 1 0 0 0 1 0 0 1 1 1 1 1 1 0 0 0 0 1 0 1 0 0 1 1 1 0 1 1 0 1 0 1 0 0 0 0 
0 0 0 1 0 0 1 0 0 0 1 1 0 0 0 0 0 0 1 1 3 0 0 1 1 0 0 0 3 0 1 0 0 0 0 0 0 0 1 1 1 1 1 1 0 1 0 1 0 1 0 0 
0 1 1 1 1 1 1 0 1 1 0 0 1 0 1 1 1 0 1 0 0 1 0 0 1 0 0 0 2 0 1 1 1 0 1 0 0 0 1 0 0 1 0 1 1 1 1 1 0 1 1 1 
0 1 1 1 2 1 1 1 0 1 1 0 0 0 0 1 0 1 1 1 2 0 0 1 1 0 0 1 1 0 0 0 0 1 1 1 1 0 1 0 1 1 1 0 0 0 1 0 0 1 1 1 
0 0 0 0 2 0 1 0 1 1 1 0 0 0 1 0 0 0 0 1 3 0 1 0 1 1 0 1 0 0 0 0 1 0 1 0 1 1 0 0 0 0 1 1 0 1 1 0 1 1 0 0 
0 1 0 0 1 0 0 1 1 1 1 1 1 0 0 0 1 0 0 1 1 0 0 0 1 0 0 0 3 1 0 0 0 1 1 0 0 0 1 1 0 0 0 1 1 1 0 0 1 0 0 1 
1 1 0 0 0 1 1 0 0 1 0 0 1 0 1 0 0 1 1 1 2 1 1 0 1 1 0 1 0 0 0 1 0 0 0 1 1 1 0 0 0 0 1 1 1 1 0 0 1 0 1 0 
0 1 0 1 1 0 1 1 0 0 0 1 1 0 0 0 0 1 0 1 0 0 1 0 1 0 0 1 1 0 1 0 0 0 1 0 1 1 1 0 0 0 1 1 0 1 0 1 0 1 0 0 
0 1 0 0 0 0 1 0 1 1 1 1 0 1 0 1 1 1 0 0 3 0 0 0 1 1 0 0 2 0 0 1 0 0 1 0 0 0 0 1 1 1 1 1 0 0 1 0 0 0 0 1 
0 0 1 1 2 1 1 1 0 1 0 1 0 0 0 1 0 1 1 1 1 1 0 0 0 1 0 0 0 0 0 1 1 1 1 0 1 1 1 1 1 0 0 1 1 1 1 0 1 0 1 0 

# Size = 20 | Time = 846 ms
1 1 0 1 0 0 0 0 0 1 0 0 0 0 0 0 0 0 0 1 3 1 1 0 1 0 0 1 2 0 1 1 0 1 0 1 1 1 1 1 0 1 1 0 0 1 0 0 0 0 0 0 
0 1 0 0 0 1 0 1 1 0 1 1 1 1 0 1 1 1 0 0 0 0 1 1 0 1 1 0 3 1 0 0 1 0 1 0 0 0 0 0 1 0 1 1 1 0 1 0 1 1 1 1 
0 0 1 0 2 0 1 0 0 0 1 0 0 1 1 0 1 1 1 0 1 0 0 0 1 0 0 1 1 0 0 0 1 1 0 0 1 0 1 0 1 0 0 0 0 0 1 1 0 0 0 1 
1 0 1 1 1 1 0 1 0 1 0 1 1 0 1 0 0 0 1 0 2 0 0 1 0 1 1 1 0 1 0 1 0 0 0 1 0 1 0 1 0 1 0 1 0 1 0 0 1 1 1 0 
1 0 1 0 2 0 1 1 1 1 0 0 0 1 1 0 1 0 0 1 3 1 0 0 0 1 0 0 3 0 1 1 0 0 1 0 0 1 0 0 1 1 0 1 1 1 0 1 0 1 0 0 
0 0 1 1 1 1 1 0 1 0 1 0 1 0 0 1 0 1 0 1 0 1 1 1 0 0 0 0 0 1 1 0 0 0 1 0 1 0 1 1 0 0 1 0 0 1 1 1 0 0 0 0 
1 0 0 0 2 0 1 1 1 0 0 0 0 0 0 1 0 0 1 0 2 1 0 1 1 0 1 1 2 1 1 0 1 1 1 1 1 1 1 0 1 0 1 1 1 0 1 0 1 0 1 1 
0 1 0 1 1 0 1 0 1 1 1 1 1 1 1 0 0 0 0 1 1 0 1 0 1 0 0 0 1 0 1 1 1 1 0 1 0 0 0 1 0 1 1 1 1 0 0 0 1 0 1 1 
0 1 0 1 0 1 0 0 0 0 0 1 0 0 1 1 1 1 1 1 2 1 1 0 1 1 1 0 2 0 0 1 0 1 0 0 0 0 1 1 1 1 0 0 0 0 1 1 0 1 0 1 
1 0 0 1 2 1 0 1 0 1 0 0 0 0 0 0 1 1 1 0 0 0 0 1 0 0 1 0 1 0 0 0 0 1 1 1 1 1 0 0 0 1 0 1 1 1 0 1 0 1 0 1 
0 0 0 0 1 0 0 0 0 0 1 1 0 0 1 1 0 1 1 0 3 0 0 1 1 1 1 0 0 0 0 1 1 0 0 1 1 1 0 0 1 0 1 1 1 0 1 1 0 0 1 1 
0 0 1 0 0 1 0 1 0 0 0 1 1 0 0 0 0 0 1 0 1 0 0 0 0 0 0 1 3 1 0 0 0 0 1 1 1 0 0 0 0 0 0 0 0 1 0 0 1 0 1 0 
1 1 1 0 2 0 1 1 0 1 1 0 1 1 1 1 0 0 1 0 0 1 1 0 1 0 0 0 0 1 0 1 1 1 0 0 1 0 0 1 0 0 0 1 0 1 1 0 0 1 0 0 
0 0 1 1 1 0 1 1 0 0 1 1 1 1 0 1 1 1 0 0 1 0 0 1 0 0 0 1 2 0 0 0 0 0 0 1 0 0 0 0 1 1 1 0 0 0 1 0 1 1 0 1 
0 1 0 0 2 1 0 0 0 0 0 1 1 1 0 1 0 0 0 0 3 1 0 1 0 1 0 1 1 1 1 0 1 0 1 0 0 0 0 0 1 0 0 0 0 1 1 0 1 0 0 0 
0 0 0 1 1 0 1 0 0 0 1 1 1 0 1 1 0 0 0 0 2 1 0 0 1 0 0 1 3 1 0 0 1 1 0 1 0 1 1 1 0 0 0 0 0 0 1 0 1 1 0 1 
1 1 0 0 0 1 1 0 1 0 0 0 1 0 0 0 1 0 0 0 1 1 0 0 1 0 1 0 0 0 0 1 1 0 0 1 0 1 1 1 1 0 0 0 0 0 0 0 0 0 0 1 
1 0 1 0 0 1 0 0 0 0 0 1 1 1 1 0 1 0 0 0 2 0 0 0 0 1 0 1 1 1 1 1 1 1 0 1 1 1 1 1 1 0 0 0 0 0 1 1 0 1 1 1 
1 1 1 1 1 0 0 1 0 0 1 1 0 1 0 0 1 0 0 1 0 0 1 0 1 0 0 1 2 0 1 1 0 0 1 1 1 0 1 1 1 0 1 1 1 0 1 1 0 1 0 1 
0 1 0 0 2 0 1 0 1 1 1 0 1 0 0 1 0 0 0 1 1 1 0 0 1 1 0 0 3 1 0 1 1 0 1 0 1 1 1 1 1 0 0 1 1 1 1 0 1 0 1 0 

# Size = 24 | Time = 1012 ms
1 0 0 0 0 0 0 0 0 1 1 1 1 0 1 0 0 1 1 1 3 0 0 0 1 1 0 1 2 0 1 0 0 1 0 1 1 0 1 0 0 0 1 1 0 1 1 0 1 1 0 0 
0 1 0 1 2 1 1 1 1 0 0 0 0 0 0 0 0 0 0 0 0 1 0 1 0 0 1 0 0 1 0 1 1 0 1 0 0 1 0 0 1 0 0 0 0 0 0 1 0 0 0 1 
0 0 1 0 1 1 0 0 0 0 0 0 1 1 1 1 1 1 0 0 2 0 1 1 0 0 1 1 3 1 0 0 0 0 1 1 0 0 1 1 0 1 0 1 1 0 1 0 0 1 1 1 
0 0 1 1 1 0 1 1 1 1 1 1 0 1 0 1 1 0 0 1 1 1 0 0 0 0 0 0 1 0 1 1 1 1 0 0 1 0 0 1 0 1 1 1 1 0 1 0 1 0 1 1 
1 1 1 0 2 0 1 1 0 1 0 1 0 0 0 0 1 1 1 0 2 0 1 1 1 1 0 0 3 0 1 0 1 1 0 0 0 1 1 1 1 1 0 0 0 1 0 1 0 0 1 0 
0 1 0 1 0 1 0 0 1 0 1 0 0 1 1 1 1 0 1 1 0 1 1 0 1 1 0 1 0 0 0 1 0 0 0 1 0 1 0 0 1 0 1 0 0 1 1 0 1 0 1 0 
1 0 0 1 2 0 0 0 1 1 1 0 1 1 0 0 0 1 1 1 1 0 1 0 1 1 1 0 1 1 0 1 0 0 1 1 0 1 0 0 0 1 1 1 1 1 0 0 0 1 0 0 
0 1 1 1 0 1 1 1 0 0 0 0 1 1 1 0 0 0 0 0 3 1 1 1 0 1 0 1 2 0 0 0 0 1 1 0 1 0 0 1 0 1 0 1 1 0 0 1 0 0 1 1 
1 0 1 0 0 0 1 0 1 0 0 1 1 0 1 1 0 0 0 1 2 1 0 0 1 0 1 0 0 1 1 1 1 0 0 0 0 0 1 0 1 0 0 1 1 0 1 1 0 1 0 1 
1 0 0 0 1 1 0 0 0 1 0 1 1 0 0 0 1 0 1 0 0 0 0 0 0 0 1 1 1 1 0 0 1 1 1 0 1 0 1 0 1 0 0 0 0 1 0 0 1 1 0 1 
0 1 0 1 1 0 0 1 1 0 0 0 0 0 0 1 0 1 0 0 1 1 0 0 0 0 0 0 2 1 1 0 1 1 1 0 1 1 1 1 1 0 0 0 0 1 1 1 0 1 0 0 
0 1 0 1 2 0 1 0 1 0 1 1 0 0 0 1 0 0 1 0 3 1 0 1 1 0 1 0 3 0 0 1 1 0 0 1 1 0 0 0 0 0 1 0 0 1 1 0 1 1 0 0 
0 0 0 0 1 0 0 1 0 0 1 1 1 1 1 0 0 1 1 0 0 0 1 1 1 0 1 0 0 0 0 1 1 1 1 1 0 1 0 1 0 1 0 1 0 0 0 1 0 0 0 1 
0 1 1 0 0 1 0 0 0 0 0 0 1 0 1 0 1 1 0 1 1 0 0 1 0 0 0 1 1 0 1 0 1 0 0 0 1 1 0 0 0 0 1 1 1 1 1 1 0 1 0 1 
0 0 0 1 2 1 0 0 0 1 1 0 0 0 1 1 1 0 1 1 2 1 1 0 0 0 1 1 2 0 1 1 0 0 0 0 1 0 0 0 0 0 1 1 0 0 1 0 1 1 0 1 
0 0 0 0 0 1 0 1 0 0 0 0 0 0 0 1 1 0 0 1 3 0 1 0 0 0 0 1 3 1 1 1 0 0 1 0 0 1 1 1 1 0 1 1 1 1 1 0 0 1 0 0 
1 0 0 1 1 1 0 0 0 1 1 0 1 0 0 0 0 0 0 0 0 0 0 0 0 1 0 0 0 0 1 0 0 1 0 0 1 0 0 0 0 0 1 0 0 0 0 0 0 1 0 1 
0 1 1 0 1 1 1 1 1 1 1 0 0 1 0 0 1 1 0 1 0 1 1 0 1 0 0 0 2 0 0 1 0 0 1 0 0 1 0 0 0 0 1 1 1 1 0 0 1 1 1 0 
1 1 0 1 1 0 0 0 0 1 0 1 0 0 0 1 0 0 1 0 3 1 0 1 1 0 1 0 0 0 1 1 0 0 1 1 1 1 1 0 0 1 0 1 1 1 1 0 0 1 0 1 
0 0 0 1 1 1 1 0 1 0 0 1 0 1 1 0 0 0 0 0 1 1 1 1 1 1 0 1 3 1 0 0 0 0 1 1 1 0 1 1 1 0 0 1 1 1 0 1 0 0 0 1 
1 0 1 1 1 1 0 0 1 0 0 0 0 1 0 0 0 1 1 0 1 0 1 0 0 1 0 0 0 0 1 1 1 1 0 1 0 1 1 1 1 1 1 0 0 1 0 1 0 0 0 0 
1 0 1 1 0 1 0 1 0 1 1 1 1 1 0 0 0 1 0 1 2 1 1 1 1 0 1 1 1 0 1 1 1 0 1 0 0 0 0 0 0 1 1 1 1 1 1 1 0 0 1 1 
1 1 0 1 2 0 1 1 1 1 0 0 0 1 0 0 1 0 0 1 3 0 0 1 0 0 0 1 1 1 0 0 0 1 1 0 1 1 1 1 0 0 0 1 1 0 0 0 1 0 1 1 
0 0 0 1 0 0 0 0 1 0 1 1 0 0 1 1 1 0 0 1 0 0 1 1 1 0 1 1 3 1 0 1 0 1 1 0 0 0 1 1 1 1 1 1 0 1 1 1 0 1 0 1 

# Size = 23 | Time = 919 ms
1 0 1 1 2 1 0 1 1 0 1 0 1 1 1 1 0 1 1 1 0 0 1 0 0 1 1 1 0 1 0 1 0 0 1 0 0 1 0 0 1 1 1 1 1 0 1 1 0 0 1 1 
0 0 0 0 0 0 1 0 0 1 0 0 0 0 0 0 0 0 0 0 0 0 0 1 0 0 0 0 0 0 0 0 1 1 0 0 1 0 1 1 0 0 0 0 0 1 0 0 1 0 0 0 
0 1 0 1 1 1 1 0 0 0 1 1 1 0 0 1 1 1 0 0 1 1 0 0 1 1 1 0 3 1 1 0 0 0 0 1 0 0 1 0 0 0 0 1 1 0 1 0 0 1 0 1 
1 1 1 0 1 0 0 0 1 1 0 1 0 1 1 0 1 0 1 0 3 1 1 1 0 0 0 1 1 0 1 1 1 1 1 1 1 1 0 1 1 1 0 0 0 1 1 0 1 1 0 0 
0 1 1 0 0 0 0 1 0 1 0 1 1 0 0 0 1 1 0 1 2 1 1 0 1 0 0 1 2 0 0 1 0 0 0 0 0 0 0 0 0 0 1 0 0 1 0 1 0 0 1 0 
1 0 0 1 2 1 1 1 1 0 1 0 0 0 1 0 0 0 1 1 3 0 0 1 1 1 0 0 3 1 1 0 0 1 1 0 1 0 1 1 0 1 0 1 0 1 0 1 0 1 1 0 
0 0 0 0 2 0 1 0 0 0 1 0 1 1 0 1 0 0 1 0 2 1 0 1 1 0 1 0 2 0 1 0 1 1 0 1 0 1 0 1 1 1 1 1 1 0 1 1 0 0 0 1 
1 0 0 1 0 0 0 1 1 1 0 0 0 1 0 0 0 0 0 1 1 0 0 0 1 1 0 0 1 1 0 0 1 0 1 1 1 1 0 0 0 0 1 0 0 0 0 0 1 0 1 1 
0 1 1 0 0 1 0 1 1 1 1 1 0 0 1 0 0 1 0 0 3 0 0 0 0 1 1 1 3 0 0 1 1 0 0 1 0 1 1 1 1 0 1 1 1 1 0 0 1 1 0 1 
1 1 1 0 0 1 1 0 0 0 0 0 0 0 1 1 1 1 1 0 1 1 1 1 0 0 1 0 1 0 1 0 0 1 0 0 1 0 0 0 1 0 1 0 0 1 1 0 1 0 1 0 
1 0 0 1 1 1 1 1 1 0 0 0 0 1 0 0 0 0 0 1 2 0 0 1 0 0 0 1 2 1 0 0 0 0 1 0 1 0 1 0 1 1 0 1 1 1 0 0 1 0 1 0 
0 1 0 0 2 0 1 1 0 1 0 1 1 1 1 1 1 0 0 0 0 1 0 1 0 0 0 0 3 1 1 1 1 0 1 1 1 1 0 0 1 0 0 0 0 0 1 0 1 0 0 1 
1 0 0 1 1 1 0 0 0 1 1 1 0 1 1 0 1 1 0 1 1 0 0 0 1 0 1 0 0 0 0 1 0 1 1 0 1 1 0 1 0 1 1 0 0 1 0 1 0 1 0 1 
0 1 0 0 2 0 1 0 0 1 1 1 1 0 0 0 0 0 0 1 3 0 1 0 1 0 0 0 1 0 0 0 1 0 0 0 0 0 1 0 0 0 1 1 0 0 0 1 0 0 1 1 
0 0 0 1 1 0 0 0 1 1 0 1 0 0 1 1 1 1 0 0 0 1 0 1 1 1 1 1 2 1 1 0 0 1 0 0 1 0 1 1 1 0 0 0 0 1 1 0 1 1 0 1 
0 1 0 1 2 1 0 1 0 0 0 1 1 0 1 0 0 1 1 0 2 1 1 0 1 1 0 0 0 0 1 1 1 0 0 1 0 1 0 0 0 0 0 1 1 1 0 0 0 1 0 1 
0 0 1 1 0 0 0 0 0 1 1 0 0 1 1 0 0 1 1 1 2 1 1 1 1 1 0 1 3 0 0 0 0 1 1 1 0 0 0 1 1 1 1 1 0 1 0 0 1 1 0 0 
0 0 1 1 2 0 0 0 1 0 0 1 1 0 0 1 1 0 1 1 1 0 0 1 1 1 0 1 1 0 1 0 1 1 0 1 0 1 0 1 0 0 0 1 1 0 1 1 0 0 0 1 
0 0 1 1 2 0 1 1 1 0 0 1 0 0 0 1 1 0 0 0 3 1 0 0 1 0 0 1 2 0 1 0 1 1 0 0 1 1 0 1 1 0 1 1 1 0 1 0 0 0 0 1 
0 0 0 1 1 1 1 1 1 0 1 0 0 0 0 1 1 1 0 1 3 1 0 1 1 1 0 1 0 0 0 1 1 0 0 1 1 0 0 1 1 0 1 1 1 1 1 0 1 0 0 0 
1 0 0 0 0 1 0 1 0 1 1 1 1 1 1 0 0 0 1 1 0 0 1 1 1 0 1 1 1 1 1 1 0 1 0 1 1 1 1 0 1 1 0 0 0 0 0 0 0 0 0 1 
0 0 0 1 0 1 1 1 0 1 1 1 1 0 0 1 0 1 0 0 1 0 0 0 1 0 0 0 2 1 0 1 0 0 1 1 1 1 1 1 1 1 1 1 0 1 1 1 0 0 0 1 
1 0 0 1 1 1 1 1 0 1 1 1 0 1 0 1 0 1 0 0 2 1 1 1 0 0 1 1 1 0 0 1 0 0 1 0 0 1 1 1 1 1 0 1 1 1 1 0 0 1 1 0 

# Size = 24 | Time = 987 ms
1 0 1 1 1 0 0 1 0 1 1 0 0 0 1 0 1 0 1 1 3 0 1 1 1 0 0 1 0 1 0 0 0 0 1 0 1 1 0 1 1 0 1 0 0 1 0 0 0 0 1 0 
0 0 0 0 0 1 1 0 0 0 0 0 1 1 0 0 0 1 0 0 2 1 0 0 0 0 0 0 2 0 1 0 1 1 0 1 0 0 0 0 0 1 0 1 0 0 0 1 0 1 0 1 
0 1 0 0 2 1 1 0 1 0 1 1 0 1 0 1 1 0 1 1 1 0 1 0 1 1 1 0 3 1 1 1 1 0 0 0 1 0 1 1 0 1 1 1 1 1 1 0 1 0 1 1 
0 1 1 0 2 0 0 1 1 1 0 1 1 0 1 1 0 1 0 0 0 1 0 1 0 0 1 0 1 0 0 0 0 1 1 1 0 1 1 0 0 0 0 0 0 1 1 1 0 1 0 0 
1 1 1 1 0 0 1 0 0 1 0 1 1 0 1 0 0 1 0 0 1 0 0 0 0 1 0 1 3 0 0 1 0 0 0 0 0 0 0 0 1 0 0 1 1 0 0 0 1 0 1 1 
1 0 0 1 1 1 0 0 1 1 0 1 0 0 0 0 1 1 1 1 3 1 0 1 1 1 1 1 1 1 1 1 1 1 1 1 1 0 0 0 0 0 1 0 0 0 1 0 1 1 0 1 
1 1 0 0 1 0 0 0 0 0 1 0 0 1 0 0 0 0 1 0 0 0 1 0 0 1 0 1 0 0 0 1 0 1 0 1 0 1 1 1 1 0 0 1 1 1 0 1 0 0 0 0 
0 1 1 1 0 1 0 1 1 0 0 0 1 1 0 0 1 0 0 1 2 1 1 1 1 1 1 1 2 0 0 0 0 0 1 0 1 0 1 1 1 1 1 1 1 0 0 0 1 1 1 1 
1 0 1 1 2 0 1 0 0 0 1 0 1 0 1 1 0 0 0 1 2 0 0 1 1 0 0 0 0 1 1 1 1 1 0 0 0 1 1 0 1 1 0 0 0 1 1 0 1 0 1 0 
0 0 0 1 0 1 1 1 0 1 1 1 1 1 1 1 1 1 1 1 0 0 0 0 0 0 0 0 1 1 0 0 0 0 1 0 1 1 0 1 1 1 1 0 0 0 1 1 0 1 1 1 
0 1 1 0 1 0 1 1 0 1 1 1 1 0 0 1 0 0 0 0 3 0 1 0 1 0 1 0 2 0 0 0 1 0 0 0 1 1 1 0 0 0 1 0 0 1 1 1 0 0 0 0 
0 0 0 1 0 1 0 1 0 1 0 0 0 1 0 1 1 1 0 0 1 1 1 0 1 0 0 1 3 0 1 0 0 1 1 1 0 1 0 0 1 0 0 0 0 1 1 1 0 1 1 0 
0 0 0 1 2 1 0 1 1 0 1 1 0 0 0 0 0 1 0 0 3 1 1 0 0 1 0 1 0 0 0 1 0 0 0 1 1 0 0 0 0 1 0 1 0 0 0 0 0 0 1 1 
1 0 0 0 1 0 1 0 0 0 1 0 0 1 1 0 1 0 0 1 3 0 1 1 1 0 1 1 1 0 0 1 0 1 0 0 0 0 1 0 0 1 1 1 1 1 0 1 0 0 1 0 
1 1 0 0 2 1 0 0 1 1 0 1 0 0 1 0 0 1 1 0 0 1 1 0 1 1 1 0 2 1 1 1 1 0 0 0 0 0 1 0 0 0 1 0 0 1 0 0 0 0 0 0 
1 0 0 1 0 0 0 0 0 0 0 1 0 0 0 0 0 0 1 0 2 0 1 0 0 1 1 0 0 1 0 1 1 0 1 0 0 0 0 1 0 0 1 0 0 0 1 0 0 0 1 1 
0 0 0 0 1 1 0 0 0 0 0 0 0 0 1 1 1 0 1 1 1 0 0 1 1 1 0 0 3 1 0 1 0 0 0 1 0 0 0 1 1 0 1 0 0 1 1 0 0 1 0 0 
1 0 1 0 1 0 0 0 0 1 1 1 1 0 1 0 1 0 1 1 2 0 0 0 0 1 0 1 1 1 0 1 0 1 0 0 1 0 1 0 0 0 1 1 1 1 0 1 0 1 0 1 
0 0 0 1 1 0 0 1 1 0 0 0 1 1 1 0 1 0 1 1 1 0 0 1 0 0 1 0 0 0 1 0 0 1 0 0 0 0 0 1 1 1 1 1 0 1 0 0 1 1 0 1 
1 1 0 0 0 1 1 0 0 1 1 1 1 0 1 1 1 0 1 0 0 1 0 0 0 1 1 0 3 1 1 1 1 1 1 1 0 0 1 1 0 1 1 1 1 1 1 0 1 0 0 0 
1 1 1 0 0 0 1 0 0 0 0 0 0 0 1 1 0 0 1 0 3 1 1 0 0 0 0 0 3 1 1 1 1 0 0 1 0 0 0 0 1 1 0 0 0 1 1 0 0 0 0 0 
1 1 0 0 0 0 1 1 0 1 1 0 1 0 1 1 1 0 1 0 2 1 1 1 0 0 1 1 3 0 0 0 0 0 1 1 0 1 1 0 0 0 0 0 0 0 1 0 1 0 1 1 
1 0 0 1 2 0 1 0 0 0 0 0 0 1 0 0 0 0 1 1 1 1 0 1 1 0 1 1 1 1 1 1 0 0 1 0 0 0 1 1 0 0 1 0 0 0 0 1 0 0 1 1 
1 0 0 0 2 1 1 0 0 1 0 0 0 1 1 1 0 0 1 0 1 0 1 1 1 1 1 1 2 1 1 0 0 0 1 1 0 1 1 0 1 0 1 1 0 0 1 1 0 1 0 1 

# Size = 24 | Time = 1062 ms
0 1 0 1 1 1 1 0 1 1 0 0 1 0 1 0 1 1 1 1 2 1 1 1 0 1 0 1 2 1 0 0 1 0 0 0 0 0 0 0 1 0 0 0 0 0 0 1 0 1 1 1 
1 0 1 0 0 0 0 0 0 0 1 0 0 0 0 1 0 0 0 0 3 0 0 0 1 0 1 0 3 0 1 1 0 0 1 1 1 1 1 0 0 1 1 1 1 1 1 0 1 0 0 0 
0 0 1 0 2 0 0 1 0 1 0 1 1 1 0 0 0 0 0 1 0 0 1 0 1 0 0 0 0 0 0 0 1 1 0 1 0 0 0 1 0 1 0 0 0 0 1 0 0 1 0 1 
1 1 0 0 2 1 1 0 1 0 1 1 0 1 1 0 0 0 0 0 1 0 0 1 0 0 1 1 1 1 1 1 0 1 0 0 1 1 0 1 1 0 1 1 1 1 0 1 0 0 1 0 
1 0 0 1 0 1 0 1 0 0 1 1 0 1 0 0 1 1 1 0 0 1 0 1 0 1 0 1 0 0 0 1 1 1 1 1 1 0 1 0 0 0 0 0 0 1 0 0 1 0 1 0 
0 0 1 1 1 0 1 1 1 1 0 0 0 0 1 1 1 0 1 1 1 1 1 0 1 1 0 0 1 1 1 0 0 1 1 0 0 1 1 1 0 0 1 1 1 1 1 0 1 1 0 1 
1 1 1 1 0 0 0 0 0 1 0 0 1 0 1 1 0 1 0 0 3 1 1 1 1 1 1 1 3 1 0 1 1 1 0 0 0 1 1 0 1 1 0 1 1 0 1 1 0 0 1 1 
0 1 0 0 1 1 1 1 0 0 0 1 1 1 0 1 1 1 0 0 2 0 0 0 0 0 1 0 2 0 1 0 0 0 1 1 0 0 0 1 1 0 0 0 0 1 1 0 0 0 0 0 
0 0 1 0 2 0 0 1 1 0 1 0 0 0 0 0 1 0 1 1 2 0 0 1 1 1 1 0 2 0 0 1 0 0 0 1 1 1 1 0 0 1 1 1 0 0 0 1 0 1 0 1 
0 0 0 1 0 0 1 0 1 1 1 0 1 0 1 0 1 0 1 1 3 0 1 0 0 0 0 1 3 0 0 0 1 0 1 0 1 0 0 1 1 0 1 0 0 1 0 1 0 1 0 0 
1 1 0 0 1 1 0 0 0 0 0 0 0 0 1 0 0 1 0 0 0 1 1 0 1 0 1 0 0 1 1 1 0 0 0 1 0 0 0 0 1 1 1 1 1 1 0 1 0 1 0 0 
1 0 0 1 2 0 0 0 0 0 1 0 1 1 0 1 0 1 0 1 1 1 1 0 0 0 0 0 1 0 0 0 1 0 1 1 0 0 0 0 0 1 0 0 0 1 1 0 1 0 1 0 
1 0 1 0 0 1 1 0 1 0 0 1 0 0 0 1 0 1 0 1 2 0 1 1 0 0 1 0 0 0 1 0 0 1 0 0 1 1 0 1 1 1 0 0 0 0 1 0 1 0 0 1 
1 1 0 0 1 0 1 1 0 1 0 1 1 1 1 1 0 1 1 0 3 0 0 0 1 1 0 0 2 0 1 0 1 1 0 0 1 0 1 0 0 0 1 0 0 1 1 0 1 0 0 0 
0 0 1 1 1 1 1 1 1 0 1 1 0 1 0 0 1 1 0 0 0 0 0 0 0 0 1 1 3 1 0 0 0 0 1 0 0 0 0 0 1 1 0 0 0 0 0 0 0 0 0 1 
1 0 1 0 0 0 1 0 0 0 1 1 0 0 1 0 1 1 0 0 1 0 1 1 0 0 0 1 2 0 1 0 0 0 1 1 1 1 1 1 0 1 0 1 1 0 1 0 0 1 0 1 
1 0 0 1 0 0 0 0 1 0 0 1 0 1 1 1 0 0 0 0 0 0 0 0 1 0 1 0 1 1 0 1 0 1 0 1 0 1 0 1 1 1 1 0 0 0 1 0 0 0 0 1 
1 0 0 0 2 1 0 0 1 0 1 1 0 0 1 1 0 1 1 0 3 1 0 1 1 0 1 0 1 0 0 0 1 1 0 0 1 0 0 1 0 0 1 1 0 1 1 0 0 0 0 0 
1 1 0 0 2 1 1 1 0 1 1 0 0 0 1 0 0 0 0 1 2 1 0 1 0 1 0 0 3 1 0 0 1 1 1 0 1 0 1 1 1 0 0 1 1 0 1 0 0 0 1 1 
0 0 1 1 0 1 1 1 1 1 1 1 1 0 1 1 0 1 1 1 2 0 1 1 1 0 0 1 1 0 1 0 1 0 0 1 1 0 0 0 1 0 0 0 0 1 1 0 1 0 0 1 
0 0 1 0 0 0 0 0 0 1 1 0 1 1 0 1 1 0 0 0 0 1 0 1 1 1 1 1 2 1 0 1 1 1 0 0 1 0 1 0 1 1 1 1 1 0 1 1 0 1 0 1 
1 1 1 0 1 1 1 1 0 0 1 0 1 1 1 0 1 0 0 0 1 1 0 1 1 1 1 0 3 0 0 0 0 1 0 0 1 1 1 0 1 1 1 1 0 1 1 0 0 0 0 0 
0 1 1 1 1 0 0 0 0 1 1 0 0 0 0 0 0 1 1 1 1 0 0 0 0 0 1 1 0 1 1 1 0 1 1 0 0 1 1 1 0 1 1 0 0 1 1 0 0 0 0 0 
1 0 0 0 0 1 0 1 1 0 0 0 0 0 0 0 1 1 1 0 3 1 1 0 1 1 0 0 0 0 1 0 0 0 0 1 1 0 1 0 1 1 0 0 0 0 1 0 0 1 1 1 

# Size = 27 | Time = 1043 ms
1 0 1 0 1 0 0 0 0 1 1 1 1 0 1 0 1 1 0 0 1 1 1 0 1 0 1 0 0 1 0 0 1 1 1 0 1 1 1 1 0 0 1 1 0 0 1 0 0 0 0 1 
0 1 0 1 0 1 1 1 1 0 0 0 0 1 0 0 0 0 0 0 0 0 0 1 0 1 0 0 2 1 1 1 0 0 0 0 0 0 0 0 1 0 0 0 0 1 0 0 0 1 1 0 
0 1 1 0 2 0 0 0 1 0 0 0 0 0 0 1 0 1 1 1 2 0 0 0 0 1 0 1 3 0 0 0 0 1 1 1 0 1 1 0 0 1 0 1 1 0 1 0 1 0 1 1 
1 0 0 0 0 1 1 0 0 1 1 1 0 0 1 1 1 0 0 0 3 1 1 1 1 0 1 1 1 0 1 1 1 0 0 1 1 0 0 1 0 1 1 0 0 1 1 1 0 1 0 0 
1 0 0 1 2 1 1 1 0 0 1 0 1 1 0 0 1 0 1 1 2 1 0 0 1 0 1 1 3 0 0 0 1 0 0 0 1 0 0 1 1 0 1 1 1 0 0 0 1 1 0 1 
0 0 0 1 1 0 0 1 1 1 0 1 0 1 1 0 0 1 1 1 3 0 1 0 0 1 0 0 1 1 1 1 1 1 1 1 0 1 1 0 1 1 0 1 1 1 0 1 0 1 0 0 
1 1 1 1 1 1 0 1 0 1 1 0 1 1 1 1 1 1 0 1 0 0 0 1 1 0 0 1 2 1 0 0 0 0 1 1 0 0 1 0 0 0 1 0 0 0 1 1 0 0 1 1 
0 1 1 1 0 0 0 0 1 0 1 0 1 0 0 0 0 0 1 0 1 1 1 1 0 1 1 0 0 0 1 1 0 0 0 0 1 0 0 1 1 1 0 0 0 1 0 0 1 0 1 0 
1 1 1 0 0 0 1 0 0 0 0 1 1 0 1 0 0 0 0 0 0 1 1 0 1 1 0 0 2 0 0 0 1 1 1 0 1 1 0 1 0 0 1 1 1 1 0 0 1 0 0 0 
0 0 0 0 2 1 1 0 0 1 0 1 1 1 0 1 1 1 0 0 2 0 1 0 0 0 1 0 3 0 0 1 1 1 0 0 0 1 0 1 1 0 0 0 0 1 1 0 0 0 1 0 
0 0 0 0 1 1 1 1 0 0 0 1 0 1 0 0 0 0 0 0 1 0 0 1 0 1 0 1 0 0 1 0 0 1 0 1 0 1 1 0 0 0 1 0 0 0 0 1 0 1 0 1 
1 0 1 0 0 0 1 1 1 0 0 0 1 0 0 0 1 1 0 1 3 0 0 0 0 0 0 0 1 0 0 0 0 1 0 0 0 0 1 0 0 0 0 0 0 0 1 0 1 0 0 1 
1 0 0 0 2 0 1 0 1 1 1 1 0 0 1 0 1 0 1 1 0 0 0 1 1 1 1 1 2 1 0 1 0 0 0 0 1 1 1 0 1 1 1 1 1 1 1 1 0 1 0 1 
0 1 1 0 0 0 1 0 0 0 0 0 0 0 1 0 0 0 1 1 2 1 0 1 1 0 0 0 3 0 1 1 0 1 0 0 0 1 0 0 0 0 0 0 0 0 0 1 0 1 0 1 
0 1 1 1 2 1 0 1 0 1 1 1 0 0 1 1 1 0 0 1 3 0 1 0 1 0 0 1 0 0 1 1 1 1 0 1 0 0 1 0 0 0 1 1 1 1 1 0 1 0 1 0 
0 0 0 0 1 0 0 0 0 0 0 0 0 0 1 0 0 0 0 0 2 0 0 1 0 0 0 0 3 1 0 0 0 0 0 0 0 1 0 0 0 0 0 0 0 1 0 0 1 0 0 0 
0 1 1 0 2 1 1 1 1 1 1 0 0 0 0 1 0 0 0 1 1 0 0 0 1 1 0 0 1 1 1 0 0 1 0 1 0 0 0 0 0 1 1 1 1 0 1 1 0 1 1 1 
0 0 0 0 0 0 0 0 1 0 0 0 1 1 1 0 1 0 1 0 3 1 0 1 1 0 0 1 3 1 1 0 0 1 1 0 1 1 1 1 0 1 0 1 1 0 0 0 1 1 0 1 
0 0 1 0 1 1 1 0 0 1 1 0 1 1 1 0 1 0 1 1 2 0 0 1 0 1 1 1 1 0 1 1 0 1 0 1 1 0 1 0 0 0 0 0 0 1 0 1 0 0 1 1 
1 1 1 1 2 0 1 1 1 1 0 1 1 1 0 0 0 1 1 1 0 1 1 1 1 0 0 0 3 1 0 1 1 1 1 0 0 1 0 0 1 1 1 0 0 1 1 0 1 1 0 0 
1 1 0 1 2 1 0 1 0 0 1 1 0 1 1 1 0 1 0 0 3 0 0 1 0 1 1 0 2 0 1 1 0 0 0 0 1 0 0 1 0 0 0 1 1 1 1 0 0 0 0 1 
1 0 1 0 0 0 1 0 1 0 1 1 1 1 0 0 0 0 0 1 0 0 1 0 0 0 1 0 0 0 0 0 0 1 0 1 1 1 1 1 0 1 1 0 0 0 1 1 0 1 0 1 
1 0 0 1 1 1 0 1 1 1 1 1 0 1 1 0 1 0 1 0 2 1 1 1 0 0 0 1 2 1 1 1 1 0 0 0 0 1 0 0 1 1 0 0 0 0 0 0 1 1 1 1 
0 1 1 1 1 0 0 1 1 1 0 0 0 1 0 1 0 0 1 1 1 0 1 0 0 1 1 1 3 0 1 0 1 1 0 0 1 0 0 0 1 1 1 0 0 0 1 0 1 1 0 1 
1 1 1 1 0 1 1 0 0 1 1 1 1 0 1 1 1 1 0 0 0 0 0 0 1 0 0 1 1 1 0 0 1 0 0 1 0 0 1 1 0 0 1 1 0 0 1 0 0 0 1 1 
0 0 1 1 0 1 1 1 0 0 1 0 1 0 0 0 0 0 1 0 1 0 0 0 1 1 0 1 2 0 1 0 1 0 1 0 1 0 1 0 0 0 0 1 1 1 0 0 1 0 0 0 
0 1 0 1 2 0 0 0 1 0 0 0 0 0 1 1 1 1 1 1 2 1 1 0 1 1 0 1 0 1 1 1 0 0 1 0 0 0 0 0 0 0 0 1 0 0 1 1 0 0 0 1 

# Size = 21 | Time = 880 ms
0 0 1 0 1 1 1 1 1 0 1 0 1 0 1 1 1 1 1 1 2 0 1 0 1 1 0 1 0 1 0 0 0 1 0 0 0 0 0 0 1 0 1 1 0 1 1 0 1 1 0 1 
0 1 0 1 2 0 0 0 0 1 0 1 0 1 0 0 0 0 0 0 3 0 0 1 0 0 0 0 2 0 1 1 1 0 1 1 1 0 1 1 0 1 0 1 1 1 0 0 0 0 0 0 
1 0 0 0 0 1 0 1 0 1 0 1 0 0 1 0 0 0 1 1 0 1 1 0 0 0 1 1 1 0 0 0 0 0 0 1 1 1 1 0 0 0 0 0 0 0 0 1 0 1 1 1 
1 1 1 0 0 0 1 0 1 0 1 0 1 1 1 1 1 0 0 0 1 0 0 1 0 1 1 0 3 1 1 1 1 1 1 0 0 1 0 0 1 1 1 0 0 0 1 1 0 0 0 1 
1 0 0 1 2 0 1 0 1 0 1 0 0 0 0 0 1 1 1 1 0 1 0 1 1 0 1 1 3 0 1 0 0 1 0 1 1 1 0 1 1 1 1 1 1 1 1 0 1 0 1 0 
0 1 0 1 1 1 0 1 0 0 0 0 1 0 0 0 0 1 0 0 1 1 1 0 1 1 0 0 1 0 0 1 1 0 1 0 0 0 1 1 0 0 0 0 0 1 0 0 1 1 1 0 
1 0 1 1 2 1 0 1 0 1 0 1 1 1 0 1 1 1 1 0 3 1 1 0 0 0 0 0 2 1 0 0 0 0 0 0 0 0 0 1 0 1 1 0 0 0 1 0 1 0 0 1 
0 0 1 0 1 0 0 0 1 1 1 1 0 1 0 1 0 0 0 0 2 0 0 0 1 1 0 0 0 1 1 1 1 0 0 1 1 1 0 1 0 1 0 1 1 0 1 1 0 0 1 1 
1 1 1 1 0 0 1 0 0 0 0 1 1 0 1 0 0 0 0 1 2 1 1 1 0 0 1 1 0 1 0 1 0 1 1 1 0 0 1 0 1 0 0 1 1 1 0 1 0 1 0 0 
0 1 1 0 0 1 0 1 1 1 0 0 0 1 0 0 0 0 1 1 3 1 0 1 1 1 0 0 3 0 0 0 1 0 1 0 0 0 1 0 1 0 1 1 1 0 0 0 1 1 1 1 
0 0 0 0 2 1 1 0 0 0 1 0 0 0 1 0 1 1 0 0 0 0 1 1 0 1 1 1 2 1 0 0 1 1 1 0 0 0 1 0 0 0 0 0 0 1 0 1 0 1 1 0 
1 0 1 0 1 1 1 0 1 1 0 0 1 1 1 1 1 0 0 1 0 0 1 1 0 0 1 0 1 0 1 1 0 0 1 0 1 1 1 0 0 0 1 1 1 1 1 0 1 0 0 0 
0 1 0 1 2 0 0 1 1 0 1 0 1 1 1 0 0 0 1 0 3 0 0 1 0 0 1 1 1 1 1 1 1 1 0 0 1 1 0 0 0 1 1 1 0 1 0 0 0 1 0 0 
0 0 0 0 0 0 0 0 0 1 1 1 0 1 1 0 0 1 1 1 1 1 1 0 0 0 0 1 3 0 1 0 0 1 0 1 1 1 0 1 0 0 0 1 1 0 0 0 1 0 0 1 
0 0 0 0 1 0 0 0 0 0 1 1 0 0 1 1 0 0 0 1 2 0 0 0 1 1 0 0 2 0 0 1 1 0 0 0 0 1 1 1 1 0 0 0 0 0 1 1 0 0 0 1 
0 1 0 0 2 0 1 1 0 0 1 0 0 0 0 0 0 1 1 0 0 1 0 0 0 0 0 0 0 0 0 0 0 0 1 0 0 0 0 0 0 0 0 0 0 0 1 0 0 0 0 1 
1 0 1 0 1 1 1 1 0 0 1 0 0 0 0 0 0 0 1 0 3 1 1 1 0 0 1 0 0 1 1 0 0 0 0 1 0 1 0 1 0 0 0 1 1 1 1 1 0 0 1 0 
1 0 0 1 0 1 1 1 1 0 1 1 0 0 0 1 0 0 0 1 1 0 1 1 1 0 0 1 2 1 0 1 1 1 0 1 1 0 0 0 1 0 1 0 0 0 1 0 1 0 1 1 
0 1 1 0 2 0 0 0 0 0 1 0 1 1 1 1 1 0 1 1 2 0 0 1 0 0 0 0 1 0 0 0 1 0 0 1 0 0 1 0 1 0 0 0 0 1 1 0 1 0 1 1 
1 0 1 1 1 0 0 0 1 1 1 0 1 0 0 0 0 0 1 1 2 0 0 1 0 0 0 0 3 0 1 1 1 1 1 1 0 1 0 1 1 0 0 0 0 1 1 1 0 1 0 1 
1 1 1 1 2 1 1 0 0 1 0 0 1 1 1 0 0 0 1 0 1 1 1 0 1 1 1 0 0 0 1 1 0 0 0 1 0 1 0 0 1 0 0 1 1 1 0 0 0 0 1 1 

# Size = 22 | Time = 891 ms
1 1 1 1 2 1 0 1 0 1 1 1 1 0 1 0 0 1 1 0 0 0 0 1 1 1 0 0 2 0 0 1 0 1 0 1 1 0 0 0 0 0 0 0 0 0 0 0 1 1 0 1 
0 0 0 0 1 0 0 0 1 0 0 0 0 1 0 0 1 0 0 1 3 0 1 0 0 0 1 1 0 1 0 0 0 0 1 0 0 0 1 1 1 0 0 0 0 1 1 1 0 0 1 0 
0 1 1 0 0 0 1 0 0 0 0 0 1 0 1 1 0 1 1 0 2 1 1 1 0 0 1 1 3 0 1 0 1 1 1 1 0 1 0 1 0 1 1 1 1 0 1 0 1 0 1 1 
1 0 1 1 2 0 1 1 0 1 0 0 0 1 0 1 0 0 0 0 1 1 0 0 1 1 0 0 3 1 1 1 1 0 0 0 1 1 1 0 1 0 1 1 1 1 1 1 0 1 0 0 
0 0 0 1 0 1 1 1 1 0 1 1 0 0 0 0 1 1 0 1 0 0 0 0 1 0 0 1 1 0 1 0 1 0 0 0 0 1 0 0 1 1 1 1 0 0 0 0 0 1 1 1 
1 1 0 0 1 1 0 0 1 1 1 1 0 1 1 1 1 0 1 1 2 1 0 0 0 1 1 0 0 1 0 1 0 1 1 1 0 0 1 0 0 1 1 1 1 1 1 1 0 0 0 0 
1 1 0 0 1 0 1 0 0 1 1 1 1 1 0 0 1 1 1 0 1 1 1 1 1 0 0 1 1 1 1 0 0 0 0 0 1 0 0 1 0 1 0 0 0 1 0 1 0 0 0 0 
0 0 1 1 0 0 1 1 0 0 0 0 1 1 0 1 1 0 0 1 3 1 1 1 0 1 1 0 2 0 0 0 1 1 0 0 0 1 0 1 1 1 0 0 0 1 1 0 1 0 0 0 
0 0 0 1 2 0 1 0 1 1 1 0 0 0 1 0 0 0 0 0 3 0 1 1 0 0 1 0 0 1 1 0 1 0 1 1 1 0 1 0 0 0 0 1 0 0 0 0 1 1 0 1 
1 0 1 0 0 1 0 1 0 0 0 0 0 0 0 0 0 0 0 1 1 0 1 0 0 1 1 0 1 0 1 1 0 1 1 1 1 1 0 0 0 0 0 1 1 0 0 0 1 1 1 1 
0 1 1 0 2 0 0 0 1 0 0 1 1 1 1 1 1 1 1 1 3 1 0 0 0 0 0 1 2 1 1 1 0 0 1 1 0 1 1 1 1 1 1 1 1 0 1 0 0 0 1 1 
0 0 1 1 1 1 0 1 0 0 0 1 1 0 0 0 0 1 1 0 0 0 1 0 1 1 1 1 0 0 1 0 1 0 1 0 0 1 1 1 0 1 1 0 0 0 1 1 0 1 1 1 
0 1 0 1 0 1 0 0 0 0 1 0 0 0 0 0 1 0 0 1 2 0 1 0 1 0 0 1 3 1 0 0 0 0 0 0 0 0 0 0 1 0 0 0 0 1 0 0 0 1 0 1 
0 1 0 0 2 0 1 0 0 1 0 0 1 1 1 1 0 0 0 0 0 0 1 0 0 0 0 0 1 1 0 0 0 1 0 0 0 1 0 0 0 0 0 0 0 0 1 0 0 0 1 1 
0 1 0 1 1 1 0 0 0 0 0 0 0 0 1 0 1 0 1 1 1 0 0 0 0 1 0 0 2 1 0 0 1 0 0 0 0 0 0 0 0 1 1 0 0 1 1 0 0 0 0 0 
0 1 1 0 1 0 0 0 1 0 1 1 0 0 0 0 1 0 0 0 0 1 0 1 0 1 0 0 3 0 1 1 0 0 0 0 1 0 0 0 1 0 1 1 1 1 0 0 1 0 0 0 
1 0 0 0 0 1 0 0 1 1 0 0 0 0 0 0 0 0 0 0 3 1 0 1 1 0 0 0 0 0 1 1 1 0 0 1 1 0 1 0 1 0 0 0 0 1 1 0 1 0 0 0 
0 0 1 1 2 1 0 1 1 0 0 1 0 0 0 0 0 1 0 0 2 0 1 1 0 1 0 0 1 1 1 0 0 0 1 0 1 1 1 0 1 1 1 1 1 1 1 0 0 0 0 0 
0 0 0 0 0 1 0 1 1 0 0 0 0 0 0 0 1 1 0 1 1 1 0 0 0 0 0 0 0 1 0 0 0 0 0 0 1 0 0 0 0 0 0 0 0 0 1 1 0 1 0 1 
1 0 1 0 2 0 0 0 1 1 0 1 1 0 1 1 1 1 1 0 2 0 0 1 1 1 0 0 2 1 0 1 0 0 0 0 0 1 0 1 0 1 1 0 0 1 1 1 0 1 0 1 
1 1 1 0 1 0 0 1 1 1 0 0 1 1 0 0 0 1 1 0 3 1 1 1 0 1 0 0 1 1 0 0 0 0 1 0 0 1 1 0 1 0 1 1 0 0 0 0 1 1 0 1 
1 1 1 0 0 0 1 1 0 1 1 1 1 1 0 0 0 1 1 1 3 0 1 0 1 0 0 0 3 1 0 0 0 1 1 0 1 1 0 1 1 1 0 1 1 0 1 0 0 0 1 1 

# Size = 23 | Time = 962 ms
0 1 0 0 1 1 0 0 1 1 1 0 0 1 0 1 0 1 0 1 3 0 0 0 1 0 0 1 2 0 1 1 0 1 1 1 1 0 1 0 1 1 1 1 0 1 1 1 0 1 0 0 
1 0 1 1 0 0 1 1 0 0 0 1 0 0 0 0 0 0 1 0 0 1 1 1 0 1 0 0 0 1 0 0 1 0 0 0 0 1 0 0 0 0 0 0 0 1 0 0 0 0 1 0 
0 0 0 1 2 1 1 0 1 0 0 0 1 0 1 1 1 0 0 1 2 0 0 0 0 0 1 0 3 0 0 0 0 0 1 0 0 1 1 1 1 0 0 1 1 0 1 0 0 0 1 1 
1 1 0 0 2 0 0 1 0 1 1 1 0 0 1 0 1 1 1 0 1 1 1 1 1 0 1 1 1 1 1 1 1 1 0 0 0 0 0 1 0 0 1 0 0 0 0 0 1 1 0 1 
0 0 1 1 0 0 0 1 0 0 1 1 1 1 1 0 1 0 0 0 3 1 1 0 1 1 1 0 2 0 1 1 0 0 0 1 1 0 1 0 0 1 0 1 1 0 0 1 0 0 1 1 
0 1 1 0 1 1 1 0 1 0 1 0 1 1 0 0 0 0 0 0 1 0 0 1 0 1 0 1 1 1 0 0 1 1 0 1 1 1 0 1 1 1 0 0 0 1 1 0 1 0 0 0 
1 1 1 1 1 0 0 1 0 1 0 1 1 1 1 1 0 1 1 1 2 0 1 1 0 1 0 1 0 0 1 0 1 0 1 1 0 0 0 0 1 1 1 1 1 1 1 0 1 0 1 1 
1 0 1 0 0 1 1 0 0 0 0 0 0 0 0 0 1 1 1 1 0 1 0 0 0 0 0 1 3 0 0 1 0 1 1 0 1 0 0 1 0 1 0 0 0 0 0 1 0 1 0 1 
1 0 0 0 1 0 1 1 1 1 0 1 0 1 0 0 1 0 1 1 3 1 0 1 0 0 1 0 3 1 1 0 1 0 0 0 0 1 1 1 0 0 1 1 1 1 0 1 0 1 0 0 
0 0 0 0 2 0 0 0 1 1 1 0 0 1 1 0 0 0 0 0 0 0 1 0 1 1 0 0 0 1 0 1 0 1 1 1 1 1 1 0 1 1 1 1 1 0 0 0 1 0 1 1 
0 1 0 1 0 1 1 0 0 0 0 1 1 0 0 1 1 1 1 0 1 1 1 0 1 1 0 0 1 0 0 1 0 0 1 1 1 1 1 0 1 0 0 1 0 0 1 1 0 1 1 1 
1 0 1 0 2 0 1 0 0 0 0 1 0 0 0 0 1 0 0 0 2 0 1 0 1 0 0 0 2 1 0 0 1 0 0 0 0 0 0 1 0 0 1 0 0 1 0 1 0 1 0 0 
0 0 0 0 0 1 0 1 1 1 0 0 0 0 0 1 0 1 1 0 3 0 1 1 0 1 1 1 3 1 0 0 0 1 0 1 0 1 0 0 0 0 1 0 0 1 1 0 1 1 0 0 
0 1 1 1 1 1 0 0 0 1 0 0 0 0 1 1 1 0 0 0 0 1 0 0 1 0 1 0 0 0 1 0 0 1 1 0 0 0 1 1 0 1 0 0 0 0 1 0 1 1 0 1 
1 1 0 0 0 1 1 1 1 0 1 0 0 0 1 1 0 1 1 1 2 1 0 1 0 0 0 0 2 0 1 0 0 1 0 0 1 1 1 0 1 0 0 0 0 0 1 0 0 1 1 1 
0 1 0 0 2 0 0 1 0 0 1 1 1 0 1 1 1 0 0 1 1 1 0 0 1 0 0 0 3 0 1 0 1 0 1 1 1 1 0 1 0 0 0 1 1 1 1 0 0 0 1 0 
1 0 1 1 2 0 1 0 1 1 1 0 0 1 1 0 0 1 0 1 3 1 0 1 1 1 1 1 1 0 0 0 0 0 1 0 1 0 0 0 1 1 0 1 1 1 0 0 0 1 0 1 
0 0 0 0 1 0 0 0 1 0 1 1 1 1 1 0 0 1 1 0 0 0 1 1 0 1 0 1 2 0 1 1 1 1 0 0 0 0 0 0 0 1 0 1 1 0 0 0 1 1 0 1 
1 0 0 0 2 1 0 1 1 1 0 0 0 1 0 1 0 1 0 0 1 1 1 1 1 0 0 0 0 0 1 0 1 1 1 0 0 0 0 1 0 1 1 1 1 1 1 1 0 0 0 0 
0 1 0 1 2 1 0 1 1 1 1 1 0 0 0 0 1 0 1 0 2 1 0 0 1 0 1 0 1 0 0 1 1 1 1 0 0 0 0 1 1 1 0 0 0 0 0 0 0 1 1 1 
0 0 0 1 0 1 1 0 1 1 1 0 1 1 0 0 0 0 0 1 3 1 0 0 0 1 1 0 0 1 1 1 1 1 0 0 1 0 1 1 1 1 0 0 0 1 1 1 0 1 0 1 
0 0 0 1 0 0 0 1 0 1 1 1 0 1 1 0 0 0 1 1 1 0 0 1 1 1 1 0 2 0 0 1 1 1 0 0 1 1 1 1 1 1 1 1 1 0 0 0 1 0 0 1 
1 0 1 0 0 1 0 0 0 0 1 0 0 1 0 0 0 0 1 0 0 0 0 1 1 1 1 1 1 0 1 1 1 1 1 0 0 0 0 1 0 1 0 0 0 1 0 0 0 1 1 1 

# Size = 25 | Time = 977 ms
1 0 0 1 0 1 1 0 0 1 1 0 1 1 0 0 0 1 1 0 0 1 1 0 1 1 0 1 2 0 1 1 0 1 1 0 1 0 0 0 1 0 1 1 0 0 1 0 0 1 0 1 
0 1 0 0 2 0 0 0 1 0 0 0 0 0 1 0 1 0 0 1 1 0 0 1 0 0 1 0 0 1 0 0 0 0 0 0 0 0 1 0 0 1 0 0 0 1 0 0 0 0 1 0 
1 0 1 0 1 0 0 1 1 0 1 1 1 0 0 1 1 0 1 0 2 1 0 1 1 0 0 1 3 0 1 1 1 0 0 1 1 1 1 1 0 1 1 1 1 1 1 0 1 0 0 0 
0 0 1 0 2 1 0 1 0 1 0 0 0 1 1 0 0 1 0 0 3 0 1 0 0 0 1 0 1 1 0 0 1 1 0 1 0 1 0 1 1 0 0 1 1 0 0 0 1 1 1 1 
0 1 0 0 1 0 1 1 0 1 0 1 0 0 1 1 1 1 0 1 2 0 1 0 0 1 1 0 3 0 0 1 1 1 1 0 1 1 1 1 1 0 1 0 0 1 1 1 0 1 0 1 
1 1 1 1 0 1 0 0 1 0 0 1 1 0 0 1 0 0 1 1 3 1 1 1 1 1 0 0 1 1 1 0 1 0 1 1 0 0 0 0 1 1 0 0 0 1 1 1 0 0 1 0 
0 1 1 1 1 0 1 0 1 0 1 1 0 1 0 0 0 0 0 1 0 0 0 0 0 0 0 1 2 1 0 0 0 0 0 1 0 0 0 0 0 1 0 1 1 0 0 1 0 1 0 1 
0 0 0 1 0 1 1 0 0 1 1 0 1 1 0 0 0 0 1 0 1 1 0 1 1 1 1 1 0 1 0 1 0 1 1 0 1 0 1 1 0 0 1 1 1 0 0 1 0 0 1 1 
0 1 1 1 2 1 0 1 1 0 0 0 1 1 1 1 1 1 1 0 0 1 1 1 0 1 0 1 0 0 1 0 0 1 1 0 1 0 0 0 0 0 0 0 0 1 1 0 1 1 1 0 
1 0 0 0 0 0 1 0 0 1 0 0 0 0 1 0 0 1 0 1 1 0 0 0 1 0 1 0 2 0 1 0 1 0 0 1 0 1 0 1 1 1 0 0 0 0 0 0 1 0 0 1 
1 0 0 0 2 1 1 0 0 0 1 0 0 1 0 0 0 0 1 0 2 0 0 0 0 0 0 0 3 1 0 1 0 0 1 0 0 0 0 0 0 0 0 0 0 1 0 1 0 0 1 0 
0 0 0 1 1 0 1 1 1 1 1 0 1 0 1 0 0 1 0 1 3 1 0 1 0 0 0 1 1 0 0 0 0 1 1 0 1 1 1 0 0 0 1 0 0 1 0 0 0 0 0 0 
1 0 1 0 0 0 0 1 1 0 0 0 1 0 0 1 1 0 0 1 1 0 1 1 0 0 0 1 2 1 1 1 0 0 1 0 0 0 1 0 0 0 1 1 0 1 1 0 1 0 1 0 
1 0 0 0 2 1 0 0 0 0 0 1 0 0 1 0 1 0 0 0 0 0 1 0 0 1 1 0 0 1 0 0 1 1 0 1 1 1 0 1 1 1 0 0 0 0 0 0 0 0 0 1 
1 0 0 1 2 0 1 0 0 0 0 1 0 0 0 1 0 0 0 0 2 1 1 0 1 0 0 0 3 0 0 0 0 1 0 0 1 0 1 0 0 0 1 1 0 0 1 0 0 1 0 1 
1 0 1 1 1 1 0 1 0 1 0 0 1 0 1 0 1 0 1 0 1 0 0 0 1 0 1 1 1 0 0 1 0 0 0 0 1 0 1 0 0 0 0 1 0 1 0 0 1 1 1 0 
0 0 1 0 1 1 1 0 0 1 0 0 0 1 0 0 1 1 1 1 3 0 0 1 1 0 0 1 0 0 0 1 0 1 0 1 1 0 1 1 0 1 1 1 1 0 0 0 1 1 1 1 
1 0 1 0 0 1 1 0 1 1 1 1 0 1 0 0 0 1 1 1 1 1 1 0 0 1 1 1 3 0 0 1 0 0 1 0 0 1 0 0 1 0 0 0 0 1 1 1 0 0 0 1 
0 0 0 1 0 1 1 1 0 1 1 1 1 0 1 0 1 1 1 0 2 1 0 0 1 0 0 1 2 1 0 0 0 1 1 0 1 1 1 0 1 1 1 0 0 1 0 0 0 1 1 1 
1 0 1 1 2 0 1 1 1 0 0 1 1 0 1 0 1 0 0 1 3 1 0 0 0 0 1 1 2 0 1 1 1 0 1 1 0 1 0 0 0 0 0 1 0 1 1 1 0 0 0 1 
1 1 1 1 2 1 0 1 1 1 0 0 1 0 1 1 0 0 0 0 0 0 1 0 1 0 1 0 3 1 1 0 0 0 0 1 0 1 1 1 1 1 1 1 0 1 1 0 1 0 1 1 
1 1 1 1 2 0 0 1 1 1 1 1 0 1 0 1 1 0 1 1 0 1 0 0 0 0 0 1 1 0 1 0 1 0 0 0 0 0 0 1 1 1 0 1 0 1 1 1 0 0 1 1 
1 1 0 1 0 0 0 1 0 1 0 1 0 0 0 0 0 1 1 0 3 1 0 1 1 1 1 0 3 1 1 0 0 1 0 1 1 0 0 0 1 1 1 1 1 1 0 1 0 0 0 0 
0 1 1 1 2 1 0 1 0 0 0 0 0 0 0 0 0 1 1 1 2 1 1 1 0 1 1 1 1 1 1 0 0 1 1 1 0 0 1 0 1 0 0 1 1 1 1 0 1 1 1 1 
0 1 1 0 1 1 1 0 1 0 0 1 1 0 1 0 1 0 1 0 2 0 0 0 0 1 1 1 0 1 1 1 0 0 0 1 1 0 1 0 0 0 1 0 0 0 0 0 0 0 0 1 

# Size = 25 | Time = 1040 ms
1 1 0 1 0 0 1 1 0 1 0 0 0 1 1 0 0 0 1 0 0 1 0 1 0 0 0 0 2 0 0 1 1 1 1 0 1 1 0 1 0 1 1 1 0 0 1 0 1 0 0 1 
0 0 1 0 2 1 0 0 0 0 0 0 0 0 0 1 1 1 0 1 3 0 1 0 1 1 0 0 0 0 0 0 0 0 0 1 0 0 1 0 1 0 0 0 0 1 1 1 0 0 1 0 
1 0 1 1 1 0 0 0 1 1 1 1 1 0 1 0 0 0 0 0 1 1 1 0 1 0 1 1 3 1 1 0 1 0 0 0 0 0 0 0 0 0 1 0 0 0 0 1 0 1 0 1 
0 1 0 0 1 1 0 1 1 0 1 1 0 0 0 1 1 1 1 1 2 0 0 0 0 0 1 1 1 1 0 0 0 1 1 1 1 1 1 1 0 1 0 1 1 1 1 0 1 1 1 0 
0 1 1 1 2 0 1 1 0 0 0 1 1 1 0 0 1 0 0 0 1 0 0 1 0 1 1 1 3 0 1 1 0 1 0 1 1 0 1 1 1 1 0 1 1 1 0 1 0 0 0 0 
1 0 0 0 0 1 0 0 1 1 1 0 1 1 0 0 0 1 1 0 2 0 0 1 1 1 0 0 1 1 1 1 1 0 1 0 0 0 0 0 1 0 0 1 1 0 0 0 1 1 0 1 
0 1 1 0 0 0 1 0 1 0 1 1 1 1 1 1 0 0 1 1 3 1 1 0 1 1 0 1 2 0 1 0 1 0 1 1 0 1 1 1 1 1 1 0 0 1 1 0 0 0 1 1 
1 0 0 0 2 1 1 1 0 1 1 0 1 0 0 0 1 0 0 1 0 0 1 1 0 0 1 0 0 1 1 1 0 0 0 1 1 1 0 0 0 0 1 0 0 0 0 0 1 1 1 1 
1 0 0 1 1 0 0 0 1 0 0 0 0 0 1 1 1 1 1 1 0 0 0 0 1 1 0 0 2 1 1 1 0 1 0 0 0 0 1 0 0 1 0 0 0 0 1 1 0 0 1 1 
0 1 0 0 2 1 0 1 0 1 0 0 1 1 1 0 0 1 1 0 3 1 1 1 0 0 0 0 0 1 0 0 1 1 1 0 0 0 0 0 0 1 1 1 1 1 0 1 0 1 0 0 
0 1 1 1 0 0 1 0 0 0 0 0 0 0 1 1 1 0 0 0 2 1 0 0 0 0 1 0 1 0 0 0 0 0 0 0 0 1 0 1 1 0 1 0 0 1 1 1 0 0 0 0 
1 0 0 0 1 1 1 0 0 1 0 0 0 1 0 0 1 1 1 0 1 0 0 1 0 1 0 1 3 0 0 1 1 1 1 0 1 1 0 1 0 0 0 1 0 1 0 0 1 1 1 0 
0 0 1 1 2 1 0 1 1 1 0 0 1 0 0 1 0 0 0 1 3 1 0 0 1 1 1 1 2 0 0 1 0 0 1 0 1 0 1 0 1 0 0 1 1 0 1 1 0 0 0 1 
0 0 1 1 1 0 1 1 1 1 0 1 0 0 1 0 1 0 1 0 0 0 0 1 0 0 1 1 0 0 0 0 1 1 0 1 1 0 0 0 1 0 0 0 0 1 1 0 1 0 0 0 
0 1 0 0 0 1 0 0 1 0 1 1 1 0 1 1 1 0 1 1 1 1 0 1 0 1 1 0 3 0 1 1 0 0 1 1 0 1 0 1 1 1 0 0 0 0 1 0 0 1 1 1 
1 1 0 0 2 0 0 0 0 0 1 0 0 0 0 1 1 1 1 1 3 1 1 1 1 0 1 0 1 1 1 0 1 0 0 0 0 0 1 0 0 0 0 0 0 0 1 0 1 0 0 1 
0 1 1 1 0 0 0 0 0 1 0 0 0 1 0 0 0 1 1 1 2 1 1 1 1 1 0 1 2 1 1 1 1 0 0 1 1 0 0 1 1 1 0 0 0 1 0 1 0 1 0 0 
1 0 1 0 2 1 1 0 0 1 0 1 1 1 1 0 0 0 1 0 2 0 0 0 0 1 0 1 0 0 1 1 1 0 0 1 0 0 0 1 0 1 0 0 0 0 0 1 0 0 1 1 
1 0 0 0 0 0 1 1 1 1 1 1 0 1 0 0 0 1 0 1 1 1 0 0 0 1 0 1 0 1 0 0 1 0 0 1 0 0 1 0 0 0 0 1 1 1 0 1 0 0 1 1 
0 0 0 1 1 0 0 1 1 0 1 0 1 0 0 1 1 0 1 0 0 0 0 0 0 0 0 1 1 0 0 0 1 1 0 0 1 0 1 0 1 1 0 1 1 1 1 0 0 0 1 0 
0 1 1 0 1 1 0 0 1 0 0 1 0 1 1 0 0 1 1 1 3 1 1 0 0 0 1 1 3 0 0 0 0 0 0 0 0 1 0 0 1 0 0 0 0 1 0 1 0 0 1 1 
0 0 0 0 2 1 1 1 0 1 0 1 0 1 0 0 0 0 0 1 0 0 0 0 0 1 1 0 3 1 0 0 1 0 0 0 1 1 1 1 1 1 1 1 0 1 0 0 0 0 1 0 
0 0 0 1 1 0 0 0 1 0 1 0 1 1 1 0 1 0 0 1 2 0 1 1 1 0 0 1 3 0 1 1 0 0 1 1 0 1 0 0 1 0 0 1 1 0 1 1 0 0 1 1 
1 0 1 0 2 0 1 0 1 1 1 1 1 0 1 0 0 0 1 0 1 1 0 1 1 0 0 0 1 1 1 1 1 0 1 0 1 0 0 1 0 1 0 0 0 0 1 0 0 1 0 1 
0 1 1 0 1 0 0 1 0 0 0 1 0 1 1 0 1 1 1 1 1 0 1 1 0 0 1 0 2 0 1 0 1 1 1 0 1 1 1 1 1 0 1 1 0 1 0 0 1 0 1 0 

# Size = 26 | Time = 1022 ms
1 1 0 0 2 1 1 0 0 1 0 1 0 0 1 0 1 1 0 1 2 0 1 0 1 0 0 0 2 1 1 1 1 0 0 1 1 0 1 0 0 1 0 1 1 1 1 1 0 1 1 1 
0 0 0 1 0 0 0 0 0 0 1 0 1 1 0 1 0 0 0 0 0 0 0 0 0 1 0 1 0 0 0 0 0 1 1 0 0 1 0 1 1 0 1 0 0 0 1 0 1 0 0 1 
1 0 1 0 1 0 0 1 1 1 0 1 0 0 0 0 1 0 1 0 3 1 1 1 1 0 1 1 1 0 0 1 1 1 0 0 0 1 0 0 1 1 1 0 0 1 0 1 0 0 0 0 
0 1 1 1 1 1 1 1 1 0 1 0 1 1 1 0 0 0 1 0 1 1 0 1 0 1 0 0 3 0 1 0 1 0 0 1 0 0 1 0 0 0 0 1 0 1 0 0 1 1 0 0 
0 1 1 0 0 0 0 1 0 0 0 1 0 1 1 0 1 1 1 1 0 1 0 1 1 1 1 0 0 1 0 0 0 0 1 1 1 0 1 1 1 0 1 1 1 1 0 0 0 0 1 0 
1 0 0 0 2 0 1 0 1 0 1 0 1 0 0 1 0 1 1 1 1 1 0 0 0 0 1 0 3 1 0 1 0 0 1 0 1 1 0 1 0 1 0 1 0 0 1 1 0 1 0 1 
1 1 1 1 0 1 1 1 1 1 0 1 1 0 0 1 0 1 0 0 3 0 1 1 0 0 0 1 1 0 1 0 0 1 1 0 1 0 1 0 0 0 0 0 0 0 1 0 1 0 1 1 
0 0 0 1 1 1 0 0 0 1 0 0 1 0 1 0 1 0 0 1 2 0 0 1 1 1 1 1 2 1 1 0 1 1 1 1 0 0 0 1 1 1 0 0 0 0 0 1 0 0 1 1 
0 0 1 1 2 1 0 0 0 0 1 0 0 1 0 0 1 1 0 0 2 0 1 0 0 0 0 1 2 1 0 1 0 0 0 0 0 1 0 1 1 0 1 1 1 1 0 0 1 1 0 0 
1 1 0 0 2 1 0 0 1 1 0 0 0 0 1 1 0 0 0 0 0 1 1 0 1 1 0 0 0 0 1 1 1 1 0 0 0 1 0 0 0 1 0 1 1 0 1 0 1 1 1 1 
0 0 0 0 0 0 0 1 0 1 0 1 0 1 0 1 1 0 0 1 1 0 1 0 1 1 1 1 3 0 1 1 0 1 0 1 1 0 0 0 1 1 1 0 0 1 1 0 1 0 0 0 
0 0 0 1 2 1 1 0 0 0 0 0 0 1 0 1 0 0 1 1 3 0 0 0 0 1 0 0 1 0 1 0 1 0 0 0 1 0 1 1 0 0 1 0 0 0 1 1 0 1 1 1 
1 1 0 1 1 0 0 1 1 1 1 1 0 1 1 1 0 1 0 1 3 0 0 0 1 0 0 0 1 1 0 0 0 1 1 1 1 1 0 0 0 0 0 1 1 1 1 0 0 0 1 0 
0 1 0 1 0 0 1 1 1 1 1 1 0 1 0 0 0 0 1 0 2 1 0 1 0 0 0 0 2 0 0 1 1 0 0 1 1 0 1 0 1 0 1 0 0 1 0 0 0 1 0 1 
0 1 0 0 2 0 1 1 0 1 0 1 1 0 1 0 0 0 0 1 1 0 0 1 0 0 1 1 0 0 0 0 0 1 1 1 1 1 1 0 0 1 0 1 1 0 1 0 0 0 1 1 
0 0 0 0 1 1 1 1 0 1 0 1 0 1 0 0 1 0 0 0 0 1 0 1 0 0 0 0 3 0 1 0 0 1 1 0 0 0 1 1 1 0 1 1 1 0 1 0 1 0 1 1 
0 0 0 0 1 0 0 0 1 0 1 1 0 1 1 1 0 0 0 0 2 0 0 1 1 0 0 0 0 1 0 1 1 0 1 1 0 0 0 0 1 0 0 1 0 1 1 1 0 0 1 0 
0 0 0 0 0 1 0 0 0 0 0 1 0 0 0 1 0 0 1 1 0 1 0 1 1 1 1 0 2 1 0 0 1 0 1 0 0 1 1 1 1 0 0 0 0 0 1 1 0 0 1 1 
0 1 1 0 0 1 0 1 0 1 0 1 1 0 0 1 0 1 1 1 3 0 1 0 0 0 0 0 2 1 0 1 1 0 0 0 1 1 1 1 0 1 1 0 0 1 1 0 1 0 0 0 
0 0 1 1 2 0 0 1 0 1 0 0 1 1 1 1 0 1 1 1 0 0 0 0 1 0 0 1 1 0 0 1 1 1 1 0 0 1 1 1 1 0 0 0 0 0 1 0 1 0 1 1 
1 0 1 1 0 1 1 1 1 0 1 0 1 0 1 1 0 0 0 0 3 1 0 1 1 0 1 1 0 1 0 1 1 1 0 0 1 1 1 0 1 0 1 1 1 1 1 1 0 0 0 0 
0 1 1 0 0 0 1 1 0 1 1 0 0 0 0 0 0 1 0 0 2 0 1 1 1 0 1 0 1 1 1 1 0 0 0 0 1 0 1 1 0 1 1 0 0 0 0 0 1 1 0 1 
0 1 0 1 0 0 0 0 1 1 1 1 1 1 1 1 0 1 1 0 3 0 0 0 1 1 1 1 3 1 0 1 0 0 0 0 0 0 0 1 1 0 1 0 0 1 1 0 0 0 0 0 
1 1 0 0 1 0 0 1 0 1 0 0 0 0 0 0 0 1 0 0 2 1 0 1 0 1 0 1 3 0 1 0 1 1 0 0 1 0 1 1 0 0 0 1 0 0 0 1 0 1 0 1 
0 1 0 1 1 0 0 1 1 1 1 1 0 1 0 1 0 1 0 1 1 1 1 0 0 0 0 0 1 1 0 0 0 0 1 0 1 0 1 1 1 1 1 1 1 0 1 1 0 0 1 1 
1 1 0 1 0 1 0 0 0 1 1 0 1 1 0 1 1 1 0 1 1 0 0 0 1 1 0 0 2 0 0 1 0 1 0 1 1 0 1 1 1 0 0 1 0 1 1 1 0 0 0 1 

