# Size = 21 | Time = 1040 ms
1 0 1 0 2 1 0 1 0 1 0 1 1 0 0 0 0 1 1 1 2 0 0 0 1 1 1 1 1 0 0 1 0 1 1 1 0 0 1 0 1 0 1 1 1 1 1 1 0 0 0 1 
0 1 0 1 0 0 1 0 0 0 1 0 0 0 1 0 1 0 0 0 3 1 1 0 0 0 0 0 3 1 0 0 0 0 0 0 1 1 0 1 0 1 0 0 0 0 0 0 0 1 0 1 
0 0 1 0 1 0 0 0 1 0 0 0 1 1 1 1 0 1 1 0 0 0 0 1 0 0 0 0 2 1 1 1 1 0 0 1 0 0 1 0 0 1 0 0 0 1 1 0 1 0 1 0 
1 1 0 0 1 1 1 0 1 1 1 0 0 1 0 1 1 0 0 1 1 0 1 1 1 1 0 1 0 0 1 0 0 1 1 0 1 0 0 1 0 0 1 1 1 1 1 1 0 1 1 0 
0 0 1 1 0 1 0 1 1 1 0 1 0 1 0 0 0 0 0 1 0 1 0 1 1 0 1 0 0 0 1 0 1 1 0 0 1 1 0 0 1 0 0 1 0 0 0 0 1 0 0 1 
1 1 0 1 2 0 1 1 0 0 0 1 0 1 1 0 1 1 0 0 3 1 1 0 0 0 1 1 2 0 0 1 1 0 1 1 0 0 0 1 1 1 1 1 1 1 0 0 1 0 1 0 
1 0 0 0 0 0 1 1 1 0 1 0 1 0 0 0 1 0 1 0 1 1 0 0 0 1 1 1 1 1 1 1 1 0 0 1 0 1 1 0 0 0 0 0 0 0 0 1 0 1 0 1 
0 1 1 1 2 1 0 0 0 1 1 1 1 0 1 1 0 1 1 0 2 0 1 0 0 0 0 0 3 1 1 0 0 1 1 0 1 1 0 1 1 1 1 0 0 1 1 0 1 1 1 0 
0 1 0 1 0 0 1 0 0 0 0 0 0 0 1 1 0 1 1 1 0 0 1 1 1 1 1 0 1 1 0 0 0 0 1 1 1 0 1 1 0 1 0 1 1 0 1 0 1 0 1 1 
0 0 1 0 1 1 0 1 1 1 1 1 1 0 1 1 1 1 0 1 3 1 1 0 0 1 1 1 3 0 0 1 1 0 1 0 0 0 1 0 0 0 1 1 1 0 1 1 0 0 0 1 
1 1 0 1 2 0 0 0 1 0 0 0 1 0 0 0 1 0 0 0 2 1 0 0 0 0 0 0 0 1 0 0 1 1 0 1 0 1 0 0 0 1 0 1 1 0 0 1 0 1 0 1 
0 0 1 0 1 0 0 0 0 1 0 1 0 0 1 0 0 0 0 1 1 0 0 0 1 1 0 0 2 0 0 0 0 1 1 0 1 1 0 1 1 0 0 0 0 0 0 0 1 0 0 1 
1 1 1 0 0 1 0 1 0 0 0 0 1 1 0 0 0 0 0 0 3 0 0 1 1 0 0 0 1 0 1 1 0 1 0 0 1 0 0 1 1 1 1 0 0 1 0 0 0 0 0 0 
1 1 1 0 0 1 1 1 0 1 1 0 0 0 0 0 1 0 0 0 0 0 1 0 0 0 0 1 2 0 0 0 0 0 0 1 0 0 0 0 0 0 1 1 0 1 0 1 0 1 0 0 
0 0 0 1 2 0 0 0 0 0 0 0 0 0 0 0 0 1 1 1 1 0 0 1 0 0 0 1 0 1 0 1 1 0 0 0 0 1 1 0 1 0 1 0 0 0 0 0 1 1 0 1 
1 0 0 1 1 0 1 0 1 0 0 0 0 1 0 1 1 1 0 0 2 0 0 1 1 1 0 1 3 0 1 1 1 0 0 0 0 1 1 0 0 1 0 1 1 0 1 1 0 1 0 1 
0 0 0 0 0 0 1 0 0 0 1 0 1 1 0 1 0 1 1 0 1 0 0 0 0 0 0 0 3 1 1 1 1 1 1 1 1 0 0 0 0 1 1 0 0 0 1 0 1 1 0 1 
0 0 0 0 0 1 0 0 0 0 0 0 0 0 1 0 1 0 1 1 3 0 0 0 0 1 1 0 0 1 0 0 0 0 1 0 1 1 0 1 0 1 0 1 1 1 0 0 0 0 0 1 
1 0 0 1 0 1 0 0 1 0 0 0 0 0 1 0 0 0 1 0 2 0 0 0 0 1 1 1 2 0 1 0 1 1 1 0 1 1 1 1 0 0 1 1 0 0 0 1 0 0 0 1 
1 1 0 1 2 0 0 0 1 0 1 1 1 1 1 0 1 1 0 1 0 0 0 1 1 1 1 0 3 0 1 1 1 0 0 0 1 0 1 1 0 1 1 1 0 0 1 0 1 0 0 1 
0 0 1 1 1 1 1 0 1 1 1 1 0 0 0 1 1 1 1 0 1 0 0 0 0 1 1 0 1 0 0 1 1 1 0 0 1 1 1 0 1 0 1 0 0 1 1 0 0 1 1 0 

# Size = 28 | Time = 1295 ms
0 1 1 1 0 1 1 1 1 0 1 0 0 0 1 0 1 1 0 0 2 0 1 1 0 0 0 1 1 1 1 0 1 0 0 1 1 0 0 0 0 0 1 0 0 0 1 0 1 0 1 1 
0 0 0 0 0 0 0 0 0 1 0 1 0 1 0 0 0 0 1 1 0 0 0 0 0 0 1 0 0 0 0 1 0 0 1 0 0 1 1 1 1 1 0 1 1 1 0 1 0 1 0 0 
1 1 0 0 1 1 1 0 0 0 1 0 1 0 0 1 0 1 0 0 1 1 0 0 1 1 0 0 2 1 0 1 1 1 1 1 0 1 1 0 0 1 0 0 0 1 1 0 0 0 0 0 
1 0 1 1 2 0 0 1 1 1 0 1 1 1 1 1 1 0 1 1 3 1 1 0 1 1 1 0 3 0 1 0 0 1 0 0 0 0 0 1 1 0 1 1 1 0 1 0 1 1 0 1 
1 0 0 1 2 0 0 1 0 0 0 1 1 0 0 0 0 1 0 0 3 0 0 1 1 0 0 1 3 1 0 1 0 1 0 1 1 1 1 1 0 0 0 1 1 0 0 1 0 0 1 1 
0 1 1 0 1 1 0 0 1 0 0 0 0 1 0 0 1 0 1 1 1 1 1 1 0 1 1 1 2 0 0 0 1 0 1 0 1 0 0 0 1 1 1 0 0 1 0 0 1 1 1 0 
0 0 0 0 2 1 1 1 0 1 1 1 1 1 1 1 1 0 0 0 0 0 1 0 1 1 1 1 0 0 1 1 1 0 0 1 1 0 0 0 0 0 1 0 0 1 1 1 0 0 1 0 
1 1 0 0 1 0 1 0 1 1 1 0 0 0 1 0 0 0 1 0 2 1 0 1 1 0 0 1 1 1 1 0 0 1 1 0 0 1 1 0 1 1 0 1 1 0 0 1 0 1 0 1 
1 0 1 1 1 0 0 0 0 0 0 0 0 1 0 1 0 1 0 1 0 1 0 1 0 0 0 0 0 1 1 0 0 1 0 0 0 0 0 1 1 0 0 0 0 0 1 0 1 0 1 1 
1 0 1 1 2 1 0 1 0 1 1 0 1 0 0 1 1 1 1 1 2 0 1 0 0 1 1 0 1 0 0 1 1 0 0 1 1 1 1 1 0 1 1 1 1 1 1 1 0 1 0 0 
0 1 0 0 2 0 1 0 0 0 0 0 0 0 1 0 0 1 1 1 3 0 1 1 0 0 0 0 3 0 0 1 1 0 1 0 1 0 1 1 0 1 0 0 0 1 1 0 1 0 0 0 
0 0 0 1 0 0 0 1 1 1 0 1 0 1 1 0 0 0 0 0 1 0 0 1 1 0 0 0 2 0 1 0 0 1 0 0 1 1 0 1 0 0 1 1 0 0 1 1 0 1 0 1 
1 1 1 1 0 1 0 1 1 0 1 1 1 1 0 0 1 0 0 0 3 0 0 1 0 1 0 0 3 0 1 1 0 0 1 1 1 1 0 0 1 0 0 1 0 1 1 0 1 0 0 1 
1 1 0 0 1 1 0 1 1 1 0 1 0 0 0 0 0 0 0 0 0 0 0 1 0 0 1 1 0 1 0 0 0 0 1 0 0 0 1 1 1 0 0 0 0 0 0 1 0 0 0 1 
0 0 1 0 0 1 0 1 1 1 0 1 0 1 1 0 0 0 1 0 2 1 1 0 0 1 0 1 1 1 0 1 0 0 0 1 0 0 0 0 1 0 1 1 0 0 0 0 1 0 0 1 
0 1 0 1 2 1 1 1 0 0 0 0 1 1 1 0 0 0 0 1 1 1 0 1 1 1 1 0 2 0 1 0 1 1 0 1 0 1 1 0 1 0 1 1 1 1 0 0 0 1 1 0 
0 0 0 0 1 0 0 1 0 0 1 0 0 1 0 1 0 1 0 1 1 0 0 1 1 1 1 1 3 0 1 1 0 1 0 0 1 1 0 0 1 0 0 1 1 0 1 1 0 0 1 1 
1 0 1 1 0 1 0 0 0 1 0 1 1 1 0 1 1 0 1 0 2 1 1 0 0 1 1 1 2 0 1 1 1 1 1 1 0 0 0 0 1 0 0 1 1 1 1 0 1 1 1 1 
0 1 1 1 1 0 0 0 0 0 1 0 0 0 1 0 0 0 0 0 3 0 0 0 1 0 0 0 1 1 1 1 1 1 1 1 1 1 0 0 0 1 1 0 0 1 0 0 0 0 1 1 
0 1 0 1 0 1 1 0 0 0 1 1 1 0 0 1 1 0 1 1 0 1 0 0 1 1 1 0 2 1 0 1 1 1 0 1 0 0 0 0 0 1 0 1 0 1 1 1 0 1 1 0 
0 1 0 0 2 0 0 0 1 1 0 0 0 1 0 1 0 1 1 1 1 0 1 1 1 0 1 1 0 0 1 1 1 1 0 0 1 0 1 1 0 0 0 0 0 1 1 0 1 0 0 1 
0 0 0 0 0 1 0 1 1 0 0 0 1 0 0 1 0 1 1 0 2 0 0 1 0 0 0 0 0 1 0 1 0 0 1 1 0 1 0 0 1 1 1 1 1 1 1 1 0 0 0 0 
1 0 0 1 1 0 1 1 0 1 0 1 1 1 0 0 1 1 1 1 3 0 0 0 1 1 1 1 2 1 1 1 0 1 1 0 1 0 1 1 1 1 1 1 1 0 0 0 1 1 0 1 
1 1 0 0 2 1 1 1 1 0 1 1 0 0 0 0 1 1 1 0 2 0 0 0 1 0 0 0 3 1 0 1 0 1 1 0 1 1 0 0 0 0 1 1 1 1 0 1 0 1 1 0 
1 0 0 0 2 1 0 0 1 1 1 1 0 1 0 1 1 1 1 1 0 1 0 0 1 1 1 0 1 0 0 1 0 1 0 1 1 0 1 0 1 1 0 1 0 0 1 1 0 1 1 1 
1 1 0 0 1 0 0 0 0 1 1 1 1 0 1 0 0 1 0 1 3 0 0 1 1 1 0 1 0 0 0 0 1 1 0 0 1 0 0 1 0 1 1 1 1 0 0 0 1 0 0 1 
1 0 1 0 0 1 0 0 0 1 1 0 0 0 0 0 0 0 0 0 1 1 1 0 1 0 1 0 1 0 1 0 0 0 0 0 0 1 0 0 1 1 0 1 0 0 0 1 0 0 0 1 
0 1 1 1 0 1 0 1 0 1 0 1 1 1 1 0 0 1 1 1 0 0 0 0 1 1 1 0 3 0 0 1 1 0 0 0 1 0 0 0 1 1 1 1 1 1 0 0 1 1 0 0 

# Size = 21 | Time = 1036 ms
0 1 1 1 1 1 1 1 0 0 0 0 1 0 1 0 0 0 1 0 0 1 0 1 0 0 0 1 0 0 0 1 1 1 1 1 1 1 0 0 1 0 1 1 1 1 0 1 0 1 0 1 
1 0 0 0 0 0 0 0 1 0 0 1 0 1 0 0 1 1 0 0 3 0 1 0 1 0 0 0 1 0 1 0 0 0 0 0 0 0 1 1 0 1 0 0 0 1 1 0 1 0 1 0 
0 1 0 0 2 0 0 1 0 1 1 0 1 0 0 1 0 0 1 1 1 0 0 0 1 1 1 1 3 1 0 0 1 0 0 1 1 0 1 1 0 1 0 1 1 0 1 0 1 0 0 1 
1 0 1 1 2 1 0 0 0 1 1 1 0 1 0 0 0 1 0 1 2 1 1 0 0 1 1 0 2 1 1 1 0 0 1 0 0 1 0 0 1 0 1 0 0 1 0 1 0 1 1 0 
0 0 0 0 0 0 1 1 1 0 1 0 0 0 1 1 1 1 0 1 1 0 0 1 0 1 0 0 0 1 0 1 0 1 1 0 0 1 0 1 1 0 0 0 0 0 1 1 0 0 1 1 
1 0 1 1 1 1 1 0 1 1 0 1 0 1 1 0 1 0 1 0 2 1 1 1 0 0 1 1 3 0 1 0 0 1 0 0 1 0 1 0 0 1 0 1 1 0 0 0 1 1 0 1 
0 1 0 0 0 1 1 0 1 0 0 1 1 0 1 1 0 0 1 0 3 1 1 0 1 1 1 0 2 0 1 1 1 1 0 1 0 1 1 0 0 0 1 0 0 1 1 0 0 1 0 0 
1 1 1 1 1 0 0 1 1 1 1 0 1 1 0 0 0 1 0 1 0 0 1 1 1 1 1 1 1 0 0 0 1 0 0 1 1 0 0 1 0 1 1 0 0 1 0 1 0 0 1 0 
0 0 0 1 0 0 0 0 0 1 1 1 0 1 1 1 1 1 0 0 0 0 0 0 1 0 0 0 2 1 0 0 1 0 1 1 0 0 0 0 1 0 1 1 1 1 1 0 1 0 0 0 
1 1 1 0 2 1 0 1 0 0 0 0 0 0 1 0 1 0 1 0 3 0 0 1 0 0 0 1 1 1 1 1 0 1 1 0 0 0 1 1 1 0 1 1 1 0 0 1 0 1 1 1 
1 0 0 0 1 0 1 0 0 0 0 0 1 0 0 1 1 0 0 1 2 1 1 0 1 0 0 0 0 0 0 0 0 0 1 1 0 1 1 1 0 1 1 1 0 1 1 0 0 0 0 0 
1 0 0 0 0 1 0 1 0 0 0 1 1 1 0 0 0 0 0 0 1 0 0 1 1 0 0 0 3 0 1 1 1 1 1 0 1 1 0 0 1 1 1 0 0 1 0 0 1 1 0 0 
1 0 1 0 0 1 0 1 1 0 0 0 1 0 1 1 0 1 1 0 0 1 0 1 1 1 1 1 2 1 1 0 0 0 0 0 1 0 1 0 1 0 0 0 0 0 1 0 0 0 0 1 
0 0 0 1 2 0 0 0 0 1 1 0 0 0 0 0 0 1 0 1 3 0 0 0 0 1 1 0 0 0 0 1 1 0 0 1 1 0 0 0 0 0 0 0 0 1 0 0 1 1 0 0 
0 1 0 0 2 0 1 1 1 1 0 1 0 0 1 0 1 0 0 1 2 1 0 1 1 0 0 1 1 0 0 1 1 0 1 1 1 1 1 0 0 1 0 1 1 0 0 0 1 1 0 1 
1 0 1 1 1 0 1 0 0 0 1 0 0 0 1 1 1 1 1 0 1 1 1 0 1 0 1 1 3 0 1 0 0 1 1 0 0 0 0 1 0 0 1 0 0 1 1 1 0 0 1 1 
1 0 1 0 1 1 1 0 1 0 0 0 1 1 0 0 1 0 0 0 1 1 1 1 0 0 0 1 2 1 1 0 1 1 0 1 1 1 0 1 1 1 1 1 0 1 0 1 0 1 1 1 
1 1 0 0 0 0 0 0 0 0 0 1 1 1 0 0 0 0 0 1 2 0 0 0 1 0 0 0 0 0 1 0 0 0 1 1 0 0 0 0 0 0 1 0 0 0 0 0 1 0 0 1 
0 1 1 0 2 1 0 0 0 1 1 0 1 0 0 1 0 0 1 0 0 1 1 1 0 0 0 0 3 0 0 0 0 0 1 0 0 1 1 0 0 0 0 0 0 0 1 0 1 0 1 1 
1 0 0 1 1 1 0 1 1 0 0 0 0 0 0 1 0 0 1 0 3 1 0 1 1 0 0 1 3 0 1 0 1 0 0 1 1 1 1 1 1 0 0 1 1 1 1 1 0 0 0 0 
1 1 0 0 0 0 0 0 1 1 1 0 0 0 0 1 0 1 0 0 1 1 0 1 0 1 1 0 1 1 1 0 1 1 1 1 1 0 1 1 0 0 0 1 1 1 1 0 0 1 0 0 

# Size = 22 | Time = 1105 ms
1 1 0 1 1 0 0 0 1 0 1 0 1 0 0 0 1 0 1 0 3 0 1 0 1 0 0 0 3 1 0 1 1 1 0 1 0 1 1 1 0 0 0 1 1 1 1 0 0 1 0 1 
0 0 1 0 0 0 0 1 0 0 0 0 0 1 0 0 0 1 0 1 2 1 0 0 0 1 0 1 0 0 1 0 0 0 0 0 1 0 0 0 1 0 1 0 0 1 0 0 1 0 0 0 
0 1 0 0 2 1 1 0 0 1 0 1 1 0 1 1 1 1 0 1 1 0 1 1 0 0 1 1 2 1 1 1 0 0 1 0 0 0 0 1 0 1 1 1 0 0 1 1 0 0 1 1 
1 0 1 1 2 1 1 1 1 1 0 1 0 1 1 0 0 0 1 0 0 0 0 1 1 1 1 0 1 0 0 0 1 1 1 1 1 1 1 0 1 1 0 0 0 0 0 1 0 0 1 1 
1 0 0 1 0 1 1 1 0 1 1 1 1 1 1 1 0 0 0 0 2 1 0 1 1 0 1 0 0 1 0 0 0 1 1 0 0 0 1 1 1 1 0 1 1 1 1 0 1 1 0 0 
0 1 1 0 1 1 0 0 1 1 1 0 0 0 1 1 1 1 1 1 3 1 0 1 0 1 0 1 1 0 0 0 1 0 0 0 1 1 0 0 0 0 0 1 1 1 1 1 0 1 1 0 
1 1 1 0 1 0 0 0 1 0 1 1 0 1 0 0 0 0 1 0 0 1 1 0 0 0 1 0 2 0 1 1 0 0 1 1 0 0 0 1 0 0 1 0 0 0 0 0 1 1 0 1 
0 0 0 1 0 0 0 0 0 0 0 0 1 0 1 0 0 0 0 1 1 0 1 0 1 1 0 1 3 0 1 1 1 1 1 1 0 1 1 0 1 1 1 1 1 0 0 0 1 1 0 1 
0 0 0 1 2 0 1 1 0 0 1 1 1 0 0 1 1 1 1 0 3 1 0 0 0 0 1 0 3 1 0 1 0 0 0 1 1 0 1 0 0 1 1 0 0 1 1 0 1 0 1 0 
1 1 1 0 0 0 1 1 1 0 1 0 1 0 0 0 1 1 0 1 0 0 1 1 1 1 1 1 0 1 1 0 1 0 0 1 1 0 0 1 1 0 0 1 1 1 0 1 0 0 1 0 
1 0 0 1 1 1 0 1 0 1 0 0 0 1 0 0 1 0 0 0 1 1 0 0 1 0 0 1 2 1 0 0 0 1 0 1 1 0 0 0 1 0 0 0 0 1 0 1 0 0 0 0 
0 1 0 0 2 0 0 0 0 1 0 0 1 0 0 1 1 1 1 1 2 0 1 0 0 0 0 0 1 1 0 1 0 1 0 1 0 1 0 1 0 0 0 1 0 0 1 1 0 1 0 1 
0 0 1 0 0 1 1 0 0 0 0 1 0 1 0 0 0 1 0 0 3 0 1 1 0 1 0 0 3 0 1 0 0 0 1 0 0 1 0 0 0 1 0 0 0 0 0 1 0 0 0 1 
0 0 0 0 1 1 1 1 0 0 0 0 0 0 0 1 0 0 0 0 0 0 0 0 0 0 0 0 1 0 1 0 0 1 0 0 0 0 1 1 0 1 1 1 1 1 1 0 1 0 1 0 
0 1 1 0 2 0 1 0 1 0 1 1 0 0 0 0 1 0 1 1 1 0 0 0 0 1 0 0 0 0 0 1 0 1 0 0 0 1 0 0 0 0 1 0 0 0 1 0 0 1 0 1 
0 0 0 1 0 1 0 0 1 0 1 1 0 1 0 1 1 0 1 0 2 1 1 1 0 1 1 1 2 1 1 1 1 0 1 1 0 1 1 0 1 0 1 1 1 0 1 0 1 0 1 1 
1 1 0 0 2 0 1 1 1 1 0 0 0 1 1 0 0 0 0 1 2 0 0 0 0 1 1 0 3 1 0 1 0 0 0 1 1 1 0 1 1 1 0 1 1 0 0 1 0 1 0 1 
1 0 0 0 1 0 0 1 1 0 0 0 0 0 0 0 0 1 1 0 3 0 0 1 1 0 0 0 0 0 1 0 1 1 0 0 0 0 1 1 1 0 0 0 0 1 0 0 0 0 0 0 
1 1 0 1 0 1 0 1 0 1 0 0 0 0 0 0 0 0 0 0 1 0 1 0 1 1 1 0 1 1 0 0 0 0 0 1 0 0 0 1 1 0 0 1 1 1 1 0 0 0 0 0 
1 1 1 0 2 0 1 1 1 1 0 0 0 1 0 0 1 1 1 1 3 1 1 0 0 0 1 1 2 1 1 0 0 0 1 1 1 0 0 0 0 1 1 1 0 0 0 1 0 0 1 1 
0 1 1 1 1 1 1 0 1 0 1 0 1 0 0 0 0 0 1 1 2 1 0 1 0 0 0 0 1 1 1 1 1 1 0 0 0 1 1 1 0 0 1 1 0 0 1 1 0 0 1 1 
0 1 0 1 1 0 1 1 1 0 0 0 0 1 0 0 1 0 0 0 0 1 1 1 0 0 1 1 3 0 1 1 1 0 1 0 1 1 1 0 0 1 0 0 0 1 0 1 0 0 1 0 

# Size = 22 | Time = 954 ms
1 0 1 0 0 1 0 0 0 1 1 0 1 0 1 0 0 0 0 0 2 0 0 1 1 0 1 0 2 1 1 0 1 0 0 0 0 0 1 1 0 0 0 1 1 0 0 1 0 1 1 1 
0 1 0 1 0 0 1 1 1 0 0 1 0 1 0 1 1 0 1 1 3 1 1 0 0 1 0 1 0 0 0 1 0 0 1 1 1 1 0 0 1 0 1 0 0 1 1 0 0 0 0 0 
0 0 0 0 1 0 1 0 0 0 0 0 1 1 1 1 1 1 1 0 1 0 0 1 1 1 0 0 3 0 0 0 1 1 1 1 0 0 1 0 0 1 1 1 0 0 1 0 1 0 1 1 
1 0 1 0 2 1 0 1 0 0 0 1 0 0 0 0 0 1 0 0 0 1 0 0 0 0 1 0 1 0 1 1 0 1 0 0 1 1 0 1 1 1 0 0 0 1 0 0 1 0 0 0 
0 1 0 1 1 0 0 1 1 1 1 1 0 1 0 0 1 1 0 1 1 1 1 1 0 0 0 1 3 1 0 0 0 1 0 0 0 0 0 1 1 1 0 1 1 0 0 0 1 1 0 1 
0 1 1 1 2 1 1 0 1 1 1 0 1 0 1 1 0 0 1 1 0 0 1 0 1 1 1 1 1 1 1 0 0 0 1 1 0 0 1 0 0 0 1 0 0 1 1 1 0 1 0 0 
1 1 0 1 1 0 0 1 1 0 0 1 0 0 1 1 1 0 0 0 2 1 0 0 1 1 0 0 2 1 0 1 1 1 1 0 1 1 0 0 0 0 1 1 1 1 1 1 0 0 1 0 
0 0 0 0 2 1 1 0 0 1 1 0 0 1 0 0 0 0 1 1 3 0 1 1 0 0 1 1 0 0 0 1 1 0 1 1 1 0 1 1 1 0 0 1 1 0 0 0 1 0 1 1 
1 0 0 1 1 1 1 0 0 1 0 0 1 1 1 0 0 1 1 1 3 1 0 0 0 1 0 0 2 0 1 1 1 0 0 1 0 1 0 0 1 1 1 0 0 0 0 1 0 1 0 1 
1 1 1 0 2 0 1 1 0 0 1 1 1 0 0 1 1 0 0 0 1 0 0 1 1 0 0 1 0 1 1 0 0 0 0 0 1 1 0 0 0 1 0 0 0 1 1 1 0 1 0 0 
1 0 1 0 0 0 0 1 1 0 0 0 0 1 0 0 0 1 1 0 2 0 1 0 0 0 1 0 3 0 0 1 0 0 0 1 1 1 1 0 0 0 0 0 0 1 1 0 1 1 0 0 
0 0 0 0 0 0 0 0 0 1 0 1 0 1 0 1 1 0 0 0 0 0 0 1 0 1 0 0 1 0 0 0 1 0 0 1 0 0 0 1 0 0 0 1 1 0 1 0 0 0 1 1 
0 0 1 0 1 1 0 0 0 0 1 1 0 0 1 0 1 0 0 0 3 1 1 0 1 0 1 0 3 1 0 0 0 0 0 0 0 0 1 1 0 0 1 0 0 1 0 1 0 0 1 1 
0 0 1 1 0 1 1 1 0 0 0 0 0 1 0 1 0 0 0 0 1 0 1 0 1 0 1 1 2 1 0 1 0 1 0 0 0 1 0 0 1 1 0 1 0 0 1 0 1 1 1 1 
0 0 1 0 1 0 0 1 0 0 0 0 0 1 1 0 0 1 1 1 2 0 0 1 0 0 0 0 0 0 0 0 0 1 0 0 0 0 1 0 1 1 0 1 0 1 1 0 0 1 0 0 
1 1 0 0 2 0 1 1 0 1 0 1 0 1 1 1 1 1 0 0 2 1 1 0 1 1 0 1 3 0 1 0 0 0 1 1 0 0 0 0 0 1 1 0 0 1 1 0 1 1 0 0 
1 1 0 0 1 1 1 0 0 0 0 0 0 0 1 0 0 1 0 1 3 1 0 0 0 1 1 0 1 1 0 1 0 1 1 1 0 1 1 0 0 1 1 0 0 1 0 1 0 1 1 1 
0 1 0 1 2 1 0 0 1 1 1 0 1 1 1 0 1 0 0 1 0 1 1 0 0 0 0 0 2 1 1 1 0 0 1 0 0 1 0 1 1 1 1 0 0 0 0 0 0 1 0 1 
0 0 0 0 1 1 1 1 0 1 0 0 1 1 1 0 1 0 0 0 0 1 0 1 0 0 0 0 0 1 0 0 1 1 1 0 0 0 1 0 1 1 1 1 0 1 1 0 1 0 1 0 
0 0 1 0 2 0 0 1 1 0 0 1 0 1 1 1 1 1 1 0 1 1 1 0 1 1 0 0 1 1 0 0 0 1 1 1 0 0 1 0 1 0 1 1 0 1 1 0 1 1 0 0 
0 0 0 0 2 1 0 1 0 1 1 0 1 1 1 1 0 1 0 0 0 0 0 1 1 1 1 0 3 1 0 1 0 0 1 1 1 1 0 1 1 0 1 0 0 0 1 1 0 0 0 1 
1 1 1 1 2 0 0 0 0 0 1 0 0 0 0 1 0 1 0 0 2 0 0 1 0 0 1 1 1 1 0 0 1 1 0 1 0 1 0 0 1 1 1 0 0 1 1 0 0 0 0 1 

# Size = 25 | Time = 1162 ms
1 1 0 1 2 0 1 1 1 0 1 1 1 1 0 0 1 0 1 1 2 0 1 0 1 0 0 1 3 0 1 1 0 1 1 0 0 1 1 1 1 0 0 1 1 1 0 1 0 0 1 0 
0 0 1 0 0 1 0 0 0 0 0 0 0 0 1 1 0 1 0 0 3 1 0 0 0 1 1 0 0 1 0 0 1 0 0 0 0 0 0 0 0 0 1 0 0 0 1 0 1 0 0 1 
0 1 0 1 1 1 0 0 0 1 0 0 1 1 0 0 1 0 1 0 0 0 0 1 0 1 1 0 2 1 1 1 1 0 0 1 1 1 0 0 1 1 0 0 0 1 0 1 0 1 1 0 
1 0 0 0 1 0 1 0 1 1 0 0 0 0 0 1 0 1 0 1 1 0 1 1 0 0 0 1 1 0 0 0 0 1 0 0 1 0 0 1 0 1 1 1 1 0 1 0 0 1 0 1 
0 0 1 1 2 1 1 1 0 1 1 1 0 1 1 1 1 1 0 0 0 1 1 1 1 0 0 1 2 0 0 0 0 0 1 1 0 0 1 0 0 1 1 0 0 1 1 0 1 0 1 0 
0 0 1 0 0 0 0 1 1 0 1 1 0 0 1 0 0 0 0 1 1 1 0 0 1 1 1 0 3 0 1 1 0 0 1 1 1 1 1 1 1 0 0 1 1 0 0 0 1 1 0 1 
1 1 0 0 0 0 0 0 1 1 0 1 1 0 1 0 0 0 1 0 3 1 1 1 1 0 0 1 0 1 0 0 1 1 1 1 0 0 1 0 0 1 0 1 1 1 1 1 0 1 0 0 
1 1 1 0 2 0 1 1 0 1 0 1 1 1 1 1 1 1 1 0 2 1 0 0 1 0 1 0 1 1 1 1 1 1 0 1 1 0 0 0 1 0 1 0 0 0 1 1 0 1 0 1 
1 1 0 1 1 1 0 1 1 0 1 0 0 0 1 0 0 0 1 1 2 0 0 1 0 1 0 0 1 1 0 0 1 0 1 0 0 0 0 1 0 0 1 0 0 1 0 0 1 0 1 0 
0 1 1 0 2 1 1 0 0 1 0 0 1 0 0 1 1 1 0 0 1 0 1 0 0 1 0 0 3 0 0 0 1 1 0 0 1 1 0 0 0 1 1 1 0 1 1 0 1 0 1 1 
1 0 0 1 0 0 1 0 0 0 1 0 0 0 0 0 0 1 0 1 0 0 0 0 1 1 1 1 2 0 1 0 0 1 0 0 1 0 1 1 0 0 1 1 1 0 0 1 0 0 0 1 
0 0 1 0 1 1 1 1 0 0 1 1 0 1 0 0 1 1 1 1 3 0 0 0 1 0 0 0 0 0 0 1 0 0 0 1 1 1 0 1 1 1 0 0 0 0 0 0 0 0 0 1 
0 0 0 1 0 1 0 0 0 0 0 1 1 1 0 1 0 0 0 0 1 1 0 0 0 0 0 1 1 1 0 0 0 0 0 1 0 1 1 0 1 0 0 0 0 0 1 0 0 1 1 1 
0 0 0 1 1 1 1 0 0 1 1 1 0 1 1 0 1 0 0 0 2 1 1 0 1 1 1 1 3 1 1 1 1 0 0 0 0 0 1 1 0 0 0 0 0 0 0 1 0 0 1 1 
1 1 0 1 2 1 0 0 1 0 0 0 1 0 0 0 0 0 0 1 3 0 0 0 1 0 0 1 0 0 1 0 0 0 0 1 0 0 0 0 1 1 0 1 1 1 0 1 0 0 1 0 
0 1 1 0 0 1 1 0 1 1 1 1 0 0 0 0 1 1 1 0 1 0 0 1 0 0 0 0 2 0 1 0 0 1 0 0 0 0 0 0 0 0 1 0 0 1 0 1 0 1 0 0 
0 0 1 0 0 0 1 1 1 1 1 0 1 0 1 0 1 1 1 0 0 1 1 1 0 1 0 1 3 0 1 1 1 1 1 1 0 1 1 1 0 0 1 0 0 1 0 1 0 1 0 1 
1 0 1 1 0 0 0 0 1 1 0 1 1 0 0 0 0 0 0 0 2 0 0 0 0 0 0 0 0 0 0 0 0 0 0 0 0 0 0 0 1 1 0 0 0 1 0 0 0 1 0 0 
1 0 0 1 2 0 1 0 0 1 0 1 1 0 0 0 1 0 0 1 2 1 1 1 0 1 1 1 2 0 1 0 1 0 0 0 1 1 1 0 0 0 1 0 0 0 0 1 0 0 0 1 
1 0 1 1 2 1 1 0 0 0 1 1 0 1 1 0 1 1 1 1 0 1 0 0 0 1 0 0 1 0 0 0 1 0 1 1 0 0 0 1 0 1 0 1 1 1 1 0 1 0 1 1 
0 1 1 0 2 1 1 0 0 0 0 0 1 0 1 0 1 0 1 0 3 0 1 0 0 0 1 1 1 1 0 1 1 0 0 1 0 0 0 1 1 0 1 1 1 1 0 1 0 1 1 0 
1 1 1 1 1 1 0 1 0 0 0 1 0 1 0 0 1 0 1 1 1 1 1 0 1 1 1 0 0 1 1 0 0 1 1 0 1 0 1 1 1 1 0 1 0 0 1 0 1 0 0 1 
1 1 1 1 0 0 0 0 1 1 1 1 1 0 0 0 0 1 1 0 3 1 0 0 1 1 1 0 2 0 1 0 0 1 0 1 1 1 0 0 0 1 0 1 0 1 0 0 1 0 0 1 
0 0 1 0 0 0 0 0 1 1 0 1 1 1 1 0 0 1 1 1 3 1 0 0 1 1 0 1 3 1 0 0 1 0 0 0 1 0 0 0 1 0 0 1 0 1 0 0 1 0 0 1 
1 0 1 1 1 0 1 0 1 0 1 0 0 0 0 0 0 1 0 1 0 0 1 0 0 0 0 1 0 1 0 0 1 1 0 1 1 1 1 1 0 1 1 0 0 1 1 0 0 1 0 1 

# Size = 22 | Time = 1123 ms
0 1 1 1 0 0 1 0 0 1 1 1 0 1 0 1 1 0 1 1 2 1 1 1 1 0 0 1 3 0 1 1 0 0 0 0 0 0 1 0 1 1 0 0 0 1 1 1 0 1 0 0 
1 0 0 0 2 1 0 1 1 0 0 0 1 0 1 0 0 0 0 0 3 0 0 0 0 0 1 0 0 1 0 0 0 0 0 1 1 0 0 0 0 0 1 1 1 0 0 0 0 0 1 1 
0 0 0 1 1 1 0 0 1 0 1 1 0 0 0 0 0 1 1 1 0 0 1 0 0 1 0 1 2 0 1 0 1 1 1 1 0 1 0 1 0 0 0 0 0 1 0 0 1 0 1 0 
1 1 1 0 1 0 1 1 0 1 0 0 1 1 1 1 0 1 0 0 0 0 0 0 1 1 1 0 1 1 0 1 1 1 1 0 1 1 1 1 1 1 1 1 1 0 1 0 1 1 0 1 
0 0 0 0 0 0 0 1 0 0 0 1 1 0 1 0 1 1 0 0 1 1 1 1 1 0 1 0 3 0 0 0 1 1 1 0 0 1 0 1 0 0 1 0 0 0 0 1 0 0 0 1 
1 1 1 0 2 1 1 0 1 1 1 0 0 0 0 0 1 0 1 0 1 1 0 1 0 1 0 1 2 1 0 1 1 0 0 1 1 0 1 1 1 1 0 1 1 1 0 1 0 1 1 0 
0 0 0 1 2 1 0 1 1 0 0 0 0 1 1 1 1 1 0 1 3 1 0 1 0 1 1 0 0 0 1 1 0 1 1 0 0 1 1 0 1 0 0 1 0 1 1 0 1 1 0 0 
1 0 0 1 0 0 1 0 0 1 1 1 1 1 1 1 0 1 1 1 2 0 1 0 0 0 0 1 1 0 1 0 0 1 0 1 1 0 0 1 0 0 1 1 1 0 1 1 0 0 1 1 
0 1 1 0 1 1 0 1 0 0 1 0 0 0 0 0 0 0 1 1 2 0 0 1 0 0 1 0 1 1 1 0 0 0 0 1 1 1 0 0 1 1 0 0 0 0 0 0 1 0 0 1 
1 0 1 1 0 1 0 0 1 1 0 1 0 0 0 0 0 1 0 1 3 1 0 0 1 1 0 0 3 1 0 0 1 0 0 1 0 0 1 0 0 1 1 0 0 0 1 0 1 1 1 1 
0 1 0 1 0 0 1 1 0 0 0 0 1 0 0 1 1 0 0 0 0 0 1 0 1 0 1 1 2 0 0 1 0 0 1 0 0 0 0 0 0 0 0 1 1 1 1 1 0 1 0 1 
0 0 1 1 2 0 1 0 0 1 0 1 1 1 0 0 0 1 0 1 1 0 1 0 1 0 0 0 0 0 1 1 0 0 0 0 0 0 1 0 1 0 1 0 0 1 0 0 0 0 0 0 
0 1 0 0 1 0 1 1 0 0 1 1 1 1 0 0 1 0 1 0 3 1 1 0 1 1 0 1 0 0 1 0 1 1 1 0 0 0 1 1 0 1 0 0 0 1 1 1 0 0 1 0 
0 0 0 0 2 0 1 0 1 1 0 1 0 1 0 1 1 0 0 0 2 1 0 0 0 1 1 1 1 0 0 1 1 0 1 0 0 0 1 0 0 1 1 1 1 1 1 0 0 0 0 0 
0 0 0 0 2 1 0 1 1 0 1 0 1 0 1 1 0 0 0 0 0 0 0 1 0 0 0 0 3 0 1 0 0 0 0 0 1 0 0 0 0 1 1 1 1 1 1 0 1 0 0 0 
1 1 1 0 0 0 0 1 0 1 0 0 1 1 1 0 0 0 1 0 2 0 1 1 1 1 1 0 2 1 1 0 0 0 0 0 1 1 0 1 0 0 1 0 0 0 0 0 0 1 0 1 
1 0 1 1 1 0 0 1 0 1 1 0 1 1 1 1 0 0 1 0 1 0 0 1 1 0 1 0 1 1 0 1 1 1 1 1 0 0 1 0 1 1 1 1 1 1 1 0 1 0 1 1 
0 1 0 1 0 0 1 1 1 0 0 0 1 0 1 1 1 0 1 0 0 1 0 0 1 0 1 0 0 1 0 1 1 1 0 1 0 0 1 0 1 1 0 1 1 1 1 0 1 0 1 0 
1 1 1 0 2 1 1 1 0 1 1 0 1 0 0 0 0 0 0 1 3 1 1 0 0 0 1 0 1 1 0 0 0 0 0 0 0 0 1 0 1 0 0 1 1 0 1 1 0 1 0 1 
1 0 1 1 2 0 0 1 1 1 1 0 0 1 0 1 1 1 0 0 3 1 1 0 1 0 1 1 2 0 1 1 1 0 0 1 0 0 1 1 0 0 0 1 0 1 1 0 1 0 1 0 
1 0 1 0 1 0 0 0 1 1 1 0 0 1 0 1 1 0 1 1 2 1 1 1 1 0 0 1 0 1 1 0 1 1 1 1 1 1 0 1 0 1 1 0 0 1 1 0 1 0 0 1 
0 1 1 1 1 1 1 0 1 1 1 1 0 0 1 1 0 0 0 0 1 1 0 1 1 0 0 1 3 1 0 1 1 0 1 0 1 0 0 1 0 0 0 0 0 1 1 0 1 1 1 0 

# Size = 22 | Time = 1097 ms
0 0 0 0 1 0 1 1 0 0 0 1 0 1 1 0 1 1 1 0 0 0 1 1 0 0 0 0 3 0 1 0 0 0 1 0 0 0 1 1 0 1 1 1 1 0 0 1 0 1 0 1 
1 1 1 0 2 1 0 0 1 0 1 0 0 0 0 0 0 0 0 0 3 1 0 0 1 1 1 1 0 1 0 1 1 0 0 0 1 1 0 0 1 0 0 0 0 1 0 0 1 0 1 0 
0 0 1 1 0 0 0 1 0 1 0 0 1 0 0 1 0 0 0 1 1 0 0 1 0 0 1 0 1 0 1 1 1 1 1 1 0 1 0 1 1 1 0 1 0 0 1 0 1 0 0 1 
0 0 0 1 2 1 0 0 0 1 1 0 1 1 1 1 1 1 0 1 2 1 1 0 1 1 0 0 2 0 0 0 0 1 0 1 1 0 1 0 0 0 1 0 0 1 1 1 0 0 1 0 
1 1 0 1 0 0 1 0 1 1 0 1 1 0 0 1 1 1 1 1 0 1 0 0 1 0 1 1 0 1 0 0 0 1 0 1 0 0 0 0 1 0 0 1 1 0 1 1 0 1 0 1 
1 1 1 0 1 1 1 1 1 0 1 1 1 1 1 0 0 0 1 1 1 0 1 1 0 1 0 1 2 1 1 1 0 0 0 1 1 1 0 1 0 1 1 0 0 1 1 0 1 1 1 0 
1 1 1 1 0 1 1 1 0 1 0 0 0 0 1 0 0 0 1 0 2 1 0 0 0 0 0 1 1 1 0 0 1 1 1 0 1 0 1 0 0 0 0 1 1 1 0 0 0 1 1 0 
0 0 0 0 1 0 0 0 1 1 0 0 0 0 0 1 1 0 0 1 3 0 1 1 1 1 1 1 3 1 0 1 1 1 1 1 1 1 1 1 0 0 1 0 0 0 1 0 1 1 0 1 
1 0 0 1 2 1 0 0 1 0 1 1 1 1 0 0 0 1 1 0 3 0 0 0 0 0 0 0 2 0 1 1 1 0 1 0 0 0 1 0 1 1 0 1 1 0 0 1 0 0 0 1 
0 0 1 0 0 0 1 1 0 0 1 1 0 1 0 1 0 1 0 0 2 1 1 1 1 0 1 0 0 0 1 0 1 0 0 0 0 1 1 1 1 1 1 0 0 1 1 0 1 0 0 0 
1 1 1 1 1 1 0 0 1 1 1 0 1 0 1 0 0 0 0 0 0 1 0 0 1 0 1 0 3 1 1 1 1 0 0 0 0 0 0 0 1 0 0 0 0 1 0 0 1 0 1 0 
0 0 0 0 2 0 1 0 1 0 0 1 0 1 1 0 1 0 0 1 1 0 0 1 1 1 1 1 1 0 0 0 0 0 0 0 0 1 0 0 1 0 1 1 1 1 0 1 0 1 0 1 
0 1 1 1 1 0 0 0 1 0 0 1 0 0 0 0 1 0 0 0 2 0 1 0 0 0 0 0 0 0 0 0 0 1 1 1 0 0 0 1 0 1 0 0 0 0 0 0 1 0 1 1 
1 0 0 1 2 0 1 1 0 1 1 0 0 1 1 1 0 1 1 1 3 0 1 1 0 1 0 1 1 0 0 0 0 0 1 1 1 1 0 1 0 1 0 0 0 1 1 1 0 1 0 0 
0 0 1 1 0 0 1 1 0 0 0 1 0 0 0 1 0 1 1 0 1 1 0 0 0 1 1 0 2 0 0 0 0 0 0 1 0 0 1 1 1 1 0 0 0 1 1 1 0 0 1 0 
0 1 1 0 2 1 1 1 1 0 1 1 1 1 1 1 0 1 1 1 0 1 0 0 1 1 0 1 3 1 0 0 0 1 0 0 1 1 1 1 1 1 1 1 1 0 1 0 1 1 0 1 
1 1 0 0 0 1 0 1 1 1 1 0 1 1 1 0 1 0 0 1 2 1 0 1 1 1 1 0 3 1 0 1 1 1 1 1 0 1 1 1 0 1 1 1 1 0 1 1 0 1 0 1 
0 0 0 0 1 1 0 0 0 0 0 1 0 0 0 0 1 0 1 0 0 0 0 0 0 0 1 1 1 0 0 0 1 0 1 1 0 0 1 1 1 1 1 0 0 0 0 1 0 0 1 1 
1 1 1 0 2 1 0 1 1 0 0 1 1 0 1 1 0 1 1 0 1 0 1 1 1 0 0 0 0 1 0 1 0 0 1 1 0 1 0 1 0 0 1 0 0 0 1 1 0 0 0 1 
1 1 0 1 0 0 0 0 0 1 1 1 1 0 1 1 1 1 0 0 3 0 0 0 0 1 1 1 1 1 0 1 0 1 0 1 0 0 1 0 0 0 1 1 1 0 1 0 0 1 0 1 
1 1 0 0 2 1 1 0 0 1 1 1 0 1 1 1 0 0 1 0 1 0 0 1 0 1 1 0 3 0 0 0 1 0 1 1 0 0 1 1 1 0 1 1 0 1 1 0 0 1 1 1 
1 0 0 1 2 1 0 0 0 1 1 0 1 1 1 1 0 1 0 1 0 1 0 0 1 1 1 1 2 0 1 0 1 0 0 0 0 0 1 0 0 0 0 1 1 0 1 1 0 0 1 1 

# Size = 23 | Time = 1030 ms
0 1 1 0 1 0 0 0 0 0 1 1 0 1 1 1 0 1 0 1 2 1 0 1 0 0 1 1 3 0 0 0 1 0 0 0 0 1 0 0 1 0 1 1 1 1 1 0 1 0 0 0 
1 0 0 1 2 1 0 0 0 1 0 0 1 0 0 0 0 0 1 0 3 0 0 0 0 1 0 0 1 0 1 1 0 1 1 1 1 0 1 1 0 1 0 0 0 0 0 1 0 1 1 1 
1 0 1 0 0 0 1 1 1 0 1 0 1 1 0 0 1 0 1 0 0 1 1 0 1 0 0 1 0 1 0 1 0 0 0 0 1 1 1 0 0 0 1 0 0 1 0 0 0 0 0 1 
0 1 0 0 2 1 1 0 1 0 0 1 0 0 0 1 1 0 0 1 1 0 1 1 1 1 1 0 2 1 1 0 1 1 1 1 0 0 0 1 0 1 0 1 1 0 1 0 1 0 1 1 
0 1 1 1 0 1 0 1 0 1 0 1 0 0 1 1 1 1 0 1 0 0 1 1 0 1 0 0 0 1 1 0 0 1 0 0 1 0 1 0 1 0 1 0 0 1 1 1 0 1 1 0 
0 0 0 1 1 0 0 1 1 1 1 0 0 0 1 0 1 1 1 0 3 0 0 0 1 0 1 0 2 0 0 1 0 0 1 1 0 1 0 1 1 0 0 1 0 1 0 0 1 0 0 0 
1 1 0 1 0 1 1 1 1 1 0 1 1 1 1 0 0 0 0 0 1 1 0 0 1 0 0 1 1 0 0 0 1 0 0 0 0 1 0 0 1 1 0 1 1 0 0 1 0 1 0 1 
1 0 0 1 1 1 1 1 1 0 0 0 1 0 0 0 1 0 1 1 2 1 1 1 0 1 1 1 3 0 1 1 0 0 1 0 0 0 1 1 0 1 1 0 0 1 0 0 1 1 1 0 
1 0 1 0 2 0 1 0 0 0 1 0 1 1 1 1 0 1 1 0 3 1 1 1 0 1 1 0 2 1 0 0 1 1 0 1 1 0 0 0 0 0 1 0 0 0 1 0 0 1 0 1 
0 0 1 0 2 0 0 0 0 0 1 0 1 1 0 0 0 1 0 0 1 0 1 0 1 0 1 1 1 0 1 1 0 0 1 0 1 0 0 0 1 1 0 1 1 1 1 1 0 0 1 0 
1 1 0 0 1 0 0 0 1 1 0 0 0 1 0 0 0 0 1 0 0 0 0 0 1 1 1 1 0 0 0 0 1 1 1 1 0 1 1 1 0 1 0 1 1 0 0 0 0 0 1 1 
0 0 1 0 0 1 0 0 0 0 1 1 0 1 1 1 1 0 0 0 2 0 0 0 1 0 0 0 3 1 1 1 1 1 0 1 1 1 0 1 0 0 0 0 0 0 1 1 0 0 0 1 
0 0 0 0 1 0 0 0 1 0 1 1 0 1 0 1 1 0 1 1 1 0 1 1 0 0 0 0 1 1 1 0 1 1 0 0 1 0 1 1 1 0 1 1 0 1 1 0 1 1 0 1 
0 1 1 1 2 0 1 1 1 1 0 1 0 0 0 0 0 1 0 1 3 0 0 0 1 1 0 1 0 0 0 1 0 1 1 0 0 1 0 0 1 1 0 1 1 1 0 0 1 0 0 0 
0 1 0 0 0 0 0 0 0 0 1 1 1 1 0 0 1 0 0 0 0 1 1 0 1 0 0 1 2 0 1 1 0 1 1 0 0 0 0 1 0 0 1 0 0 1 0 0 1 1 0 0 
0 0 1 0 0 1 1 1 0 1 0 0 1 0 1 0 0 0 1 1 2 0 0 1 1 0 1 1 2 1 1 1 0 1 0 0 1 0 1 0 1 0 1 1 0 1 0 1 0 0 1 1 
0 0 0 1 2 1 0 0 1 1 1 0 0 0 1 0 1 1 0 1 0 0 0 1 0 0 1 1 3 1 0 1 1 0 0 1 0 0 1 1 0 1 0 1 1 1 1 0 0 0 1 1 
0 0 0 1 1 0 0 1 0 0 0 0 0 0 0 0 0 0 0 1 1 0 0 0 0 1 0 0 0 0 0 0 1 0 0 0 1 0 0 0 0 1 0 0 0 0 1 1 0 0 0 1 
1 1 1 0 0 1 1 1 0 1 0 1 0 0 1 0 1 0 1 0 3 0 1 0 0 0 0 1 3 0 1 0 0 1 0 0 1 0 1 0 1 1 1 1 0 1 0 0 1 1 0 0 
1 0 1 1 2 1 1 0 0 0 1 1 0 1 0 1 0 1 0 0 2 1 0 0 0 1 0 0 0 0 0 1 0 1 1 0 0 0 0 0 0 0 1 0 0 1 1 0 1 0 0 0 
0 0 0 1 1 1 1 1 0 0 1 1 0 1 0 0 1 1 1 0 2 1 1 0 0 1 1 0 1 0 1 1 1 1 0 1 0 1 0 0 1 1 1 1 1 0 0 0 1 0 1 1 
0 1 0 1 2 0 1 1 0 1 0 0 0 1 1 0 1 0 1 0 0 0 1 1 1 1 0 0 1 0 1 0 0 1 0 1 1 1 0 1 0 0 0 0 0 0 0 1 0 0 1 1 
1 0 1 1 2 1 0 1 0 0 1 0 0 0 1 0 0 0 0 1 1 1 0 0 1 0 0 0 3 1 1 1 0 0 1 1 0 1 1 1 0 0 1 1 1 0 0 0 1 0 1 1 

# Size = 21 | Time = 1089 ms
1 1 0 0 0 1 1 1 1 0 0 0 0 1 0 1 0 1 1 0 0 0 0 0 1 1 0 0 3 0 1 1 1 1 1 1 0 0 1 0 0 1 0 0 0 1 1 1 0 0 1 0 
0 0 1 0 2 0 0 0 0 1 1 1 0 0 1 0 1 0 0 1 3 0 1 1 0 0 0 1 1 1 0 0 0 0 0 0 1 1 0 0 1 0 0 1 0 0 0 0 0 0 0 1 
0 1 0 1 1 0 1 1 0 1 1 0 1 0 0 1 1 1 0 0 2 1 1 0 1 0 1 0 0 0 0 0 1 0 0 0 0 0 1 1 0 1 1 1 1 0 1 0 1 1 0 1 
1 0 1 1 1 1 0 0 1 0 0 0 1 1 0 0 0 0 1 1 1 0 0 1 0 1 1 1 0 1 1 1 0 1 0 1 1 1 0 1 0 0 1 1 1 1 0 1 0 1 0 0 
0 0 1 1 0 0 0 0 1 0 0 1 1 0 1 0 0 0 0 1 0 1 1 1 0 1 1 1 2 0 1 0 0 0 1 0 0 0 1 1 1 1 0 0 0 1 1 0 1 0 1 0 
1 0 0 0 2 1 0 1 0 1 0 1 0 0 1 1 1 1 0 0 1 1 0 0 1 0 0 0 2 1 0 1 1 1 1 1 1 0 0 0 1 0 1 0 0 0 1 1 0 0 1 1 
0 1 0 1 2 1 1 1 0 1 1 0 0 1 1 0 0 0 1 0 3 1 0 1 1 1 0 0 1 0 1 1 0 0 1 1 0 1 0 1 1 1 0 0 0 1 0 0 1 1 1 0 
0 1 1 0 0 0 1 0 0 0 1 1 1 1 1 0 0 1 1 1 2 0 1 0 0 0 1 0 3 1 0 0 0 1 0 0 0 1 0 0 0 0 1 1 1 0 0 1 0 1 0 1 
1 0 0 0 1 1 1 0 1 1 0 0 0 0 1 0 1 0 1 0 2 0 1 0 0 1 0 1 3 1 0 0 1 0 1 1 1 1 1 0 1 1 0 1 1 1 0 0 1 0 0 0 
1 1 0 0 2 0 0 0 1 0 1 1 1 1 0 1 1 1 0 1 0 0 0 0 1 0 0 1 1 0 1 1 0 1 0 0 1 0 0 1 0 0 0 0 0 0 1 0 0 1 0 1 
1 1 1 1 1 1 0 1 0 0 0 1 0 0 0 1 0 1 0 0 3 0 0 1 1 0 1 0 2 0 0 0 1 1 0 0 1 1 1 0 0 0 1 1 1 1 1 0 1 1 1 0 
0 0 0 0 0 0 1 1 0 1 1 1 0 0 0 1 1 0 0 1 1 0 1 0 0 1 0 1 0 0 1 0 0 0 1 0 0 1 0 0 1 1 0 0 0 0 1 0 0 0 0 1 
0 1 1 0 2 1 0 1 1 1 0 0 0 0 0 0 1 0 1 1 2 0 0 1 0 0 1 0 1 0 1 1 1 0 1 0 0 0 1 0 1 0 1 0 0 0 0 1 0 0 1 1 
0 0 0 0 1 0 1 0 0 1 1 0 0 1 0 0 0 0 1 0 0 0 1 0 0 0 0 0 2 1 0 1 1 0 0 1 0 1 1 0 0 1 1 0 0 1 0 0 1 0 0 1 
0 1 0 1 2 0 0 0 1 1 1 0 1 0 1 0 0 1 0 1 3 1 0 1 1 0 0 0 3 0 0 0 0 0 0 0 0 0 1 1 0 1 1 1 1 1 0 1 0 1 0 0 
1 0 1 0 0 0 1 1 1 1 0 1 1 0 1 1 1 1 0 1 0 0 1 1 1 1 0 1 0 1 0 0 1 0 0 1 1 0 1 0 0 0 1 1 1 1 1 0 0 0 1 0 
1 1 1 1 1 1 0 1 0 1 0 1 1 1 1 1 1 1 1 0 1 1 1 0 1 0 0 0 1 0 0 1 0 1 0 0 1 0 1 1 1 1 1 1 1 1 1 0 1 0 1 0 
1 0 1 0 0 0 0 1 0 0 1 0 0 1 0 1 0 1 0 0 3 0 1 0 1 0 1 0 1 1 1 1 1 0 0 0 0 0 1 0 0 1 0 1 0 0 1 0 1 1 0 1 
1 1 1 1 2 0 0 0 1 0 0 1 1 1 1 1 1 1 1 1 3 1 1 0 0 1 1 1 0 0 1 1 1 0 0 1 1 1 1 0 0 1 0 1 1 1 1 0 0 0 0 0 
1 0 0 0 0 1 1 1 0 0 0 1 1 0 1 0 1 0 0 1 1 0 1 1 1 1 0 1 3 0 1 0 1 1 0 0 1 0 0 1 1 0 1 0 0 1 0 1 0 0 1 0 
0 1 0 1 2 0 0 0 1 1 0 0 1 1 0 0 1 1 0 0 2 0 1 1 0 0 0 0 2 0 1 0 1 1 0 0 0 1 0 1 1 0 1 1 1 0 0 0 0 0 1 1 

# Size = 23 | Time = 1099 ms
0 0 1 0 0 0 1 1 1 1 1 0 0 0 0 1 0 1 0 0 0 1 0 0 1 0 0 1 3 0 0 1 0 0 0 1 0 0 0 1 0 0 0 1 0 0 1 0 0 0 0 1 
1 1 0 1 1 0 0 0 0 0 0 1 0 1 1 0 1 0 1 1 3 0 1 1 0 0 1 0 0 1 1 0 1 0 1 0 1 1 1 0 1 1 1 1 1 1 0 0 1 1 0 0 
0 0 0 0 2 1 1 0 0 0 0 0 1 1 1 1 0 1 1 1 2 0 0 0 1 1 1 1 1 1 1 0 1 1 1 1 0 0 0 0 0 0 1 0 0 1 1 1 0 1 1 0 
0 1 1 0 1 1 0 1 0 1 1 0 1 0 0 0 1 0 0 0 1 0 1 1 0 1 0 0 2 0 0 0 0 1 0 0 0 0 1 0 1 1 0 0 0 0 0 1 0 0 1 1 
1 1 1 1 2 1 0 1 1 0 0 1 1 0 0 0 0 1 0 1 2 1 1 0 1 0 0 0 1 1 0 1 1 1 0 0 1 1 0 1 1 0 1 0 0 0 0 0 1 0 1 1 
1 0 0 1 0 1 1 0 1 1 1 1 1 1 1 0 0 0 0 0 1 1 0 1 0 1 0 1 3 0 0 1 0 1 1 1 1 0 1 1 0 1 0 1 1 1 1 0 1 0 0 0 
1 0 0 1 0 0 0 1 0 0 1 0 0 0 0 1 1 0 1 0 3 1 0 0 0 1 1 0 0 0 1 1 0 1 0 0 0 1 0 1 0 0 0 0 0 0 1 1 0 1 0 1 
1 1 1 0 2 0 0 0 1 1 0 1 0 0 1 1 1 0 1 1 0 1 1 0 1 0 0 1 2 0 1 0 1 0 0 1 0 1 1 0 1 1 0 1 1 1 1 1 0 0 1 0 
0 1 1 1 1 1 1 1 1 1 1 1 0 1 1 1 0 1 0 0 0 0 0 1 0 1 1 0 2 1 0 1 1 0 1 0 1 0 0 1 0 0 1 0 0 0 1 0 1 1 0 1 
0 0 1 0 0 0 1 1 0 1 0 0 0 1 0 0 1 0 0 0 2 0 1 1 0 0 1 1 1 0 1 0 0 0 0 0 1 0 1 0 1 1 0 1 1 1 0 0 1 0 0 0 
0 1 1 0 0 1 0 0 0 0 0 0 1 0 0 0 1 1 1 1 3 1 0 0 0 1 0 0 3 0 0 1 1 0 1 1 0 0 0 0 1 1 1 1 1 0 0 1 0 1 1 1 
0 0 1 0 2 0 1 1 1 0 1 0 0 0 0 0 0 1 0 1 1 0 0 0 1 0 0 0 0 1 0 0 0 0 1 1 1 1 0 0 0 0 1 1 1 0 0 1 0 0 0 1 
0 0 0 0 1 0 1 1 0 0 0 1 0 1 1 1 0 1 1 1 1 0 0 0 0 0 1 1 3 1 1 0 1 0 0 1 0 1 1 1 0 0 0 0 0 1 1 0 1 1 0 1 
0 0 0 1 1 1 0 0 0 0 1 0 1 1 0 0 0 0 1 1 0 1 1 1 1 1 1 0 0 0 0 0 1 0 1 0 0 0 1 0 0 1 1 1 0 1 0 1 0 1 1 1 
0 0 0 0 2 0 1 0 1 0 0 1 0 0 1 1 0 0 0 0 3 0 1 1 0 0 0 1 2 0 0 0 0 0 0 0 0 0 0 0 0 0 0 0 0 1 1 0 0 0 0 0 
0 1 1 1 1 0 0 1 1 0 1 0 1 0 0 0 0 0 0 0 2 0 1 1 0 0 0 1 3 0 1 0 0 1 0 0 0 0 0 0 0 0 1 1 0 1 0 0 0 0 0 1 
1 1 1 1 0 0 0 1 1 1 0 0 0 0 0 0 0 0 0 1 3 1 0 1 1 0 1 1 0 1 0 1 0 0 0 0 0 1 0 0 1 0 1 1 1 0 0 0 0 0 1 1 
0 0 0 1 1 0 1 1 0 0 1 0 1 1 1 0 0 0 0 0 0 1 1 0 1 0 1 0 1 1 1 1 1 1 1 0 1 1 1 0 0 0 1 0 0 1 0 1 0 0 0 1 
1 0 1 1 0 1 0 1 1 1 0 0 0 1 1 1 0 0 0 0 2 0 0 1 0 1 1 0 2 1 0 1 1 1 0 1 1 0 0 1 0 0 1 1 1 1 1 0 1 0 1 0 
0 0 0 1 0 1 1 0 1 0 0 0 1 1 0 0 0 1 1 1 3 0 1 1 0 0 1 0 1 0 1 0 0 1 0 0 1 1 0 0 1 0 0 0 0 1 0 1 0 1 1 1 
1 0 0 0 2 1 0 0 1 0 1 1 1 0 1 0 0 0 0 0 2 1 0 0 0 0 0 1 3 0 0 0 0 0 1 0 0 0 0 1 0 1 0 1 1 1 1 0 1 0 0 0 
0 0 0 0 2 1 1 1 0 0 0 1 1 0 0 0 0 1 1 1 1 0 1 1 1 1 0 1 1 1 0 1 1 0 1 1 0 1 0 1 1 0 1 1 1 1 0 1 0 1 1 1 
1 1 1 1 1 1 1 1 0 0 1 0 0 1 1 1 1 0 1 0 2 0 1 0 0 1 0 0 0 0 0 1 1 0 0 0 0 0 1 1 0 1 0 0 0 1 1 0 0 1 0 1 

# Size = 21 | Time = 1179 ms
1 1 0 0 0 1 0 0 0 1 1 0 0 0 1 1 1 0 0 1 0 1 0 0 1 0 1 0 3 1 1 1 1 1 0 1 0 0 1 1 0 0 0 1 0 1 1 1 0 1 1 0 
0 0 1 1 2 0 1 1 1 0 0 1 0 1 0 0 0 1 1 0 3 0 1 0 0 1 0 0 1 0 0 0 0 0 1 0 0 1 0 0 1 0 1 0 0 0 0 0 1 0 0 1 
0 0 0 0 1 0 0 1 0 0 0 0 1 0 1 0 0 0 0 1 2 0 0 1 1 1 0 1 0 1 1 1 0 0 0 1 1 1 0 1 0 1 1 1 1 0 1 0 0 0 0 1 
1 1 1 0 1 1 1 0 1 1 0 1 1 0 0 1 1 1 1 0 1 1 1 1 0 0 1 0 2 0 0 0 1 1 1 0 1 0 0 0 1 1 0 1 1 1 1 0 0 1 0 0 
0 0 0 1 2 1 1 0 0 0 1 1 1 1 0 0 0 0 1 0 3 0 0 1 1 0 0 1 0 1 0 1 1 1 0 0 1 0 1 0 1 1 0 0 0 1 0 1 0 1 1 0 
1 1 1 1 0 0 0 0 0 0 1 0 1 1 1 0 1 1 0 1 1 0 1 0 0 1 1 1 3 0 1 0 0 0 1 1 0 1 1 0 0 0 0 0 0 0 0 0 1 0 1 1 
0 0 0 1 0 1 0 1 1 1 1 0 0 1 0 1 0 0 0 0 0 1 1 1 1 0 0 1 2 0 0 0 0 1 0 0 1 1 0 1 1 0 1 1 1 0 1 0 1 0 1 1 
1 1 0 0 2 0 1 1 1 1 0 1 0 0 1 1 1 1 0 1 2 1 0 0 0 0 1 0 1 1 1 1 1 0 1 0 0 0 1 1 0 1 1 1 1 1 1 1 0 0 0 0 
1 1 1 0 1 1 0 1 0 0 1 1 0 0 1 0 0 0 1 0 2 1 0 0 0 1 0 0 2 0 0 1 0 0 0 1 0 0 1 1 0 0 0 0 0 1 0 0 1 1 1 0 
0 0 1 1 0 0 0 0 1 1 0 1 0 0 0 1 1 1 1 1 0 0 1 0 0 1 1 0 0 1 1 0 1 0 0 1 1 0 0 0 0 1 1 0 0 0 1 1 0 0 0 1 
0 1 0 0 0 0 1 0 0 1 1 0 1 0 1 0 1 0 1 0 3 1 1 1 0 1 1 1 1 1 1 1 1 1 1 1 0 1 1 0 1 1 0 1 0 1 0 0 1 1 0 1 
0 0 0 1 2 0 0 1 1 0 0 0 0 0 0 1 0 0 1 1 1 0 0 0 1 1 0 0 3 1 0 0 0 0 1 0 0 0 0 1 1 0 1 0 0 1 1 1 0 1 0 0 
1 0 1 0 1 0 0 1 1 0 0 0 0 1 0 1 0 1 0 0 3 0 1 0 1 0 1 1 0 0 1 1 0 0 1 0 0 0 1 1 0 0 0 0 0 0 1 1 0 1 0 1 
0 1 0 1 1 0 1 0 1 1 0 1 0 1 0 0 1 0 0 0 2 0 0 0 0 0 0 0 3 0 1 0 0 1 0 1 1 1 0 0 1 1 0 1 1 1 0 0 1 0 1 0 
1 0 1 0 2 0 1 0 0 0 0 1 1 0 1 0 0 1 1 1 0 0 0 0 0 0 1 0 2 1 1 0 1 1 1 1 1 0 0 0 0 1 0 1 0 0 0 0 1 0 0 1 
1 0 1 0 1 1 0 0 0 1 0 1 1 0 1 0 0 1 1 1 1 1 1 0 1 0 0 0 1 0 1 1 0 0 0 0 1 1 0 1 1 0 1 1 0 1 0 1 0 1 1 1 
0 1 0 0 0 0 1 0 1 0 1 0 1 1 1 1 0 0 0 0 2 1 1 0 0 0 1 1 0 1 0 1 1 1 1 0 0 0 1 1 0 0 1 1 0 1 1 0 1 0 1 1 
0 0 0 1 1 0 1 1 0 1 1 0 0 1 0 1 1 0 1 1 3 1 1 1 1 0 0 0 3 1 0 0 1 0 1 1 1 1 1 1 1 0 1 1 1 1 1 0 1 0 1 0 
0 0 0 0 1 1 1 0 1 1 0 0 1 0 0 0 1 0 0 1 0 0 0 0 0 0 0 1 1 1 1 1 0 1 0 1 0 1 0 1 0 1 0 1 1 0 0 1 0 1 1 1 
0 0 1 0 1 0 1 0 1 0 0 0 0 0 0 1 0 0 1 0 3 0 0 1 0 1 1 0 2 1 0 1 0 0 1 1 1 1 0 1 0 1 1 0 0 0 1 1 0 1 0 1 
1 0 0 1 0 0 0 1 0 0 1 1 1 1 1 0 1 1 1 0 1 0 0 0 0 0 1 0 0 1 0 1 0 1 1 0 0 1 1 1 1 0 1 1 0 0 0 0 1 0 0 1 

# Size = 23 | Time = 1166 ms
0 1 1 1 1 0 1 1 1 0 1 0 0 1 0 1 1 1 1 1 3 1 0 0 0 1 0 0 2 1 1 0 0 0 0 0 0 1 0 0 1 1 1 1 1 1 1 0 1 1 0 1 
1 0 0 1 0 1 0 0 0 0 0 0 1 0 0 0 0 0 0 0 0 0 1 1 0 0 1 1 0 0 0 1 1 1 0 0 1 0 1 1 0 0 0 0 0 0 0 1 0 0 1 1 
0 0 0 0 2 1 0 1 0 1 1 1 1 1 1 1 1 1 1 0 2 1 1 0 1 1 0 1 1 0 1 0 1 1 1 1 1 0 1 1 1 1 0 0 0 1 1 0 1 0 0 0 
1 1 1 0 0 0 0 0 1 1 0 1 0 0 1 0 0 0 0 1 1 0 0 0 1 0 1 0 3 0 0 0 0 0 1 1 0 0 0 0 0 0 1 1 0 0 0 0 0 1 0 1 
0 0 0 0 2 0 1 0 0 1 0 1 0 0 1 1 1 0 1 0 3 0 0 1 1 0 0 1 0 1 0 1 0 0 1 1 0 1 0 0 0 0 1 1 1 1 1 1 0 0 1 0 
1 0 1 1 1 0 1 0 1 1 1 0 0 0 0 0 0 1 0 1 2 0 1 1 1 0 1 0 1 1 1 1 1 1 0 1 1 1 0 1 1 1 0 1 1 0 0 1 0 0 1 1 
0 1 1 0 1 1 1 0 0 0 0 1 1 1 0 0 0 0 0 0 0 1 0 1 0 1 1 0 3 1 1 1 1 1 1 0 0 1 1 0 0 0 1 0 0 1 0 0 1 1 1 0 
1 1 0 0 0 1 0 1 1 0 0 0 1 1 1 0 1 0 0 1 1 0 0 1 1 1 0 1 2 0 0 1 0 0 0 0 1 1 1 0 1 1 0 1 1 1 1 1 0 1 0 0 
1 1 1 1 2 0 1 1 1 0 1 0 0 0 1 0 0 1 1 1 0 1 1 0 0 0 0 0 0 0 0 0 0 0 1 1 0 0 1 1 1 0 1 0 0 0 0 1 0 0 1 1 
0 0 1 1 0 0 0 0 0 1 1 1 1 0 0 1 0 1 1 0 1 1 0 0 0 1 1 1 2 1 1 1 1 1 1 0 0 0 0 0 0 0 0 0 0 0 1 0 1 0 1 1 
1 0 0 0 1 0 0 0 1 0 1 0 1 0 1 0 1 0 0 0 3 0 1 0 0 0 1 1 3 0 0 0 1 1 0 0 1 0 1 0 0 1 0 0 0 0 0 0 1 1 0 1 
1 1 0 1 2 1 0 1 0 0 0 0 0 1 0 1 0 0 0 0 2 0 0 1 0 0 1 0 1 0 0 0 0 0 0 0 0 0 0 0 0 0 1 0 0 1 1 0 0 1 0 0 
1 0 0 1 0 1 1 1 0 0 0 1 0 1 0 1 1 1 1 0 0 1 0 0 1 1 0 0 3 0 1 0 0 1 0 0 0 0 0 1 1 1 1 1 1 0 1 0 1 1 0 1 
0 1 0 1 1 1 1 0 0 0 1 0 0 1 0 0 0 0 0 1 1 0 0 0 1 1 1 1 0 0 1 1 1 0 0 0 1 1 0 1 1 1 1 1 1 1 0 0 1 0 0 0 
1 0 0 1 2 1 1 1 0 0 0 1 0 1 1 0 0 0 1 0 3 0 1 0 1 0 1 1 2 0 1 0 0 0 0 1 0 1 0 1 0 0 1 0 0 1 0 1 0 1 1 0 
0 0 1 0 2 1 1 1 0 1 0 0 0 0 1 0 0 0 1 0 1 0 1 1 0 0 0 0 3 1 0 0 0 1 0 0 0 0 1 0 1 0 1 1 0 1 0 1 0 0 0 1 
1 1 0 0 0 1 1 0 1 1 0 0 1 1 1 0 1 1 1 0 0 1 1 1 1 0 1 1 1 0 1 1 0 1 0 1 1 1 1 1 0 0 1 1 1 0 0 1 0 0 1 1 
0 1 0 1 0 0 0 0 1 0 1 0 0 1 1 1 0 0 0 0 2 0 1 0 1 1 0 1 0 1 0 0 0 0 1 1 1 1 1 1 1 1 0 1 0 1 1 0 0 1 0 1 
1 1 1 1 0 1 0 0 1 1 0 0 1 0 1 0 0 0 1 1 3 1 0 1 1 0 1 1 1 0 1 1 1 0 0 0 1 1 0 1 0 1 0 0 0 1 0 0 1 1 0 0 
1 0 1 1 2 1 1 0 0 0 0 1 0 0 1 0 1 0 1 1 2 1 0 1 1 0 0 1 2 0 0 0 1 0 0 0 0 0 0 0 1 0 1 0 0 1 1 1 0 1 1 0 
0 0 1 0 1 0 1 1 0 0 1 0 0 0 0 1 1 0 0 1 1 0 1 0 1 1 0 0 1 1 0 0 1 0 0 0 1 0 1 1 0 1 0 1 1 1 1 0 0 1 0 0 
1 1 1 1 0 1 1 0 1 1 0 0 0 0 1 0 0 1 0 1 0 0 1 1 0 0 0 0 2 1 0 0 1 0 1 0 1 0 1 1 0 0 1 1 0 1 1 0 0 1 1 0 
1 1 1 0 0 0 0 1 0 1 1 1 1 0 1 0 1 0 0 0 2 1 1 1 1 1 1 0 3 1 1 1 1 0 0 0 1 1 0 0 0 0 1 0 0 1 1 0 0 1 0 1 

# Size = 23 | Time = 1180 ms
0 0 0 1 1 0 0 1 0 1 1 1 0 0 0 0 0 0 0 1 1 1 0 0 0 1 0 1 0 0 0 1 0 1 0 1 0 1 1 0 0 1 0 1 1 0 0 0 1 0 0 1 
1 0 0 0 0 1 1 0 1 0 0 0 0 1 1 0 1 1 1 0 3 0 1 0 1 0 1 0 2 1 0 0 1 0 0 0 0 0 0 1 0 0 1 0 0 1 1 1 0 1 1 0 
0 1 1 1 2 0 1 0 0 0 1 1 1 0 1 1 1 1 0 0 0 0 1 1 1 0 0 0 3 0 1 0 0 1 1 1 1 0 0 1 1 1 0 0 0 0 1 0 0 0 0 1 
1 1 1 0 2 0 0 1 1 1 0 0 1 1 0 1 0 0 1 1 2 1 0 1 0 1 1 1 1 1 1 0 0 0 1 0 1 1 1 0 1 0 1 0 0 1 1 1 0 0 1 0 
1 1 1 0 0 1 0 1 0 0 0 0 1 0 1 0 0 0 1 0 0 0 0 0 0 0 0 0 1 0 0 1 1 0 1 0 1 0 0 0 1 0 0 1 1 1 0 0 1 1 0 1 
0 1 0 1 1 1 1 0 1 1 1 1 0 1 0 0 1 1 0 1 2 0 1 1 1 1 1 1 3 0 0 1 1 1 1 1 0 0 0 1 0 1 0 1 1 1 0 0 1 1 1 0 
1 0 0 1 1 1 1 0 1 1 1 0 0 1 1 1 1 1 0 0 1 0 0 1 0 0 0 0 0 1 1 1 1 0 0 1 1 1 1 1 1 0 1 1 0 0 1 1 0 0 0 1 
0 0 1 0 2 1 0 1 0 0 0 0 1 0 0 0 0 1 0 0 3 1 1 0 1 1 1 1 2 1 1 0 0 1 1 0 0 1 0 0 1 1 1 1 1 0 0 0 1 1 1 1 
0 1 0 1 0 0 1 0 0 0 1 1 1 0 0 1 0 0 1 1 3 1 1 0 0 0 0 0 2 0 0 0 0 1 0 0 1 0 1 1 0 0 0 1 1 1 1 0 1 0 0 0 
0 0 1 0 0 1 0 0 1 0 0 1 0 0 1 0 1 0 1 0 0 1 0 0 1 1 0 1 3 1 1 0 1 0 0 1 0 0 1 0 0 1 0 0 0 0 0 1 0 1 1 1 
1 1 1 0 1 0 1 1 0 0 0 0 1 1 0 0 1 1 1 0 1 0 1 0 1 1 1 0 0 0 0 0 1 1 1 0 0 0 0 1 0 1 0 0 0 1 0 0 1 1 0 0 
1 0 0 0 2 0 0 0 0 0 1 1 0 0 1 0 0 1 0 0 2 0 1 0 1 0 0 0 1 0 0 0 1 1 0 0 0 0 0 0 0 0 1 1 1 0 0 1 0 0 0 1 
1 1 0 1 0 0 0 0 0 1 0 0 0 1 0 1 0 0 0 0 0 0 0 1 0 0 1 1 3 1 0 0 0 0 0 0 0 1 0 1 0 0 1 1 1 1 1 0 0 0 0 0 
0 1 0 1 1 1 1 1 0 0 1 1 0 0 0 0 1 1 0 0 3 1 0 1 0 0 0 1 1 0 0 1 1 0 0 1 0 0 0 0 1 1 1 0 0 1 0 0 0 1 0 1 
0 1 0 1 1 1 0 0 0 0 0 1 0 1 1 1 0 0 1 1 0 1 0 1 1 1 1 0 2 0 1 1 1 0 1 0 0 0 1 0 1 0 0 0 0 1 1 1 0 1 1 1 
0 0 1 0 2 1 0 0 0 1 1 1 0 1 1 1 0 1 0 0 1 1 0 1 0 1 0 0 2 0 0 1 0 1 0 1 1 1 1 0 1 0 1 1 0 0 1 0 0 0 1 1 
1 1 1 1 0 1 0 1 1 1 0 1 1 1 0 0 0 1 1 1 3 0 0 0 1 0 0 0 0 0 0 0 1 1 1 1 0 1 1 1 0 0 1 0 0 1 0 0 1 0 1 0 
0 0 0 0 0 0 1 0 1 0 1 0 0 0 0 1 0 0 0 0 1 0 1 1 0 0 0 0 1 0 0 1 0 0 0 0 1 0 1 1 0 0 0 0 0 1 1 1 0 0 0 0 
0 0 0 1 2 1 1 1 0 0 1 1 1 0 1 0 0 0 1 0 1 1 1 0 1 0 0 0 3 1 0 1 1 0 0 1 0 0 1 1 1 0 1 1 1 0 0 1 0 1 1 1 
1 1 0 0 0 1 1 1 1 0 0 1 1 1 1 1 1 1 1 0 2 1 1 1 1 1 0 1 2 1 1 1 1 1 1 0 1 1 1 1 0 1 1 1 0 0 1 0 1 0 0 1 
1 1 0 0 2 0 1 0 0 1 1 1 0 1 0 0 1 1 1 1 0 1 1 0 0 0 0 1 0 1 0 1 1 1 0 0 0 0 0 1 0 1 1 0 0 1 0 0 1 0 1 0 
1 0 1 1 0 1 0 1 1 1 0 1 0 0 0 1 1 1 0 1 2 0 0 0 1 0 0 1 0 0 0 1 1 1 0 0 0 1 0 1 1 0 0 1 1 1 1 0 0 0 1 0 
0 1 0 1 1 1 0 0 0 0 1 0 0 0 1 0 1 1 0 1 3 0 0 1 0 1 1 1 3 0 1 0 1 0 1 1 1 1 1 0 0 1 0 1 0 1 0 0 1 1 0 1 

# Size = 22 | Time = 1071 ms
0 1 0 1 0 0 1 1 0 1 1 1 0 0 1 0 0 1 0 1 1 1 0 0 0 1 0 1 0 0 1 1 0 1 0 1 0 1 0 1 1 0 1 1 0 1 0 0 1 0 1 0 
1 0 1 0 0 1 0 0 1 0 0 0 0 1 0 1 0 0 1 0 0 0 0 1 0 0 1 0 1 1 0 0 1 0 1 0 0 0 1 0 0 1 0 0 0 0 1 1 0 1 0 1 
0 1 0 0 2 0 1 0 0 1 1 1 1 0 1 1 1 0 0 0 3 0 1 0 1 1 1 0 2 1 0 0 1 1 0 1 1 0 1 0 0 0 0 1 1 1 1 0 0 0 0 1 
1 0 1 1 1 1 0 0 0 0 0 0 1 1 0 0 1 1 1 1 2 0 1 1 1 0 0 1 3 0 1 1 0 0 0 0 1 1 0 1 1 0 0 1 1 0 0 0 1 1 1 1 
1 1 0 1 2 0 0 1 1 0 1 1 0 1 0 1 1 1 0 0 0 1 1 1 1 0 1 1 0 1 1 0 0 0 1 0 1 1 0 0 1 1 1 0 0 1 1 1 0 0 1 0 
0 0 1 0 1 1 0 1 1 1 0 0 1 0 1 0 0 0 1 1 3 1 0 0 0 1 0 0 3 0 0 1 0 1 0 1 0 0 0 1 0 1 1 0 0 1 0 0 0 1 0 0 
0 0 0 1 2 1 1 1 1 0 0 1 0 1 1 0 0 0 0 0 2 0 0 0 0 1 0 1 2 0 0 1 1 0 1 1 0 0 1 1 0 0 1 1 1 0 0 1 0 1 1 1 
0 1 1 0 1 0 1 0 1 1 0 0 1 0 0 0 1 0 1 1 1 1 0 1 1 0 0 0 0 1 0 0 1 0 1 0 0 0 1 0 1 1 0 1 1 1 1 0 1 0 0 0 
1 0 0 0 0 0 1 0 0 1 1 0 1 0 0 1 1 1 0 1 2 0 1 0 0 0 1 0 1 0 1 1 1 1 0 1 1 1 1 0 0 0 1 1 1 0 1 1 0 0 0 1 
0 1 0 0 1 1 1 0 0 1 1 0 0 1 1 0 0 0 1 0 0 1 1 1 1 1 1 1 1 0 1 0 0 1 0 0 0 0 0 1 0 0 0 0 0 0 0 0 1 1 0 1 
0 0 1 1 1 0 0 0 0 0 1 1 0 0 0 1 0 1 0 0 1 0 0 0 0 0 0 0 3 1 0 1 0 1 1 0 1 1 1 1 0 1 0 1 1 0 1 1 0 1 0 1 
1 0 1 1 0 0 0 0 0 0 0 0 0 1 0 0 0 1 0 1 3 1 1 1 0 0 0 1 2 0 1 0 0 0 1 0 0 1 0 0 1 1 0 0 0 1 0 1 0 0 0 0 
1 1 1 0 2 1 1 1 0 1 1 0 1 1 1 0 0 1 1 1 2 0 0 1 1 0 0 0 1 1 1 0 0 0 1 1 1 0 0 0 1 1 0 0 0 1 1 0 1 0 1 0 
1 1 0 1 0 0 1 0 0 0 0 0 1 0 0 1 0 0 0 1 0 0 1 0 1 1 0 0 3 0 0 0 1 0 0 1 0 1 0 0 0 0 0 0 0 1 1 0 1 0 0 0 
0 0 0 0 2 1 1 0 0 0 0 0 0 1 0 0 1 0 0 1 1 0 0 1 0 0 1 0 0 1 1 0 0 1 1 1 1 0 0 1 0 0 0 0 0 0 0 0 0 1 0 1 
1 1 1 0 1 0 1 1 0 0 1 1 1 0 1 0 0 1 1 1 0 0 0 1 1 1 1 1 2 0 0 1 0 0 1 1 0 1 1 1 1 1 0 1 1 1 0 0 1 0 1 1 
0 1 1 1 1 1 1 1 1 1 1 1 1 1 0 0 1 1 1 1 3 1 1 1 0 1 1 1 1 0 0 0 0 0 1 0 1 0 1 0 1 1 0 1 0 0 1 0 1 1 1 1 
1 0 1 0 2 1 1 0 0 0 1 1 1 1 1 0 0 0 1 0 1 0 1 0 0 0 1 0 3 0 0 0 1 0 0 0 0 0 0 1 1 1 0 0 0 1 0 0 0 0 0 1 
1 1 1 0 2 0 0 1 1 0 0 0 1 0 0 0 1 1 0 0 2 1 0 0 0 1 0 0 0 1 0 1 1 1 1 1 1 1 0 1 0 0 0 0 0 1 0 1 0 0 0 0 
1 0 0 1 1 0 0 1 0 0 0 0 0 0 1 0 1 1 0 1 3 1 0 1 0 1 0 0 0 0 0 1 0 0 0 0 0 1 0 0 0 1 0 0 0 0 0 0 0 0 1 1 
0 0 1 0 2 0 0 1 0 1 1 1 1 1 1 1 1 0 1 1 1 0 0 0 1 0 0 0 1 0 1 0 1 1 1 1 1 0 0 0 0 1 0 0 0 0 1 0 1 0 1 1 
0 0 1 1 0 1 0 1 0 0 1 1 1 1 1 0 0 0 0 1 1 1 1 1 0 0 0 1 2 1 1 1 1 0 1 1 0 0 0 0 1 0 0 0 0 1 0 0 1 1 0 1 

# Size = 20 | Time = 1140 ms
1 0 1 1 0 1 0 0 1 1 1 1 1 0 1 0 0 1 0 1 3 0 1 0 1 0 1 0 2 1 1 1 1 0 0 0 1 0 0 0 1 1 1 1 1 1 1 0 1 1 0 0 
0 1 0 0 0 0 0 1 0 0 0 0 0 0 0 0 1 0 1 0 0 1 0 0 0 1 0 0 0 0 0 0 0 1 1 1 0 0 1 1 0 0 0 0 0 0 0 1 0 0 0 1 
1 0 1 0 2 1 1 1 0 1 0 0 1 1 1 1 0 0 1 0 2 1 0 1 1 1 1 1 3 0 1 1 1 1 0 0 0 1 0 1 1 0 0 0 0 1 1 1 0 1 1 0 
0 1 0 1 1 0 1 0 1 0 1 1 0 1 0 1 1 0 0 1 1 0 0 1 0 0 0 1 1 1 0 0 0 0 0 0 1 1 1 0 0 1 0 1 1 0 1 0 1 0 1 1 
1 0 1 0 2 1 1 0 1 1 1 0 0 1 0 0 1 1 0 1 3 0 1 1 0 1 0 1 0 1 0 0 0 1 1 1 1 1 0 1 1 0 1 0 0 0 0 0 0 1 1 1 
0 0 0 1 1 0 0 1 0 0 0 1 1 0 1 0 0 1 0 0 2 1 1 0 1 0 1 1 1 0 1 0 0 0 1 1 0 0 1 0 0 0 1 1 0 1 0 0 1 0 0 0 
0 1 0 0 2 1 1 0 1 0 0 1 0 0 1 0 0 1 1 1 1 1 1 0 1 0 0 0 3 1 0 1 1 1 1 1 0 1 0 0 0 1 1 1 1 1 0 1 0 0 0 1 
1 1 0 1 1 0 0 1 0 1 1 0 1 1 0 1 1 1 1 0 0 0 0 1 0 1 1 0 2 0 0 1 1 0 1 0 1 0 0 1 1 1 0 1 1 0 1 0 0 1 0 1 
1 1 1 0 2 0 0 0 0 1 0 0 0 0 1 1 1 0 0 0 0 0 1 0 0 0 0 1 2 1 1 0 1 0 0 1 0 1 1 0 0 0 1 0 0 1 1 0 1 0 1 0 
0 0 1 1 1 1 0 0 0 0 1 1 1 0 0 0 0 1 0 1 1 1 1 1 1 0 1 0 0 0 1 1 0 0 0 0 0 0 1 1 1 1 0 0 0 0 0 1 0 1 1 1 
0 0 0 1 0 0 0 1 1 0 0 1 1 0 0 1 0 0 1 0 3 0 0 1 0 1 0 1 3 0 0 0 0 1 1 1 1 0 1 0 0 0 0 0 0 1 1 0 1 0 0 0 
1 1 0 0 0 0 1 0 0 0 1 0 0 1 0 0 1 0 0 1 2 0 0 0 0 1 0 0 1 0 0 1 1 1 1 0 1 0 0 0 0 1 1 0 0 0 1 1 0 0 1 1 
0 0 0 0 1 1 1 1 1 1 1 1 0 1 0 0 1 0 0 1 0 1 0 0 1 0 1 0 3 0 1 0 1 0 0 0 0 0 1 1 1 0 1 1 1 0 1 0 0 0 1 1 
1 0 1 0 0 0 1 1 0 1 0 0 0 0 1 1 0 0 0 0 1 1 0 1 0 1 0 0 0 1 0 0 0 1 0 0 1 1 0 0 0 0 1 1 1 1 1 0 1 1 0 0 
0 1 0 1 1 0 1 1 0 0 0 0 1 0 0 0 1 0 1 0 3 1 0 0 0 1 1 0 2 0 0 0 0 1 1 1 0 0 0 0 1 0 1 0 0 1 0 1 0 0 0 0 
1 0 1 1 2 1 1 0 0 1 1 0 1 0 1 0 0 0 1 1 0 0 1 1 1 0 0 0 1 0 0 0 1 0 0 0 1 0 1 1 1 0 0 0 0 0 0 0 1 1 0 1 
1 1 1 0 2 0 1 0 1 0 1 0 1 1 1 0 1 0 1 0 2 1 1 0 1 0 1 0 0 1 0 1 1 0 0 0 1 0 0 0 0 0 0 1 1 1 0 0 1 1 0 0 
1 0 0 1 1 1 1 1 0 0 0 0 0 1 1 0 0 1 0 1 2 1 0 0 0 1 0 1 2 1 0 0 0 1 0 1 1 0 0 0 0 1 0 0 0 1 0 0 0 1 1 1 
1 0 0 0 1 1 1 0 0 0 1 1 0 1 0 1 1 1 1 1 3 0 0 1 1 1 1 0 1 0 1 0 1 0 1 0 0 0 0 0 0 0 1 1 0 1 1 0 1 1 1 0 
1 0 0 0 0 0 1 0 1 1 1 0 1 0 0 1 1 1 1 1 1 1 1 0 1 0 1 1 2 0 1 0 0 0 0 1 0 0 0 1 1 0 1 0 0 1 1 0 0 0 0 1 

# Size = 21 | Time = 1174 ms
1 1 0 1 0 0 0 0 0 1 0 0 0 0 1 0 1 0 1 1 0 0 0 0 0 0 1 1 2 0 0 0 1 0 0 1 0 1 0 1 1 1 0 1 0 0 1 1 0 1 0 1 
0 0 1 0 2 1 1 1 0 0 1 0 0 1 0 1 0 1 0 0 3 0 1 0 1 1 0 0 0 1 0 1 0 1 0 0 1 0 1 0 0 0 1 0 0 1 1 0 0 0 1 0 
0 1 0 0 1 0 1 1 1 0 0 1 1 0 1 0 0 1 0 1 1 1 0 1 0 0 0 1 1 0 1 1 0 0 1 1 1 0 0 0 1 1 1 1 0 1 0 0 1 0 0 0 
0 0 1 0 1 0 0 0 1 1 1 0 1 1 0 0 1 0 1 0 2 1 1 1 0 0 1 0 3 1 1 0 1 1 1 0 0 1 1 1 0 0 0 1 1 0 0 0 1 1 0 1 
1 0 0 1 0 1 0 0 1 0 0 1 1 1 0 1 1 1 1 0 0 0 0 1 1 1 1 0 1 1 1 1 0 0 1 0 1 0 0 0 1 0 0 1 1 0 1 1 0 0 1 1 
1 0 1 0 0 1 1 1 0 1 0 1 0 0 1 0 0 0 0 1 2 0 0 1 1 1 0 1 0 0 1 0 1 0 0 1 0 1 1 1 0 1 1 0 0 1 0 1 0 1 1 0 
1 1 0 1 2 1 0 1 1 0 1 1 0 0 1 0 1 1 1 1 3 1 1 0 0 0 0 1 3 0 0 0 0 1 1 1 0 1 0 1 1 0 0 0 0 1 0 1 0 1 0 0 
1 1 0 1 2 0 1 0 0 1 0 0 1 0 0 1 0 0 0 0 1 1 1 0 1 1 1 0 2 0 0 1 1 0 0 0 1 0 0 1 0 1 1 1 1 0 1 0 1 1 0 1 
0 1 1 1 1 0 0 1 0 0 1 0 0 1 0 1 0 0 1 1 1 0 0 0 0 0 0 1 0 1 0 0 1 1 1 1 0 1 0 0 1 1 0 1 1 0 1 1 0 0 1 1 
0 1 1 0 0 0 0 0 0 1 0 1 1 1 1 0 1 1 0 0 0 1 0 1 1 0 0 0 2 1 0 1 1 1 1 1 0 0 1 0 1 0 1 0 0 1 0 0 1 0 1 0 
0 0 0 0 1 0 1 0 0 1 0 1 0 1 1 1 0 0 0 0 3 0 0 1 1 1 1 1 3 0 0 1 0 0 0 0 1 1 0 0 1 1 0 1 1 1 1 0 1 0 1 0 
0 1 0 1 2 0 1 1 0 1 1 0 0 0 0 0 1 1 1 1 2 0 0 0 0 1 1 0 1 1 0 0 0 1 0 0 1 0 1 0 0 1 0 0 0 0 0 0 1 1 0 1 
0 0 1 1 0 1 0 0 1 0 1 0 1 0 1 1 1 0 1 1 1 0 1 0 0 1 0 1 1 0 1 1 1 0 0 0 0 1 1 1 1 0 1 0 0 1 1 0 0 0 0 1 
1 0 0 0 1 1 1 0 1 0 1 1 1 1 0 0 1 0 0 1 0 1 1 1 1 0 1 0 0 1 0 1 1 0 1 0 1 1 1 1 0 1 0 1 0 0 1 0 1 0 0 1 
1 0 0 1 1 1 0 1 1 0 1 1 1 0 0 0 0 0 0 1 3 0 1 0 1 0 0 1 2 1 1 0 0 0 1 0 1 0 1 1 0 0 0 0 0 0 1 0 0 0 1 1 
0 0 1 0 2 1 0 0 1 0 1 0 0 1 0 1 0 0 0 0 2 0 1 1 0 1 0 0 3 0 1 1 1 1 0 1 1 0 0 0 1 0 1 1 0 0 1 0 1 0 0 1 
0 0 1 0 0 0 0 1 0 1 1 0 0 0 1 0 0 1 0 0 0 0 1 0 1 0 0 1 3 1 1 1 1 0 0 1 0 0 0 1 1 0 0 1 1 1 0 0 0 1 0 0 
0 0 1 0 0 0 0 0 0 1 1 0 0 1 1 0 1 1 0 1 3 0 0 1 1 1 1 0 1 1 0 0 1 0 1 0 1 0 1 1 1 1 1 0 0 1 0 0 0 1 0 0 
1 1 1 0 1 1 1 1 0 0 1 0 0 0 1 1 1 1 0 1 1 0 0 0 0 1 0 0 3 1 1 1 0 1 1 0 0 1 1 0 0 1 0 1 1 1 1 0 1 0 1 1 
1 1 0 0 2 0 1 0 0 0 1 1 0 0 0 0 1 1 1 0 2 0 0 1 0 1 0 1 2 0 0 1 0 0 1 1 1 1 0 0 0 0 1 1 1 1 0 0 0 0 0 0 
1 1 1 0 2 0 1 1 0 0 1 1 0 1 0 1 0 0 0 1 0 0 1 0 0 0 1 0 0 0 1 1 0 1 0 0 0 0 0 1 0 1 0 0 0 1 1 0 0 0 0 1 

# Size = 22 | Time = 1157 ms
1 1 1 1 0 1 1 1 1 0 1 0 1 0 1 1 1 1 1 0 2 0 1 0 1 0 0 1 0 1 0 1 0 0 1 1 0 1 1 1 1 0 0 1 1 0 1 1 0 0 0 1 
0 0 0 0 2 0 0 0 0 1 0 0 0 0 0 0 0 0 0 1 0 0 0 1 0 0 0 0 1 0 1 0 1 1 0 0 1 0 0 0 0 1 1 0 0 1 0 0 0 0 1 0 
0 1 1 1 1 1 1 0 1 1 0 1 1 1 1 0 0 0 0 0 3 1 1 1 1 1 1 0 3 0 1 0 0 1 0 0 0 0 1 0 1 0 1 1 1 1 1 0 1 1 0 1 
1 0 0 0 0 0 0 1 0 0 1 1 0 1 0 0 1 1 1 1 1 0 0 0 0 1 1 0 2 1 0 1 1 0 1 1 1 0 0 1 0 1 0 0 0 0 0 0 1 1 0 1 
0 0 0 1 1 1 0 0 0 0 1 1 0 1 0 1 1 0 0 0 3 1 0 0 1 0 0 1 3 1 1 0 0 0 0 1 0 1 0 1 0 1 0 0 0 1 1 1 0 1 1 0 
1 1 1 0 2 0 0 1 1 1 0 0 0 1 1 0 0 1 0 1 2 1 1 1 0 1 1 1 0 0 0 1 1 1 0 0 1 1 1 0 0 0 0 1 0 1 0 0 1 0 1 0 
0 0 0 0 0 0 1 0 1 0 0 0 1 0 0 1 0 0 1 0 1 1 1 1 0 1 0 1 2 0 1 0 1 0 1 0 1 0 0 0 1 1 1 1 1 0 1 1 0 0 1 1 
0 1 0 1 2 1 1 1 0 1 1 1 1 1 1 1 1 1 1 1 0 1 0 0 0 0 1 0 1 0 0 1 0 1 1 1 0 1 1 0 1 0 1 1 1 1 1 1 0 0 0 0 
1 0 0 0 1 0 0 1 0 0 0 0 1 0 1 0 0 1 0 1 3 0 1 0 1 0 0 0 3 1 0 0 1 1 1 0 0 0 1 1 1 1 1 0 0 0 0 0 1 0 1 1 
1 1 1 1 2 1 1 0 0 1 0 0 0 0 0 0 1 0 0 0 1 1 0 0 1 0 1 1 2 1 0 1 0 0 0 0 1 0 0 0 1 0 1 0 0 0 0 1 0 1 1 1 
0 0 0 0 0 1 1 1 1 1 1 0 0 1 0 0 0 0 1 0 0 0 0 1 0 1 0 0 0 1 1 0 0 0 0 1 0 0 1 1 0 0 0 1 1 1 0 0 1 1 0 0 
1 0 1 1 1 1 0 0 1 0 1 1 1 0 1 1 1 0 0 0 2 0 0 1 1 1 1 0 1 0 1 1 1 0 1 0 1 0 0 1 0 1 0 0 0 0 1 0 1 1 1 1 
1 1 1 1 1 0 0 0 0 0 0 0 0 0 1 0 0 1 0 0 0 0 1 0 1 0 0 1 2 0 1 0 0 1 0 0 0 1 0 1 0 0 0 1 1 0 0 0 0 0 0 1 
0 0 0 0 1 1 0 0 0 0 0 1 0 0 1 0 0 1 1 0 1 1 0 0 0 0 1 0 0 0 0 0 0 1 0 1 0 0 0 0 0 0 1 0 0 1 1 0 0 0 0 0 
0 1 0 0 2 1 1 1 0 0 1 0 0 0 0 0 0 1 1 1 2 0 0 0 0 1 0 0 3 0 0 0 0 0 0 0 1 1 1 1 1 1 0 1 0 1 1 1 0 1 0 0 
0 0 0 0 0 0 1 0 0 0 0 0 1 0 0 0 0 0 0 1 3 0 0 0 0 0 1 1 1 0 0 1 0 1 0 0 1 1 0 0 0 0 0 0 0 0 0 0 0 0 1 1 
0 0 0 0 2 0 1 1 0 1 1 1 0 1 0 1 0 0 1 1 3 0 1 0 0 0 0 1 2 0 0 0 0 0 1 0 0 0 1 0 0 1 0 0 0 1 1 0 0 0 0 0 
1 1 1 0 1 1 1 0 0 1 0 0 0 1 1 1 1 0 0 0 1 1 1 1 0 1 1 0 1 1 0 1 0 1 0 1 1 1 1 1 1 0 1 1 0 1 1 1 0 1 1 0 
1 0 0 0 0 0 1 0 0 1 0 1 0 1 0 1 0 0 1 1 1 1 1 1 1 1 1 0 3 0 0 1 0 0 1 0 0 0 1 0 0 0 1 1 1 0 1 1 0 0 1 1 
0 1 1 1 2 1 1 0 1 0 1 1 1 1 0 0 1 1 0 0 2 0 1 0 1 0 1 0 2 1 1 0 1 0 0 0 1 0 1 0 0 0 1 0 0 0 0 0 1 0 0 1 
1 1 0 1 0 1 1 1 1 0 0 0 1 0 1 1 0 1 0 0 3 1 0 1 0 1 0 1 0 1 0 1 0 1 1 0 1 1 0 1 1 1 1 0 0 1 1 1 0 1 0 0 
0 0 1 0 1 0 1 1 0 0 0 1 1 0 0 0 1 1 0 1 0 1 0 1 1 1 0 0 3 1 0 1 1 1 1 0 0 0 1 1 1 1 1 1 1 0 0 0 0 0 1 1 

# Size = 28 | Time = 1217 ms
0 0 0 0 0 0 1 1 0 0 1 1 1 1 1 0 0 1 0 1 3 0 1 0 1 1 0 1 2 1 1 0 1 0 0 0 1 0 1 0 0 0 1 1 1 1 0 0 0 0 1 0 
1 1 0 1 0 1 0 0 1 0 0 0 0 0 0 1 0 0 1 0 2 1 0 1 0 0 0 0 3 0 0 0 0 0 1 1 0 1 0 0 1 1 0 0 0 0 1 0 1 0 0 1 
1 0 1 0 2 1 1 0 1 1 1 0 0 0 1 0 1 1 0 1 0 0 0 0 0 0 1 0 0 0 0 1 0 1 0 0 0 0 0 1 0 0 0 0 0 1 0 1 0 1 0 0 
0 1 1 1 1 0 0 1 0 1 0 1 0 1 0 1 1 0 1 0 1 1 0 1 1 1 1 1 1 1 1 1 1 1 1 1 0 0 1 1 0 0 0 1 1 0 1 1 0 1 0 1 
0 1 1 1 2 1 0 0 0 1 1 0 1 0 0 0 1 0 1 0 3 0 1 0 0 1 1 1 2 1 0 1 1 1 0 1 1 1 0 1 1 1 1 0 0 0 0 0 1 1 1 1 
1 0 1 0 1 0 1 1 1 0 0 0 1 1 1 1 1 0 0 1 0 1 1 1 1 0 1 0 0 0 0 0 0 0 1 0 1 1 0 0 1 1 1 1 1 1 1 0 1 0 0 0 
1 0 0 1 2 1 0 1 0 0 1 1 1 0 1 0 0 1 0 1 1 1 1 0 0 0 0 0 1 0 1 0 0 1 1 1 0 1 1 0 1 1 1 0 0 1 1 1 0 1 1 1 
0 0 0 0 1 0 1 0 1 1 0 1 1 0 0 0 0 1 1 0 2 0 0 1 1 0 0 1 3 1 1 0 0 0 0 0 1 0 0 1 0 0 1 1 0 1 0 1 0 0 1 0 
0 1 0 0 2 0 0 0 0 0 0 0 0 0 0 1 0 1 0 0 0 0 0 0 0 1 0 0 0 0 0 1 1 0 0 0 1 0 1 0 0 1 0 1 1 0 1 0 1 0 1 1 
1 1 0 0 0 1 1 0 1 0 0 1 0 1 1 0 1 0 1 1 3 1 0 1 0 0 1 1 2 0 0 0 1 1 0 1 0 0 0 1 1 0 0 1 0 0 1 1 0 0 0 1 
0 0 1 1 0 0 1 1 1 1 1 0 0 1 1 0 0 1 0 0 2 0 1 0 0 1 1 0 3 1 1 1 1 1 1 0 0 1 1 0 0 0 0 1 1 0 0 0 1 1 0 1 
1 1 0 0 1 1 0 0 1 1 0 0 0 1 0 0 0 0 0 0 1 0 0 0 1 1 0 0 1 0 0 0 0 0 0 0 1 0 0 0 1 0 0 0 0 1 0 0 1 0 0 0 
1 0 1 1 2 1 0 0 1 0 1 1 0 1 0 0 1 0 1 1 0 1 1 1 0 0 0 1 0 1 1 0 0 0 0 1 1 0 0 0 0 0 1 1 1 1 1 0 1 0 0 0 
1 0 0 0 1 0 0 0 0 0 1 0 0 0 0 1 0 0 0 0 3 0 1 0 0 1 0 0 2 0 0 0 0 0 1 0 0 0 0 0 0 0 1 0 0 1 1 0 0 1 0 0 
1 1 0 1 2 1 0 1 0 0 0 0 1 1 1 0 1 0 1 1 2 1 0 1 1 1 1 1 3 0 0 0 0 0 0 0 1 0 0 0 0 1 0 0 0 1 0 0 1 0 0 0 
0 0 0 1 0 0 1 1 0 1 0 1 0 1 0 0 0 1 1 1 1 0 0 1 1 1 0 1 1 1 1 0 0 0 0 0 0 1 1 0 0 0 1 1 1 0 1 0 0 1 0 1 
1 1 1 1 0 1 1 0 1 0 1 1 1 1 1 1 0 1 1 0 0 0 0 0 0 0 1 1 1 1 0 0 0 0 0 0 0 1 0 0 1 1 1 1 1 0 1 0 1 1 0 1 
0 1 1 1 0 1 0 1 0 1 0 1 0 0 0 0 0 0 1 0 2 0 1 0 1 1 1 0 0 0 1 0 0 1 1 1 0 1 1 1 0 1 1 1 1 1 0 0 1 0 0 1 
1 1 1 0 0 0 0 0 1 1 0 0 1 1 0 1 1 0 0 0 0 0 1 0 1 0 1 0 3 0 1 0 1 1 0 0 1 1 0 1 0 0 1 0 0 1 1 0 1 0 1 1 
1 0 1 0 1 0 1 0 1 1 0 1 1 1 1 0 1 1 0 0 3 1 1 1 1 1 1 0 0 0 1 0 0 1 0 0 0 0 0 1 0 1 0 1 0 1 0 0 1 0 0 0 
0 1 0 0 0 0 1 1 0 1 1 1 1 0 1 1 1 1 0 0 2 1 1 0 0 0 1 1 1 1 0 1 0 1 0 1 0 0 0 0 0 1 1 1 1 1 1 1 0 0 1 0 
1 0 0 1 0 1 1 0 0 0 0 0 0 0 0 0 1 0 1 0 3 0 0 1 1 0 0 0 3 1 1 0 1 1 0 0 0 1 1 1 0 0 1 0 0 1 1 0 1 0 0 1 
0 0 1 0 2 1 1 0 0 0 0 1 1 0 0 0 0 1 1 0 0 1 0 0 0 1 1 0 2 1 1 1 1 0 0 0 0 0 1 1 0 0 0 1 1 1 0 0 1 1 0 0 
1 1 1 1 0 1 0 0 1 1 0 1 1 1 0 1 1 0 1 1 1 1 0 0 1 0 1 0 2 1 1 0 0 0 1 0 1 0 1 1 0 0 0 1 1 0 1 0 0 1 1 1 
1 0 0 0 1 1 1 0 1 0 0 1 1 0 1 0 0 1 0 1 1 1 1 1 1 0 1 1 0 0 0 1 0 1 1 0 0 1 0 1 0 0 1 1 1 1 1 1 0 1 1 0 
0 1 1 1 0 1 0 0 1 0 1 1 0 0 0 1 1 0 1 0 2 1 1 0 1 0 0 1 2 0 1 1 1 0 1 0 0 1 1 0 1 0 0 1 1 1 1 0 1 1 1 0 
0 0 0 1 0 0 1 1 0 0 0 0 0 1 0 0 0 0 0 0 3 1 1 1 1 1 1 1 1 1 0 0 0 1 1 1 1 0 1 0 1 1 0 1 1 1 1 1 0 0 1 1 
0 0 0 0 2 0 1 0 1 1 0 1 0 0 0 1 0 1 1 0 1 0 1 1 0 1 0 0 3 0 0 1 1 1 1 1 1 0 1 1 0 1 0 1 0 0 1 0 0 1 0 1 

# Size = 28 | Time = 1318 ms
1 1 1 0 1 0 0 1 0 0 1 1 1 1 1 1 1 1 1 0 2 0 0 1 0 0 1 0 1 1 0 1 1 1 1 1 0 0 0 1 0 1 1 1 1 1 1 0 1 0 1 1 
0 0 0 0 0 1 0 0 0 1 0 0 0 0 0 0 0 0 0 1 0 0 1 0 1 0 0 0 3 0 1 0 0 0 0 0 1 1 1 0 1 0 0 0 0 1 0 0 0 1 0 0 
0 0 0 1 2 0 1 1 1 0 0 0 0 0 1 0 1 0 1 0 3 1 0 1 0 1 1 1 2 0 0 0 0 0 0 1 1 0 0 0 1 0 1 1 0 0 1 1 0 0 0 1 
0 1 0 1 0 1 1 0 1 1 1 1 1 1 0 1 0 1 0 1 1 1 1 1 1 1 0 1 0 0 1 1 1 1 1 0 0 1 0 1 0 1 0 0 0 0 1 0 1 1 0 1 
1 0 1 1 1 1 1 0 1 0 1 0 1 1 0 0 0 0 0 0 1 1 0 0 0 1 0 1 0 1 0 1 0 0 0 0 0 0 1 1 0 0 0 1 1 1 0 1 0 0 1 0 
1 1 1 0 2 0 0 0 0 1 0 1 0 0 1 0 1 1 1 1 3 0 0 0 1 1 1 0 2 1 0 0 1 1 1 1 1 0 1 0 0 1 1 0 0 1 0 1 0 1 0 0 
1 0 1 1 2 1 0 1 0 1 0 1 1 0 1 1 0 1 1 1 2 1 1 0 0 0 0 1 1 0 1 0 0 0 0 0 0 1 1 0 1 0 1 1 1 0 1 0 1 1 1 1 
0 1 1 1 0 0 1 1 0 0 1 0 0 1 1 0 1 0 0 0 0 0 1 1 1 1 1 0 3 1 1 1 1 1 1 1 1 0 1 0 1 1 0 1 1 0 0 0 1 0 1 1 
0 1 0 0 1 0 0 1 1 0 0 0 0 0 0 0 1 0 0 0 2 0 1 1 1 1 1 0 1 1 0 0 0 1 0 0 0 1 0 1 1 0 1 0 0 1 0 1 0 0 1 0 
1 0 0 0 0 1 0 0 0 0 1 1 1 0 0 1 0 0 1 1 0 1 0 0 0 0 1 1 3 1 0 0 0 0 1 1 1 1 0 1 0 1 1 1 1 1 1 1 0 0 0 0 
0 0 0 0 1 1 1 0 1 1 1 0 1 1 0 1 0 0 0 0 3 1 1 0 0 0 0 0 2 0 1 0 1 0 0 0 0 1 0 0 1 0 0 0 0 1 1 0 1 0 1 0 
0 1 0 0 2 0 0 1 0 0 0 0 0 0 0 0 1 0 1 0 1 0 0 0 0 0 0 0 0 0 1 1 0 0 0 1 1 0 0 0 1 1 0 1 0 0 0 1 0 1 0 1 
1 0 0 1 1 0 0 0 1 0 0 0 1 1 0 0 0 1 0 0 0 0 1 0 0 0 0 1 3 1 1 1 0 1 1 1 0 1 1 1 0 0 0 0 0 0 0 0 0 1 0 1 
1 0 0 1 0 1 1 0 0 0 0 0 0 0 0 1 1 1 0 1 2 1 0 1 0 1 0 1 1 0 1 0 1 0 1 0 1 0 0 1 0 0 0 1 1 1 1 0 1 0 0 0 
0 0 0 1 2 0 0 1 1 0 1 0 1 1 1 1 0 1 0 1 1 0 1 1 1 0 1 0 0 1 0 0 0 1 0 0 1 1 0 1 1 1 1 0 0 1 1 0 1 0 1 1 
0 1 0 1 0 0 1 0 0 1 0 0 1 1 0 1 0 0 1 0 3 0 1 0 0 1 1 0 2 0 0 1 0 0 0 0 0 1 0 1 0 0 0 1 1 1 1 1 0 1 0 1 
0 1 1 1 1 1 1 0 0 1 0 0 0 1 0 1 1 1 0 1 3 0 1 0 1 1 0 0 0 1 1 1 1 1 1 1 1 1 0 1 0 1 1 0 0 1 1 1 0 0 0 0 
0 1 0 1 2 0 1 0 1 0 1 0 0 0 0 0 0 0 1 0 0 0 1 1 0 1 0 0 0 1 0 0 1 1 1 1 1 1 1 1 0 1 1 1 1 1 0 0 0 0 1 1 
0 0 0 1 2 0 0 1 1 0 1 1 1 0 1 1 0 0 0 0 1 0 0 0 1 1 0 0 3 0 1 1 0 1 0 0 0 1 1 1 0 1 0 1 0 0 1 1 0 0 1 1 
1 0 0 1 0 0 0 1 0 1 0 0 1 1 1 0 0 0 0 0 2 1 1 1 1 0 1 1 0 0 0 1 0 1 0 0 1 1 0 1 0 0 1 1 1 1 0 0 0 1 0 0 
0 1 0 1 0 1 1 1 0 1 0 1 1 0 0 0 0 0 0 0 0 0 1 1 1 1 1 0 2 1 0 0 1 1 0 0 1 1 0 1 0 0 0 1 0 1 0 1 0 0 1 1 
0 1 0 0 1 1 0 0 1 0 0 0 1 1 0 0 1 1 0 1 0 0 0 1 0 1 0 0 1 1 0 0 0 0 0 1 0 0 0 0 1 1 0 1 0 0 0 1 0 0 0 1 
0 0 1 1 2 1 1 0 1 1 0 0 0 0 1 0 1 0 0 0 2 0 1 1 1 1 1 0 2 0 0 0 1 0 1 1 1 1 0 0 0 0 1 0 0 1 1 1 0 0 0 0 
1 1 0 0 2 1 1 1 0 0 0 0 1 0 0 0 1 1 0 0 1 1 0 0 1 0 1 1 2 1 1 1 0 0 0 1 0 1 0 1 1 1 1 0 0 0 0 0 1 1 0 1 
1 0 0 0 1 1 0 0 1 1 0 0 0 0 1 0 1 0 0 0 3 0 1 0 0 1 1 1 1 1 0 0 1 1 0 0 0 1 0 0 0 0 1 1 1 0 0 1 0 0 1 1 
0 1 1 1 2 0 0 0 1 1 0 1 0 0 1 0 0 0 1 1 1 0 1 0 1 0 0 1 1 1 0 0 1 0 1 0 0 1 0 1 1 0 1 1 1 1 0 0 0 1 0 0 
1 0 1 1 0 1 0 1 1 0 1 0 0 0 0 0 1 1 1 1 3 0 1 1 0 0 0 1 3 0 0 0 1 0 1 0 0 1 0 0 0 1 0 0 0 0 0 0 1 1 1 1 
0 0 0 0 2 0 0 0 0 0 0 1 0 1 0 1 0 0 1 0 2 1 0 0 0 0 1 1 3 1 0 1 1 1 0 1 0 0 0 0 0 1 0 0 0 1 1 1 0 0 0 0 

# Size = 26 | Time = 1153 ms
1 1 0 0 2 1 0 0 1 0 1 1 1 1 1 0 1 0 0 1 2 1 1 1 1 0 1 0 3 0 1 1 1 0 0 0 1 1 1 1 1 0 1 1 1 0 0 1 0 1 1 1 
0 0 0 0 0 0 1 0 0 0 0 0 0 0 0 1 0 1 1 0 0 0 0 0 0 1 0 1 0 1 0 0 0 0 1 1 0 0 0 0 0 0 0 0 0 1 1 0 1 0 0 0 
0 0 1 1 1 1 1 1 0 1 0 0 1 1 0 0 0 1 0 1 3 0 0 0 1 1 0 0 2 0 1 0 1 1 0 0 1 0 0 1 0 1 0 1 1 0 1 0 0 0 1 1 
0 1 1 1 0 0 0 1 1 1 1 1 0 0 1 0 1 0 1 0 1 1 0 0 0 0 1 0 1 1 0 1 0 1 1 1 0 1 1 0 1 1 1 1 0 1 0 1 0 1 0 0 
1 1 1 1 2 1 0 1 0 1 0 0 0 0 1 1 1 0 0 0 2 1 1 1 0 0 0 1 3 0 0 1 0 1 0 0 0 0 0 0 0 1 0 0 0 0 1 0 1 0 1 1 
1 0 0 1 1 0 1 1 0 0 1 1 1 1 1 1 0 1 1 1 0 0 1 1 1 1 0 1 1 0 0 0 1 0 1 1 1 1 1 1 1 0 1 0 0 1 1 1 0 1 0 0 
1 0 1 0 1 0 0 0 1 1 0 0 1 0 0 0 0 0 1 1 1 1 1 1 1 1 1 1 0 1 1 0 1 1 0 0 0 1 0 0 0 0 1 0 0 1 0 0 1 0 1 1 
0 1 0 0 2 1 0 0 1 0 1 1 0 1 0 1 0 1 0 0 3 0 0 1 0 0 1 1 2 1 1 1 0 0 1 1 1 0 0 1 1 0 0 1 1 1 1 1 0 1 0 0 
1 1 1 0 0 1 1 0 0 0 1 1 0 1 0 0 1 0 0 1 0 0 1 0 0 0 1 0 0 0 1 1 1 0 1 0 1 0 1 0 0 1 0 1 1 0 0 0 1 0 0 1 
1 0 0 0 0 0 1 1 1 1 0 0 1 0 1 0 1 1 1 0 3 1 0 1 1 1 0 0 2 0 0 1 0 0 0 1 0 1 1 1 1 0 1 0 0 0 0 0 1 1 0 1 
0 0 0 0 2 0 1 1 1 1 1 0 1 0 0 0 0 1 1 0 2 0 0 0 0 0 0 0 3 1 0 0 1 0 1 0 0 1 0 1 0 1 0 1 1 1 0 0 0 0 1 0 
0 1 0 1 1 1 1 0 0 0 0 1 0 0 0 0 0 0 0 0 1 0 1 1 0 0 0 1 1 1 1 0 0 0 0 0 1 0 0 1 0 0 0 0 0 0 1 0 1 0 1 1 
0 0 0 1 2 1 0 1 1 0 0 0 0 0 1 0 0 0 0 1 0 1 0 0 1 0 0 0 0 0 0 0 0 1 0 1 1 0 0 0 0 0 1 0 0 1 1 1 0 1 1 0 
0 1 0 0 2 0 0 1 1 1 0 0 0 1 0 1 0 1 0 1 1 0 0 0 0 1 0 0 1 0 0 1 0 0 0 0 0 1 1 0 1 0 0 1 1 1 1 1 0 0 0 0 
0 0 0 0 1 1 0 0 0 0 0 0 0 0 1 0 1 0 1 0 2 0 0 0 0 1 0 0 3 0 0 0 0 0 1 1 0 0 0 0 0 0 0 0 0 0 0 0 1 0 0 1 
0 1 1 0 1 1 0 1 1 0 1 0 0 0 0 0 1 0 1 0 3 0 1 1 1 1 0 1 2 0 1 1 1 0 0 0 1 0 1 0 0 1 1 1 1 1 0 0 1 1 0 0 
0 0 1 0 0 1 0 0 0 0 1 0 1 0 1 1 0 1 1 1 2 1 1 1 1 0 0 0 0 1 0 0 1 0 0 0 0 1 0 1 1 1 0 1 0 1 1 0 0 1 1 0 
0 1 1 0 0 0 0 1 1 1 1 1 1 1 1 0 0 0 1 1 0 1 0 1 0 1 1 0 3 1 0 0 1 1 0 1 0 0 1 0 1 1 1 1 0 1 0 0 0 1 0 0 
1 0 0 1 2 1 1 1 0 0 0 0 0 1 1 0 1 1 1 0 2 0 1 1 1 0 0 0 1 0 1 0 0 0 1 1 0 0 0 0 0 0 1 1 1 1 1 0 1 1 1 0 
0 0 0 0 2 1 1 0 0 1 1 0 0 0 1 1 1 1 0 1 0 0 1 0 1 0 1 0 2 0 0 1 1 0 1 0 0 1 0 1 1 0 0 1 0 0 1 1 0 1 1 1 
0 0 0 1 1 1 1 0 1 1 0 0 1 0 0 0 0 0 0 0 3 1 1 0 1 0 1 0 3 1 0 0 1 0 1 1 1 1 0 0 1 1 1 0 0 0 0 1 0 0 1 1 
0 1 1 1 0 1 0 0 1 1 1 0 1 1 0 1 1 1 1 1 1 0 1 0 1 0 1 1 2 0 1 0 0 0 0 0 0 0 0 0 0 1 1 1 0 0 1 0 0 1 0 1 
1 1 1 0 2 1 1 1 1 1 0 0 0 1 0 0 0 0 0 0 3 0 0 0 0 1 1 0 0 0 1 0 0 1 0 1 0 0 1 0 0 0 1 0 0 0 0 0 1 0 0 1 
0 1 1 0 0 1 1 1 1 0 0 1 1 1 1 1 0 0 0 1 2 0 1 1 1 0 0 0 2 1 0 0 1 1 0 1 1 1 1 0 0 0 1 1 1 0 1 0 0 1 0 1 
1 1 1 1 2 1 1 0 1 0 0 0 1 0 1 0 1 0 1 1 3 1 0 0 1 0 1 1 1 0 0 1 1 0 0 1 1 0 1 0 0 0 0 1 1 0 1 1 0 1 0 1 
1 1 0 1 2 0 0 0 0 0 1 1 1 0 0 0 1 0 0 0 1 0 1 0 0 0 1 1 3 1 0 0 0 1 1 1 1 0 1 1 1 0 0 1 1 0 1 0 0 0 0 1 

# Size = 22 | Time = 1165 ms
1 1 1 1 0 1 0 0 0 0 1 0 0 1 0 0 0 1 1 0 2 1 1 0 1 0 1 1 1 1 0 0 1 1 0 1 0 0 0 1 0 1 1 1 0 0 1 0 0 1 1 1 
0 0 0 0 1 0 1 1 1 1 0 1 0 0 1 0 1 0 0 1 3 0 0 0 0 1 0 0 3 0 1 1 0 0 1 0 0 1 0 0 1 0 0 0 0 1 0 1 0 0 0 0 
1 0 1 0 2 1 0 1 0 0 0 1 1 1 1 1 0 0 1 1 0 1 1 1 0 0 0 1 0 1 1 0 0 1 1 0 1 0 1 0 0 0 0 1 1 1 1 0 1 0 0 0 
0 0 0 0 2 0 1 0 0 0 1 0 1 0 0 0 0 1 0 0 1 0 0 1 1 0 1 0 2 0 0 1 1 0 0 1 1 1 1 1 1 1 1 0 0 0 0 0 1 1 0 1 
0 1 0 1 0 0 1 0 1 1 1 1 0 0 0 1 1 0 0 0 0 1 0 1 0 1 0 0 0 0 0 0 0 1 0 1 1 0 1 1 0 1 0 1 1 0 1 1 0 0 1 1 
1 1 1 1 1 1 0 0 1 1 0 0 1 1 0 0 1 0 1 1 3 0 1 0 1 1 0 1 2 0 1 1 1 0 1 1 0 1 0 0 1 0 1 1 1 1 0 0 1 1 1 0 
0 1 1 1 1 1 0 1 0 1 1 0 0 0 1 1 1 1 0 0 1 0 0 0 1 0 1 1 3 1 1 0 1 0 0 0 0 1 1 1 0 0 0 0 0 1 1 1 0 0 1 0 
0 0 0 0 0 0 0 1 0 0 0 1 1 0 1 1 1 1 1 1 2 0 1 1 0 1 1 0 1 1 0 0 0 0 1 0 1 0 0 0 1 1 1 0 0 0 1 1 0 1 0 1 
1 0 0 1 2 1 1 0 1 0 1 0 0 1 0 0 0 1 0 1 3 1 0 1 0 0 0 0 1 1 0 1 0 1 0 0 0 1 1 0 0 0 1 0 0 1 0 1 0 0 1 1 
0 0 1 1 1 0 1 0 1 0 0 1 0 1 1 1 0 0 1 0 1 1 1 0 0 1 1 1 3 1 0 1 1 1 1 1 1 0 0 0 1 1 0 1 1 1 1 0 0 1 0 0 
1 1 0 0 0 0 1 1 1 0 0 0 0 0 0 0 0 0 0 0 2 0 0 0 0 0 1 1 0 0 1 1 1 0 0 1 0 1 0 1 0 0 0 0 0 1 0 0 1 0 0 0 
0 1 0 0 2 0 0 0 1 1 1 1 0 1 1 0 0 1 0 1 0 1 1 0 1 1 0 0 2 0 0 0 0 0 1 0 0 0 0 1 1 0 1 0 0 0 0 1 0 0 1 1 
1 0 0 0 1 0 0 1 0 0 0 1 1 0 0 1 1 1 1 0 3 0 0 1 0 0 1 0 3 0 1 0 1 1 0 0 1 0 0 0 0 1 1 1 1 0 1 0 1 1 0 1 
1 0 0 0 1 0 1 1 1 1 1 0 1 1 0 0 1 0 1 0 0 0 0 0 1 0 1 1 1 0 1 1 1 0 1 0 0 1 0 1 0 0 0 1 0 0 1 0 1 1 0 1 
1 0 1 1 2 0 1 0 0 1 1 1 1 1 0 1 1 1 1 0 2 1 1 0 0 1 0 0 2 1 1 1 0 1 0 0 0 1 1 0 0 0 0 1 1 0 1 0 1 0 0 1 
0 0 0 0 1 0 1 0 1 1 0 1 0 0 0 0 0 1 0 1 1 1 0 0 1 1 0 1 0 1 0 1 0 0 1 1 0 0 0 0 1 1 1 0 0 0 0 1 0 0 0 1 
1 1 0 0 0 1 0 1 0 1 1 1 0 0 1 1 1 1 0 1 1 1 1 1 0 1 0 1 1 0 0 1 1 0 0 0 0 1 1 1 1 1 0 1 1 1 1 0 1 1 1 0 
1 1 1 1 0 1 0 1 1 1 0 1 1 0 1 0 0 0 0 1 3 1 0 0 0 0 0 0 0 1 1 1 0 0 1 1 0 1 1 1 0 0 1 0 0 0 0 1 0 1 0 1 
1 0 1 0 1 1 1 1 0 0 0 1 1 1 0 1 0 1 1 1 2 0 1 1 0 0 0 0 3 1 1 1 0 1 1 0 0 0 0 0 0 0 1 0 0 1 1 0 0 1 1 0 
1 0 1 0 0 1 1 1 1 0 1 1 1 0 1 0 1 0 0 0 3 1 1 0 1 0 0 1 2 1 1 1 1 1 1 0 0 0 1 0 1 0 0 1 1 1 0 0 0 1 1 0 
1 0 1 1 0 0 0 1 0 0 1 0 0 0 1 0 0 0 1 0 0 1 1 0 1 0 0 1 3 1 0 1 1 1 0 0 1 1 1 1 0 1 1 0 0 1 0 1 0 0 1 1 
0 1 1 0 2 0 1 1 0 0 0 1 0 0 1 1 1 1 0 0 1 1 0 1 0 0 0 0 3 1 0 0 1 0 1 1 1 0 0 1 0 0 1 1 0 1 1 0 1 0 1 1 

# Size = 22 | Time = 1123 ms
0 1 1 0 1 1 0 0 1 0 1 0 1 0 0 0 1 0 1 1 0 1 0 0 0 0 0 1 1 1 1 1 0 0 0 0 0 0 1 1 1 0 0 1 1 1 1 0 0 1 0 0 
1 0 0 1 0 0 1 1 0 1 0 1 0 1 1 0 0 0 0 0 1 0 1 1 1 0 1 0 0 0 0 0 1 1 1 0 0 0 0 0 0 1 0 0 0 0 0 1 0 0 0 1 
1 0 1 1 2 0 1 1 0 0 0 0 0 0 0 1 0 1 0 1 3 0 1 0 0 1 1 1 3 1 1 0 1 1 0 1 1 1 0 0 1 0 1 1 1 1 1 0 1 0 1 0 
0 1 0 0 0 1 0 0 0 0 0 1 1 1 1 1 1 1 1 0 2 0 0 1 1 1 0 0 2 0 0 0 0 0 0 1 1 1 1 0 0 1 1 0 0 0 1 0 1 1 1 1 
1 0 1 1 2 1 0 0 1 1 1 1 0 1 0 0 0 1 0 0 0 1 0 0 0 1 0 0 0 0 1 1 0 0 1 1 1 1 0 1 0 1 0 1 1 0 0 1 0 1 1 1 
0 1 0 0 1 0 1 1 1 1 1 0 1 0 1 0 1 0 1 1 3 0 1 0 1 0 1 0 2 1 0 1 0 1 1 0 0 0 1 1 1 0 1 0 0 1 0 1 0 0 1 0 
1 1 0 0 0 1 1 1 1 1 0 0 0 0 0 0 0 0 1 1 2 1 1 1 0 1 0 1 3 0 1 1 1 0 0 0 0 1 1 1 1 0 0 0 0 0 0 0 1 1 0 1 
0 0 1 1 1 0 0 0 0 1 1 1 1 0 1 1 0 0 0 0 1 1 0 1 1 0 1 1 1 1 0 0 1 0 1 1 1 1 0 0 0 1 1 1 0 1 1 0 0 0 0 0 
0 1 0 0 2 1 0 0 1 0 1 0 0 1 1 0 1 1 0 0 1 0 1 1 0 0 0 1 0 1 1 0 0 1 1 1 0 0 1 1 1 0 0 1 0 1 0 0 1 1 0 0 
1 0 0 1 1 0 0 0 1 0 1 1 1 1 0 1 1 0 1 1 3 0 0 1 1 1 0 0 3 1 0 1 0 0 1 0 0 0 0 0 0 1 0 1 1 0 1 1 0 1 0 1 
1 0 0 0 0 0 1 1 1 0 1 1 0 0 1 0 0 1 0 0 2 0 0 0 1 1 0 0 1 0 1 0 1 1 0 0 1 0 0 0 0 0 1 1 1 1 0 1 0 0 1 0 
1 0 1 1 2 1 1 1 0 0 0 0 0 0 0 1 1 0 0 0 0 0 1 1 0 0 1 1 2 1 0 0 1 1 0 0 1 0 1 1 0 1 0 0 0 1 1 0 1 0 0 1 
1 1 0 1 1 0 0 1 0 0 0 1 0 0 0 0 0 1 0 1 1 1 0 0 0 1 0 0 2 0 1 1 0 1 0 0 0 0 0 1 1 1 0 1 1 0 0 0 1 0 1 1 
1 0 0 0 2 0 1 0 0 0 0 0 1 0 1 1 1 1 1 1 0 0 0 1 1 1 1 0 0 1 0 0 0 1 0 0 1 0 0 0 0 1 1 1 0 1 1 1 0 1 0 0 
0 0 1 1 0 1 1 1 0 0 0 0 0 1 0 0 0 0 1 0 2 1 1 0 0 0 1 1 1 1 0 1 1 1 0 1 1 1 0 0 0 1 0 0 0 0 0 1 0 0 0 1 
0 0 0 1 0 0 1 0 0 0 0 1 0 0 1 0 0 0 0 0 3 1 0 1 1 0 0 0 3 0 1 1 0 0 0 1 1 1 0 0 0 1 1 1 1 1 0 0 1 0 0 1 
0 1 1 0 2 1 0 1 1 1 1 1 0 0 1 1 1 1 1 0 3 0 0 1 0 0 1 1 1 1 1 0 1 0 1 0 0 1 0 1 0 0 0 1 0 1 1 0 1 1 0 0 
0 1 0 1 1 0 1 1 1 0 0 1 0 1 1 0 1 0 0 0 2 0 1 1 0 0 1 1 0 1 0 1 0 1 1 0 0 0 1 0 0 0 1 1 1 1 1 0 1 0 1 1 
0 1 1 0 1 0 0 1 1 1 0 1 1 0 1 0 1 0 1 0 1 1 0 1 0 1 0 0 3 1 1 1 0 1 1 0 0 0 0 1 0 0 1 0 0 0 1 0 0 0 0 1 
0 1 1 0 0 1 1 0 1 0 0 1 0 0 1 0 1 0 1 1 0 1 0 0 0 0 0 1 3 1 1 1 1 0 1 1 1 0 0 0 1 1 1 0 0 1 0 0 0 0 1 0 
0 0 0 0 2 0 1 1 1 1 0 0 1 1 0 1 1 1 0 1 2 1 1 0 0 1 1 0 0 1 1 1 1 1 1 0 1 1 1 1 1 1 0 0 0 0 1 1 0 0 1 1 
0 1 1 0 1 0 1 0 1 0 0 0 1 0 1 0 0 0 0 0 3 1 1 1 0 1 0 1 0 1 0 1 1 0 0 0 0 0 0 1 0 0 1 0 0 1 1 0 0 0 1 1 

# Size = 23 | Time = 1154 ms
1 0 0 1 0 1 1 0 1 1 0 1 1 1 0 0 0 1 0 1 1 0 1 0 1 1 0 1 1 0 0 1 1 1 1 1 0 1 1 0 0 0 0 1 0 1 1 0 0 1 0 0 
0 0 1 0 2 0 0 1 0 0 1 0 0 0 0 0 1 0 1 0 0 1 0 1 0 0 0 0 0 1 1 0 0 0 0 0 1 0 0 1 1 1 1 1 1 0 0 1 0 0 1 1 
0 1 0 1 1 0 1 1 0 1 0 0 0 0 1 1 0 1 0 0 2 0 0 1 0 0 1 0 2 1 0 0 0 0 0 1 0 1 0 1 0 1 0 0 0 1 1 0 1 0 0 0 
1 1 1 0 1 1 0 0 1 0 1 1 1 1 1 0 1 0 1 1 3 0 0 0 1 1 1 0 3 0 0 0 1 1 1 0 1 0 1 0 1 0 1 0 0 0 0 0 1 1 0 1 
1 1 0 1 2 1 0 0 1 0 0 0 0 0 1 1 0 0 0 0 2 1 1 0 1 1 1 1 0 1 1 1 0 1 0 1 0 0 1 0 0 0 1 1 1 0 1 1 0 1 1 1 
0 0 1 0 0 0 1 0 0 0 0 1 0 1 0 1 1 1 1 1 3 1 1 0 0 0 0 1 3 0 1 1 0 0 1 0 1 1 0 1 1 1 0 0 0 1 1 1 0 0 1 0 
0 1 1 0 0 1 1 1 0 1 1 0 1 0 0 0 0 1 0 1 0 1 1 1 1 1 0 1 2 0 0 1 1 0 1 0 0 1 0 0 0 0 1 1 1 0 0 0 1 1 1 1 
1 0 0 0 2 0 0 1 1 1 1 1 1 1 1 0 1 0 0 0 1 0 0 1 0 0 1 0 1 1 1 0 1 1 0 1 1 0 1 0 1 1 0 1 1 1 0 1 0 0 0 1 
1 0 0 1 0 0 0 0 1 0 0 1 1 0 1 0 1 0 1 0 0 0 1 0 1 0 0 0 0 0 1 0 1 1 0 0 0 1 0 1 1 0 0 0 0 1 0 0 1 1 0 0 
0 1 1 1 2 1 1 0 1 0 1 0 1 0 0 1 0 1 1 1 1 0 0 1 1 1 0 0 1 0 0 1 0 0 1 0 1 0 0 1 0 1 1 0 0 1 1 0 1 0 1 0 
0 0 0 1 1 0 1 1 0 1 0 0 0 0 0 1 0 0 0 0 3 1 1 1 0 1 0 1 3 1 0 1 1 1 0 1 0 0 1 0 0 0 0 1 1 0 1 1 0 0 0 1 
1 0 1 0 0 1 0 0 0 0 1 0 1 1 0 0 1 0 1 0 2 0 0 0 0 0 1 1 2 0 0 0 1 0 1 1 1 0 1 1 0 0 0 1 0 0 0 0 0 1 0 1 
0 1 0 1 1 1 1 1 0 1 0 1 0 1 1 0 0 1 1 1 1 1 1 0 1 0 0 1 0 1 0 1 0 0 1 0 0 0 0 0 0 1 0 1 1 1 0 0 1 1 1 0 
1 0 0 0 2 0 0 0 0 0 1 1 0 1 0 1 0 1 0 1 0 1 0 0 0 0 1 0 2 0 1 0 1 1 0 1 0 1 1 0 1 0 1 1 1 1 1 1 0 0 0 0 
0 0 0 0 1 0 1 0 0 0 1 1 0 1 1 0 0 0 0 1 2 1 1 1 1 0 0 0 1 1 1 0 0 0 1 0 0 0 1 0 1 0 0 0 0 0 0 0 0 0 0 1 
0 1 1 0 0 0 1 0 1 1 1 1 0 0 1 1 0 0 0 1 1 0 0 0 0 1 0 1 2 1 1 1 0 0 0 1 0 0 1 1 0 1 0 1 1 0 1 0 1 0 1 1 
0 0 0 0 2 0 0 0 0 0 1 1 1 1 1 0 0 0 0 1 3 0 1 0 0 1 1 1 1 0 1 0 0 1 1 0 0 1 0 1 0 1 1 0 0 1 0 0 0 0 0 1 
0 0 0 0 1 1 0 0 0 0 0 1 0 1 0 0 0 0 1 0 0 0 1 0 0 1 0 1 3 0 1 1 1 0 0 1 0 1 1 1 1 0 0 1 1 1 1 0 1 0 1 0 
0 0 0 0 2 0 0 0 0 1 1 0 1 0 1 0 1 1 0 1 1 1 0 1 1 0 0 1 3 0 1 0 1 1 1 1 1 0 1 0 1 0 0 0 0 0 0 0 1 0 1 1 
1 0 1 1 0 0 0 0 1 0 0 0 1 0 1 0 0 0 0 1 2 1 1 0 0 1 0 1 3 1 1 0 0 1 0 1 1 1 1 1 0 0 1 1 1 0 0 0 1 0 0 1 
1 0 0 1 0 1 1 0 1 1 0 1 0 0 0 1 0 1 1 0 3 0 1 1 0 0 1 1 2 1 1 1 0 0 0 1 1 0 0 0 0 0 1 1 0 1 1 0 0 1 1 0 
1 0 0 1 1 1 0 1 1 1 1 1 1 1 1 1 1 0 1 1 3 1 1 0 0 0 1 1 0 0 0 1 1 0 0 1 0 0 1 1 1 1 0 1 0 1 1 0 0 0 1 0 
1 0 1 1 2 1 0 1 1 0 0 0 1 0 1 1 1 1 1 0 0 0 1 1 0 0 0 1 1 1 1 1 0 0 0 1 1 0 1 0 1 1 0 0 0 1 1 1 0 0 0 0 

# Size = 20 | Time = 1047 ms
1 0 1 0 0 0 1 0 0 0 0 0 1 1 0 0 1 1 0 1 0 0 1 0 1 0 0 1 1 1 0 1 0 1 0 0 0 1 1 1 1 0 1 1 0 0 1 1 0 0 1 1 
0 1 0 1 2 1 0 1 1 1 1 0 0 0 1 0 0 0 0 0 0 1 0 0 0 1 0 0 0 0 1 0 1 0 1 1 0 0 0 0 0 1 0 1 1 1 0 0 1 1 0 0 
1 0 0 1 1 1 1 0 1 0 1 1 0 0 0 1 0 0 1 1 2 0 0 1 0 1 1 1 3 0 0 1 0 0 0 1 1 0 0 1 0 1 1 0 0 0 1 0 0 1 1 1 
0 1 1 0 1 0 0 1 0 1 0 1 1 1 1 0 1 1 1 0 3 1 1 1 1 0 1 0 2 0 1 0 0 1 0 0 1 1 1 0 1 0 0 0 0 1 0 0 0 0 0 0 
1 0 0 1 0 0 0 1 0 0 0 1 1 1 0 1 0 1 1 0 1 1 1 1 0 0 1 1 0 1 0 1 1 0 1 0 1 1 0 0 0 1 0 1 1 1 1 1 0 1 0 0 
0 1 0 0 2 1 0 0 1 1 1 0 0 0 1 1 1 0 0 0 1 0 0 0 1 1 1 0 2 1 1 0 1 1 1 0 1 0 1 1 1 0 1 1 1 0 1 0 1 0 1 1 
0 0 1 0 2 0 1 1 0 1 1 1 0 1 0 0 0 0 0 1 2 1 0 1 1 0 0 0 3 1 1 1 1 0 1 1 0 1 0 0 1 0 0 0 0 0 0 0 1 0 0 1 
1 1 1 1 0 1 1 0 1 0 0 0 0 0 1 0 1 0 1 1 3 0 0 0 0 0 0 0 1 0 0 0 0 1 1 0 0 0 0 1 0 0 0 0 0 1 0 1 0 0 1 0 
0 0 1 0 0 0 0 0 0 1 1 1 0 0 0 0 0 1 0 0 3 1 1 0 1 1 0 1 1 0 0 0 1 1 0 1 0 0 1 0 0 1 1 0 0 1 0 0 1 1 0 0 
0 0 1 1 2 1 0 0 1 0 0 0 1 0 1 1 1 0 0 1 2 0 1 0 0 1 0 1 2 0 1 1 0 0 0 1 0 1 1 0 1 1 1 1 1 1 1 1 0 0 1 1 
1 1 1 0 1 1 1 1 0 0 1 0 1 1 0 0 1 1 0 1 1 0 0 0 0 1 0 0 0 0 0 0 0 1 0 0 0 0 1 1 1 0 1 0 0 1 0 0 1 1 0 0 
1 1 0 0 1 0 1 0 1 1 1 0 1 0 1 1 1 1 0 0 3 1 1 1 0 0 1 1 3 1 1 0 0 0 1 0 0 0 1 1 1 0 0 1 1 1 1 1 0 0 1 0 
1 1 0 1 2 1 0 1 1 1 0 0 1 1 1 1 1 1 1 0 2 1 0 1 0 0 1 0 1 0 1 0 0 0 1 0 1 0 0 0 0 1 1 1 1 1 1 0 1 0 1 0 
1 0 0 1 0 1 1 0 0 0 0 1 0 1 0 1 0 0 1 0 0 1 1 1 1 0 0 1 2 0 0 1 0 0 1 0 1 0 0 1 0 0 0 0 0 0 1 0 0 1 1 1 
1 1 0 0 2 0 0 0 0 0 0 0 0 0 0 1 1 0 0 0 3 1 0 0 1 0 1 1 0 0 0 1 1 1 0 0 0 0 0 0 0 0 0 0 0 0 1 1 0 0 1 1 
0 0 0 1 0 1 0 0 0 1 0 0 0 1 1 0 0 1 0 0 2 0 0 0 1 1 0 0 3 1 1 0 0 1 0 1 0 1 0 0 0 0 0 1 1 1 1 1 0 1 0 0 
0 0 0 0 1 0 1 0 1 1 1 1 1 0 1 1 1 0 0 0 1 1 1 0 1 0 0 0 1 0 1 0 1 1 1 1 1 0 1 0 0 0 1 1 1 0 1 0 0 0 0 1 
0 1 1 0 1 0 0 0 0 1 0 1 1 0 0 0 1 1 0 1 0 0 0 1 1 0 1 0 3 1 1 0 0 1 0 1 0 1 1 1 0 0 1 1 1 1 1 1 0 0 0 1 
1 0 1 0 2 1 1 0 1 1 1 1 0 0 1 1 0 0 1 0 1 1 1 0 1 0 1 1 3 1 0 0 1 1 1 0 0 1 0 1 0 0 0 0 0 1 1 1 0 1 0 1 
1 0 0 0 2 1 1 0 0 0 1 0 0 1 0 0 0 0 0 1 2 1 1 0 0 1 0 0 0 0 0 0 0 0 0 0 0 0 0 0 0 1 1 1 0 1 1 0 0 0 0 0 

# Size = 23 | Time = 1119 ms
1 1 1 1 1 0 0 0 1 1 1 0 0 0 0 1 0 0 0 1 1 0 0 0 0 1 1 1 3 1 0 1 1 0 0 0 0 1 1 0 0 0 1 1 0 0 1 0 1 1 0 1 
0 0 0 0 0 0 0 1 0 0 0 1 1 0 1 0 1 1 1 0 3 0 1 1 1 0 0 0 0 0 1 0 0 0 0 1 0 0 0 1 1 0 0 0 0 1 0 1 0 0 1 0 
0 0 1 0 2 1 1 0 0 0 0 0 0 1 1 1 1 0 0 0 0 1 1 0 0 0 1 0 2 0 0 1 0 1 1 0 1 0 0 0 0 1 1 1 1 1 1 0 0 0 0 0 
0 0 0 1 0 1 1 0 1 1 1 1 1 0 0 0 0 1 1 1 2 1 0 1 0 0 0 1 1 1 1 0 1 1 1 1 1 1 1 0 1 1 0 1 1 0 0 1 0 1 1 1 
1 1 0 1 2 1 1 1 1 1 0 1 0 1 0 0 1 1 0 0 1 1 0 1 1 1 0 0 3 0 0 0 0 1 1 0 1 1 0 1 0 1 0 0 0 0 0 0 1 0 1 1 
1 0 1 0 1 0 0 1 0 0 1 0 1 1 0 1 0 0 1 1 0 1 1 0 1 1 0 1 1 0 1 1 1 1 1 1 0 0 1 1 0 0 0 0 0 1 1 0 1 1 0 0 
1 1 1 0 1 1 1 1 0 0 0 0 0 1 1 0 0 1 0 0 2 0 0 0 1 1 1 1 0 1 0 1 0 0 0 1 1 0 1 0 1 0 1 1 1 0 0 1 0 0 0 1 
0 1 0 1 2 1 0 0 1 0 1 1 1 0 0 1 0 0 1 0 3 0 0 1 0 1 1 0 2 1 1 0 1 0 0 0 0 1 0 1 1 1 1 0 0 1 1 0 0 1 1 0 
0 1 0 1 0 0 0 0 0 1 1 0 0 1 1 0 1 0 0 1 3 0 1 0 1 0 0 0 0 0 0 0 1 1 1 0 1 1 1 1 0 1 1 1 1 1 1 0 1 0 0 1 
0 0 1 0 1 0 1 0 1 0 1 1 1 0 1 1 1 1 0 1 1 0 1 1 0 0 1 1 3 1 1 0 0 0 1 0 0 0 0 0 1 1 0 1 1 1 1 1 0 0 1 0 
1 1 0 0 0 0 1 1 0 1 0 0 0 1 0 1 1 1 0 1 2 1 1 1 1 1 1 0 2 0 1 1 1 0 0 1 0 0 1 0 1 0 0 0 0 1 1 0 1 0 1 0 
0 1 0 1 2 0 0 1 1 1 0 1 0 0 1 0 0 0 1 0 0 0 0 0 0 0 1 0 1 0 0 0 0 0 0 0 0 1 1 0 0 0 1 0 0 0 0 1 0 1 0 1 
1 1 1 1 2 0 1 1 0 0 0 0 1 0 0 0 0 0 0 0 3 0 1 1 1 0 0 1 2 0 0 1 1 1 0 1 1 0 1 0 0 0 0 0 0 0 0 0 0 0 0 1 
0 1 1 0 0 1 1 1 1 0 0 1 0 0 0 0 1 1 1 0 0 1 1 0 0 1 1 0 0 1 0 0 0 0 1 0 0 1 1 1 1 0 0 0 0 0 0 0 0 1 1 1 
1 1 0 1 1 0 0 0 0 1 0 0 1 0 0 0 0 0 1 0 2 0 0 0 0 0 0 0 3 0 0 0 0 1 0 1 0 0 0 1 0 0 0 0 0 1 0 0 0 1 0 1 
1 0 1 1 2 0 1 1 0 0 0 1 0 0 0 0 1 0 1 1 1 0 0 0 0 1 0 1 1 0 1 1 0 1 0 1 1 1 0 0 0 1 0 1 0 0 0 1 0 0 0 1 
0 0 1 0 1 1 1 0 1 0 1 0 1 0 1 1 0 1 0 0 3 1 1 0 1 0 1 0 2 1 1 1 1 1 1 1 1 0 0 1 1 1 1 1 0 1 1 1 0 1 1 0 
1 1 0 0 2 1 0 0 0 0 1 0 1 1 0 1 1 1 0 0 2 0 1 0 1 1 0 1 0 0 1 1 1 0 1 0 0 0 1 0 1 1 0 0 0 0 1 1 0 0 1 1 
1 0 0 1 0 1 1 1 0 1 1 0 1 0 0 1 0 0 0 0 0 0 0 1 0 1 1 1 3 0 0 0 0 1 1 0 0 1 1 0 1 1 0 1 0 1 1 0 1 1 1 1 
1 1 1 1 2 0 1 0 0 1 0 1 0 1 0 1 0 1 0 1 3 0 1 0 1 1 0 0 1 0 0 0 1 1 0 0 1 1 0 1 1 1 1 0 0 0 1 0 1 0 1 1 
0 1 1 0 0 1 0 0 1 1 1 1 0 0 0 1 1 0 0 1 1 0 1 0 0 0 1 1 2 0 0 0 1 0 0 1 1 0 0 1 1 1 0 1 1 1 1 0 0 0 1 1 
0 1 1 0 1 1 1 0 0 0 0 0 1 0 0 0 1 1 1 1 3 0 1 0 0 0 1 1 3 0 1 1 0 1 1 1 1 1 0 0 0 1 0 0 0 0 1 1 0 0 1 1 
1 1 0 0 0 1 0 1 0 0 1 1 1 0 0 0 1 1 1 0 1 0 1 1 1 1 1 1 0 0 0 1 0 1 0 0 1 1 0 1 0 1 1 0 0 1 1 1 0 1 1 0 

# Size = 23 | Time = 1097 ms
0 1 1 1 1 0 0 0 0 0 1 0 0 0 0 0 1 1 1 0 3 0 0 1 1 1 0 1 1 0 0 0 1 1 0 1 0 0 1 1 0 1 0 1 1 1 0 0 1 0 0 0 
1 0 0 0 0 1 0 1 0 1 0 1 1 1 1 1 0 0 0 1 0 0 1 0 0 0 1 0 3 0 1 0 0 0 1 0 1 1 0 0 1 0 1 0 0 0 1 0 0 1 1 1 
1 0 0 0 0 0 1 0 1 0 0 0 0 0 0 0 0 0 0 0 1 1 0 0 0 0 0 0 2 1 0 1 0 0 0 0 0 0 0 0 0 0 0 0 0 1 0 1 0 0 0 0 
0 1 1 1 2 1 1 0 1 0 1 1 0 1 1 1 1 1 1 1 2 1 0 0 1 1 1 0 0 1 1 1 1 1 1 1 1 1 1 1 1 1 1 1 1 0 1 1 0 0 1 1 
0 1 1 1 2 0 1 1 1 1 0 0 1 0 1 0 0 1 0 1 0 1 1 1 1 0 0 1 0 1 0 1 1 0 0 0 0 1 1 0 1 0 0 1 0 0 0 0 1 1 0 1 
0 0 0 1 1 1 0 1 1 1 1 0 1 0 0 1 1 0 1 0 2 0 1 1 0 0 1 1 2 1 0 0 0 1 1 0 1 0 0 1 0 1 1 0 0 1 1 0 1 1 1 0 
1 0 1 0 2 1 0 1 1 0 0 1 1 1 1 0 0 0 1 0 3 1 1 1 0 1 0 1 3 0 1 1 0 0 0 1 1 0 1 1 0 0 0 1 1 1 0 1 0 1 0 0 
1 0 1 0 1 0 1 1 0 1 0 1 0 1 0 1 1 1 0 1 1 0 0 0 1 1 0 1 1 1 1 0 0 1 1 1 0 0 0 0 1 1 0 0 0 0 1 1 0 0 0 1 
1 1 0 0 0 1 0 0 0 1 1 1 1 0 0 0 1 0 0 0 3 1 1 0 0 0 1 0 0 1 1 0 1 0 0 1 0 1 0 0 0 1 1 1 1 0 0 0 1 0 0 1 
0 1 0 0 1 1 1 0 0 0 1 0 0 1 1 0 0 1 0 0 1 0 1 0 0 0 0 0 1 0 0 1 1 0 1 0 1 1 1 1 1 0 1 0 0 1 0 0 1 1 1 0 
0 0 0 1 0 0 1 0 0 0 0 0 0 0 0 0 0 0 1 1 0 0 0 1 1 1 1 1 3 0 0 1 1 1 0 0 0 0 0 0 0 1 0 1 1 1 0 1 0 0 1 0 
1 1 0 0 2 0 0 0 0 0 0 1 0 1 0 0 0 1 0 0 2 0 0 0 1 0 0 0 2 0 0 0 1 1 0 1 0 0 0 0 1 0 0 0 0 1 1 0 1 1 0 1 
1 0 1 1 0 0 0 0 1 0 1 0 1 1 1 1 1 1 0 1 3 1 0 1 0 1 0 0 2 1 0 0 0 1 1 0 1 1 1 1 1 0 1 1 0 0 1 0 0 0 0 1 
0 0 0 1 1 0 0 0 0 0 1 0 1 0 0 0 1 0 0 0 0 0 0 0 0 0 0 0 0 0 1 0 0 0 1 1 0 0 0 1 0 0 0 0 0 1 1 0 0 1 0 0 
0 1 0 1 1 0 0 0 1 0 0 0 1 0 0 1 1 1 1 0 1 1 1 0 1 0 0 0 3 1 0 0 0 1 0 0 1 0 0 1 0 0 1 1 1 1 1 1 0 0 0 1 
0 1 1 0 2 1 0 0 1 0 1 0 1 0 1 0 0 0 1 0 1 1 0 1 0 1 1 1 1 1 0 1 0 0 1 0 0 0 0 0 0 1 1 1 1 0 1 1 0 0 0 1 
0 1 0 0 0 1 0 0 0 0 0 1 0 1 0 0 0 0 0 1 2 0 0 0 0 0 0 0 1 0 0 1 0 0 0 1 0 0 0 0 0 1 1 0 0 0 0 1 0 0 0 1 
0 0 0 0 2 1 1 1 0 1 0 1 1 0 0 0 1 0 1 0 3 0 0 1 0 0 0 0 2 0 1 0 1 0 1 0 0 0 1 1 0 1 0 1 1 0 1 1 0 0 1 1 
0 1 0 1 1 1 1 0 1 0 1 0 0 0 1 1 0 0 0 0 2 1 1 1 1 1 0 1 3 1 1 0 1 1 1 0 0 0 1 0 0 1 0 0 0 1 1 0 1 1 0 1 
1 1 1 0 1 1 0 0 1 0 1 1 1 0 1 0 1 0 1 0 3 1 1 0 0 1 1 1 1 1 1 0 0 0 1 1 1 0 1 1 0 1 0 0 0 1 1 0 1 0 0 0 
0 0 1 0 1 0 1 1 0 0 1 0 1 0 1 0 0 1 0 1 0 0 0 1 0 1 0 1 2 0 0 0 1 0 0 0 1 1 1 1 0 0 0 1 0 1 0 1 0 1 0 0 
1 1 1 1 1 0 1 1 0 0 0 1 1 1 1 0 0 0 0 1 1 1 0 0 0 1 0 0 0 1 1 0 0 1 1 0 1 0 1 1 0 1 1 0 0 1 1 1 0 0 1 0 
1 1 0 1 0 0 1 1 0 1 0 0 0 1 1 0 1 1 0 0 0 1 1 0 0 0 1 1 1 0 0 1 0 0 0 0 0 1 1 0 1 1 0 0 0 1 1 1 0 0 1 0 

# Size = 26 | Time = 1186 ms
1 0 1 1 0 1 1 1 0 0 1 0 1 0 1 0 1 0 1 0 3 1 0 0 0 1 1 0 3 0 0 1 0 1 1 0 1 0 1 1 1 0 0 1 1 1 0 0 1 1 0 1 
0 1 0 0 0 0 0 0 1 1 0 1 0 1 0 1 0 1 0 1 0 0 1 1 1 0 0 1 2 0 0 0 1 0 0 1 0 1 0 0 0 1 1 0 0 1 1 1 0 0 0 0 
0 0 0 0 1 0 0 0 0 0 0 0 0 0 0 0 1 0 0 0 1 1 0 0 0 0 0 0 1 1 1 0 0 1 0 0 1 0 0 0 0 1 0 0 0 0 1 0 1 0 1 1 
1 1 0 1 2 1 1 1 1 0 1 1 1 0 1 0 0 1 0 1 2 0 1 1 1 1 1 1 0 1 1 1 1 0 1 1 0 1 1 1 1 0 1 1 1 0 0 1 0 1 1 1 
0 1 1 0 2 1 1 1 1 1 0 0 0 1 0 1 1 1 1 0 0 0 0 1 0 1 1 0 2 1 1 1 0 0 0 0 0 0 1 0 0 0 0 1 1 1 1 0 1 1 1 0 
1 0 1 1 1 0 0 0 0 1 1 1 0 1 1 0 0 0 1 1 3 1 1 0 1 0 0 1 0 0 1 1 0 0 1 1 1 0 0 1 0 1 1 0 0 1 0 0 0 0 1 0 
1 0 1 0 2 0 0 0 0 1 0 0 1 0 0 1 0 0 1 0 2 0 0 0 1 0 0 0 3 0 0 0 1 1 1 1 1 1 0 0 1 0 0 1 1 0 1 1 0 0 0 1 
0 0 1 1 1 1 0 1 1 0 0 1 1 1 1 1 0 1 1 0 1 0 1 1 0 1 1 1 1 0 0 0 1 1 0 0 0 0 1 1 1 0 1 0 0 1 1 1 0 1 0 0 
0 1 0 0 0 1 1 1 1 0 1 1 0 1 0 0 1 0 0 1 2 1 0 0 0 0 0 1 3 1 0 0 0 1 0 0 0 1 1 1 0 1 1 0 0 0 0 0 1 0 1 1 
0 1 1 0 2 0 1 0 0 0 1 0 0 0 0 1 1 1 0 0 3 1 1 0 1 1 1 1 0 1 1 0 1 1 0 0 0 1 0 0 1 1 0 0 0 1 1 0 1 1 0 0 
0 0 1 1 1 1 1 0 0 0 1 1 0 0 1 0 1 0 0 0 0 1 0 1 0 0 1 0 2 0 0 0 0 0 0 1 1 1 0 0 1 1 0 1 0 0 0 1 0 0 0 1 
1 1 1 0 0 0 1 1 1 1 1 0 1 0 1 0 0 1 0 1 1 0 0 0 1 0 0 0 1 1 1 1 1 0 0 1 1 0 0 0 0 1 1 1 1 0 0 0 1 0 1 1 
1 0 0 1 1 0 0 0 0 1 0 0 1 0 0 0 0 0 1 1 0 0 1 0 1 1 0 0 2 1 0 1 1 1 1 1 0 0 1 1 0 0 0 1 1 1 0 0 0 1 0 0 
0 1 0 0 1 0 0 0 1 1 0 0 0 0 0 0 1 1 1 0 3 0 1 1 0 0 0 0 3 0 1 1 0 0 1 1 1 0 0 1 0 0 0 0 0 1 0 0 0 1 0 0 
0 0 0 1 0 0 0 0 0 0 0 0 0 1 1 1 0 0 0 0 2 0 0 0 0 1 0 0 0 0 0 1 0 1 0 0 0 0 0 0 0 1 0 0 0 1 1 0 1 0 0 0 
1 0 0 1 2 1 0 0 1 0 0 1 0 0 0 0 1 0 0 0 1 1 1 1 0 0 1 1 1 1 0 0 0 0 1 0 0 1 0 0 1 1 1 1 1 1 1 1 0 1 1 0 
0 0 0 0 0 0 1 0 1 1 0 0 1 1 0 0 0 1 0 1 3 0 0 0 1 1 0 0 1 1 0 1 0 0 1 1 0 1 0 0 1 0 0 0 0 0 0 1 0 0 1 1 
0 0 1 1 1 1 0 0 0 1 0 0 0 1 0 0 1 1 0 1 2 0 1 0 1 1 0 1 2 1 0 1 1 1 1 1 1 1 0 0 1 0 1 0 0 0 1 0 1 1 1 1 
1 0 1 0 2 1 0 0 1 0 1 1 0 1 1 0 1 0 1 0 0 1 1 0 1 1 1 0 3 0 0 1 0 1 0 1 0 1 0 1 1 0 0 1 1 1 0 0 1 0 1 0 
1 0 1 1 0 1 0 1 0 1 0 1 0 1 0 1 1 1 0 1 0 1 1 1 1 1 1 1 0 0 1 1 1 0 1 0 0 0 0 0 0 0 1 0 0 0 1 1 0 1 0 1 
0 0 0 1 0 1 0 1 0 0 1 0 0 0 1 0 1 0 1 1 3 1 1 1 0 0 0 0 2 0 0 0 1 1 0 0 0 1 1 0 1 0 1 0 0 0 0 0 0 1 0 1 
0 0 1 0 0 1 1 0 0 1 1 1 1 0 1 0 1 0 0 1 2 0 0 0 1 0 0 0 1 0 0 1 1 1 1 0 1 1 0 1 1 0 1 0 0 1 0 0 0 0 0 0 
0 0 0 1 0 0 1 1 0 0 0 0 1 0 1 0 0 1 0 1 1 1 1 1 0 1 0 1 3 0 1 0 1 1 1 1 0 1 1 1 0 1 0 1 0 1 0 1 0 0 0 0 
1 0 0 1 1 0 0 0 0 0 1 0 1 1 1 1 1 0 1 0 1 1 1 0 0 1 1 0 0 0 0 0 1 0 0 1 1 0 0 1 0 0 1 1 1 1 1 0 1 0 0 0 
1 1 0 0 0 1 1 0 1 1 1 1 1 0 1 0 0 0 1 0 0 1 0 1 1 1 1 1 1 1 0 0 1 0 0 1 1 0 1 1 0 1 0 0 0 0 1 1 0 0 0 1 
0 1 1 0 1 1 1 0 1 1 1 1 0 0 0 0 0 1 0 1 1 0 0 0 1 0 1 1 2 1 0 0 1 1 1 0 1 0 0 0 0 1 0 1 0 1 1 0 1 0 0 0 

# Size = 25 | Time = 1116 ms
0 1 0 0 0 1 1 1 1 0 1 1 0 1 1 0 1 1 0 1 3 0 0 0 1 0 0 0 3 0 1 0 1 0 0 0 1 1 1 1 0 1 1 1 1 1 0 0 0 0 1 0 
1 0 1 1 0 0 0 0 0 0 0 0 1 0 0 0 0 0 0 0 0 1 0 1 0 1 0 1 0 0 0 1 0 1 1 1 0 0 0 0 0 0 0 0 0 0 1 0 0 1 0 1 
1 0 0 1 2 0 0 1 0 1 1 0 0 1 1 1 1 0 1 0 2 0 1 0 0 0 1 1 2 1 1 0 0 0 1 0 0 1 0 0 1 0 0 1 0 1 1 1 0 0 1 0 
0 1 0 0 1 1 1 0 1 1 0 0 1 0 0 1 0 1 1 0 1 1 1 1 1 1 1 0 1 0 0 1 1 0 0 1 1 0 1 0 1 1 0 0 0 0 1 0 1 1 0 1 
0 0 1 0 2 0 0 1 1 1 0 1 0 0 0 0 0 1 1 1 2 1 1 0 0 1 0 0 2 1 0 0 0 1 0 0 0 0 0 1 1 0 1 1 1 0 0 0 1 1 0 1 
0 1 1 1 1 1 0 0 0 0 1 1 1 1 0 0 0 0 0 1 0 0 0 1 1 0 1 0 0 1 0 1 1 1 1 0 1 1 1 1 1 1 1 0 0 1 0 1 0 0 0 0 
1 0 1 1 1 0 1 0 0 0 0 1 1 0 1 1 1 0 1 1 1 1 0 1 0 1 0 1 1 1 1 0 0 1 0 1 0 0 1 0 0 1 1 1 1 1 1 1 0 0 1 0 
1 0 1 1 2 1 1 0 1 0 0 0 1 1 1 0 1 0 1 0 3 0 1 0 1 0 1 1 3 1 0 1 1 1 1 1 1 0 0 0 0 0 0 0 0 0 0 0 1 1 1 1 
1 1 0 0 2 1 1 1 0 1 1 0 0 0 1 1 1 1 0 0 0 0 0 0 1 1 1 1 0 0 1 1 0 0 0 1 0 1 0 1 0 0 0 1 1 0 1 0 1 1 0 1 
0 0 1 0 0 0 0 1 1 1 0 0 0 0 0 0 0 1 0 1 3 1 1 1 0 0 1 0 3 0 1 0 0 0 1 0 0 1 1 0 1 0 0 0 0 0 1 1 0 0 0 1 
1 1 0 0 0 0 0 1 0 0 1 1 0 1 0 0 1 0 0 0 1 0 1 0 0 0 1 0 1 1 0 0 0 0 1 0 1 0 0 0 0 0 0 0 0 1 0 1 0 1 0 1 
0 1 0 1 0 1 1 0 0 0 0 1 0 0 1 1 0 1 0 0 2 0 0 1 0 1 0 1 2 0 0 1 1 1 1 1 0 1 1 0 0 1 0 0 0 1 1 0 1 0 0 0 
0 0 0 0 1 0 0 1 1 0 0 0 0 1 0 0 0 0 1 0 0 1 1 0 0 1 0 0 0 0 0 0 1 0 0 0 1 0 0 0 0 0 1 0 0 1 0 0 1 0 1 0 
0 0 1 0 2 0 0 1 0 1 1 0 1 0 0 1 0 0 0 0 1 0 0 1 1 1 0 0 3 0 0 1 1 0 0 0 0 1 0 1 0 1 0 1 0 1 1 0 0 1 0 0 
1 0 1 0 2 0 1 0 1 0 1 0 0 0 1 0 0 0 1 0 2 1 0 1 1 1 0 1 1 0 1 0 1 1 1 0 1 1 1 1 0 1 0 1 1 1 0 0 1 0 1 0 
1 0 1 1 1 0 1 1 0 0 0 0 1 0 0 0 1 0 0 1 3 1 0 0 1 1 1 1 2 0 0 0 1 0 0 1 1 0 1 1 1 1 0 1 0 1 0 0 1 1 0 1 
0 0 0 0 1 0 1 1 0 1 1 1 1 1 0 0 1 1 0 1 2 1 0 1 1 0 0 1 3 0 0 1 0 0 1 0 1 1 0 1 1 1 1 0 0 1 0 1 0 0 1 0 
1 0 0 0 0 1 0 1 1 1 0 1 1 0 0 1 0 0 1 1 3 1 1 0 0 1 0 0 0 0 0 1 1 1 0 0 0 1 0 1 0 0 1 1 0 1 1 1 0 1 1 0 
1 1 0 1 1 0 0 0 1 1 0 0 0 1 1 1 1 1 0 1 0 0 0 1 1 1 0 0 1 1 0 0 1 0 1 1 1 0 1 0 1 0 1 0 0 0 1 1 0 1 0 1 
0 0 0 0 1 0 1 0 1 1 1 0 0 0 0 1 0 0 0 1 0 0 1 1 0 0 0 0 3 1 0 1 1 0 1 0 1 1 0 0 1 0 1 1 1 0 1 0 0 1 0 1 
0 0 0 1 2 0 1 1 0 0 1 1 0 0 1 0 0 0 0 0 1 0 0 1 1 1 1 1 2 0 0 0 0 0 1 1 0 0 1 1 0 1 1 1 1 0 1 0 1 0 0 1 
1 0 1 0 2 0 0 1 0 0 0 1 1 0 1 0 0 0 0 1 0 0 1 1 0 0 0 0 2 0 0 0 0 1 1 0 1 1 1 0 0 0 1 1 1 1 0 0 1 0 0 0 
1 0 0 1 0 1 1 1 1 0 1 1 0 1 0 0 0 0 0 1 1 1 1 0 0 1 1 1 0 1 0 1 0 1 1 0 1 1 1 0 1 1 0 1 1 0 1 0 1 1 1 1 
0 1 0 0 2 1 1 1 1 1 0 1 0 1 1 0 1 1 1 1 3 1 0 1 0 1 1 1 1 1 0 0 0 1 1 1 1 0 0 1 0 1 0 1 0 1 1 0 1 1 1 0 
0 0 0 0 2 0 1 1 1 0 1 0 1 0 0 0 0 1 0 0 2 1 1 0 1 0 1 0 0 1 0 1 0 1 0 1 0 0 0 1 1 1 0 1 0 1 0 0 1 0 1 1 

# Size = 24 | Time = 1119 ms
1 1 0 1 0 1 1 0 0 1 1 0 1 1 1 1 0 0 1 0 0 0 1 1 1 1 0 1 1 1 1 1 1 1 1 0 0 1 0 1 1 1 1 1 1 1 1 0 0 0 1 0 
0 0 1 0 2 0 0 1 0 0 0 0 0 0 0 0 1 1 0 1 2 1 0 0 0 0 1 0 0 0 0 0 0 0 0 1 1 0 1 0 0 0 0 0 0 0 0 0 1 1 0 1 
1 0 0 0 1 0 0 0 1 1 0 1 1 0 0 0 0 0 1 0 3 0 0 1 0 1 1 1 2 1 1 0 0 1 0 0 1 1 0 1 1 0 0 0 0 0 0 1 0 0 0 1 
0 1 1 1 1 1 1 1 1 0 0 1 0 0 1 1 0 1 0 1 1 1 1 0 1 0 0 0 3 0 0 1 0 0 0 1 0 0 1 0 0 1 1 1 1 1 1 1 0 0 1 0 
1 0 1 0 0 0 0 0 1 0 1 1 0 1 1 0 1 1 0 0 0 0 1 1 1 0 0 0 3 0 0 0 1 0 1 0 1 0 0 1 1 0 0 0 0 1 1 0 1 1 0 0 
0 1 0 0 2 1 0 1 1 1 1 0 1 1 0 0 1 0 1 1 3 1 0 0 0 1 0 0 0 1 1 1 1 1 1 0 0 0 0 0 0 1 1 1 1 1 0 0 1 1 1 0 
1 1 0 1 0 0 1 0 0 0 1 0 1 1 1 1 1 0 1 1 1 0 0 0 0 0 1 1 2 0 0 0 1 0 0 1 0 1 1 0 0 1 1 1 0 0 1 0 1 1 0 1 
0 0 0 1 2 1 1 1 0 0 0 1 0 1 0 0 1 1 0 0 2 1 1 1 1 0 0 1 1 1 1 1 1 1 0 1 1 1 1 0 1 0 0 1 1 0 0 1 0 0 1 1 
0 1 0 0 0 0 0 1 0 1 1 1 0 0 0 1 0 0 0 0 0 1 0 0 1 1 1 0 1 0 0 1 0 0 1 1 0 0 1 1 0 0 0 0 0 1 1 1 0 0 1 1 
0 0 1 1 2 1 1 0 0 1 1 0 1 1 1 1 0 1 0 0 3 0 1 0 1 0 1 1 0 1 0 0 0 0 0 1 1 1 0 1 1 0 1 0 0 0 1 1 0 1 0 1 
1 0 1 0 1 0 1 0 0 1 0 0 1 0 0 0 0 0 1 0 1 1 1 1 0 1 1 1 3 1 0 0 1 1 1 0 0 0 0 0 0 0 0 0 0 0 0 0 1 0 1 1 
1 1 1 0 2 0 1 1 1 0 1 1 0 0 1 1 0 1 1 1 2 0 1 0 1 1 1 0 2 0 1 0 1 0 1 0 1 0 0 1 1 1 0 1 1 1 1 0 0 0 1 0 
0 0 1 0 1 0 0 1 0 1 1 0 1 1 1 0 1 0 0 1 0 1 1 1 0 0 1 0 1 0 1 1 1 0 0 0 1 1 1 0 0 0 1 1 1 1 0 0 0 1 0 0 
1 0 0 1 0 0 0 0 0 1 0 0 1 0 0 0 1 0 0 0 2 0 0 0 1 1 0 0 3 0 1 0 0 1 1 0 0 1 0 0 1 1 1 0 0 1 0 0 0 0 0 0 
1 0 1 0 0 0 0 1 1 0 1 1 0 0 1 0 0 0 1 0 1 0 0 1 0 0 0 0 0 0 1 0 1 0 0 0 1 0 0 1 1 0 0 0 0 1 1 0 0 0 0 1 
0 0 1 0 0 1 0 1 1 0 0 1 0 0 1 0 0 0 0 0 3 1 0 0 0 0 0 1 2 0 0 1 0 0 0 0 0 0 1 0 0 0 0 1 0 1 0 0 0 1 0 0 
1 0 0 0 2 0 0 1 1 1 0 0 1 0 0 1 0 0 0 0 0 0 1 0 0 0 0 0 1 1 1 0 1 0 1 1 0 0 0 0 0 0 0 0 0 0 1 0 1 0 0 1 
1 1 1 1 2 1 0 1 0 0 0 1 1 1 1 0 1 1 1 0 1 0 1 1 1 0 0 0 3 0 0 1 0 0 0 1 1 1 0 1 1 1 0 0 0 0 1 1 0 1 0 1 
1 0 1 0 1 1 0 1 1 1 0 1 1 0 0 0 1 1 0 1 0 0 0 0 0 0 0 0 0 0 0 1 1 0 1 1 0 0 1 0 1 1 0 0 0 0 1 0 1 1 0 1 
0 0 1 1 1 0 0 1 1 0 1 1 1 1 1 0 0 1 1 1 2 1 0 1 1 0 0 1 0 1 0 1 0 0 1 0 0 0 1 1 1 1 0 1 0 0 1 1 0 0 1 1 
1 0 0 0 1 1 0 1 0 1 1 0 1 1 0 0 1 0 1 0 3 0 0 0 0 1 0 0 3 1 0 1 1 0 1 1 1 0 0 0 0 1 0 0 0 0 1 0 0 1 0 1 
1 1 0 0 2 0 1 0 1 1 0 1 0 1 1 1 0 0 0 0 0 1 1 1 1 0 0 1 2 1 0 1 1 1 0 1 1 0 0 0 0 1 0 1 0 1 1 1 0 0 0 1 
1 1 1 1 0 0 1 0 0 1 0 0 1 0 1 1 1 1 1 0 1 0 0 0 0 0 1 0 1 1 1 1 0 0 0 1 1 1 0 0 0 1 0 1 0 1 1 0 0 0 1 0 
1 1 0 1 2 1 1 1 1 1 1 0 1 0 1 1 1 0 1 0 3 0 0 1 1 0 0 0 1 0 1 1 1 0 1 0 0 1 0 0 1 1 1 0 0 1 1 1 0 1 1 0 

