# Size = 29 | Time = 220 ms
0 0 1 1 1 0 0 0 1 1 0 0 0 0 1 2 0 2 
0 1 0 0 0 1 1 1 0 0 1 1 1 1 0 0 3 3 
1 0 0 0 1 0 0 0 0 0 1 0 0 3 0 0 1 0 
0 1 1 0 0 1 1 0 1 0 0 1 0 2 3 3 2 1 
0 0 1 1 1 1 0 1 0 1 1 1 0 2 2 1 1 3 
0 1 0 1 1 0 1 1 1 1 0 0 1 3 2 0 2 0 
0 0 0 0 0 0 0 0 0 1 0 0 0 1 3 1 3 1 
1 0 0 0 0 1 1 1 0 0 1 1 1 0 0 0 0 2 
0 1 0 0 0 0 0 1 0 0 1 1 0 3 1 2 2 3 
0 0 1 1 1 1 0 1 1 0 1 0 0 1 3 3 3 0 
0 1 1 0 0 1 1 0 1 0 0 0 1 2 1 0 1 1 
1 0 0 1 1 0 0 0 1 1 0 0 1 2 0 0 2 3 
0 1 1 0 0 0 0 0 0 1 1 0 0 3 2 3 0 2 
0 1 0 0 0 1 1 1 1 0 0 1 0 0 1 1 0 0 
0 0 1 0 1 1 1 1 0 1 1 0 0 0 0 2 1 1 
0 0 1 1 1 1 1 0 1 0 0 0 0 3 2 2 3 1 
0 0 0 0 0 0 0 0 0 0 1 1 0 0 3 3 1 3 
0 0 0 0 1 0 1 1 0 1 1 1 0 1 3 2 0 2 
0 1 1 0 0 0 0 0 0 0 0 0 0 2 0 1 2 2 
0 0 0 0 1 1 0 0 0 1 1 1 1 3 3 0 0 1 
0 0 0 0 0 1 1 0 1 0 1 0 0 2 2 2 0 0 
1 0 0 0 0 0 1 1 0 1 0 1 1 0 0 0 3 2 
0 1 0 0 1 1 0 0 1 1 0 0 0 1 1 3 1 2 
0 1 1 0 0 0 1 1 1 0 1 0 0 2 1 2 3 0 
1 0 0 0 0 1 1 1 1 1 1 1 1 0 0 0 2 1 
0 0 0 0 1 0 1 0 1 1 1 0 1 0 2 0 0 3 
0 0 0 0 0 0 0 0 0 0 0 1 1 1 2 0 2 0 
0 1 1 0 0 1 1 0 1 0 1 1 0 3 1 1 3 2 
0 0 1 0 1 0 1 0 0 1 0 0 0 1 0 3 0 2 

# Size = 27 | Time = 221 ms
0 0 1 1 1 0 0 1 0 1 1 0 0 2 1 3 3 3 
0 1 0 0 0 1 1 0 1 0 0 1 0 3 3 0 0 0 
1 0 0 1 1 1 0 0 0 1 0 1 1 0 0 0 1 2 
0 1 1 0 0 0 1 1 1 0 1 0 0 0 2 1 2 1 
0 0 0 0 0 0 1 1 0 0 1 0 0 1 0 2 1 2 
0 1 1 0 1 0 0 0 1 0 0 1 1 1 1 0 2 3 
0 0 1 1 1 1 0 1 0 1 0 0 0 3 3 2 0 1 
0 1 0 0 0 1 0 1 0 1 1 1 1 2 2 0 3 0 
0 0 0 1 1 0 1 0 1 1 0 0 0 1 2 3 2 0 
1 0 0 0 0 0 1 0 1 0 1 0 1 2 0 0 0 1 
0 1 0 0 0 1 0 0 0 0 0 1 0 3 0 1 3 3 
0 1 1 1 1 0 1 0 1 0 0 1 0 2 3 1 1 2 
0 1 0 0 0 1 1 0 0 0 1 0 0 0 1 3 0 3 
0 1 1 1 1 0 0 0 0 0 1 1 0 3 1 2 1 0 
0 0 1 0 0 1 1 0 1 0 1 1 0 1 3 3 3 1 
1 0 0 1 1 1 0 1 0 0 1 0 1 3 0 0 2 0 
0 0 1 1 1 0 1 1 1 0 1 0 0 2 2 2 1 3 
0 0 0 1 1 1 1 1 1 1 1 0 0 1 2 1 0 2 
0 0 1 1 1 0 1 0 1 0 1 0 0 3 0 3 1 2 
0 0 1 1 1 0 1 0 0 0 1 1 0 0 1 2 3 2 
1 0 0 1 1 0 1 0 0 1 1 1 0 0 0 0 3 0 
0 1 1 0 0 1 1 0 0 0 1 0 0 3 1 1 1 1 
0 1 1 0 0 1 0 1 0 0 1 0 1 2 3 0 2 2 
0 0 1 1 1 0 0 0 0 0 0 0 1 0 3 0 3 3 
0 0 0 0 1 0 0 1 0 0 1 1 0 3 2 1 3 0 
1 0 0 1 1 1 1 1 1 1 0 0 1 2 0 0 0 3 
0 1 1 1 1 1 0 0 1 1 1 0 0 3 2 2 2 1 

# Size = 28 | Time = 229 ms
0 0 0 0 1 0 0 1 0 0 1 0 1 3 2 0 0 1 
0 1 1 0 0 1 1 0 1 1 0 1 0 1 0 1 2 2 
0 0 1 1 1 0 1 0 1 0 0 0 0 2 3 2 3 3 
0 0 0 0 0 1 0 1 0 0 0 1 0 0 1 3 1 0 
1 0 0 1 1 1 1 0 0 1 1 0 1 0 0 0 2 0 
0 1 1 1 1 0 0 1 1 1 1 1 0 3 1 3 3 2 
0 1 0 0 0 1 0 1 0 1 1 1 0 2 3 2 0 3 
0 1 1 0 0 0 1 0 1 0 0 0 1 1 2 0 1 1 
0 0 0 1 1 0 0 1 0 0 1 0 0 1 0 1 3 1 
1 0 0 0 0 0 0 0 1 0 0 1 0 3 0 0 0 2 
0 1 1 0 0 1 1 1 1 1 1 1 0 0 2 1 3 0 
0 0 1 0 0 1 0 0 0 1 0 1 1 2 1 0 2 1 
0 1 0 1 1 0 1 0 0 1 1 0 0 0 3 3 1 2 
1 0 0 0 1 1 1 1 0 0 0 1 1 3 0 0 1 3 
0 0 1 0 0 0 1 0 0 0 0 0 0 1 1 2 0 0 
0 0 1 0 0 0 1 1 0 0 1 1 0 2 2 3 2 3 
0 1 1 0 1 1 0 0 1 0 0 1 1 3 3 0 2 0 
0 0 0 1 1 0 0 0 0 0 0 0 0 0 1 1 0 3 
0 0 0 1 1 0 0 0 0 0 1 0 0 2 0 2 1 0 
0 0 0 1 1 1 0 0 0 0 0 1 0 3 2 2 2 2 
0 0 1 1 1 0 1 0 1 1 0 0 0 1 0 3 0 3 
0 1 0 0 1 0 0 1 1 1 0 1 1 2 3 0 3 2 
0 1 0 0 0 1 0 0 0 0 1 0 0 3 3 1 1 1 
0 0 0 0 0 1 0 1 0 1 0 0 0 0 1 2 0 1 
1 0 0 0 0 0 0 0 0 0 0 0 1 2 0 0 0 1 
0 0 1 1 1 0 1 1 0 1 1 1 0 1 3 3 1 1 
1 0 0 0 0 1 0 1 0 0 1 0 0 2 0 0 3 3 
0 1 0 0 0 0 0 1 0 1 0 1 0 2 1 1 0 2 

# Size = 28 | Time = 221 ms
0 1 1 0 0 1 1 0 0 0 1 0 0 1 3 1 3 1 
1 0 0 1 1 0 0 1 1 1 0 0 1 3 0 0 1 0 
0 0 1 1 1 1 1 0 1 1 0 1 0 2 2 2 2 2 
0 1 0 0 0 0 0 1 0 0 0 1 0 0 1 3 0 3 
0 0 0 0 0 1 1 0 0 0 1 1 1 2 0 0 1 0 
0 1 1 0 1 0 0 1 1 1 1 1 1 0 3 0 3 2 
0 1 0 1 1 0 0 0 0 0 1 0 0 3 2 2 2 1 
0 0 1 1 1 0 1 0 1 1 1 0 0 1 1 3 0 0 
0 0 0 0 0 1 1 1 1 1 0 1 0 3 2 1 3 3 
1 0 0 0 0 1 1 0 0 1 0 1 0 0 0 0 2 1 
0 1 1 1 1 0 0 0 1 0 1 0 0 2 3 1 1 3 
0 0 0 0 0 1 0 1 0 0 0 0 1 1 3 0 0 2 
0 1 1 0 0 0 0 1 0 0 0 1 0 1 0 2 2 0 
0 1 0 1 1 1 0 1 1 0 0 0 0 2 1 3 3 1 
1 0 0 1 1 0 0 1 0 0 1 0 1 0 0 0 0 3 
0 0 1 0 0 1 0 1 0 0 1 1 0 0 1 1 1 2 
0 0 0 0 1 0 0 0 0 0 1 0 1 1 2 0 1 1 
0 0 1 0 1 1 0 1 0 0 0 1 1 3 1 0 2 3 
0 1 0 1 1 1 1 1 1 0 1 1 0 3 0 3 2 2 
0 1 0 1 1 1 1 0 0 0 0 0 0 3 3 2 0 3 
0 0 0 1 1 1 0 0 0 0 0 0 0 0 2 2 3 0 
0 0 1 0 0 0 1 0 1 0 0 1 0 2 2 1 0 1 
1 0 0 1 1 1 0 0 0 0 1 1 0 2 0 0 3 2 
0 1 1 0 0 0 0 1 0 1 1 1 0 0 3 3 1 0 
0 0 0 1 1 0 0 0 1 0 1 0 0 3 0 1 2 0 
0 1 0 0 0 1 0 0 1 1 0 0 0 1 1 2 1 3 
0 0 0 0 1 0 1 1 1 0 1 0 0 0 3 2 2 2 
0 1 1 0 0 1 0 1 0 1 1 0 0 1 2 3 0 1 

# Size = 27 | Time = 201 ms
0 0 0 0 1 1 0 1 1 0 1 1 0 2 1 2 3 3 
0 1 0 0 0 0 1 0 0 1 0 0 1 0 2 0 1 2 
0 1 1 1 1 0 0 0 0 0 0 1 0 1 3 3 2 0 
1 0 0 1 1 1 1 0 1 1 1 0 1 3 0 0 0 1 
0 0 1 0 0 0 1 1 0 0 1 0 0 1 0 1 3 1 
0 1 1 0 0 1 0 1 1 1 0 1 0 0 3 1 0 2 
1 0 0 0 0 0 0 1 1 0 0 1 1 3 0 0 2 0 
0 0 1 1 1 0 0 1 1 0 1 0 0 0 2 3 1 3 
0 0 1 0 0 0 1 0 0 1 0 0 0 2 1 2 2 3 
0 1 0 0 0 1 1 0 0 1 0 0 0 3 3 3 3 0 
0 0 0 1 1 1 1 0 1 0 1 0 0 1 1 1 1 2 
0 1 1 1 1 1 0 1 0 0 1 0 0 2 2 2 0 0 
0 1 1 0 0 0 1 0 0 1 0 1 1 1 1 0 0 3 
0 0 1 0 0 1 0 0 0 1 0 1 0 3 3 2 1 1 
1 0 0 1 1 1 0 0 0 0 1 1 0 0 0 0 3 2 
0 1 1 0 0 1 0 0 0 1 0 1 0 3 2 1 2 3 
0 1 0 0 0 0 0 1 0 1 1 0 0 2 0 3 2 1 
0 0 1 0 1 1 0 1 0 0 1 1 1 2 3 0 3 3 
0 1 1 1 1 1 1 1 0 1 0 0 0 0 1 2 1 0 
0 0 0 0 1 0 0 1 1 0 1 1 0 2 0 2 1 2 
1 0 0 0 0 1 1 0 1 0 0 1 0 0 0 0 2 3 
0 1 0 0 1 1 0 0 0 0 1 1 0 3 1 3 0 2 
0 1 1 0 0 0 0 0 1 0 0 1 0 1 2 2 3 1 
0 1 0 0 0 1 0 1 1 0 0 1 0 2 2 1 1 0 
0 0 1 0 0 0 1 0 0 1 0 1 0 0 1 0 1 1 
0 0 1 0 0 1 0 1 1 0 1 0 0 3 1 2 2 2 
1 0 0 1 1 0 0 0 0 0 1 0 1 2 0 0 1 2 

# Size = 27 | Time = 217 ms
0 1 0 0 1 1 0 0 0 0 1 1 0 1 3 0 1 0 
0 0 1 0 0 0 1 1 1 0 0 0 1 0 1 0 2 1 
1 0 0 1 1 1 0 1 1 1 1 0 1 3 0 0 0 3 
0 1 1 1 1 0 1 0 0 1 0 1 0 2 2 3 3 2 
0 0 0 0 0 0 0 0 0 0 0 0 0 0 0 1 0 2 
0 1 1 0 0 1 0 1 1 0 1 1 0 3 2 2 3 3 
0 1 0 1 1 1 0 0 0 0 1 1 0 2 1 1 2 1 
0 0 1 0 0 0 1 1 1 0 0 0 1 2 3 0 1 0 
0 0 0 0 0 0 1 1 0 1 0 0 0 1 1 2 3 3 
0 0 0 1 1 0 1 0 1 1 1 1 0 0 3 3 0 0 
0 1 1 1 1 1 1 0 0 0 0 0 0 3 0 3 1 1 
1 0 0 0 0 0 1 0 0 1 1 1 1 3 0 0 2 2 
0 0 1 0 0 0 1 1 1 1 0 0 0 1 2 1 0 1 
0 1 0 1 1 1 0 1 0 0 0 0 0 0 2 2 1 2 
1 0 0 0 1 0 1 1 0 0 0 0 1 0 0 0 3 0 
0 0 0 0 0 1 0 0 1 0 0 0 0 1 3 3 2 3 
0 1 1 1 1 1 0 1 1 0 0 1 1 1 2 0 2 0 
0 1 0 0 0 0 0 0 1 0 0 0 0 2 3 2 0 1 
1 0 0 1 1 0 1 0 0 1 1 1 0 2 0 0 1 3 
0 1 0 0 1 0 1 1 1 0 1 1 0 3 1 1 1 0 
0 1 0 0 0 0 0 0 1 1 0 0 0 1 0 2 2 2 
0 0 0 1 1 0 0 0 1 0 0 1 0 3 3 1 3 3 
0 0 0 0 1 1 0 1 0 0 1 0 0 2 1 3 0 2 
0 0 1 0 0 0 0 0 0 1 0 0 1 2 3 0 0 2 
0 0 0 0 1 1 0 1 1 0 1 0 0 1 3 2 0 0 
1 0 0 1 1 0 0 1 0 1 0 1 1 0 0 0 3 1 
1 0 0 0 0 1 1 1 0 0 1 0 1 0 0 0 2 3 

# Size = 25 | Time = 192 ms
1 0 0 0 1 1 0 0 1 0 0 1 0 2 0 0 0 0 
0 1 1 1 1 0 1 1 0 1 1 0 0 0 3 2 3 1 
0 0 1 0 0 0 1 0 0 1 0 1 1 3 2 0 1 3 
0 1 0 0 0 1 0 1 1 0 0 0 0 1 1 3 2 2 
1 0 0 1 1 1 1 1 1 1 1 0 1 3 0 0 2 2 
0 1 0 1 1 0 0 0 0 0 1 0 0 1 2 1 1 0 
0 0 1 0 0 1 0 1 0 1 1 1 0 2 1 1 0 1 
0 0 0 0 0 1 0 0 0 0 0 1 0 0 3 2 3 3 
0 1 1 1 1 0 1 0 1 0 1 0 1 2 1 0 0 3 
0 1 1 0 0 0 1 0 0 1 1 1 0 1 0 3 2 0 
0 1 0 0 0 1 0 0 1 0 0 0 0 3 3 3 1 1 
0 0 0 1 1 1 0 0 1 1 0 1 0 0 2 3 0 2 
1 0 0 0 0 0 0 0 0 0 0 0 1 0 0 0 3 1 
0 0 0 0 1 1 0 1 1 0 1 0 1 1 3 0 3 0 
0 1 1 0 0 0 1 1 0 0 0 0 0 2 2 2 1 2 
0 1 1 0 1 0 0 1 1 0 0 0 0 0 0 1 2 3 
0 1 1 0 0 1 0 1 1 0 1 0 0 0 1 2 1 0 
0 1 0 0 0 0 1 1 0 0 0 1 0 3 1 1 3 2 
0 0 0 0 0 0 0 0 0 0 0 0 0 1 2 2 2 1 
0 0 0 0 1 1 1 0 1 0 1 0 0 1 3 3 0 3 
0 1 0 1 1 1 1 0 0 1 1 0 0 3 0 2 0 0 
0 1 1 0 1 0 0 0 0 0 0 0 0 2 3 0 2 2 
0 0 1 0 1 1 0 0 1 0 1 0 0 2 2 3 3 0 
1 0 0 0 0 0 0 0 1 0 1 0 0 0 0 0 1 3 
0 1 0 0 1 0 0 1 0 1 1 0 0 0 3 1 2 0 

# Size = 26 | Time = 212 ms
0 0 0 0 1 0 0 1 1 1 1 1 1 3 3 0 2 0 
0 1 1 1 1 1 1 0 0 0 0 0 0 0 1 1 1 1 
1 0 0 0 0 0 1 0 0 0 0 0 1 2 0 0 0 2 
0 1 1 0 0 1 0 1 1 1 0 1 0 1 0 3 3 3 
0 0 0 1 1 0 0 0 0 0 1 0 0 1 2 2 3 3 
0 1 1 1 1 1 1 1 0 1 1 1 0 2 3 2 0 2 
1 0 0 0 0 1 0 1 1 1 1 0 1 0 0 0 1 1 
0 1 1 1 1 0 1 0 1 0 0 0 0 3 2 3 2 0 
0 0 0 0 0 0 0 0 1 1 1 1 0 3 1 1 0 2 
0 1 1 1 1 1 1 1 0 0 0 1 1 1 1 0 2 3 
0 0 1 0 0 0 0 0 0 0 0 0 0 0 3 2 1 0 
1 0 0 1 1 1 1 0 0 1 0 1 0 3 0 0 3 0 
0 1 0 0 0 0 1 1 0 1 0 1 1 0 2 0 0 1 
0 0 0 0 0 1 0 1 0 0 1 0 0 2 2 3 1 2 
0 1 0 0 0 0 0 0 1 0 0 0 0 2 1 2 2 1 
0 0 0 0 0 0 0 1 0 0 0 0 0 1 3 1 0 0 
0 0 1 0 1 0 0 0 1 0 0 0 0 0 0 1 2 2 
0 1 0 0 0 0 0 1 0 0 1 0 0 3 3 3 3 1 
0 0 0 0 0 0 0 1 0 1 1 1 0 2 3 1 1 3 
0 0 0 0 0 0 0 0 0 0 1 0 0 0 1 3 0 3 
0 0 0 1 1 0 0 0 0 0 0 0 1 2 1 0 3 0 
0 0 0 1 1 1 0 0 0 0 1 1 0 1 2 1 3 2 
0 0 1 0 0 1 0 0 0 0 1 1 0 3 0 2 1 3 
1 0 0 0 1 0 1 0 1 0 1 1 1 0 0 0 3 3 
0 1 0 0 0 0 1 0 0 0 0 1 1 1 2 0 1 1 
1 0 0 1 1 0 0 0 1 1 0 1 0 3 0 0 2 0 

# Size = 26 | Time = 193 ms
0 0 0 0 1 1 0 1 0 1 0 1 0 1 0 1 0 0 
0 1 1 0 0 0 1 0 0 0 1 0 1 3 3 0 2 2 
1 0 0 1 1 0 0 0 1 0 1 0 0 2 0 0 1 3 
0 1 1 0 0 0 1 1 1 1 0 1 0 0 2 3 3 1 
0 1 0 1 1 1 1 0 1 0 0 0 0 0 1 2 0 2 
0 0 1 1 1 1 0 0 0 1 1 0 0 3 1 3 3 1 
1 0 0 0 0 1 1 1 0 1 0 1 1 2 0 0 2 3 
0 1 1 0 0 0 0 1 1 0 0 0 0 1 3 2 1 0 
0 0 0 1 1 1 0 0 0 0 1 1 0 0 2 1 2 0 
0 1 1 0 0 0 1 1 0 1 1 1 0 2 1 1 1 2 
0 0 0 1 1 1 1 0 0 0 1 1 1 1 3 0 3 1 
0 1 1 0 0 0 0 0 1 0 0 1 1 3 2 0 0 3 
0 0 0 0 1 0 0 1 0 1 1 1 0 3 0 2 3 2 
0 0 0 1 1 1 1 1 0 0 0 1 1 0 1 0 1 0 
0 0 0 0 0 0 0 0 0 1 1 0 0 2 3 3 0 1 
0 1 1 0 1 0 0 0 1 0 1 0 0 3 0 1 1 1 
0 1 0 0 1 0 0 0 1 0 0 0 0 1 2 3 2 2 
0 1 1 0 1 1 0 1 1 1 0 1 0 2 2 2 2 1 
0 0 1 0 0 1 0 0 0 0 0 0 0 0 3 1 3 3 
1 0 0 1 1 0 0 0 0 1 1 0 1 0 0 0 3 0 
0 1 0 0 0 0 0 1 0 0 0 0 0 1 1 3 1 3 
0 0 1 0 1 0 0 0 0 0 0 0 0 2 0 3 3 0 
0 1 0 0 0 0 0 1 1 0 1 0 0 3 1 3 2 0 
1 0 0 0 0 0 1 0 1 0 1 1 1 3 0 0 0 2 
1 0 0 0 1 1 0 0 0 0 1 0 0 3 0 0 2 1 
0 0 0 0 0 0 1 1 1 1 1 1 0 1 2 2 1 3 

# Size = 26 | Time = 196 ms
0 1 1 1 1 0 1 1 0 1 0 1 1 1 2 0 2 1 
0 0 0 0 0 1 0 0 1 0 1 0 0 2 3 2 3 0 
1 0 0 0 0 0 0 1 0 1 0 0 1 0 0 0 1 2 
0 1 1 0 1 0 1 0 1 0 1 0 0 3 1 1 0 3 
0 0 1 1 1 1 1 0 0 0 0 1 0 0 0 3 1 0 
0 1 0 1 1 1 0 1 1 1 1 1 1 3 1 0 3 2 
0 0 0 0 0 0 0 0 0 0 1 0 0 1 2 3 2 1 
0 1 1 1 1 0 1 1 0 1 0 1 0 2 3 2 0 3 
0 0 0 0 0 1 0 0 0 1 0 1 0 3 2 1 0 3 
1 0 0 0 0 0 1 0 1 0 0 1 1 2 0 0 0 0 
0 1 1 0 0 0 0 0 0 1 0 0 0 0 1 3 3 2 
1 0 0 1 1 1 0 1 1 0 1 0 0 3 0 0 2 1 
0 1 1 0 0 0 1 1 1 1 0 0 0 1 0 1 1 0 
0 0 1 1 1 0 1 0 1 0 1 1 0 0 3 1 2 2 
0 1 1 1 1 1 1 0 0 0 1 0 1 1 3 0 1 3 
0 0 1 1 1 0 0 0 0 1 1 0 0 2 1 2 1 1 
0 1 1 0 0 0 0 0 1 1 0 1 0 0 2 2 0 2 
0 0 1 1 1 0 1 1 1 1 0 0 0 3 3 3 3 1 
1 0 0 1 1 1 0 1 1 0 1 1 0 0 0 0 3 3 
0 0 0 1 1 1 0 0 1 0 1 0 0 1 1 2 2 0 
0 0 1 0 1 0 0 0 1 0 0 0 0 3 2 2 1 0 
0 1 1 0 0 1 0 0 0 1 1 0 0 2 2 1 3 2 
0 1 0 0 1 0 0 0 0 0 0 1 0 1 2 3 0 1 
0 1 1 0 0 1 1 1 0 1 0 0 0 2 0 3 2 3 
0 0 1 0 1 0 1 1 0 1 0 1 0 1 0 2 3 2 
0 0 1 0 1 1 0 1 1 0 0 1 0 0 1 1 2 1 

# Size = 29 | Time = 226 ms
0 0 1 0 0 0 0 0 0 0 1 1 0 1 1 3 0 1 
1 0 0 1 1 1 1 1 1 1 0 0 1 3 0 0 3 0 
0 1 0 0 0 0 1 1 1 1 0 1 0 2 3 2 2 2 
0 1 0 1 1 1 0 0 0 0 1 0 0 0 0 1 1 3 
0 1 1 0 0 0 0 0 1 0 0 1 1 3 2 0 3 3 
0 0 1 1 1 1 1 0 0 1 1 0 0 2 2 2 0 2 
0 0 1 0 0 0 1 1 0 0 0 0 0 0 3 1 1 0 
0 1 0 0 1 1 1 0 0 1 0 0 0 1 1 3 2 1 
1 0 0 1 1 0 0 1 0 0 1 1 1 2 0 0 2 1 
0 1 0 1 1 1 0 0 1 1 1 1 0 0 3 3 0 0 
1 0 0 0 0 1 0 0 0 0 0 0 1 0 0 0 0 2 
0 0 0 0 0 1 1 1 1 1 1 1 1 1 1 0 1 3 
0 1 0 0 0 1 0 1 0 0 1 0 0 3 1 2 3 0 
0 0 0 0 0 0 0 1 1 0 0 1 0 3 2 1 0 1 
0 0 0 1 1 0 1 1 0 1 0 0 0 1 1 1 3 2 
0 0 1 0 0 1 0 1 1 0 0 0 0 3 2 3 1 2 
0 0 1 1 1 0 0 0 0 1 0 0 0 2 0 3 2 3 
0 0 0 0 0 0 1 0 1 0 1 1 0 0 3 0 3 1 
0 0 0 1 1 0 1 1 0 1 1 0 0 1 0 2 1 3 
0 0 0 0 1 0 1 0 0 0 1 0 0 2 2 1 2 0 
0 0 0 0 1 0 1 0 0 0 0 0 0 2 1 2 1 1 
0 0 0 0 1 0 1 0 0 0 0 1 1 3 3 0 0 3 
1 0 0 0 0 1 1 1 1 0 1 1 0 3 0 0 1 3 
0 0 0 0 0 0 0 0 0 0 1 0 0 0 1 2 2 3 
0 0 0 0 0 1 0 1 1 0 0 0 0 1 3 3 3 0 
0 1 0 0 0 0 0 0 1 0 0 0 0 3 3 1 2 2 
0 1 0 0 1 0 1 1 1 1 1 1 0 1 2 1 1 3 
0 0 0 1 1 1 0 0 1 0 0 0 1 0 2 0 0 2 
1 0 0 0 0 1 1 0 1 0 1 0 0 2 0 0 3 0 

# Size = 26 | Time = 199 ms
0 1 1 0 0 1 0 0 1 0 0 0 1 0 1 0 0 0 
1 0 0 1 1 0 1 1 0 1 1 1 0 3 0 0 2 2 
0 0 0 0 0 0 0 1 0 0 0 0 0 2 2 1 1 1 
0 1 1 0 0 1 1 0 1 1 1 1 0 1 3 3 3 3 
0 0 1 1 1 1 0 0 1 0 0 0 0 3 0 2 2 3 
0 1 0 1 1 0 1 1 0 0 1 1 0 1 1 2 0 0 
0 1 0 1 1 1 1 1 1 1 1 1 1 0 2 0 1 1 
0 0 0 1 1 0 0 0 0 0 0 0 0 0 3 3 3 2 
0 1 1 0 1 0 1 0 1 1 0 1 0 2 0 1 0 2 
0 0 1 0 0 1 0 1 0 1 1 0 0 1 1 1 2 3 
1 0 0 0 0 1 1 0 1 0 1 0 1 2 0 0 3 3 
1 0 0 0 0 0 0 0 0 1 0 1 1 3 0 0 1 0 
0 1 1 0 0 0 1 0 1 1 1 0 0 3 2 2 3 1 
0 0 0 0 0 1 1 0 1 0 0 0 1 1 3 0 1 2 
0 1 0 0 0 1 0 0 0 0 0 0 0 2 2 3 2 0 
0 0 0 0 0 1 0 1 0 0 0 0 0 3 3 3 0 1 
0 1 1 1 1 0 0 1 0 1 0 0 0 2 3 1 3 0 
0 0 1 0 0 0 1 1 1 1 0 0 0 2 1 2 1 2 
1 0 0 1 1 0 0 0 0 1 1 0 1 0 0 0 2 1 
0 1 1 0 1 0 1 0 1 0 1 0 0 0 2 1 0 3 
0 1 0 0 0 0 0 0 1 0 0 1 0 1 0 3 1 1 
0 0 0 0 0 0 1 1 1 0 0 1 0 3 1 1 3 1 
0 0 0 0 1 1 0 0 0 1 1 0 0 0 3 2 2 1 
0 0 1 0 0 1 0 1 1 0 0 0 0 3 1 3 1 3 
0 1 0 1 1 1 0 1 1 0 1 0 0 1 2 1 1 2 
1 0 0 1 1 0 1 1 1 1 1 0 0 0 0 0 0 0 

# Size = 28 | Time = 217 ms
1 0 0 0 1 1 0 0 1 0 0 0 0 0 0 0 1 2 
0 1 1 1 1 0 1 1 0 1 1 1 0 1 1 2 2 0 
0 0 1 0 0 1 0 1 1 1 1 1 1 2 2 0 0 3 
0 1 0 0 0 0 1 0 0 0 0 0 1 3 3 0 3 1 
0 0 1 1 1 1 0 0 0 1 1 1 0 0 3 3 3 1 
0 1 0 1 1 0 0 0 1 0 0 0 0 2 1 1 0 3 
0 1 0 0 0 0 1 1 0 0 0 0 0 1 2 3 1 2 
0 0 1 0 0 1 1 1 1 1 1 0 0 3 0 1 2 0 
1 0 0 1 1 0 1 1 0 0 0 1 1 0 0 0 2 0 
0 0 0 0 0 1 0 1 1 0 1 0 0 1 3 2 0 1 
0 1 1 1 1 1 0 0 0 1 0 1 0 3 2 2 1 2 
0 1 1 0 0 1 1 1 0 0 1 0 0 0 1 1 0 2 
0 1 0 0 0 0 1 0 0 1 0 0 0 2 0 2 3 3 
0 0 0 0 0 0 0 0 0 0 1 0 1 1 1 0 1 0 
0 0 0 1 1 0 0 0 1 0 0 1 0 2 3 1 2 1 
0 0 0 0 0 0 0 0 1 0 0 1 0 3 1 3 0 0 
1 0 0 0 0 1 1 1 1 1 1 1 0 2 0 0 3 0 
0 1 0 0 0 1 0 0 0 0 0 0 0 1 3 1 1 3 
0 1 0 0 0 1 1 1 0 0 1 1 0 0 2 3 2 3 
1 0 0 0 1 0 0 0 0 1 1 0 0 3 0 0 0 1 
0 1 0 0 1 0 0 0 0 0 1 0 0 1 2 1 3 1 
0 1 0 0 0 1 1 0 0 0 1 1 0 2 3 3 3 2 
0 1 1 1 1 1 1 0 1 1 1 0 0 2 0 3 1 1 
0 0 1 0 1 1 1 0 1 1 0 0 0 0 1 2 3 1 
0 1 0 0 0 1 0 1 0 0 0 0 1 1 0 0 2 2 
1 0 0 0 1 0 1 1 1 0 1 0 0 3 0 0 2 3 
0 1 1 1 1 0 0 1 0 1 0 1 0 1 2 2 2 0 
0 0 1 0 1 1 1 1 0 0 0 1 1 3 3 0 0 0 

# Size = 27 | Time = 204 ms
0 0 1 0 0 1 1 0 1 1 1 0 0 0 1 3 3 0 
0 1 0 1 1 0 0 1 0 0 0 1 1 1 0 0 0 1 
0 1 0 0 0 0 0 0 0 1 1 1 0 2 3 1 2 3 
1 0 0 1 1 1 1 1 1 0 0 0 0 3 0 0 1 2 
0 1 1 0 1 0 1 0 1 1 1 0 0 1 2 2 1 1 
1 0 0 0 0 0 0 0 0 0 1 1 1 0 0 0 3 2 
0 0 1 0 0 1 0 1 0 0 0 0 0 2 2 2 0 0 
0 1 1 1 1 0 0 1 0 1 0 1 0 3 1 3 2 0 
0 0 1 1 1 1 1 0 1 0 0 0 0 0 3 1 2 3 
0 1 1 1 1 1 1 1 0 1 1 1 1 2 2 0 3 2 
0 1 0 0 0 0 1 0 1 1 1 0 1 3 3 0 0 0 
0 0 0 0 0 0 0 0 1 0 0 1 0 2 1 3 1 1 
0 0 0 0 0 1 0 1 0 0 0 1 0 1 3 2 3 3 
1 0 0 1 1 0 1 0 1 1 1 0 1 2 0 0 2 3 
0 1 1 0 0 1 0 1 0 0 0 0 0 0 0 1 1 0 
0 0 0 0 0 1 1 1 0 0 0 0 0 1 1 1 0 2 
0 0 0 0 0 0 0 0 0 0 0 0 0 3 2 1 3 1 
0 0 0 1 1 1 1 1 1 1 1 0 1 3 1 0 1 3 
0 0 0 1 1 1 0 0 0 0 0 0 0 0 2 2 2 1 
0 0 0 0 0 0 0 0 1 0 0 0 0 0 2 3 0 3 
0 0 0 1 1 1 0 1 0 0 1 1 0 1 3 3 2 2 
0 0 0 0 1 0 1 1 1 1 0 1 0 3 1 2 1 2 
1 0 0 1 1 0 0 0 0 0 1 0 0 0 0 0 0 1 
0 0 0 0 0 1 0 1 1 0 1 0 0 3 3 2 1 1 
0 1 0 0 0 0 1 0 0 0 0 0 0 1 0 2 2 0 
1 0 0 0 0 0 0 1 1 1 0 0 0 3 0 0 3 0 
0 0 0 1 1 1 0 1 0 1 0 1 0 3 0 3 3 3 

# Size = 27 | Time = 214 ms
0 1 1 0 1 1 1 1 1 0 0 0 0 1 3 3 3 0 
0 0 0 1 1 0 0 0 0 1 1 1 0 0 2 1 0 1 
1 0 0 0 0 0 0 0 1 0 0 0 1 2 0 0 1 2 
0 1 1 0 0 1 1 1 0 1 1 1 1 3 1 0 2 3 
0 0 1 1 1 0 0 0 1 0 0 0 0 3 1 2 2 3 
0 0 0 0 0 1 1 1 0 0 0 1 0 0 3 2 1 2 
1 0 0 1 1 1 1 1 0 1 1 1 1 2 0 0 0 0 
0 1 1 0 0 1 1 0 1 0 0 0 0 2 2 1 0 1 
0 1 0 1 1 0 0 0 0 1 1 0 0 1 0 3 3 2 
0 1 0 1 1 0 0 1 1 1 1 1 0 0 3 3 1 3 
0 0 0 0 0 0 0 0 1 1 0 1 1 1 2 0 3 0 
0 0 0 0 0 1 0 1 0 0 1 0 0 3 1 3 0 1 
0 0 0 0 0 0 1 0 1 1 1 1 1 0 3 0 2 1 
0 1 1 0 1 0 0 1 0 1 1 0 0 0 1 2 1 0 
0 1 1 0 1 1 0 1 0 0 1 0 0 3 2 1 1 2 
1 0 0 1 1 1 1 0 1 1 0 0 0 3 0 0 3 1 
0 0 0 0 1 1 0 0 0 1 0 1 0 1 0 1 2 3 
0 1 0 0 0 0 1 0 0 0 1 0 0 2 2 2 3 3 
0 0 1 1 1 0 1 0 0 1 1 1 0 1 0 2 1 1 
0 0 0 0 1 1 1 1 0 1 1 1 0 2 2 3 2 0 
0 1 1 1 1 0 0 1 0 0 1 1 0 2 1 1 3 2 
0 0 1 1 1 0 1 1 1 0 0 1 0 3 3 1 0 0 
1 0 0 0 1 0 0 0 0 0 0 0 1 0 0 0 2 2 
0 0 0 1 1 0 1 0 0 0 0 0 0 1 1 2 0 3 
0 0 0 1 1 0 0 0 1 0 0 1 0 2 3 3 0 2 
0 0 1 0 1 0 1 1 1 0 1 0 1 0 3 0 3 3 
1 0 0 1 1 1 0 0 1 0 1 0 0 0 0 0 1 3 

# Size = 30 | Time = 229 ms
0 0 0 0 0 1 1 0 1 0 1 1 1 1 3 0 3 2 
0 0 1 1 1 0 0 1 0 1 0 0 0 2 0 2 0 0 
0 1 0 0 1 0 1 0 0 1 1 0 0 0 1 3 2 1 
0 1 1 0 0 1 0 0 1 0 0 1 0 3 2 1 1 3 
1 0 0 1 1 1 1 1 0 1 1 0 1 3 0 0 1 3 
1 0 0 0 0 0 0 1 1 0 0 1 0 0 0 0 2 1 
0 1 1 1 1 0 0 0 1 0 1 1 1 1 1 0 0 0 
0 1 1 0 0 0 0 1 0 1 0 0 0 2 3 3 3 2 
0 0 0 0 0 0 1 1 0 1 0 0 0 1 2 1 0 0 
0 1 1 0 1 0 1 0 1 1 1 1 0 2 2 2 1 1 
0 0 0 0 0 1 0 1 0 0 0 0 0 2 1 2 0 3 
0 0 1 1 1 1 1 0 0 0 0 1 0 0 3 3 3 0 
0 1 1 1 1 1 0 0 1 0 1 0 0 3 0 1 2 2 
0 0 1 1 1 1 0 1 1 1 1 0 0 3 2 3 3 1 
0 1 0 0 0 0 0 0 1 1 0 0 1 0 2 0 2 3 
0 0 1 0 0 0 0 0 1 0 1 0 0 3 3 2 2 0 
0 0 0 1 1 0 0 1 1 0 0 1 0 0 1 1 1 2 
0 0 0 1 1 0 0 0 0 0 0 0 1 2 3 0 0 1 
0 0 0 0 1 1 0 1 0 1 1 0 0 1 0 3 3 3 
1 0 0 0 1 1 0 0 0 1 1 1 0 3 0 0 0 2 
0 0 0 1 1 1 0 0 0 0 1 0 0 1 3 1 1 1 
0 0 0 1 1 1 0 0 1 0 0 1 0 0 2 2 0 2 
0 1 1 0 1 1 1 0 1 1 0 1 0 2 1 1 3 2 
1 0 0 0 1 1 1 1 1 0 0 0 0 2 0 0 1 0 
0 0 1 1 1 1 0 0 1 0 1 1 0 1 3 2 3 3 
0 0 0 0 1 0 0 1 0 0 0 0 0 3 1 3 0 0 
0 0 0 1 1 0 1 0 1 1 1 0 0 2 2 1 2 3 
0 0 0 1 1 0 0 0 1 0 1 1 0 1 2 3 1 1 
0 0 0 1 1 0 0 0 1 0 0 0 0 1 3 1 2 0 
1 0 0 1 1 1 0 1 1 0 0 1 1 2 0 0 3 0 

# Size = 30 | Time = 237 ms
0 1 0 0 0 1 1 0 1 0 0 0 0 3 1 0 2 0 
0 0 1 1 1 0 0 1 0 1 1 1 0 1 2 3 1 1 
1 0 0 1 1 0 0 0 0 0 0 0 1 0 0 0 0 2 
0 1 1 0 0 1 0 1 1 0 1 1 1 2 3 0 3 3 
0 0 1 0 0 1 1 1 1 1 1 0 0 0 0 1 0 2 
0 1 0 1 1 0 1 0 0 1 0 0 0 2 3 2 3 3 
0 0 1 0 1 0 0 1 0 0 0 1 0 3 1 1 2 0 
0 0 0 0 0 1 1 0 0 0 0 1 0 1 2 2 1 1 
0 1 0 1 1 0 0 0 1 1 1 0 1 3 2 0 2 1 
0 1 0 0 1 1 1 0 1 0 0 0 0 1 0 3 1 0 
0 0 1 0 0 0 0 0 1 1 1 1 0 0 1 2 0 0 
1 0 0 0 0 1 1 1 1 1 1 1 1 2 0 0 1 3 
0 1 0 1 1 1 1 0 1 0 1 1 0 0 3 1 1 2 
0 0 1 0 0 0 1 1 0 1 1 0 0 3 3 3 0 3 
0 0 0 1 1 0 1 0 0 0 0 0 1 1 1 0 3 0 
0 1 1 0 0 0 0 0 1 0 1 0 0 2 2 1 0 1 
0 1 1 1 1 1 1 0 0 0 1 1 0 0 2 3 3 2 
1 0 0 0 1 1 0 0 0 0 1 1 0 3 0 0 3 1 
0 1 0 0 1 1 1 1 1 1 1 1 0 1 3 1 2 3 
0 0 0 1 1 0 0 0 0 1 0 0 0 2 1 3 2 2 
0 0 1 1 1 0 0 1 0 1 0 1 0 3 0 2 2 2 
0 0 1 1 1 0 0 1 1 1 0 1 0 3 1 2 1 1 
0 0 1 1 1 1 0 1 0 0 0 0 0 0 1 3 2 3 
1 0 0 1 1 0 0 0 1 0 1 1 0 0 0 0 2 1 
0 1 1 0 1 1 1 0 0 0 0 1 0 2 2 1 3 0 
0 0 1 0 0 0 1 0 0 0 0 0 0 1 3 3 0 0 
0 0 0 1 1 0 0 0 1 1 1 1 0 1 3 1 0 2 
0 0 0 1 1 0 0 0 0 0 0 1 0 3 3 3 0 1 
0 1 0 0 0 1 1 0 1 1 1 1 1 2 2 0 2 3 
1 0 0 0 1 1 0 0 0 1 0 1 0 0 0 0 3 0 

# Size = 29 | Time = 231 ms
0 1 0 1 1 1 0 1 0 1 0 1 1 3 1 0 2 2 
0 0 1 0 0 0 0 0 1 0 1 0 0 0 0 3 0 0 
1 0 0 0 1 1 1 1 0 0 1 1 0 2 0 0 1 1 
0 1 1 0 0 0 1 1 1 1 0 0 0 1 2 1 3 3 
0 0 1 1 1 0 1 0 0 0 0 0 0 2 3 2 2 2 
0 1 0 0 0 1 0 0 1 1 1 1 0 3 3 2 1 1 
0 0 0 1 1 1 0 0 0 0 1 1 1 1 2 0 3 3 
1 0 0 0 0 0 1 1 0 1 0 0 1 0 0 0 0 0 
0 0 1 1 1 0 1 0 1 0 0 0 1 3 1 0 1 1 
0 1 0 0 1 1 0 0 1 0 1 0 0 0 1 1 0 2 
0 1 0 1 1 1 0 0 0 1 0 1 0 2 2 3 0 0 
0 0 1 0 0 1 1 1 1 0 1 1 0 0 3 3 2 3 
0 0 0 0 0 0 0 0 0 0 0 1 0 2 1 1 3 0 
1 0 0 1 1 0 0 0 1 0 0 0 0 3 0 0 3 2 
0 0 0 1 1 1 0 1 0 0 0 1 0 1 1 2 0 3 
0 1 1 1 1 0 1 0 0 0 1 0 0 1 0 1 2 1 
0 0 1 1 1 1 0 1 0 0 1 1 0 0 2 2 3 1 
0 1 0 1 1 1 0 1 0 0 0 0 1 1 3 0 1 0 
0 0 0 0 0 0 0 0 1 0 1 0 0 3 2 3 1 2 
0 1 1 0 1 0 1 1 1 0 1 1 0 3 0 1 1 3 
1 0 0 1 1 0 0 1 1 1 0 1 1 2 0 0 2 3 
0 0 1 0 0 1 1 1 1 1 1 0 0 3 3 2 0 0 
0 1 1 0 0 0 1 0 0 1 0 0 0 1 3 3 3 0 
0 1 0 1 1 1 1 1 0 1 0 0 0 1 3 1 0 1 
0 1 1 1 1 0 0 1 0 1 1 1 0 0 2 0 2 0 
0 0 0 0 0 1 0 0 0 0 0 0 1 1 2 0 3 2 
0 1 1 0 0 0 0 0 0 0 0 0 0 2 1 3 0 1 
0 1 1 0 0 0 0 0 0 0 1 0 1 0 2 0 1 2 
0 0 1 0 1 0 1 1 0 1 1 1 0 1 0 2 3 0 

# Size = 28 | Time = 219 ms
0 0 0 0 0 0 0 0 0 0 0 1 0 1 2 3 1 1 
1 0 0 1 1 1 1 1 1 1 1 0 1 0 0 0 0 0 
0 1 1 1 1 1 0 0 1 0 1 0 0 3 3 1 3 3 
0 1 1 0 0 0 1 1 0 1 0 1 0 2 1 2 2 2 
1 0 0 0 0 0 0 0 0 0 0 1 1 3 0 0 3 0 
0 0 0 0 0 0 0 1 0 1 0 0 0 0 3 1 0 3 
0 0 0 1 1 1 0 0 1 0 1 1 0 2 1 2 2 2 
0 1 1 1 1 0 1 0 1 1 1 0 0 1 0 3 1 1 
0 1 1 0 1 1 1 1 0 0 1 0 1 0 2 0 2 1 
0 1 0 0 0 1 1 1 1 1 0 0 0 3 1 3 3 0 
0 1 1 1 1 1 1 0 0 0 0 1 1 1 1 0 0 3 
0 0 1 0 0 1 1 1 1 0 1 0 1 2 3 0 1 2 
0 0 1 1 1 0 1 0 1 1 0 1 0 0 2 1 3 2 
0 0 1 0 1 0 1 0 0 1 0 0 0 1 3 2 2 0 
0 0 1 0 1 0 1 0 1 0 1 0 0 3 2 2 0 1 
1 0 0 0 0 0 0 0 0 0 0 0 0 2 0 0 2 3 
0 1 0 0 0 0 1 0 0 0 0 0 0 2 1 1 1 0 
0 0 0 0 0 0 0 1 0 1 0 1 0 1 3 1 3 1 
0 1 0 0 0 0 0 0 0 0 0 0 0 2 3 3 0 2 
0 1 1 1 1 1 1 0 1 0 0 0 0 3 0 2 1 2 
0 0 0 0 0 0 0 0 0 1 0 1 0 2 2 2 3 0 
0 0 1 0 0 1 1 1 1 0 1 1 0 0 1 3 1 3 
0 0 1 1 1 0 0 1 1 0 0 0 0 3 1 3 2 1 
0 0 1 1 1 1 0 0 0 0 0 0 0 0 2 2 0 3 
1 0 0 0 0 1 1 0 1 1 0 0 1 2 0 0 1 1 
0 0 0 1 1 1 1 1 0 0 1 0 0 3 0 1 2 0 
0 0 0 0 0 0 1 1 0 1 0 1 0 1 3 2 3 2 
1 0 0 0 0 0 1 0 1 0 1 1 1 0 0 0 0 2 

# Size = 28 | Time = 214 ms
0 1 0 0 0 0 0 1 1 1 0 1 0 0 3 1 0 2 
0 0 1 1 1 1 1 0 0 0 1 0 1 2 2 0 3 0 
1 0 0 0 0 1 1 0 1 1 0 0 1 3 0 0 2 3 
0 1 1 1 1 0 0 0 0 0 0 1 0 1 1 3 1 1 
0 0 1 0 1 0 0 1 0 0 1 0 0 0 0 2 2 3 
0 1 0 0 0 1 1 1 1 1 1 0 0 1 1 3 1 0 
1 0 0 1 1 0 0 1 0 0 1 1 1 3 0 0 0 2 
0 0 0 0 0 1 0 1 1 1 0 1 0 2 2 2 3 1 
0 0 1 1 1 1 1 0 1 0 1 0 0 3 3 1 0 1 
0 1 1 0 0 0 1 0 0 0 0 1 0 1 3 2 3 2 
0 1 1 1 1 0 0 1 0 1 1 1 0 2 2 1 2 3 
0 0 0 1 1 1 0 0 1 0 0 0 0 0 1 0 1 2 
0 1 1 0 0 0 0 0 0 0 0 1 1 1 3 0 2 0 
1 0 0 0 1 0 1 0 0 1 0 0 1 0 0 0 1 1 
0 0 0 0 1 0 0 0 0 0 0 1 0 1 2 3 0 3 
0 1 1 1 1 1 1 0 0 1 0 1 0 3 1 2 0 0 
0 1 0 0 0 1 1 0 1 0 1 0 0 0 0 1 3 0 
0 0 0 0 0 0 0 1 0 0 0 1 0 2 0 3 2 2 
0 0 0 0 0 1 0 1 0 1 0 0 0 2 1 1 1 3 
0 1 0 0 0 0 0 1 0 0 0 1 0 3 3 3 3 3 
1 0 0 1 1 0 1 0 1 0 0 1 0 2 0 0 3 0 
0 1 0 0 1 0 0 1 0 0 0 1 1 3 2 0 1 2 
0 0 1 0 0 0 0 0 1 1 0 0 0 1 0 1 2 1 
0 1 1 1 1 0 1 1 0 0 0 0 1 1 1 0 2 3 
0 1 0 0 0 1 0 1 0 1 1 1 0 2 3 2 1 3 
0 0 1 1 1 0 0 1 1 0 0 1 0 0 2 3 2 3 
0 0 0 0 0 1 1 1 0 0 0 0 1 1 1 0 3 1 
0 1 0 0 0 0 0 0 1 1 0 0 0 2 0 1 0 2 

# Size = 28 | Time = 211 ms
0 1 0 1 1 1 0 0 1 1 1 1 0 3 2 1 0 2 
0 0 1 0 0 0 1 1 0 0 0 0 1 2 0 0 2 1 
1 0 0 1 1 0 1 0 0 1 1 1 1 0 0 0 3 3 
0 1 1 0 0 1 0 1 1 0 0 0 0 0 1 3 1 0 
0 1 0 0 0 0 0 0 0 0 0 0 0 1 3 2 3 3 
0 0 1 1 1 1 1 1 1 1 1 0 0 1 3 2 0 0 
1 0 0 0 0 1 0 1 1 0 0 1 1 3 0 0 1 2 
0 0 0 0 1 0 1 0 0 1 0 1 0 2 1 3 0 1 
0 1 1 0 0 0 1 0 0 0 1 0 0 3 2 1 2 0 
0 1 1 1 1 1 0 0 0 0 1 1 0 2 3 1 1 1 
0 1 0 1 1 1 0 1 1 1 0 1 1 1 2 0 2 3 
0 1 1 0 0 0 1 1 1 1 0 0 0 2 0 1 3 2 
1 0 0 0 0 0 0 0 0 0 0 0 0 2 0 0 0 0 
0 0 0 1 1 0 1 0 0 1 1 0 0 1 1 3 1 2 
0 0 0 0 0 0 0 0 0 1 0 1 0 0 2 2 2 1 
0 0 1 0 1 0 0 0 0 0 1 0 0 3 1 3 3 3 
0 0 0 0 1 1 1 1 1 0 0 1 0 3 2 3 3 1 
0 1 1 1 1 1 1 0 1 0 0 1 0 0 3 3 2 2 
0 1 1 1 1 1 0 1 1 1 1 1 1 3 3 0 3 0 
0 0 0 0 0 0 0 0 0 0 0 0 0 0 1 1 0 3 
0 0 1 1 1 1 1 1 0 0 0 1 0 2 0 2 1 3 
0 1 0 0 0 1 1 0 0 1 0 0 1 1 1 0 0 1 
0 0 0 0 1 1 0 0 1 0 0 0 0 3 1 2 0 2 
0 1 1 0 0 0 0 0 1 0 1 0 0 1 2 1 1 3 
0 0 1 0 0 1 0 0 1 1 0 0 0 1 0 3 2 2 
0 0 0 1 1 0 1 0 0 1 1 1 1 2 2 0 1 0 
1 0 0 0 0 0 1 0 1 1 0 0 1 2 0 0 2 1 
0 1 1 1 1 0 1 1 1 1 0 1 0 0 1 0 2 2 

# Size = 29 | Time = 240 ms
0 0 1 0 1 1 0 1 0 1 0 1 0 1 1 3 3 3 
0 1 0 0 0 0 1 0 1 0 1 0 0 2 2 0 1 1 
1 0 0 1 1 0 0 0 0 1 0 0 1 3 0 0 2 2 
0 1 1 1 1 1 1 1 0 0 1 1 0 0 3 2 0 0 
0 0 1 0 0 1 0 1 1 0 0 0 0 0 0 1 0 2 
0 1 0 0 0 0 1 1 1 1 1 1 1 3 3 0 3 3 
0 1 0 0 0 0 1 0 1 0 1 0 0 1 1 3 2 0 
0 0 1 1 1 1 0 0 0 1 0 1 0 2 2 1 1 1 
0 0 0 1 1 0 0 0 1 1 0 0 0 0 3 2 0 3 
1 0 0 0 0 1 1 1 0 0 0 1 1 2 0 0 1 0 
0 1 1 0 0 0 0 0 1 0 1 0 0 3 2 2 3 2 
0 1 0 1 1 0 1 1 0 0 1 1 0 1 0 1 3 1 
0 0 1 0 1 1 0 1 1 1 1 0 1 0 1 0 2 1 
0 1 0 0 0 1 1 1 0 0 0 0 1 1 2 0 0 2 
0 0 1 1 1 1 1 1 0 0 1 0 0 3 1 3 0 1 
0 1 0 1 1 1 0 0 0 1 1 1 0 2 3 3 2 2 
0 0 0 0 1 0 1 1 1 0 1 0 0 2 1 2 1 3 
1 0 0 1 1 0 0 1 1 1 1 0 0 0 0 0 3 0 
0 0 0 0 0 0 0 0 0 0 0 1 0 0 2 3 1 2 
0 0 0 0 0 0 0 1 1 0 0 0 0 3 3 1 1 0 
0 1 0 0 0 1 0 1 0 0 0 1 0 1 0 2 2 3 
0 0 1 0 1 1 1 0 0 0 1 0 0 1 2 1 2 3 
0 0 0 0 0 0 0 1 1 1 0 1 0 1 3 2 1 1 
1 0 0 0 0 1 1 0 0 1 1 1 0 2 0 0 0 3 
0 0 0 1 1 0 0 1 1 0 1 0 0 2 1 1 3 0 
1 0 0 0 0 1 1 1 1 0 0 1 0 3 0 0 3 1 
0 1 1 0 1 1 0 0 1 1 1 0 0 0 1 1 0 2 
0 1 1 0 1 1 1 0 0 0 1 0 0 2 0 3 1 2 
0 1 1 0 0 0 1 0 1 1 0 1 0 1 2 2 0 0 

# Size = 27 | Time = 227 ms
0 1 1 0 0 0 1 0 0 1 0 1 1 2 1 0 0 0 
0 0 0 1 1 1 0 1 1 0 1 0 0 0 3 2 3 2 
0 0 0 0 0 0 0 0 1 0 0 1 0 1 2 3 1 1 
1 0 0 0 1 1 1 1 0 1 1 0 1 3 0 0 2 3 
0 1 1 1 1 0 0 0 1 0 0 1 0 3 0 1 2 3 
0 1 1 0 0 0 1 1 0 0 1 0 0 0 3 1 1 0 
0 0 1 1 1 1 0 1 0 1 1 0 0 2 1 3 0 1 
0 1 0 1 1 1 1 0 0 1 0 0 0 1 2 2 3 0 
1 0 0 0 0 0 0 1 1 0 0 1 1 2 0 0 3 2 
0 1 0 0 0 1 1 0 1 1 0 1 1 0 3 0 0 1 
0 1 1 0 0 0 0 0 1 1 1 1 0 3 1 2 1 2 
0 0 0 0 1 0 1 1 0 1 1 1 0 1 2 1 0 2 
1 0 0 1 1 1 0 0 1 0 0 0 0 0 0 0 1 0 
0 1 0 0 0 1 1 0 0 0 0 0 0 0 1 3 2 3 
0 0 1 1 1 0 0 1 1 0 1 0 1 1 2 0 0 3 
0 0 1 0 0 0 0 0 1 0 0 0 0 3 0 3 3 1 
0 0 0 1 1 1 0 1 0 0 0 0 0 2 3 2 2 3 
0 0 0 1 1 0 0 1 1 0 1 0 0 3 0 2 0 0 
0 0 0 0 0 1 1 1 0 1 1 0 0 1 1 1 3 1 
0 0 0 0 1 1 1 1 0 0 1 1 0 1 3 3 2 0 
0 0 1 0 0 0 1 0 1 1 0 0 0 3 2 2 2 1 
0 1 0 0 0 1 1 1 0 1 0 0 0 2 2 1 1 3 
0 1 0 0 0 0 0 1 1 0 0 0 0 0 2 3 2 2 
0 0 0 0 0 0 1 1 0 0 1 1 0 3 3 3 3 3 
0 0 0 0 0 0 1 0 1 1 1 1 0 1 0 2 1 1 
1 0 0 0 0 0 1 1 1 0 1 0 1 3 0 0 1 1 
1 0 0 1 1 1 0 0 1 1 1 0 0 0 0 0 0 2 

# Size = 27 | Time = 208 ms
0 0 0 0 0 0 1 1 1 1 0 0 1 3 2 0 1 1 
0 1 1 1 1 1 0 0 0 0 1 1 0 0 0 3 2 0 
0 0 0 0 1 0 0 0 0 0 0 0 0 2 1 1 3 2 
0 1 1 0 0 1 1 1 1 1 1 1 0 1 3 0 0 3 
1 0 0 1 1 0 0 1 0 1 1 0 1 0 0 0 0 3 
0 0 0 1 1 1 1 0 0 0 0 1 0 1 3 2 1 1 
0 1 1 0 0 0 0 1 1 0 1 1 0 3 2 2 3 0 
0 1 1 0 0 1 0 0 1 1 0 0 1 2 1 0 2 2 
1 0 0 0 0 1 1 0 1 0 0 1 1 0 0 0 3 0 
0 1 0 1 1 0 1 1 1 1 1 1 0 0 1 1 1 2 
0 0 1 0 0 0 1 1 0 1 1 0 0 2 3 3 2 1 
0 0 1 0 1 1 0 0 0 0 0 0 0 3 2 1 0 3 
0 0 1 0 0 0 0 0 0 1 1 0 0 1 0 1 1 0 
0 0 0 1 1 1 0 0 1 1 0 0 0 3 3 3 3 2 
0 0 0 1 1 1 1 0 1 1 0 0 0 2 2 2 2 3 
0 1 0 0 1 0 0 1 0 0 0 1 0 2 1 2 0 1 
0 0 0 0 0 0 0 0 1 0 1 0 0 1 1 3 1 3 
1 0 0 0 0 1 1 0 0 1 0 1 0 3 0 0 2 2 
0 0 0 1 1 1 0 1 1 0 0 0 0 0 3 1 3 1 
1 0 0 0 1 0 0 0 0 0 0 1 1 2 0 0 1 1 
0 0 0 0 0 0 1 0 1 0 1 0 1 1 2 0 3 2 
0 1 1 0 1 0 1 0 1 0 0 0 0 0 2 2 0 2 
0 0 0 0 0 1 1 1 0 0 1 0 0 3 1 3 0 0 
0 0 1 0 1 1 1 1 1 0 1 1 1 2 3 0 0 0 
0 0 0 1 1 1 1 0 0 1 1 0 0 1 0 1 2 2 
0 1 0 0 1 1 1 0 1 0 1 1 0 0 0 2 0 0 
0 0 0 0 0 0 0 0 0 0 1 0 0 0 2 3 3 3 

# Size = 28 | Time = 222 ms
0 1 1 0 0 0 0 1 1 1 0 0 0 3 1 2 2 3 
0 0 0 1 1 1 0 0 0 0 1 1 1 2 0 0 3 0 
0 1 0 0 1 0 1 1 1 0 1 1 0 1 3 1 1 2 
0 0 1 0 0 1 1 0 0 1 0 0 1 0 2 0 0 1 
0 1 0 1 1 0 0 1 1 1 1 0 0 0 2 3 3 1 
1 0 0 1 1 0 1 0 1 0 0 1 0 3 0 0 0 3 
0 0 1 0 0 1 0 0 0 0 0 0 0 1 3 3 1 0 
0 0 1 1 1 1 1 1 0 1 0 1 0 2 1 1 2 2 
1 0 0 0 0 0 1 1 0 0 1 0 1 2 0 0 2 0 
0 1 0 0 0 1 0 0 0 0 1 1 0 0 1 2 0 2 
0 1 1 0 0 1 1 1 0 1 1 0 1 3 3 0 3 3 
0 1 1 1 1 0 1 1 1 1 0 1 0 1 0 2 1 1 
0 1 0 0 0 1 0 1 1 0 1 0 0 2 2 1 0 0 
0 0 1 1 1 1 1 0 1 1 0 0 1 1 1 0 3 2 
0 0 0 1 1 0 0 0 0 0 0 1 0 0 3 1 2 1 
1 0 0 1 1 1 0 0 0 1 0 1 1 0 0 0 1 2 
0 0 0 1 1 1 1 0 0 1 1 1 0 1 2 3 2 3 
0 0 0 0 0 0 0 0 0 0 0 0 0 3 2 3 1 2 
0 0 0 0 1 0 0 0 0 1 1 1 0 2 1 2 1 0 
0 0 1 1 1 0 0 0 0 0 1 0 0 2 3 3 0 1 
0 0 0 0 0 1 0 1 1 0 0 1 0 3 0 1 1 3 
1 0 0 0 1 0 0 0 1 1 0 0 0 3 0 0 3 1 
0 1 0 0 1 1 1 1 1 1 0 0 0 2 3 2 3 3 
0 0 1 1 1 0 0 1 1 0 0 0 0 0 0 3 0 0 
0 1 1 0 0 1 1 1 1 1 1 1 0 3 2 2 2 0 
0 1 1 1 1 0 1 1 1 1 1 1 0 0 1 3 2 3 
0 0 0 0 0 0 0 0 0 0 0 0 0 3 1 1 3 1 
0 1 1 1 1 0 0 1 1 0 0 0 1 1 1 0 0 0 

# Size = 27 | Time = 225 ms
0 0 0 0 0 1 1 0 1 0 0 1 1 3 3 0 3 2 
0 1 1 1 1 0 0 1 0 1 1 0 0 0 0 3 0 0 
0 0 0 0 0 1 0 0 0 1 1 0 0 2 2 1 1 3 
0 1 1 1 1 0 1 0 1 0 0 0 0 1 1 2 2 1 
1 0 0 1 1 0 0 1 1 1 1 1 1 2 0 0 2 1 
0 1 1 0 0 1 1 1 0 0 0 1 1 1 2 0 0 3 
0 0 0 0 1 0 0 1 0 1 1 1 0 3 1 2 3 2 
0 1 1 1 1 1 0 1 1 0 0 0 0 3 3 1 1 0 
0 0 0 0 0 1 1 0 1 0 0 1 0 0 0 3 2 0 
0 0 1 0 0 0 1 0 0 1 0 0 0 2 3 2 0 1 
1 0 0 0 0 0 1 0 0 0 1 0 0 0 0 0 1 2 
0 1 0 1 1 0 0 0 1 0 1 0 0 1 2 3 3 3 
0 0 0 0 0 1 0 0 1 0 1 0 1 0 1 0 0 0 
0 1 1 0 1 0 1 1 0 0 1 1 0 2 1 1 3 2 
0 0 0 1 1 0 1 0 0 0 0 0 0 3 2 3 2 2 
1 0 0 0 0 1 1 1 0 1 0 1 0 3 0 0 3 3 
0 0 0 0 0 1 1 0 1 1 1 1 0 1 3 3 1 1 
0 1 1 0 0 1 0 1 1 0 0 0 0 0 2 2 3 0 
0 1 0 1 1 1 0 0 0 1 0 0 0 0 3 1 2 3 
0 1 0 0 0 1 0 0 1 0 1 0 0 1 0 1 0 2 
0 1 0 0 0 1 1 0 0 0 1 0 0 3 1 2 1 3 
0 1 1 1 1 0 0 1 1 0 1 0 0 0 2 1 3 1 
0 0 0 0 0 0 0 0 0 1 0 0 0 2 1 3 0 0 
1 0 0 1 1 1 0 0 0 0 0 0 0 3 0 0 0 1 
0 1 1 0 0 0 0 0 1 1 0 0 1 1 1 0 1 0 
1 0 0 0 1 0 0 1 0 0 0 0 1 3 0 0 3 0 
0 1 1 1 1 1 1 0 1 0 1 1 0 0 0 2 2 2 

# Size = 27 | Time = 215 ms
0 0 0 0 1 1 1 1 0 1 1 0 0 3 0 3 0 2 
0 1 1 0 0 0 0 0 1 0 0 1 0 0 3 0 3 0 
0 1 1 1 1 0 1 0 0 0 1 0 1 1 2 0 2 3 
1 0 0 0 0 1 0 1 1 0 0 1 1 2 0 0 1 1 
0 0 0 1 1 0 0 0 1 1 0 1 0 1 1 1 0 1 
0 0 0 0 0 1 1 1 1 1 0 1 0 0 2 2 2 3 
0 1 1 1 1 0 1 1 0 1 1 0 0 2 1 2 1 0 
0 0 1 0 0 1 0 0 0 0 1 0 0 3 3 1 3 2 
1 0 0 1 1 0 1 0 0 1 0 0 1 0 0 0 3 2 
0 1 0 1 1 0 1 0 1 0 0 1 0 3 3 3 1 1 
0 0 1 0 0 1 0 1 0 0 1 0 0 1 1 3 3 1 
0 1 1 0 0 1 0 0 1 0 1 1 0 2 2 2 0 2 
1 0 0 1 1 1 0 1 0 1 1 1 1 3 0 0 2 0 
0 1 0 0 1 1 0 1 0 1 0 0 0 2 3 1 2 3 
0 0 0 0 0 0 1 1 1 0 1 0 1 0 1 0 0 3 
0 1 1 0 0 0 0 0 1 0 1 0 0 1 0 1 1 2 
0 0 1 0 0 1 1 1 1 0 1 0 0 3 2 3 3 3 
0 0 0 0 0 0 1 0 0 0 0 1 0 0 2 1 1 1 
0 1 1 0 0 1 1 1 0 1 1 0 0 1 3 2 0 0 
0 0 0 0 1 0 0 1 0 0 0 0 0 0 1 3 2 2 
1 0 0 1 1 0 1 0 1 0 0 1 0 3 0 0 1 3 
0 0 0 0 1 0 1 0 0 0 0 1 0 2 0 2 3 1 
0 0 1 0 1 1 0 0 1 1 1 0 0 2 0 3 3 0 
0 0 1 1 1 0 0 0 0 0 0 0 0 3 1 2 2 1 
0 0 0 1 1 0 1 0 1 1 0 1 0 2 2 1 0 0 
1 0 0 0 0 1 1 0 1 0 0 1 0 2 0 0 0 3 
0 0 1 1 1 0 0 0 0 1 0 0 1 3 3 0 3 1 

# Size = 27 | Time = 212 ms
0 0 0 1 1 1 0 0 0 0 0 0 1 0 1 0 1 1 
0 1 1 0 0 0 1 1 1 1 1 1 0 1 3 3 3 0 
1 0 0 0 0 0 1 1 0 0 1 0 1 2 0 0 0 2 
0 0 0 1 1 0 0 0 1 1 0 1 0 3 2 1 2 3 
0 1 1 0 0 1 0 0 1 0 0 0 0 0 0 2 2 2 
0 1 1 1 1 1 1 0 0 1 1 0 0 2 1 1 3 3 
0 1 1 0 1 1 0 1 0 0 1 0 0 3 2 3 0 1 
0 0 0 1 1 1 0 0 0 0 0 1 0 1 3 2 0 0 
1 0 0 0 0 0 1 1 1 1 0 1 1 3 0 0 1 1 
0 0 1 0 0 0 1 1 1 0 1 1 0 0 1 2 0 3 
1 0 0 1 1 1 0 1 1 0 0 0 0 2 0 0 3 0 
0 1 1 0 0 1 1 1 0 1 0 0 1 1 2 0 2 0 
0 0 1 1 1 0 1 0 0 1 0 0 0 0 3 3 1 2 
0 1 0 0 0 0 0 1 0 0 0 0 0 1 3 1 1 1 
0 0 1 0 1 0 1 0 1 0 1 0 1 2 3 0 2 3 
0 1 0 0 0 0 1 0 0 0 0 1 0 2 2 2 1 2 
0 1 1 1 1 1 1 0 0 1 0 1 0 3 1 2 3 2 
0 0 0 0 1 0 0 0 1 0 1 0 0 0 0 1 1 0 
1 0 0 1 1 0 1 0 1 1 0 1 1 0 0 0 3 3 
0 0 0 1 1 1 1 1 1 1 1 1 0 3 3 3 0 3 
0 0 1 0 0 1 0 1 1 0 0 1 0 2 1 3 2 1 
0 0 1 0 1 1 0 0 0 0 1 0 0 1 0 0 1 3 
0 0 0 0 0 0 1 1 1 1 0 0 0 0 2 2 3 1 
0 1 0 0 0 1 1 0 0 0 0 1 0 1 1 1 0 2 
0 0 0 0 1 1 0 1 0 0 0 0 0 3 1 1 2 0 
1 0 0 1 1 1 1 0 1 1 0 0 1 0 0 0 2 0 
0 0 0 1 1 1 1 0 1 1 1 0 0 2 0 3 1 1 

# Size = 27 | Time = 226 ms
1 0 0 0 1 1 1 0 0 0 0 0 1 0 0 0 0 1 
0 1 1 1 1 0 0 1 1 1 1 1 0 2 3 3 2 3 
0 0 0 0 0 0 0 0 0 1 1 0 0 1 1 1 1 0 
0 1 1 0 0 1 1 1 1 0 0 1 0 3 2 2 3 2 
1 0 0 1 1 0 0 1 1 1 1 0 1 3 0 0 3 2 
0 1 1 1 1 0 1 0 0 0 0 1 1 1 1 0 1 0 
0 1 1 1 1 0 0 0 1 1 1 0 0 0 2 2 0 1 
0 0 0 0 0 1 1 0 0 0 0 0 1 2 3 0 2 3 
0 0 0 0 0 1 0 1 0 0 0 1 0 0 0 3 0 0 
0 1 0 1 1 1 1 1 1 0 1 1 0 1 1 1 3 1 
0 0 0 0 0 1 1 0 0 1 0 0 0 3 2 3 1 2 
0 0 1 1 1 0 1 1 1 0 0 0 0 2 3 2 1 0 
0 0 1 0 1 0 0 0 0 0 0 0 0 0 3 1 3 2 
0 1 0 0 0 0 1 0 0 1 0 0 0 1 0 2 2 3 
1 0 0 0 0 0 1 0 0 0 0 1 0 2 0 0 1 1 
0 0 1 0 1 1 0 1 0 1 0 0 0 3 1 1 0 3 
0 1 0 0 1 1 0 0 0 0 0 0 0 0 1 3 2 1 
0 1 0 1 1 0 0 0 0 0 0 1 0 2 2 1 2 0 
0 0 0 0 1 0 0 1 1 0 0 1 1 0 2 0 1 3 
0 0 1 0 0 0 1 1 0 0 1 1 0 2 1 2 0 2 
0 0 1 0 0 0 1 1 1 1 0 1 0 3 3 1 0 1 
1 0 0 0 0 0 1 1 0 1 1 1 0 3 0 0 2 0 
0 1 1 0 1 1 1 1 0 1 1 0 0 1 2 3 2 2 
0 1 1 1 1 0 0 1 0 0 0 0 0 2 0 3 3 3 
0 1 1 0 0 0 1 0 0 1 1 1 0 1 3 2 0 0 
0 0 0 0 1 0 1 1 0 0 0 0 0 0 0 1 3 0 
1 0 0 0 0 0 0 1 0 1 1 1 1 2 0 0 3 3 

# Size = 29 | Time = 231 ms
0 0 1 0 0 0 1 0 0 0 0 0 0 3 2 2 3 1 
0 1 0 1 1 1 0 1 1 1 0 1 0 2 1 1 0 0 
0 1 0 0 0 1 0 0 0 1 1 0 1 0 3 0 2 3 
1 0 0 1 1 0 1 1 1 0 1 1 1 3 0 0 1 2 
0 1 1 1 1 0 0 0 0 1 0 0 0 1 0 3 1 2 
0 0 1 0 0 1 1 1 1 0 1 1 0 1 3 3 2 0 
0 0 1 0 0 0 1 1 0 0 1 0 0 0 1 1 0 3 
1 0 0 0 1 1 0 0 1 1 1 0 1 2 0 0 3 1 
0 1 0 1 1 1 0 0 1 1 0 1 0 3 2 2 2 3 
0 1 0 1 1 0 1 1 0 0 0 1 0 0 3 3 3 1 
1 0 0 0 0 0 0 0 0 0 0 0 1 0 0 0 0 0 
0 1 1 0 0 0 0 1 0 0 1 0 0 2 2 2 1 2 
0 1 0 0 1 1 0 0 1 0 0 0 0 1 1 1 3 2 
0 1 1 0 0 0 1 0 0 1 0 0 1 1 2 0 0 1 
0 0 0 0 0 1 1 0 1 1 1 1 0 2 3 1 1 1 
0 1 1 1 1 0 0 1 1 1 0 0 0 3 1 0 2 1 
0 1 1 0 1 0 1 1 1 0 0 1 0 0 2 2 1 0 
0 0 0 0 0 0 0 0 1 0 0 1 0 3 3 3 0 2 
0 0 0 0 0 1 1 1 0 1 1 0 0 2 0 3 2 3 
0 1 0 0 1 1 1 0 0 0 1 1 0 1 1 2 1 3 
0 0 0 0 1 1 0 0 0 0 0 0 0 3 2 1 2 0 
1 0 0 0 1 1 0 0 1 1 0 1 0 0 0 0 2 2 
0 0 1 0 0 1 1 0 1 1 0 1 0 3 3 2 0 3 
0 0 0 1 1 0 1 0 0 1 0 0 0 0 0 2 3 3 
0 1 0 0 0 0 1 0 0 0 1 0 1 0 1 0 3 0 
0 1 1 1 1 0 1 0 0 0 0 0 0 1 2 3 3 0 
1 0 0 0 0 0 1 0 0 0 0 1 0 0 0 0 3 3 
0 0 1 1 1 1 0 1 1 1 1 1 0 3 0 1 1 0 
0 0 0 1 1 0 0 0 1 0 1 1 0 0 1 3 1 2 

