# Size = 23 | Time = 2117 ms
0 0 0 0 0 1 1 0 1 0 0 0 0 2 2 3 2 1 
0 1 0 0 1 0 0 0 0 1 0 0 0 0 1 3 0 2 
0 0 1 0 0 1 0 1 1 0 0 1 1 0 3 0 2 0 
1 0 0 0 1 1 0 1 1 1 1 1 1 2 0 0 1 2 
0 1 0 1 1 0 1 0 1 0 0 0 0 2 3 1 1 2 
0 1 0 0 0 1 0 1 0 1 1 1 0 3 0 3 1 0 
0 1 1 1 1 1 1 1 1 0 0 1 0 0 2 2 1 3 
1 0 0 1 1 0 1 0 0 0 0 1 1 2 0 0 3 0 
0 0 1 0 0 0 0 1 1 1 1 0 0 2 1 2 3 0 
1 0 0 0 0 0 0 0 1 1 0 0 1 3 0 0 2 3 
0 1 1 0 0 1 0 1 0 1 1 1 0 3 1 1 2 3 
0 0 1 0 0 1 1 1 1 0 0 1 1 1 1 0 0 0 
0 1 1 1 1 0 0 0 0 1 1 0 1 1 2 0 0 0 
0 0 0 1 1 0 1 0 1 1 0 1 0 1 2 1 0 0 
0 1 1 1 1 1 1 1 0 0 1 0 0 3 2 3 3 2 
0 0 0 0 0 0 1 0 0 1 1 0 0 1 3 3 3 2 
0 1 0 0 1 1 0 1 1 1 0 1 0 1 3 3 3 3 
0 0 0 1 1 0 0 0 0 1 0 1 0 1 0 2 2 2 
1 0 0 1 1 0 0 1 0 1 1 1 1 0 0 0 3 1 
0 1 1 1 1 0 1 0 1 0 0 0 0 0 0 1 3 1 
1 0 0 1 1 1 1 0 1 1 0 0 0 2 0 0 0 3 
0 0 1 1 1 1 1 1 0 0 0 0 0 3 3 2 0 1 
0 1 1 1 1 1 1 1 0 1 0 0 0 1 1 0 1 1 

# Size = 22 | Time = 246 ms
0 1 1 1 1 1 1 1 0 0 1 1 1 1 1 0 1 2 
0 0 0 1 1 1 0 1 1 1 1 0 0 3 0 0 3 1 
0 0 0 0 1 0 1 1 1 1 0 0 0 1 3 3 0 1 
0 0 1 0 0 0 1 0 1 0 0 1 0 1 0 2 2 0 
1 0 0 0 1 0 1 1 1 0 0 0 1 3 0 0 1 0 
0 1 0 1 1 1 1 0 0 1 1 1 0 3 3 1 1 0 
0 0 0 0 0 1 1 1 0 0 1 1 1 0 1 0 2 1 
0 0 1 0 0 0 0 0 1 1 0 0 0 0 1 1 2 1 
1 0 0 0 1 0 1 1 1 1 1 1 0 2 0 0 2 3 
0 1 1 0 0 1 0 0 0 0 0 0 1 2 3 0 2 3 
0 1 1 0 0 1 1 0 0 0 1 1 0 2 1 3 3 0 
0 0 1 0 0 1 0 0 0 0 0 0 0 2 0 1 0 2 
1 0 0 1 1 1 0 0 0 0 0 0 1 2 0 0 1 1 
0 1 0 0 0 1 1 1 0 0 1 0 0 2 2 2 1 1 
0 1 0 1 1 0 0 0 1 0 1 0 0 0 0 3 1 3 
1 0 0 0 0 0 0 0 1 0 1 1 0 0 0 0 0 0 
0 0 1 1 1 1 1 0 1 1 0 1 1 0 2 0 0 0 
0 1 1 0 0 0 0 1 0 1 0 1 0 1 2 1 3 3 
1 0 0 1 1 0 1 1 1 1 1 1 1 0 0 0 3 2 
0 1 0 1 1 0 0 0 0 1 1 0 0 0 3 2 3 2 
0 1 1 1 1 1 0 1 1 1 1 0 0 3 2 3 2 2 
0 1 1 0 0 1 1 1 0 0 1 1 0 3 1 2 0 3 

# Size = 24 | Time = 749 ms
0 1 1 1 1 1 0 0 1 0 0 1 0 3 3 2 1 3 
0 0 0 1 1 0 1 0 0 1 1 1 1 3 0 0 3 2 
0 1 0 0 1 0 1 1 1 1 1 0 0 2 3 1 2 2 
0 1 1 1 1 0 0 1 0 0 1 1 1 0 2 0 1 2 
0 1 0 0 0 1 1 0 1 1 0 0 0 0 2 3 1 2 
1 0 0 0 0 0 0 0 0 0 1 1 1 2 0 0 0 3 
0 1 1 0 1 1 1 1 1 1 0 0 0 2 0 3 0 3 
0 0 1 1 1 1 0 1 1 0 1 0 0 1 2 0 2 3 
0 0 1 0 1 1 0 1 0 0 1 0 0 3 2 1 0 1 
1 0 0 1 1 1 0 1 1 1 0 0 1 0 0 0 1 0 
0 1 0 0 0 0 1 0 0 1 0 1 0 1 0 1 1 0 
1 0 0 0 0 0 1 0 1 1 0 1 1 0 0 0 2 1 
0 1 0 0 0 0 1 1 0 1 1 0 0 0 0 2 2 1 
0 1 0 1 1 1 1 1 1 1 0 0 1 2 1 0 1 1 
0 0 1 0 0 1 0 1 0 0 0 0 1 1 3 0 3 1 
0 1 1 1 1 0 1 1 1 0 1 1 0 1 3 3 3 1 
1 0 0 0 0 0 0 1 1 0 0 0 0 0 0 0 3 3 
0 0 1 1 1 0 0 0 0 0 1 1 0 0 1 1 3 3 
1 0 0 1 1 1 0 1 0 0 1 0 1 0 0 0 0 2 
0 0 0 0 0 1 0 1 0 1 1 1 0 1 1 2 0 2 
0 0 1 0 0 0 0 1 0 0 1 1 0 0 3 3 0 0 
0 1 1 0 1 0 1 1 0 0 1 0 0 2 2 2 3 0 
1 0 0 0 0 0 0 0 0 1 0 1 0 3 0 0 2 0 
0 1 0 0 0 1 1 0 0 1 0 1 0 3 1 3 2 0 

# Size = 24 | Time = 953 ms
0 0 0 0 1 1 0 1 0 1 1 0 1 3 0 0 3 2 
0 0 0 1 1 1 1 0 1 1 1 1 0 3 1 1 0 3 
0 0 1 0 0 0 0 0 0 1 0 1 0 1 3 0 0 1 
0 1 1 1 1 0 1 0 0 0 1 0 0 1 1 3 1 2 
1 0 0 0 0 0 1 0 1 1 0 1 0 0 0 0 2 2 
0 1 1 1 1 1 1 1 0 0 1 0 0 0 3 1 2 2 
1 0 0 0 0 1 0 1 0 0 1 0 0 2 0 0 0 3 
0 0 1 1 1 0 1 1 1 1 0 1 0 2 3 3 3 3 
0 1 1 0 1 0 1 0 0 0 1 0 0 2 2 2 0 2 
0 0 1 1 1 0 1 0 1 1 0 0 1 0 0 0 0 0 
0 1 0 0 0 1 0 1 0 1 1 1 0 0 0 3 0 0 
0 0 0 0 0 1 0 1 1 1 0 1 1 0 2 0 1 3 
1 0 0 0 0 0 1 1 1 0 1 0 1 3 0 0 2 1 
0 1 1 1 1 1 1 1 0 0 0 1 0 3 2 3 2 1 
0 1 0 1 1 1 0 1 1 1 0 1 0 1 0 2 2 3 
0 1 0 1 1 1 1 0 0 0 0 0 1 1 0 0 3 0 
0 0 0 1 1 1 0 1 0 1 0 1 1 3 3 0 1 0 
0 0 1 0 0 0 0 1 1 1 0 1 0 3 3 2 1 0 
0 1 0 0 0 1 0 1 1 0 0 0 0 0 1 2 3 1 
1 0 0 1 1 1 0 1 0 1 0 1 1 2 0 0 3 0 
0 1 1 0 0 0 0 1 1 0 0 0 0 1 2 1 3 0 
0 0 1 0 0 0 0 0 0 1 0 1 1 2 1 0 2 0 
1 0 0 1 1 0 1 0 0 1 0 0 1 2 0 0 1 1 
0 0 0 1 1 1 0 0 0 0 0 1 0 2 0 1 1 1 

# Size = 24 | Time = 208 ms
0 0 1 1 1 1 1 0 0 0 1 0 0 2 3 2 2 2 
0 1 1 0 0 1 1 1 1 0 0 1 0 2 1 1 3 0 
0 0 0 0 0 1 0 0 1 0 1 1 0 1 1 2 0 3 
0 1 0 1 1 1 0 1 1 0 0 0 0 2 2 3 1 3 
0 0 1 0 0 0 0 1 0 1 1 0 0 3 1 3 2 1 
0 1 1 1 1 0 1 0 1 0 1 0 1 3 3 0 3 3 
0 1 0 0 0 1 1 0 1 1 1 1 0 3 0 2 1 0 
1 0 0 0 1 0 1 1 0 1 0 0 1 2 0 0 0 1 
0 1 1 1 1 0 1 0 0 0 0 1 0 1 0 3 3 1 
0 1 0 0 0 1 0 1 1 1 0 1 0 1 0 3 3 2 
0 0 1 0 1 0 1 1 0 1 0 0 1 0 3 0 0 0 
0 1 0 0 0 1 0 0 1 0 1 1 0 0 3 3 0 0 
0 0 1 1 1 0 0 0 0 1 1 1 1 0 1 0 1 2 
1 0 0 0 0 1 0 0 1 0 0 1 1 3 0 0 1 1 
0 0 0 1 1 0 0 0 0 1 1 0 0 1 3 1 1 1 
0 0 0 1 1 0 0 1 1 0 0 0 1 1 3 0 0 0 
1 0 0 1 1 0 0 0 1 0 1 1 0 3 0 0 2 2 
0 0 1 0 0 0 1 0 0 1 1 1 1 3 2 0 0 2 
0 1 1 1 1 0 0 1 0 1 1 1 0 3 2 1 0 2 
1 0 0 1 1 0 0 1 0 1 0 0 1 0 0 0 3 0 
0 1 1 1 1 0 1 1 0 1 0 1 0 1 2 2 2 0 
0 0 0 0 1 1 1 0 0 1 1 0 0 0 2 2 3 1 
1 0 0 0 0 0 0 0 0 1 1 0 1 0 0 0 2 3 
0 0 1 1 1 1 1 1 0 1 1 0 0 0 0 1 2 3 

# Size = 22 | Time = 394 ms
0 1 0 0 0 1 0 0 1 0 0 0 0 3 3 2 2 1 
0 0 0 0 1 1 0 0 1 0 1 1 1 1 0 0 3 1 
0 1 1 0 0 0 1 0 1 1 0 1 0 0 3 1 3 0 
0 0 1 1 1 1 1 1 1 0 1 1 0 0 0 2 1 3 
0 1 1 1 1 0 0 1 0 1 0 0 1 2 3 0 0 3 
0 1 0 0 1 0 0 1 0 1 1 1 0 2 2 2 3 2 
1 0 0 0 0 0 1 1 0 0 0 0 1 3 0 0 0 2 
0 0 0 1 1 1 0 0 1 0 1 0 0 3 0 1 0 2 
1 0 0 0 1 0 0 1 0 1 1 1 1 0 0 0 2 3 
0 1 1 1 1 0 1 0 0 0 0 0 1 1 2 0 2 3 
0 0 1 0 0 1 0 1 0 1 1 0 0 1 2 1 2 3 
0 0 1 0 1 1 0 0 1 1 0 0 0 0 1 0 2 2 
0 0 0 0 0 0 0 1 1 1 1 1 0 1 3 3 1 2 
1 0 0 0 0 1 1 0 1 0 0 0 1 2 0 0 1 0 
0 1 1 1 1 0 1 1 0 1 1 1 0 2 1 1 1 1 
0 1 1 1 1 1 0 1 0 1 0 0 0 2 0 3 2 0 
0 1 1 1 1 1 1 0 1 1 1 1 0 3 2 2 1 0 
1 0 0 1 1 1 1 0 0 1 1 0 0 0 0 0 3 1 
0 0 0 1 1 1 1 0 1 0 1 1 0 0 2 3 0 1 
0 0 0 0 0 1 0 1 1 0 1 1 1 1 1 0 0 0 
0 1 1 1 1 1 1 0 0 0 1 1 0 1 1 2 0 0 
0 0 0 1 1 1 0 0 0 0 1 1 0 3 1 3 3 3 

# Size = 21 | Time = 3487 ms
0 1 0 0 1 0 1 1 1 0 0 0 0 2 3 1 3 2 
0 0 0 0 0 1 0 1 0 1 1 1 0 3 2 1 0 3 
0 0 1 0 0 0 0 1 0 0 1 1 0 2 1 2 2 3 
0 1 1 0 1 0 0 0 1 0 0 0 0 3 0 2 1 2 
0 1 0 1 1 1 0 1 1 0 0 0 1 2 2 0 1 1 
0 0 0 0 0 0 0 1 0 0 1 0 1 3 3 0 2 0 
1 0 0 1 1 1 0 0 1 1 0 1 1 2 0 0 2 2 
0 1 1 0 0 0 1 1 0 0 0 1 0 1 2 3 2 2 
1 0 0 0 1 0 1 1 0 1 0 1 1 0 0 0 1 3 
0 1 1 1 1 1 1 0 1 1 0 0 0 1 1 1 1 0 
0 1 1 1 1 1 0 0 0 1 1 0 1 1 1 0 3 3 
0 0 0 1 1 1 0 0 0 1 1 0 0 1 0 3 3 0 
1 0 0 0 0 0 1 0 1 1 0 0 1 2 0 0 0 0 
0 0 1 0 1 1 1 0 0 1 1 1 0 2 3 3 0 1 
0 1 1 0 0 0 0 1 1 0 1 0 0 0 0 1 2 1 
0 0 0 0 0 0 1 1 1 1 1 0 0 0 3 3 1 3 
1 0 0 1 1 0 1 0 1 0 1 1 0 3 0 0 3 1 
0 0 0 0 0 0 0 1 0 1 1 1 0 3 1 3 3 1 
0 1 0 1 1 1 1 0 0 1 0 1 0 0 2 2 3 0 
0 1 1 1 1 1 1 0 1 0 1 0 0 1 3 2 0 1 
0 0 1 0 1 0 0 0 0 0 1 0 1 0 1 0 0 2 

# Size = 24 | Time = 2906 ms
0 0 0 0 1 0 0 0 0 1 0 0 1 2 3 0 0 3 
0 0 0 0 1 1 1 0 0 0 0 0 0 1 2 0 3 0 
0 1 0 1 1 0 0 1 0 0 1 1 0 0 1 2 0 0 
0 1 1 0 0 1 1 1 1 0 0 0 1 2 1 0 0 2 
0 0 0 1 1 0 1 0 1 1 1 1 0 2 2 2 1 2 
1 0 0 0 0 0 1 0 0 0 1 1 1 0 0 0 3 2 
0 1 1 1 1 0 0 0 1 1 1 1 0 0 3 1 3 2 
0 1 0 1 1 1 0 0 0 1 1 1 0 1 0 3 0 2 
0 0 0 0 0 1 1 0 1 0 0 1 0 3 0 2 3 3 
0 0 0 1 1 0 0 0 1 1 0 0 0 3 1 0 2 2 
1 0 0 1 1 1 0 1 1 0 0 0 1 3 0 0 1 0 
0 0 1 0 0 0 1 1 1 0 0 0 0 3 3 3 1 0 
0 1 1 1 1 1 0 1 0 0 1 0 0 0 2 3 2 3 
0 0 0 0 0 0 1 1 1 0 0 1 1 0 2 0 3 1 
1 0 0 1 1 0 0 0 0 1 1 1 0 2 0 0 3 1 
0 1 0 0 0 1 0 1 0 1 0 1 0 2 1 3 3 1 
1 0 0 0 1 0 0 0 0 1 0 0 1 0 0 0 1 3 
0 1 1 0 0 0 0 1 1 0 0 0 0 1 1 1 1 3 
1 0 0 0 0 1 1 1 1 1 1 1 1 2 0 0 2 0 
0 0 1 1 1 1 1 1 1 1 1 0 0 1 3 2 2 1 
0 1 1 0 1 0 1 0 1 1 0 0 1 1 0 0 1 1 
1 0 0 0 0 0 0 0 0 0 0 0 0 3 0 0 0 1 
0 1 0 1 1 1 1 0 0 0 1 0 0 3 2 1 0 1 
0 0 0 1 1 0 1 1 1 1 1 0 0 2 0 1 2 0 

# Size = 23 | Time = 2222 ms
0 1 1 0 0 1 1 0 1 0 1 1 0 1 3 0 0 2 
0 1 0 0 1 0 0 1 0 0 0 0 0 3 3 3 2 1 
0 0 0 0 1 0 0 0 0 1 1 1 0 0 2 0 3 1 
0 1 1 0 0 1 0 1 0 1 1 0 0 2 0 0 2 3 
1 0 0 1 1 0 1 0 0 1 0 0 1 2 0 0 0 1 
0 1 1 1 1 1 0 1 1 0 1 1 0 2 1 1 0 1 
0 0 1 1 1 0 1 1 1 1 0 1 0 0 3 1 1 3 
0 1 1 0 1 1 0 1 0 0 1 1 0 2 3 2 3 0 
0 1 1 1 1 0 1 0 1 0 1 0 1 2 3 0 3 0 
0 1 1 0 0 1 1 0 1 0 1 1 0 0 0 3 0 0 
0 0 0 0 0 0 0 0 0 0 0 0 0 1 1 3 3 3 
1 0 0 0 0 1 0 0 1 0 1 1 0 3 0 0 1 1 
0 0 0 1 1 0 1 0 1 1 0 0 0 1 0 2 1 1 
1 0 0 1 1 1 1 0 1 1 0 1 1 3 0 0 2 3 
0 1 1 0 0 1 1 1 1 0 0 0 0 3 2 2 0 3 
1 0 0 0 0 0 0 1 0 0 0 0 1 0 0 0 2 2 
0 1 0 1 1 0 1 1 0 1 0 0 0 0 1 2 2 2 
1 0 0 0 0 1 1 0 1 1 0 1 0 3 0 0 3 0 
0 1 0 1 1 1 0 1 0 0 1 0 1 3 1 0 1 0 
0 1 0 0 0 1 0 0 0 1 1 0 0 3 0 1 3 2 
0 0 0 1 1 0 1 1 1 1 0 0 0 2 2 3 1 2 
0 0 0 0 0 0 0 1 0 0 1 1 1 1 2 0 2 0 
0 1 0 0 1 0 0 0 0 1 0 1 0 1 2 1 2 0 

# Size = 24 | Time = 788 ms
0 0 0 0 0 0 0 1 1 0 1 1 0 0 1 1 2 3 
0 0 0 0 0 1 1 1 0 1 1 0 0 1 0 0 2 0 
1 0 0 0 1 1 1 0 0 1 0 1 1 3 0 0 2 2 
0 1 1 0 0 0 1 1 1 0 0 0 0 3 2 2 2 2 
0 1 0 1 1 1 0 0 0 0 1 1 0 1 2 3 0 3 
0 1 1 0 0 1 1 0 1 0 0 1 1 0 2 0 0 0 
1 0 0 0 0 0 0 1 1 0 1 0 1 3 0 0 0 1 
0 0 0 0 0 0 1 0 0 1 1 0 0 0 3 2 0 0 
0 1 1 1 1 1 1 0 0 1 1 0 0 3 0 1 0 1 
1 0 0 0 0 0 1 0 0 1 0 1 0 3 0 0 1 3 
0 0 1 1 1 1 0 1 1 0 0 0 1 3 3 0 1 3 
0 1 0 1 1 0 1 1 0 0 0 1 0 2 3 3 2 1 
0 0 1 1 1 0 1 1 1 0 0 1 0 1 3 1 3 2 
1 0 0 1 1 1 0 0 1 1 1 0 1 2 0 0 1 0 
0 0 1 0 0 1 1 1 1 1 1 0 0 2 2 1 1 0 
0 1 1 1 1 1 0 0 0 1 0 1 0 1 1 2 1 1 
0 1 0 0 0 1 1 0 0 1 1 0 1 1 1 0 3 0 
0 1 0 1 1 0 0 0 0 1 1 0 0 2 0 2 3 3 
0 0 1 0 0 1 0 1 1 1 1 0 0 2 1 3 0 2 
0 1 1 1 1 0 0 1 1 1 0 0 0 0 2 3 3 1 
1 0 0 0 0 0 0 1 0 0 1 1 0 3 0 0 3 0 
0 0 1 1 1 1 0 0 1 1 0 1 0 3 1 3 1 0 
1 0 0 0 1 0 1 1 1 1 0 0 1 0 0 0 1 2 
0 1 1 0 0 0 0 1 1 1 1 1 0 2 0 3 2 0 

# Size = 23 | Time = 387 ms
0 1 0 1 1 1 1 0 1 1 0 0 0 0 3 1 3 3 
1 0 0 0 0 0 0 0 1 1 0 0 0 0 0 0 0 2 
0 1 0 1 1 1 1 1 0 0 1 1 0 0 1 2 0 2 
0 0 1 0 1 0 1 0 1 1 0 0 0 2 1 1 1 1 
1 0 0 1 1 0 0 1 0 0 1 1 1 2 0 0 3 1 
0 0 1 0 0 1 1 0 0 1 1 0 0 3 2 2 3 1 
0 1 1 1 1 0 1 1 0 0 1 0 0 3 3 3 1 2 
0 0 1 0 0 0 0 0 1 1 1 0 1 1 3 0 3 0 
0 0 0 0 0 1 0 0 0 1 0 1 0 1 1 3 3 0 
0 1 1 0 0 1 1 1 0 1 0 1 0 2 0 3 3 2 
1 0 0 0 0 0 0 1 0 0 1 1 1 3 0 0 1 3 
0 0 1 0 1 1 1 0 0 0 0 0 1 3 1 0 2 3 
1 0 0 0 0 0 1 1 1 1 1 1 1 0 0 0 2 1 
0 1 0 1 1 0 0 1 1 0 0 1 0 0 2 3 2 1 
0 1 1 1 1 1 0 0 0 0 1 0 0 2 2 3 0 3 
0 1 1 1 1 1 0 0 1 0 0 0 0 1 0 2 1 3 
0 0 1 0 0 0 1 1 0 0 1 1 0 1 2 1 2 2 
0 1 1 0 1 0 1 1 1 1 0 1 1 1 2 0 1 2 
0 1 1 1 1 0 1 1 0 0 1 1 0 2 3 2 2 0 
0 0 1 0 0 0 0 1 0 1 0 1 0 0 2 1 1 0 
0 1 0 0 0 0 0 1 1 0 0 1 1 1 3 0 0 1 
1 0 0 1 1 1 1 1 1 0 0 0 1 3 0 0 0 0 
0 1 0 0 0 1 0 1 1 1 1 0 0 3 0 1 0 2 

# Size = 24 | Time = 174 ms
0 1 0 0 0 1 1 1 0 1 0 0 1 2 2 0 0 2 
0 0 0 0 0 1 0 0 1 0 0 0 0 0 1 0 2 3 
1 0 0 0 1 0 1 1 1 0 0 1 0 3 0 0 3 1 
0 0 1 1 1 0 1 0 1 1 0 0 0 1 1 3 0 1 
1 0 0 0 0 1 0 1 1 1 1 0 1 0 0 0 3 1 
0 1 1 0 0 0 1 0 1 1 0 0 0 0 2 2 1 1 
0 1 0 0 1 1 1 1 0 1 0 1 0 1 2 1 3 3 
0 0 1 1 1 1 1 0 0 1 1 0 0 1 3 0 1 0 
0 1 1 0 0 0 0 1 0 0 0 1 1 1 1 0 3 0 
1 0 0 1 1 0 0 0 0 0 0 1 1 2 0 0 3 0 
0 0 0 1 1 1 0 1 0 1 1 0 0 2 1 2 3 0 
0 1 1 1 1 0 1 1 1 0 1 1 0 1 0 2 2 2 
0 0 1 1 1 1 0 1 0 0 1 0 0 3 2 3 2 0 
0 1 0 0 0 0 1 0 1 1 1 1 1 3 3 0 2 3 
0 1 0 0 0 0 0 1 1 0 1 1 0 2 0 3 1 3 
0 1 0 1 1 0 0 1 1 0 0 1 1 0 3 0 1 0 
0 0 1 1 1 0 0 0 0 0 1 0 0 0 0 1 0 0 
0 0 1 0 0 0 0 0 1 1 1 0 0 0 3 3 3 2 
1 0 0 1 1 1 1 1 0 1 0 0 1 3 0 0 1 2 
0 1 1 0 0 0 1 0 1 1 0 1 0 3 1 1 1 2 
1 0 0 1 1 0 0 0 0 0 1 1 1 3 0 0 0 3 
0 1 1 1 1 0 0 1 1 0 0 0 0 3 3 2 0 3 
1 0 0 0 1 0 1 1 0 0 1 1 1 2 0 0 2 1 
0 1 1 1 1 0 0 1 1 0 1 1 0 2 3 1 2 1 

# Size = 23 | Time = 1828 ms
0 0 1 0 0 1 1 0 0 0 1 0 0 2 1 2 3 0 
0 1 0 0 0 1 0 0 1 0 0 1 0 2 2 3 2 1 
0 1 0 0 1 0 0 1 1 0 1 0 0 2 0 0 1 3 
0 0 1 1 1 0 0 1 0 1 0 0 0 3 0 2 2 2 
0 1 1 1 1 1 1 0 0 0 0 0 1 3 1 0 0 1 
0 0 0 0 1 0 1 0 0 1 1 1 0 0 1 1 2 3 
1 0 0 1 1 1 1 0 0 1 1 1 1 2 0 0 2 2 
0 1 0 0 0 1 0 1 1 0 1 0 0 2 3 1 0 2 
0 1 1 0 0 1 1 1 1 1 1 0 0 0 0 3 0 0 
0 0 1 1 1 1 1 1 0 1 0 1 0 3 3 3 3 3 
0 1 0 0 0 0 1 1 0 1 1 1 1 3 2 0 3 3 
1 0 0 1 1 0 0 1 1 0 0 0 1 0 0 0 3 2 
0 1 0 0 0 1 1 0 0 1 0 1 0 0 2 2 1 2 
0 0 1 0 0 0 1 1 1 1 1 1 1 0 3 0 1 1 
0 0 0 0 0 1 1 0 0 1 1 0 0 1 3 2 3 1 
1 0 0 0 0 1 1 0 1 0 1 1 0 3 0 0 1 1 
0 1 1 1 1 1 1 1 1 0 0 1 0 1 0 1 3 1 
0 0 0 1 1 0 0 1 1 0 0 1 1 1 3 0 2 0 
1 0 0 0 0 0 0 0 1 1 1 1 1 3 0 0 0 0 
0 0 1 1 1 0 1 0 0 1 0 0 0 3 2 1 1 0 
1 0 0 1 1 1 0 0 0 0 0 1 1 0 0 0 3 3 
0 1 0 1 1 0 1 1 1 0 0 1 0 1 2 2 0 3 
0 1 0 1 1 0 0 1 1 1 1 1 0 1 1 3 1 2 

# Size = 23 | Time = 1560 ms
0 0 1 1 1 0 0 1 0 1 1 0 0 2 2 1 0 2 
0 0 0 0 1 0 1 0 1 0 0 1 0 1 2 3 3 0 
0 0 1 0 1 1 0 0 1 0 0 0 0 2 0 2 1 0 
1 0 0 1 1 0 1 0 0 0 0 1 1 0 0 0 0 3 
0 1 1 1 1 1 0 1 1 1 1 0 0 0 0 3 0 3 
0 0 1 0 0 0 1 0 0 0 0 1 0 3 3 3 1 2 
0 1 0 1 1 0 1 1 1 1 0 1 1 2 3 0 1 3 
0 0 1 0 0 1 0 1 0 1 1 0 1 2 3 0 3 3 
1 0 0 1 1 1 0 0 1 1 1 1 0 2 0 0 2 1 
0 0 1 0 0 0 0 0 1 0 0 0 0 2 1 3 2 1 
0 1 0 1 1 1 1 1 1 1 1 1 0 0 1 2 3 2 
1 0 0 0 0 0 0 1 1 1 1 0 1 3 0 0 3 2 
0 1 1 0 0 1 0 1 0 1 1 0 1 1 0 0 2 2 
0 1 0 1 1 1 1 0 0 0 0 0 0 3 0 1 3 1 
0 1 1 1 1 1 0 0 0 0 1 1 0 1 1 1 1 3 
0 1 1 0 0 0 1 0 0 1 1 0 0 3 2 2 2 3 
0 1 1 1 1 1 0 1 0 0 1 1 1 3 2 0 1 1 
1 0 0 1 1 1 1 0 0 1 1 1 1 0 0 0 1 1 
0 1 1 0 0 0 0 1 0 1 1 1 0 0 2 1 0 0 
0 1 1 1 1 1 0 0 1 1 1 1 0 1 3 2 0 1 
1 0 0 1 1 1 0 0 1 0 1 1 0 3 0 0 1 0 
0 1 1 0 1 1 1 0 1 1 0 1 1 3 1 0 0 0 
0 1 0 0 0 0 1 1 1 1 1 1 0 0 3 1 2 0 

# Size = 22 | Time = 2970 ms
0 1 0 0 0 1 1 1 0 0 1 1 1 0 1 0 1 3 
0 0 0 1 1 0 1 1 0 0 1 0 0 1 3 3 1 1 
0 0 0 0 0 0 0 0 1 1 1 0 0 0 0 3 2 0 
0 1 1 0 0 1 1 0 1 1 1 1 0 2 2 1 1 0 
0 1 0 0 1 1 1 0 0 0 0 1 0 3 2 3 3 3 
1 0 0 1 1 0 1 0 0 0 1 0 0 2 0 0 3 1 
0 1 1 1 1 1 1 1 1 1 0 0 1 1 2 0 2 1 
0 0 0 0 0 1 0 1 0 0 1 1 0 1 2 0 2 2 
1 0 0 1 1 1 0 1 1 1 0 0 1 2 0 0 2 3 
0 1 0 0 0 1 0 0 0 1 0 1 0 2 3 2 2 3 
1 0 0 0 0 0 0 0 1 1 0 0 1 3 0 0 1 2 
0 1 1 1 1 1 1 1 1 0 1 0 0 3 0 2 1 2 
0 0 0 0 0 0 0 1 0 1 0 1 0 3 1 1 2 1 
1 0 0 1 1 1 1 1 0 0 0 1 1 3 0 0 0 0 
0 1 1 0 0 0 0 0 1 1 1 0 0 3 3 0 0 0 
1 0 0 1 1 0 1 0 1 0 0 1 0 0 0 0 0 1 
0 0 1 0 1 0 1 0 0 1 1 0 0 0 2 2 0 1 
0 1 1 1 1 0 0 1 1 1 1 0 0 0 3 1 3 2 
0 1 1 0 0 0 1 0 0 1 1 0 1 0 3 0 3 3 
0 0 1 1 1 0 1 0 1 1 0 0 0 1 1 2 3 0 
0 0 1 1 1 0 1 0 0 1 1 1 0 2 1 3 0 2 
0 1 0 1 1 1 1 1 1 0 0 1 0 1 0 1 0 3 

# Size = 25 | Time = 400 ms
0 1 1 1 1 0 0 1 1 1 1 1 0 0 1 2 2 1 
0 0 1 0 0 1 1 1 0 0 0 0 0 0 3 0 0 3 
0 1 1 1 1 1 1 0 1 0 1 0 0 1 1 1 0 2 
0 0 1 0 0 0 1 0 0 0 1 0 0 3 2 1 2 2 
1 0 0 1 1 0 0 1 1 1 0 1 1 3 0 0 2 2 
0 0 1 0 0 0 1 0 1 1 0 0 1 0 2 0 3 2 
0 1 1 0 0 1 1 1 0 0 1 1 0 0 0 3 3 2 
1 0 0 0 1 0 0 0 1 0 1 1 1 2 0 0 2 3 
0 1 1 0 0 1 0 1 0 1 0 1 0 2 0 1 1 3 
0 0 0 0 0 0 1 0 0 0 1 0 0 2 3 2 1 2 
0 0 1 0 0 0 1 1 0 0 1 0 1 2 1 0 1 0 
0 1 0 1 1 1 0 0 0 1 0 0 0 2 1 2 3 0 
0 1 0 0 0 0 0 1 1 1 0 1 1 3 0 0 0 0 
0 1 0 1 1 1 0 1 1 0 0 0 0 3 0 2 0 3 
0 0 0 1 1 0 0 0 0 1 0 0 0 3 1 3 1 3 
1 0 0 0 0 1 1 0 0 0 0 0 1 3 0 0 3 1 
0 1 0 1 1 0 0 1 1 1 1 1 0 3 3 1 3 1 
0 1 0 0 0 0 0 1 0 1 0 1 0 1 2 2 3 3 
1 0 0 0 0 1 0 0 1 0 1 1 0 0 0 0 1 0 
0 1 0 1 1 1 1 1 1 1 1 0 0 0 2 1 1 0 
0 0 1 1 1 1 0 0 0 0 1 1 1 1 3 0 2 0 
0 0 0 1 1 0 1 0 1 0 1 0 0 1 3 3 2 0 
0 0 0 0 0 0 0 0 1 0 0 0 1 1 0 0 1 1 
1 0 0 1 1 0 0 0 1 1 0 1 1 2 0 0 0 1 
0 0 1 0 1 0 1 1 0 0 1 0 0 2 2 3 0 1 

# Size = 25 | Time = 1091 ms
0 0 1 0 1 1 0 0 1 0 0 0 0 1 3 0 1 0 
0 0 1 0 1 1 0 1 0 1 1 0 0 2 0 0 3 3 
0 1 0 0 1 0 0 1 0 1 0 1 0 2 1 2 1 2 
0 0 1 1 1 0 1 0 0 0 0 0 0 3 3 2 0 3 
0 1 0 1 1 0 1 1 0 1 0 0 0 0 0 2 2 0 
0 1 1 0 0 1 0 1 1 1 1 1 0 3 0 2 1 1 
0 0 0 1 1 0 1 0 0 0 0 1 0 3 0 3 1 1 
1 0 0 1 1 0 0 0 1 1 1 0 1 2 0 0 1 0 
0 1 1 0 0 1 0 1 1 1 0 0 0 2 2 3 0 0 
0 1 0 1 1 0 1 1 0 1 1 1 0 1 2 2 3 1 
0 0 0 0 0 0 0 1 1 1 1 0 0 1 0 1 0 2 
0 1 0 0 0 1 1 1 1 0 1 0 1 1 1 0 0 3 
1 0 0 0 0 1 0 0 0 0 0 1 1 0 0 0 2 3 
0 0 1 1 1 0 1 0 1 0 1 0 0 1 1 3 2 3 
0 0 1 1 1 1 1 0 0 0 0 1 0 0 2 1 1 3 
1 0 0 1 1 1 1 1 1 0 0 0 0 0 0 0 3 2 
0 1 1 0 0 0 0 1 0 1 1 1 0 0 3 3 3 2 
1 0 0 0 1 1 0 0 0 0 1 1 1 0 0 0 0 1 
0 1 1 0 0 1 1 0 1 1 0 0 0 0 1 1 3 1 
0 1 0 0 0 0 1 0 1 0 0 0 1 2 3 0 2 1 
0 0 0 1 1 0 0 0 0 1 0 1 0 2 3 1 2 0 
1 0 0 0 1 0 1 1 0 0 1 0 1 3 0 0 2 0 
0 1 1 0 1 0 0 1 1 1 0 0 1 3 1 0 3 0 
0 1 0 0 0 1 1 0 1 0 1 1 0 3 2 1 2 2 
0 0 0 1 1 1 1 1 0 1 1 1 1 2 2 0 2 2 

# Size = 22 | Time = 1002 ms
0 1 1 0 0 0 1 0 0 0 0 1 0 0 0 1 0 0 
0 1 0 1 1 1 0 0 1 1 1 0 1 2 0 0 1 3 
0 0 1 0 1 1 1 1 0 0 0 1 0 1 0 3 2 2 
0 0 0 0 0 0 1 0 1 1 1 0 0 2 3 1 3 2 
0 0 0 0 0 0 1 0 1 0 0 0 0 3 2 1 2 3 
0 0 0 1 1 0 0 1 0 1 1 1 0 0 2 2 1 2 
1 0 0 0 0 1 1 1 0 0 1 1 1 2 0 0 1 0 
0 1 1 0 0 0 0 0 1 1 0 0 0 2 1 2 2 0 
0 1 1 1 1 1 1 1 0 0 0 1 1 3 3 0 2 0 
0 1 1 0 0 0 0 0 1 1 0 0 0 3 3 3 1 0 
0 1 0 1 1 1 0 1 1 1 0 1 0 1 1 1 1 1 
0 1 1 0 0 0 1 0 0 0 1 0 0 3 0 2 3 1 
0 1 0 1 1 1 0 1 1 1 1 0 0 2 2 3 0 1 
1 0 0 0 1 0 1 0 1 1 0 1 1 3 0 0 0 1 
1 0 0 1 1 1 0 1 1 1 1 0 1 0 0 0 2 2 
0 1 1 1 1 0 1 0 0 0 1 1 0 3 1 0 0 2 
0 0 0 1 1 0 1 0 1 0 1 1 0 0 3 3 2 1 
1 0 0 1 1 1 0 1 0 0 0 1 0 0 0 0 3 3 
0 1 1 0 0 0 0 0 1 0 1 0 1 1 2 0 3 0 
0 0 1 0 1 0 0 0 0 1 1 0 1 0 1 0 3 3 
0 0 1 0 0 1 0 1 0 0 0 1 0 1 1 3 3 3 
0 1 1 0 1 1 0 1 1 1 1 1 0 1 3 2 0 3 

# Size = 22 | Time = 523 ms
0 0 1 0 1 0 0 1 1 0 0 0 0 2 0 0 2 0 
0 0 0 0 1 0 1 1 0 0 1 0 0 2 2 1 0 2 
0 1 1 0 1 1 0 0 0 0 0 0 0 0 0 1 1 1 
0 0 0 0 1 1 1 1 0 0 0 1 0 0 2 0 3 3 
0 1 0 1 1 1 1 1 1 1 0 0 0 1 3 1 2 3 
1 0 0 1 1 1 0 0 0 1 1 1 1 2 0 0 2 0 
0 0 1 0 0 0 0 0 1 0 1 0 1 2 3 0 3 1 
0 1 0 1 1 0 1 1 0 1 0 0 0 2 3 3 3 1 
0 1 1 1 1 1 0 0 1 0 1 0 0 3 2 2 2 1 
0 1 1 0 0 1 1 0 1 1 0 1 1 0 2 0 0 0 
1 0 0 1 1 0 1 1 1 1 1 1 1 0 0 0 1 2 
0 0 0 0 0 0 0 1 0 1 0 1 0 0 3 2 0 0 
0 0 1 0 0 0 0 0 1 0 1 0 0 2 1 2 1 3 
0 0 1 0 0 1 0 1 0 1 0 1 1 3 3 0 1 2 
0 0 1 0 0 1 0 0 1 0 1 1 0 1 2 3 1 0 
1 0 0 0 0 0 1 0 1 0 0 0 1 3 0 0 0 3 
0 0 1 1 1 1 1 1 0 1 1 1 0 3 0 3 0 3 
0 1 0 0 0 1 1 1 0 1 0 1 0 0 1 3 2 2 
1 0 0 0 0 1 0 1 0 0 1 1 0 3 0 0 3 1 
0 0 0 1 1 0 0 0 0 1 1 1 1 1 1 0 0 1 
0 1 1 0 0 0 1 1 0 1 0 1 0 3 1 1 3 0 
0 1 1 1 1 0 1 0 0 0 0 1 0 1 0 2 3 2 

# Size = 25 | Time = 266 ms
0 0 1 0 0 0 0 0 1 1 1 0 0 0 0 1 3 1 
0 1 1 0 0 1 0 0 1 0 0 1 0 0 2 0 0 2 
0 0 0 0 1 1 0 0 1 1 1 0 0 3 0 3 2 2 
0 1 0 0 0 1 1 0 1 0 0 1 0 1 3 2 3 2 
0 1 0 1 1 1 1 1 0 0 0 1 0 2 3 0 2 1 
0 0 0 1 1 1 1 0 0 0 0 1 1 1 0 0 1 0 
1 0 0 1 1 0 0 1 0 1 0 0 1 2 0 0 1 2 
0 1 0 0 0 0 0 0 1 0 0 1 0 2 1 1 1 2 
0 1 1 1 1 0 0 1 1 1 0 1 0 2 2 3 3 0 
1 0 0 1 1 1 0 0 0 0 0 1 1 3 0 0 3 1 
0 0 1 0 0 0 1 1 0 0 1 0 0 3 2 2 1 1 
0 0 1 1 1 0 0 1 0 1 1 0 1 1 1 0 0 1 
0 1 0 0 0 1 1 0 0 0 1 0 0 1 1 3 0 1 
1 0 0 1 1 1 1 1 0 1 1 0 1 0 0 0 1 0 
0 0 1 1 1 0 0 0 1 1 1 1 0 0 1 2 2 0 
0 0 1 0 0 0 0 0 0 1 1 0 0 3 3 1 0 0 
0 0 1 1 1 1 1 1 0 0 0 0 0 0 3 1 2 3 
0 1 1 0 0 0 0 0 0 1 1 1 1 0 3 0 1 3 
0 0 1 1 1 1 1 1 1 1 0 1 0 0 3 3 1 3 
1 0 0 0 0 1 0 0 1 0 1 0 1 2 0 0 2 3 
0 1 0 0 1 1 0 0 1 1 1 1 1 1 2 0 2 3 
0 0 1 1 1 0 1 0 0 1 0 0 0 1 2 1 3 1 
1 0 0 1 1 0 1 1 1 0 1 1 0 2 0 0 0 3 
0 1 0 1 1 0 0 1 1 0 0 1 0 3 1 2 3 3 
0 1 0 0 1 0 1 1 1 0 0 1 0 2 0 2 0 1 

# Size = 25 | Time = 1130 ms
0 1 1 0 1 1 1 0 0 0 1 0 0 0 2 0 3 3 
0 1 0 0 0 1 1 0 0 1 0 0 0 3 0 0 0 0 
0 1 1 0 0 1 1 1 1 1 1 1 0 3 2 3 2 2 
1 0 0 1 1 1 0 0 0 1 0 0 1 2 0 0 2 2 
0 1 1 0 0 0 1 1 1 0 1 1 0 2 0 1 3 2 
0 1 1 0 0 1 1 0 1 1 0 1 0 1 0 2 2 3 
0 1 0 1 1 0 0 1 0 0 0 0 0 2 2 2 1 0 
0 1 1 0 0 1 1 1 1 1 1 1 1 0 0 0 1 1 
0 0 0 1 1 0 0 0 0 1 0 0 0 0 0 3 1 1 
0 0 1 1 1 0 1 0 0 1 1 0 1 1 3 0 3 0 
0 1 0 0 0 1 0 1 1 0 0 1 0 1 3 3 3 0 
0 0 0 1 1 0 0 0 0 0 0 0 0 2 3 1 2 1 
0 0 1 1 1 1 0 1 1 0 1 1 1 1 2 0 0 1 
0 1 0 1 1 0 0 1 1 1 1 0 0 1 2 1 0 3 
1 0 0 1 1 0 1 1 0 0 1 1 1 3 0 0 3 1 
0 1 0 0 0 1 1 1 0 0 1 0 0 3 1 2 3 1 
0 0 1 1 1 0 0 0 1 1 0 1 1 2 1 0 0 3 
0 1 0 1 1 1 0 0 0 0 1 0 0 2 1 3 0 3 
0 0 0 0 0 0 1 0 1 1 0 1 0 1 1 2 1 2 
1 0 0 0 0 1 1 0 1 0 0 0 0 0 0 0 1 0 
0 0 0 0 0 1 0 0 1 0 0 1 0 0 1 1 2 0 
1 0 0 0 1 1 0 1 0 0 1 0 1 3 0 0 1 3 
0 0 0 0 1 1 0 0 1 1 1 0 0 3 3 1 1 3 
1 0 0 1 1 1 1 1 0 1 0 1 1 0 0 0 0 2 
0 1 1 0 1 0 1 0 1 0 0 1 0 0 3 2 0 2 

# Size = 24 | Time = 2287 ms
0 0 0 1 1 0 1 1 0 0 1 1 0 2 1 1 0 2 
0 0 1 0 1 0 0 0 1 1 0 1 0 3 1 2 2 3 
0 0 1 0 0 1 0 1 0 1 1 0 0 3 2 3 0 1 
1 0 0 0 0 1 0 0 1 1 0 1 1 3 0 0 1 2 
0 1 0 0 0 1 0 0 1 1 1 0 0 0 0 1 2 1 
0 1 0 1 1 0 1 1 0 1 0 0 0 0 3 0 0 3 
0 0 1 1 1 1 0 0 0 1 1 1 0 0 1 3 1 0 
0 1 1 0 0 1 1 1 0 0 1 0 1 1 1 0 1 3 
0 1 1 1 1 0 0 0 1 1 0 1 0 1 2 1 1 3 
0 1 0 1 1 0 1 1 1 0 0 0 0 1 3 3 2 2 
0 0 1 0 0 1 0 0 0 0 1 1 1 1 3 0 2 2 
1 0 0 0 1 0 0 1 0 0 0 1 1 0 0 0 3 2 
0 1 0 0 0 1 1 1 0 0 1 0 0 0 2 2 3 2 
0 0 0 0 0 0 1 1 1 1 0 0 1 0 2 0 0 0 
1 0 0 1 1 1 0 0 1 1 1 0 1 2 0 0 3 3 
0 1 1 0 0 0 1 0 0 1 1 0 0 2 0 3 3 3 
0 1 0 1 1 1 1 1 1 0 1 0 0 3 3 1 3 0 
0 0 1 1 1 0 1 0 1 0 0 1 1 2 3 0 1 1 
0 0 1 1 1 0 1 0 0 0 1 1 0 2 3 2 1 1 
1 0 0 1 1 1 1 0 1 1 0 0 0 0 0 0 0 1 
0 0 1 1 1 0 0 1 0 1 1 0 0 1 1 2 3 1 
0 0 1 1 1 1 0 0 0 1 0 1 0 1 0 2 0 0 
1 0 0 0 1 0 1 1 0 1 1 1 1 2 0 0 2 0 
0 0 1 1 1 0 1 0 1 1 0 0 1 2 2 0 2 1 

# Size = 23 | Time = 437 ms
0 0 1 0 1 1 0 1 0 1 0 0 0 3 2 0 1 1 
0 1 1 0 0 1 0 0 1 0 1 0 0 1 0 0 3 3 
0 1 0 0 0 0 0 0 0 0 0 1 1 0 3 0 0 0 
0 0 0 0 0 0 0 1 1 1 0 0 0 1 1 1 1 0 
0 0 1 0 1 0 1 1 1 0 0 1 0 2 0 1 0 1 
1 0 0 1 1 0 0 1 0 0 1 1 1 3 0 0 2 3 
0 1 1 0 1 1 0 0 1 1 0 1 0 3 0 2 2 0 
0 1 1 1 1 1 1 0 0 0 1 1 1 2 1 0 2 2 
0 1 1 0 0 1 0 1 0 1 0 0 0 3 1 3 0 3 
1 0 0 1 1 1 0 0 0 1 1 0 0 2 0 0 0 3 
0 0 0 1 1 0 1 0 0 0 0 1 0 1 2 2 0 2 
0 1 1 0 0 1 0 1 1 0 1 1 1 1 3 0 1 2 
1 0 0 0 0 0 1 1 0 1 0 1 1 2 0 0 3 0 
0 0 1 1 1 0 1 0 1 1 1 0 0 2 3 2 1 3 
0 1 0 1 1 0 1 0 1 0 1 1 0 2 2 3 3 0 
1 0 0 0 1 1 1 1 1 1 0 0 0 0 0 0 1 2 
0 0 1 1 1 1 1 1 0 1 0 1 0 0 0 3 1 2 
0 1 0 1 1 1 0 0 0 1 1 0 0 0 2 1 2 3 
0 1 1 0 0 0 0 0 0 1 1 0 1 0 2 0 2 1 
1 0 0 1 1 1 1 0 1 0 0 1 0 3 0 0 3 1 
0 1 0 0 1 1 1 0 1 0 0 0 0 1 3 3 2 1 
0 1 1 0 0 1 1 1 0 1 1 0 0 0 1 2 3 1 
0 1 0 1 1 1 0 0 0 0 1 1 0 3 3 1 3 2 

# Size = 22 | Time = 995 ms
0 1 1 0 0 1 0 0 1 1 0 1 0 1 1 0 2 0 
0 1 1 0 0 0 0 0 1 1 1 0 1 0 2 0 3 2 
0 0 0 1 1 1 0 0 0 1 1 0 0 0 1 2 0 1 
1 0 0 0 1 0 0 1 0 1 0 1 1 2 0 0 1 1 
0 1 1 0 0 0 1 1 0 1 1 1 0 3 2 3 2 1 
1 0 0 1 1 1 1 0 1 0 0 0 0 3 0 0 1 3 
0 1 1 0 0 0 0 1 0 1 1 0 1 3 3 0 0 3 
1 0 0 1 1 0 1 1 0 0 1 1 1 0 0 0 2 0 
0 0 1 1 1 1 0 0 1 0 0 0 0 0 3 3 1 0 
0 1 0 1 1 0 1 0 0 0 1 1 0 3 1 1 1 2 
0 0 1 0 0 0 1 0 1 0 0 1 0 2 3 2 2 2 
0 1 0 0 0 1 1 1 0 0 1 1 0 1 2 2 1 3 
0 0 0 1 1 1 1 1 1 0 0 1 1 1 2 0 0 2 
0 1 1 1 1 1 0 1 1 1 1 0 0 2 2 1 0 0 
1 0 0 0 0 1 1 1 0 0 0 1 0 3 0 0 3 0 
0 1 1 1 1 1 0 1 1 0 0 1 0 3 0 2 3 0 
0 0 0 1 1 1 0 1 1 1 1 1 1 2 1 0 3 3 
0 0 0 1 1 0 1 0 1 1 0 1 0 2 1 3 3 3 
1 0 0 1 1 1 1 1 0 0 1 0 0 0 0 0 0 2 
0 0 0 0 0 0 1 0 1 0 1 0 0 1 0 3 0 2 
0 0 1 0 0 0 1 1 0 0 0 0 0 0 0 1 2 3 
0 0 0 1 1 0 1 0 1 0 0 1 0 1 3 1 3 1 

# Size = 22 | Time = 1362 ms
0 1 0 1 1 0 0 1 1 1 1 0 0 1 0 2 2 2 
0 0 0 1 1 1 0 1 1 1 0 1 0 1 3 1 3 0 
0 1 0 0 0 0 1 0 0 0 0 1 0 2 3 0 2 3 
0 1 1 0 0 1 0 1 1 1 1 0 1 3 2 0 3 2 
0 0 1 0 1 0 1 1 1 1 1 1 0 0 1 2 3 3 
0 1 1 1 1 0 1 0 0 1 0 0 0 0 2 1 2 1 
1 0 0 0 1 1 1 0 0 0 1 1 1 2 0 0 3 1 
0 0 1 1 1 1 0 1 1 1 1 1 0 2 0 3 3 1 
0 1 1 1 1 1 1 0 0 0 1 0 1 1 1 0 0 1 
1 0 0 1 1 1 0 1 0 0 0 1 0 0 0 0 1 0 
0 1 0 0 1 0 1 0 0 0 1 0 0 3 1 3 2 0 
1 0 0 0 0 1 0 0 1 1 0 0 1 3 0 0 2 3 
0 1 1 0 0 0 1 1 1 1 0 1 0 1 1 3 1 3 
0 0 0 1 1 0 1 0 1 0 1 1 0 1 2 3 1 3 
0 0 1 0 0 1 0 0 0 0 1 0 0 3 3 2 1 1 
0 0 0 0 0 0 1 0 0 0 0 1 1 0 3 0 0 2 
0 0 1 1 1 0 0 1 1 1 0 0 0 0 3 3 0 2 
1 0 0 1 1 0 1 0 0 0 1 0 1 2 0 0 1 2 
0 1 1 0 0 1 0 1 1 0 1 0 0 2 1 1 1 2 
0 0 1 0 0 0 0 0 1 1 0 0 0 2 2 2 0 0 
1 0 0 1 1 1 0 1 1 0 0 1 1 3 0 0 0 0 
0 1 0 0 1 0 1 0 0 0 0 1 0 3 0 1 0 3 

# Size = 21 | Time = 1074 ms
0 1 1 0 1 0 1 0 0 1 0 0 0 1 3 3 0 1 
0 0 1 0 1 1 1 0 1 0 0 0 1 2 3 0 2 3 
0 0 0 0 1 0 0 1 0 1 1 0 0 2 0 2 0 0 
0 0 1 0 0 0 1 1 0 1 0 1 1 3 2 0 0 2 
1 0 0 0 0 0 1 1 1 1 1 1 0 3 0 0 2 0 
0 1 1 0 0 1 0 1 0 1 0 0 0 3 3 1 1 0 
0 1 0 1 1 1 0 0 0 0 0 0 0 0 2 3 2 0 
1 0 0 1 1 1 0 1 1 0 1 1 1 0 0 0 0 3 
0 0 0 0 1 0 1 0 0 1 0 0 0 0 1 1 0 3 
0 0 0 1 1 1 0 1 1 0 1 1 0 2 1 3 1 2 
0 1 1 1 1 1 0 0 1 0 1 0 1 1 0 0 1 2 
0 0 0 1 1 1 1 1 1 0 1 1 0 1 0 1 2 2 
0 0 1 0 0 0 0 1 1 1 0 1 1 1 1 0 3 0 
1 0 0 0 1 1 1 0 0 1 0 0 0 0 0 0 3 2 
0 1 0 1 1 1 1 0 1 0 1 1 0 0 3 2 3 2 
0 0 1 0 0 1 0 1 1 1 1 1 1 0 0 0 1 1 
0 1 1 1 1 0 1 0 1 1 0 1 0 3 1 2 2 1 
1 0 0 0 0 0 1 0 0 0 0 0 1 2 0 0 1 1 
0 1 1 0 0 0 1 0 1 0 1 0 0 1 2 2 1 3 
0 1 0 1 1 1 1 1 0 1 0 0 0 2 2 1 3 1 
0 0 0 0 0 1 0 0 0 0 1 1 0 3 0 3 3 3 

# Size = 24 | Time = 1842 ms
0 0 1 1 1 1 1 1 0 0 0 0 0 0 0 3 3 1 
0 0 0 0 0 0 0 1 1 0 0 0 0 1 3 2 1 1 
0 1 1 1 1 1 0 1 0 0 1 1 0 3 0 0 1 3 
0 1 0 0 0 0 0 0 1 1 0 0 0 2 3 1 3 3 
0 1 1 1 1 0 0 1 0 1 1 0 0 3 2 2 3 0 
0 0 0 1 1 0 0 1 1 1 0 0 1 0 2 0 3 2 
0 0 1 0 0 0 1 1 0 0 0 1 0 0 2 1 1 2 
1 0 0 1 1 1 1 0 0 1 1 0 1 2 0 0 1 1 
0 1 1 0 0 0 0 1 0 0 0 0 0 2 2 0 2 1 
1 0 0 0 0 1 1 1 1 0 0 1 1 2 0 0 3 0 
0 1 1 1 1 0 0 1 0 0 1 0 0 1 1 0 3 2 
0 1 0 0 0 0 0 0 1 1 0 1 0 2 1 3 1 0 
1 0 0 0 0 0 0 1 0 0 0 0 0 0 0 0 0 0 
0 1 1 1 1 1 1 0 0 1 1 1 1 0 3 0 0 0 
0 0 1 0 1 1 1 0 1 0 1 1 0 2 0 2 0 2 
0 0 0 1 1 1 1 0 1 1 1 1 0 1 0 1 2 0 
0 0 0 0 0 1 1 0 1 0 1 1 1 1 2 0 0 1 
0 0 0 0 0 1 1 0 1 1 0 0 0 3 1 1 0 1 
1 0 0 1 1 1 1 0 1 1 1 0 1 3 0 0 2 3 
0 0 0 0 0 1 1 1 0 1 1 0 0 1 2 3 0 3 
1 0 0 1 1 1 0 1 1 1 0 1 1 3 0 0 3 2 
0 0 0 0 1 1 0 0 0 1 0 1 0 3 3 3 2 2 
0 1 1 0 1 0 0 0 1 0 0 1 1 0 1 0 2 3 
0 1 0 0 1 1 1 0 0 0 1 0 0 0 1 2 2 3 

# Size = 23 | Time = 206 ms
0 1 1 1 1 1 0 0 0 0 1 1 0 1 2 2 0 2 
0 0 1 0 0 0 0 1 1 1 0 1 0 2 2 0 3 1 
0 1 1 1 1 1 0 1 1 0 0 1 0 2 3 3 1 2 
0 0 1 0 0 0 0 0 0 0 1 0 1 3 1 0 2 2 
0 0 0 1 1 0 1 1 1 1 1 1 0 1 0 0 1 0 
0 1 1 1 1 0 1 1 0 0 1 0 0 2 1 1 0 0 
1 0 0 0 1 1 0 1 1 0 0 0 0 0 0 0 0 3 
0 1 0 0 0 0 1 0 0 1 1 1 1 0 3 0 0 3 
1 0 0 0 0 1 1 0 1 1 0 1 1 0 0 0 2 2 
0 1 1 1 1 1 1 0 1 1 1 1 0 0 0 1 3 2 
1 0 0 1 1 0 1 0 0 0 1 0 1 2 0 0 1 3 
0 1 1 1 1 0 1 1 1 1 0 0 0 2 0 2 2 3 
0 1 0 1 1 0 1 1 0 1 1 1 0 3 0 3 0 1 
0 0 0 0 0 1 1 0 1 1 0 0 0 3 2 1 1 3 
0 0 1 0 0 1 0 0 0 0 0 0 0 0 2 3 2 0 
0 1 1 1 1 1 0 1 0 0 0 0 1 0 2 0 3 1 
0 1 0 0 0 1 1 1 1 1 0 1 1 1 1 0 3 3 
0 0 1 0 0 0 0 1 0 1 1 0 0 1 1 3 3 3 
0 0 0 0 0 0 0 0 1 1 1 1 0 0 1 2 1 1 
1 0 0 0 1 0 0 0 1 1 1 1 1 3 0 0 3 0 
0 0 0 1 1 0 1 1 1 1 1 0 0 3 3 2 3 0 
1 0 0 1 1 1 0 0 1 1 0 1 0 3 0 0 1 1 
0 1 1 0 0 0 0 1 0 1 1 0 0 1 3 1 2 1 

# Size = 25 | Time = 254 ms
0 1 0 0 0 0 1 0 1 0 1 0 0 0 3 2 3 3 
0 1 1 0 1 1 0 1 1 0 1 1 0 2 0 0 3 2 
0 1 1 0 0 1 0 0 0 1 0 0 1 1 3 0 2 0 
0 1 1 1 1 1 1 0 0 0 1 1 0 3 0 2 2 1 
0 1 0 1 1 0 1 0 1 1 1 1 0 2 2 2 0 0 
0 0 0 0 0 1 0 1 1 1 0 1 0 2 0 3 0 3 
0 1 1 1 1 1 0 1 1 0 0 0 1 1 0 0 0 3 
0 1 1 0 1 0 1 0 0 0 1 0 0 1 1 3 2 3 
1 0 0 1 1 0 1 1 1 0 0 0 1 2 0 0 2 2 
0 1 0 0 1 1 1 0 0 1 0 1 0 2 1 1 2 3 
0 0 1 1 1 1 0 1 0 0 1 1 1 2 1 0 3 0 
1 0 0 1 1 0 0 0 1 1 0 1 0 3 0 0 3 0 
0 0 1 0 0 0 0 0 1 0 0 1 0 3 1 3 3 0 
0 0 0 0 0 0 0 1 0 1 0 1 0 1 1 2 1 2 
1 0 0 0 1 1 1 0 0 0 1 0 1 3 0 0 1 3 
0 1 1 0 0 1 0 1 1 0 0 0 0 3 2 0 1 3 
0 0 1 0 1 1 0 0 0 1 0 1 1 0 2 0 2 2 
0 1 1 1 1 0 0 1 1 1 1 0 0 0 2 3 1 2 
1 0 0 0 0 0 0 0 0 1 0 0 1 2 0 0 0 1 
0 0 1 1 1 1 1 1 1 0 0 1 0 2 3 3 1 1 
0 0 1 1 1 0 0 1 1 0 1 0 0 3 3 1 0 2 
0 0 1 0 0 0 1 0 0 0 1 0 0 1 2 1 3 1 
1 0 0 1 1 0 0 0 1 1 1 0 1 0 0 0 0 0 
0 1 1 0 0 0 1 1 0 1 1 1 0 0 0 1 1 0 
0 1 1 0 0 0 0 0 0 1 1 1 0 0 1 2 0 1 

# Size = 22 | Time = 2019 ms
0 0 0 0 1 0 1 0 1 0 1 1 0 1 1 0 1 2 
0 1 1 1 1 0 1 0 1 1 1 0 0 2 0 3 1 0 
1 0 0 0 1 0 1 1 0 0 0 1 1 2 0 0 1 3 
0 1 0 1 1 1 1 1 1 0 1 0 0 2 2 0 3 3 
0 1 1 0 0 1 1 0 0 1 1 0 0 1 0 1 0 3 
0 0 1 0 1 1 0 1 0 1 0 1 0 0 1 1 3 0 
0 1 1 0 0 1 0 0 0 1 1 1 1 1 1 0 2 0 
0 0 1 1 1 0 1 0 0 1 0 1 0 1 2 2 2 0 
0 0 0 0 0 1 1 1 1 1 0 0 0 3 1 3 2 3 
0 0 1 0 1 0 1 0 1 0 1 1 0 3 2 1 1 1 
0 1 0 1 1 1 0 1 1 0 1 0 0 2 1 2 0 1 
1 0 0 0 0 1 0 1 0 1 1 0 0 2 0 0 2 2 
1 0 0 1 1 0 1 0 0 0 1 0 1 0 0 0 2 1 
0 1 1 0 0 0 0 0 0 0 0 1 0 3 0 2 3 2 
0 0 0 0 0 1 0 0 1 0 1 0 0 0 3 2 1 3 
1 0 0 1 1 0 0 0 1 0 0 1 1 3 0 0 0 0 
0 1 1 0 1 0 1 1 0 1 0 1 1 3 3 0 0 0 
0 1 0 1 1 0 0 0 0 0 1 0 0 2 3 1 2 2 
0 1 0 0 0 1 0 0 0 0 0 1 0 0 2 3 0 2 
0 0 1 1 1 0 0 1 0 1 1 1 1 1 2 0 3 2 
1 0 0 0 0 1 0 0 0 1 0 1 1 2 0 0 3 1 
0 0 1 0 0 1 1 0 1 0 1 1 0 1 3 3 3 1 

