# Size = 18 | Time = 161 ms
1 0 1 1 2 0 1 1 0 0 1 1 1 0 0 1 1 0 1 1 3 0 1 1 1 1 1 0 3 1 1 1 0 0 0 1 1 1 1 1 1 1 1 0 0 1 1 0 1 1 0 0 
1 0 1 1 0 1 1 1 0 1 0 1 1 1 0 0 1 1 1 1 3 1 0 1 0 1 0 1 1 1 0 0 1 0 0 1 0 1 0 1 0 1 0 1 0 1 0 1 0 0 0 0 
0 1 0 1 0 0 0 0 0 1 0 0 1 1 1 0 1 1 0 0 0 1 1 0 0 1 0 1 3 0 1 0 1 1 0 0 1 0 1 1 1 0 0 0 0 0 1 1 0 1 0 1 
0 1 0 0 2 1 0 0 1 1 0 0 0 0 1 0 0 1 0 1 3 0 0 0 1 0 0 1 2 1 1 0 0 1 1 0 0 1 0 0 0 0 0 1 1 0 0 1 0 1 1 1 
1 1 0 0 1 0 1 0 0 1 1 0 0 1 0 0 1 0 1 0 2 1 0 1 1 0 0 1 0 1 0 0 0 1 0 1 0 1 1 1 0 1 0 1 1 1 1 1 0 0 1 0 
1 1 1 1 1 1 0 1 1 0 1 0 0 1 1 1 0 1 0 0 3 0 1 0 0 0 1 0 0 0 0 1 1 0 1 1 1 0 0 0 1 1 1 0 0 1 1 0 0 1 0 0 
0 0 1 0 2 1 0 1 0 0 1 0 1 0 1 0 0 1 1 0 1 1 1 0 1 1 1 1 0 1 0 1 1 0 0 0 1 0 1 0 1 1 0 1 0 1 1 0 0 1 1 0 
0 0 0 1 1 1 0 0 1 0 0 1 1 0 0 1 0 0 0 1 2 0 1 0 1 0 0 1 0 0 1 1 1 0 1 0 0 0 0 1 0 1 1 1 1 0 1 0 1 0 0 1 
0 1 0 0 1 1 1 0 1 1 0 1 0 1 0 0 0 0 0 1 1 0 0 1 0 0 1 0 3 0 0 0 0 1 1 1 0 1 0 0 0 0 1 1 1 0 0 1 0 0 1 1 
1 0 1 0 0 0 0 0 0 0 1 1 0 0 1 0 0 0 1 0 2 0 0 1 1 0 1 0 3 0 0 1 0 0 1 0 1 0 0 0 1 0 1 1 1 0 0 1 0 0 1 1 
1 0 1 1 1 0 1 1 0 0 1 1 1 1 0 1 1 0 1 0 1 1 1 0 0 1 0 0 2 0 1 0 1 1 0 1 0 0 1 1 1 0 1 0 0 1 1 1 0 0 0 0 
0 1 1 1 1 0 0 1 1 0 0 1 0 0 0 0 0 0 0 1 0 0 1 0 1 0 1 0 1 1 0 0 0 0 1 1 0 1 1 0 0 1 1 1 1 1 0 0 1 0 1 0 
0 1 0 0 0 0 1 0 1 1 1 0 0 0 1 0 1 1 1 0 1 1 0 0 0 1 0 1 1 0 1 1 0 1 0 0 1 0 1 0 0 0 0 0 0 1 0 0 1 1 0 1 
1 0 0 1 0 1 0 1 0 1 0 1 0 1 0 1 1 1 1 1 2 1 1 1 0 1 1 0 2 1 0 1 1 0 1 1 1 0 0 0 0 1 0 0 0 0 1 0 1 1 1 1 
1 0 0 0 0 1 1 1 1 0 1 0 1 0 1 1 1 1 1 1 0 1 0 1 1 1 0 1 0 0 0 1 0 1 1 0 1 0 0 1 0 0 1 1 1 0 1 0 0 0 0 1 
1 1 1 1 2 0 1 1 0 0 0 0 1 1 0 0 1 0 0 1 0 1 1 0 0 1 0 0 0 0 1 0 0 0 1 0 1 0 0 1 0 1 0 1 1 0 0 1 0 0 0 1 
1 1 0 0 0 1 0 0 1 0 0 1 1 1 1 1 0 0 0 1 0 1 1 1 1 1 1 1 2 1 1 1 0 1 1 0 1 1 0 0 0 1 0 1 0 1 1 1 0 1 1 1 
1 0 1 0 2 1 1 0 0 0 1 1 0 1 0 1 0 1 0 1 2 1 1 1 0 1 1 1 1 1 0 0 0 0 1 1 0 1 1 1 1 1 0 1 1 0 1 1 0 1 0 1 

# Size = 16 | Time = 128 ms
1 1 0 0 1 1 0 1 0 0 1 0 1 1 1 0 0 1 0 0 2 1 1 0 0 0 1 0 1 0 1 1 0 0 0 1 1 0 1 1 1 0 1 1 0 1 0 0 1 1 1 0 
0 1 1 0 0 0 1 1 1 0 0 1 0 0 1 0 0 0 0 1 0 0 0 0 1 1 1 1 1 1 1 1 0 1 0 0 0 0 1 0 1 0 1 0 0 1 0 1 0 0 0 1 
1 0 0 0 0 1 1 1 0 0 1 0 1 1 0 1 1 1 1 0 0 0 0 0 0 1 0 0 0 0 0 0 0 0 1 1 0 0 0 1 1 0 0 0 0 0 1 0 1 0 0 1 
1 0 1 1 0 1 0 0 0 1 0 0 1 1 1 0 0 0 0 1 3 0 1 1 1 1 0 1 2 0 1 1 1 1 1 0 1 0 1 0 0 0 0 1 1 1 0 0 1 1 0 0 
1 1 0 1 1 0 0 0 1 1 0 0 0 1 1 0 1 0 0 0 2 1 1 0 1 0 0 1 0 1 1 0 0 0 1 0 1 1 1 1 0 0 1 0 0 1 1 1 0 0 0 1 
0 0 1 0 2 0 0 0 1 0 0 0 0 0 0 0 1 0 1 0 2 0 1 0 1 1 1 1 3 1 1 1 1 0 0 0 0 0 0 1 0 1 0 1 1 0 0 1 0 0 0 1 
0 1 0 1 0 0 1 1 1 0 1 1 0 1 1 1 0 1 1 1 2 1 0 1 1 0 1 0 2 1 0 0 1 1 0 1 0 1 0 0 1 1 1 0 0 0 1 0 1 1 0 1 
1 0 0 0 2 1 0 1 1 1 1 0 1 0 0 1 0 1 0 0 1 0 0 1 0 0 0 1 2 0 0 1 0 0 0 0 1 0 1 1 0 1 1 1 1 1 1 1 0 0 1 0 
1 0 1 1 2 1 0 0 0 1 1 1 0 1 1 0 1 0 0 1 0 1 1 1 0 0 1 0 3 1 0 1 1 0 1 1 1 1 0 0 0 1 1 1 1 1 0 0 0 1 1 0 
0 0 1 1 1 1 1 0 0 1 0 1 1 0 0 1 1 1 0 0 0 1 0 0 0 1 1 0 2 0 0 0 1 1 1 1 1 1 0 0 1 1 1 1 1 0 1 1 0 1 1 1 
0 1 0 1 0 0 1 1 0 0 0 1 0 1 0 0 0 1 1 0 1 1 0 0 1 1 0 0 3 0 1 0 0 1 1 1 1 0 1 0 0 0 0 0 0 1 1 0 1 0 1 0 
0 0 0 1 2 0 1 0 0 1 1 1 0 0 0 1 1 1 1 1 3 1 0 1 0 0 0 0 1 1 0 0 1 0 1 0 0 1 0 1 0 1 1 0 0 0 1 1 0 0 1 1 
1 1 1 0 1 0 1 0 0 0 1 1 1 0 1 1 1 0 1 1 1 0 1 1 1 0 1 0 1 1 1 1 1 0 1 1 0 1 1 0 1 1 0 1 1 0 1 1 0 1 0 1 
0 1 1 0 1 1 0 1 1 0 1 1 0 0 0 1 0 1 0 0 3 1 0 0 1 1 1 1 0 0 0 1 0 1 0 1 0 1 0 0 1 1 0 1 1 1 1 0 1 1 1 0 
0 0 1 0 1 0 1 0 0 0 0 0 1 1 0 1 0 0 1 0 3 1 1 1 0 0 1 0 3 1 0 0 0 0 0 0 1 1 1 0 1 0 0 0 0 1 1 1 0 0 0 0 
1 1 1 1 2 1 1 0 0 1 1 1 1 0 1 0 1 1 1 1 1 1 1 1 1 0 0 0 0 0 0 0 1 1 0 0 1 0 0 1 1 0 0 1 1 1 0 0 1 1 1 0 

# Size = 16 | Time = 150 ms
1 1 1 0 0 1 1 0 1 1 0 1 0 0 0 0 0 0 0 0 0 1 1 1 0 0 1 1 0 1 0 1 1 0 1 0 0 1 1 0 1 1 1 1 1 1 1 0 0 1 1 1 
1 0 0 0 1 1 0 1 0 1 0 0 0 1 1 0 0 1 0 1 2 0 0 0 0 0 1 0 0 0 0 0 1 1 0 1 1 1 1 1 0 1 0 1 0 0 1 0 1 0 1 1 
1 0 0 0 0 0 1 1 0 0 1 0 0 1 1 0 1 0 1 1 1 1 1 1 0 0 0 0 0 0 1 0 1 1 0 0 1 0 1 0 0 1 1 1 1 1 0 0 1 1 0 0 
0 0 0 1 0 0 0 0 1 1 1 1 1 1 1 1 1 1 1 0 1 1 1 0 1 0 1 1 3 0 1 0 0 0 1 1 1 1 0 0 1 0 1 0 0 1 1 1 0 0 1 0 
0 0 1 1 0 0 1 0 1 0 0 1 1 1 0 0 1 0 1 0 2 1 0 1 0 1 0 0 3 1 0 0 0 0 1 0 1 0 0 1 1 0 1 1 1 0 0 1 0 0 0 1 
0 0 0 1 2 0 0 0 0 1 1 0 1 1 1 0 1 1 1 1 0 0 0 1 1 1 0 0 2 0 1 0 0 0 1 1 1 1 1 1 1 1 1 0 0 1 0 0 0 0 0 0 
1 0 0 0 0 1 1 1 1 1 0 1 0 0 1 1 0 0 0 1 0 0 1 0 1 1 0 0 1 1 0 1 1 1 0 1 1 1 0 0 0 1 0 1 0 0 1 1 0 1 1 1 
1 1 1 1 2 1 1 0 0 0 1 1 1 0 1 1 0 0 1 1 2 1 1 0 1 0 0 1 2 1 0 1 1 1 0 1 0 0 1 0 0 0 0 0 0 1 1 0 1 1 1 0 
0 1 1 1 2 0 0 1 1 0 0 0 1 1 0 0 0 1 0 1 1 0 0 0 0 1 1 0 1 1 1 1 0 0 1 1 0 1 0 1 0 0 0 1 0 0 0 1 0 0 1 1 
0 0 1 1 1 1 1 0 0 1 1 0 0 0 0 0 1 1 1 0 2 1 0 1 1 1 0 1 1 1 1 1 0 0 1 0 0 0 1 0 1 0 0 1 1 1 0 1 0 1 0 0 
1 1 1 0 1 1 0 1 0 0 0 0 1 0 0 1 0 0 0 0 0 0 0 1 0 1 1 1 3 0 1 1 1 1 0 0 1 0 1 1 0 0 0 0 0 1 1 0 1 1 0 0 
0 0 0 1 2 1 1 1 1 1 1 1 1 0 1 1 0 0 1 0 3 0 1 1 1 1 0 0 0 1 1 1 0 0 0 0 1 0 0 0 0 0 0 0 0 0 1 1 0 1 1 1 
0 1 1 0 2 0 0 0 1 0 1 0 0 0 0 0 1 1 0 1 3 1 0 0 0 0 1 1 3 0 0 0 0 0 1 1 0 1 0 1 1 1 1 1 1 1 0 0 1 0 0 0 
1 1 0 0 0 1 0 1 0 0 0 1 0 1 0 1 1 1 0 0 3 0 1 0 0 1 1 1 2 1 0 1 1 1 1 0 0 1 0 1 1 1 1 1 1 0 1 1 0 1 1 1 
1 1 0 1 1 0 0 1 1 1 1 1 0 1 0 1 1 0 1 1 3 1 1 0 0 0 1 0 1 0 0 0 0 1 0 0 0 1 1 1 1 0 1 0 0 1 1 0 1 0 1 0 
0 0 1 0 1 1 0 0 1 0 0 0 1 0 0 1 1 1 0 0 1 1 0 1 1 0 1 0 2 0 0 1 1 1 0 1 0 0 0 0 0 1 1 1 1 0 1 0 0 0 0 1 

# Size = 17 | Time = 134 ms
0 1 1 1 0 1 0 0 1 1 1 1 1 1 0 0 1 0 1 0 1 0 0 1 0 1 0 0 0 1 0 1 0 1 0 0 1 0 0 0 1 0 1 1 0 1 1 1 0 1 0 0 
1 1 0 0 0 1 1 0 1 1 1 0 0 1 0 0 1 0 1 1 0 1 0 1 0 1 1 1 2 0 0 1 0 1 1 0 1 1 0 1 1 1 0 0 0 1 0 0 1 0 1 0 
1 1 0 1 1 0 1 0 1 1 1 0 1 0 0 0 0 1 1 0 2 0 1 1 1 1 0 1 1 1 1 1 1 1 0 1 0 1 1 0 1 1 0 1 1 0 1 0 0 1 0 1 
1 0 0 0 1 1 1 1 0 0 0 1 1 1 0 1 1 0 1 1 1 0 0 0 0 0 0 0 3 1 1 0 1 0 1 1 1 1 0 0 0 1 0 0 0 0 1 0 0 1 1 1 
0 0 1 0 0 0 0 1 1 1 1 1 0 1 0 1 0 1 0 1 3 1 1 1 1 1 1 1 3 1 0 0 0 1 1 1 0 1 0 1 1 0 1 1 1 0 1 0 1 0 1 1 
1 0 0 0 2 0 1 1 0 0 1 1 0 1 1 1 0 1 0 1 0 1 1 1 0 0 0 1 0 0 1 0 1 1 1 0 0 1 1 1 0 0 0 1 1 0 1 0 0 1 0 1 
0 0 1 1 1 1 0 1 0 0 0 1 1 1 1 0 0 0 0 0 2 1 0 1 1 0 1 0 0 0 0 1 1 0 1 0 1 0 0 1 0 0 1 0 0 1 0 0 1 0 1 0 
0 1 1 1 2 0 0 1 1 1 0 1 0 0 1 0 1 0 1 1 1 1 1 0 0 1 1 1 1 1 0 0 0 0 0 0 1 0 0 1 0 0 1 0 0 1 0 1 0 0 0 0 
1 1 1 0 2 1 0 0 1 0 0 0 0 0 1 0 1 1 0 1 2 0 0 0 0 0 0 0 3 0 1 1 0 0 0 0 0 0 1 0 1 0 1 1 1 0 0 1 0 1 0 1 
0 0 0 1 0 1 0 0 0 0 0 0 1 1 1 1 1 1 0 0 3 1 0 0 0 0 0 0 1 0 1 1 1 0 0 1 1 0 1 0 0 1 1 0 0 1 1 1 0 0 0 1 
0 1 1 0 1 1 1 1 0 0 1 0 0 0 0 0 1 0 1 0 3 0 1 0 1 1 1 0 0 0 1 0 0 1 1 1 1 0 1 0 1 1 1 1 1 1 0 1 0 1 0 0 
0 0 1 1 0 0 0 0 0 0 0 1 1 0 1 1 1 0 0 0 2 0 0 0 0 0 0 0 2 1 1 0 1 1 0 1 0 0 0 0 0 0 0 0 0 0 1 1 0 1 0 1 
1 1 1 0 1 1 1 1 0 1 1 0 1 0 0 1 0 1 0 1 1 0 1 0 1 0 0 0 2 0 1 0 0 0 0 0 0 1 1 0 0 0 1 1 1 1 1 0 1 1 0 0 
0 1 1 1 2 0 0 1 0 0 0 0 1 0 0 0 0 0 0 0 0 0 1 0 1 0 0 0 3 1 0 1 1 0 0 1 1 0 1 0 1 1 1 0 0 1 1 1 0 0 1 0 
0 1 0 0 1 0 0 1 0 0 1 0 1 1 0 0 1 1 0 0 0 0 1 1 0 0 0 1 1 0 0 1 0 0 1 0 1 0 0 1 1 0 0 0 0 0 1 0 1 0 1 1 
1 0 1 0 2 0 0 0 1 0 0 0 1 0 0 0 1 0 1 1 3 0 1 0 1 0 1 1 2 0 1 0 1 0 1 0 0 0 1 1 1 0 0 0 0 0 0 0 1 1 0 1 
0 0 0 0 2 1 1 1 0 1 1 0 0 1 1 1 1 1 0 0 1 1 1 1 1 1 0 1 2 1 1 1 0 0 0 0 1 1 1 0 1 1 1 0 0 0 1 1 0 1 1 1 

# Size = 17 | Time = 137 ms
1 0 0 1 1 1 0 1 0 0 1 0 0 1 1 1 0 0 0 1 3 0 1 1 0 1 1 1 3 0 1 1 0 0 1 0 1 0 1 1 0 1 1 1 1 1 1 1 0 0 0 1 
1 0 1 0 0 0 1 1 0 0 1 0 0 1 0 0 1 0 1 1 3 0 0 1 0 0 1 0 0 1 1 1 1 0 0 1 1 0 0 0 1 1 0 0 0 1 0 0 1 1 0 1 
1 0 0 1 2 1 0 0 1 0 1 0 1 1 1 1 1 1 1 1 1 0 0 0 1 0 1 1 2 1 1 1 1 1 0 0 0 0 1 1 0 0 1 1 0 0 1 0 0 1 0 1 
1 0 1 0 2 0 1 1 1 0 1 1 1 0 1 1 0 1 0 1 1 0 1 1 1 0 0 1 3 0 1 0 1 0 0 0 1 1 0 0 0 1 0 1 1 1 1 1 0 0 1 1 
0 1 0 0 0 1 1 0 0 1 0 1 0 0 0 0 1 1 1 1 0 1 0 0 1 1 0 0 3 1 1 1 1 1 1 1 0 1 1 1 1 0 0 1 0 1 0 1 0 1 1 0 
0 1 0 1 1 1 1 0 1 1 0 1 0 0 1 0 0 1 0 0 1 0 1 0 1 1 0 0 0 1 1 0 0 1 1 1 0 0 1 1 1 0 1 0 0 0 0 0 1 0 1 1 
1 1 0 0 1 0 0 1 0 1 1 1 1 0 0 0 0 0 0 0 2 0 0 0 1 1 0 1 3 1 0 1 1 0 0 1 1 0 0 1 1 1 1 0 0 0 0 0 1 0 1 1 
0 1 0 0 0 0 1 0 1 1 0 1 0 1 1 1 0 0 0 0 2 1 1 1 0 1 0 1 2 0 0 0 0 0 1 0 1 1 1 0 1 1 1 1 1 0 1 0 1 1 0 1 
0 0 1 1 1 0 0 1 0 0 1 0 1 1 1 0 0 0 1 0 0 0 0 1 0 0 1 1 2 1 0 0 0 1 0 1 1 0 0 0 0 0 0 1 1 1 1 0 1 0 1 0 
1 1 1 1 0 1 0 1 1 1 0 0 1 0 1 1 1 1 1 0 2 1 1 0 0 0 0 0 1 0 1 0 0 1 0 1 1 1 1 0 0 0 0 1 1 1 1 1 0 0 0 0 
0 0 1 0 2 1 0 0 0 1 0 1 0 0 0 0 1 0 0 1 0 1 1 0 0 0 1 1 0 0 0 1 0 0 1 0 0 1 0 0 0 1 1 1 1 0 1 0 1 1 0 1 
0 1 1 1 2 0 0 0 1 1 0 1 1 0 0 1 0 1 0 0 3 1 1 0 1 1 0 0 2 0 0 0 1 1 1 0 0 1 0 1 0 1 1 0 0 1 1 1 0 0 1 0 
0 0 1 0 2 0 0 1 0 0 0 0 1 1 0 0 1 1 1 1 2 1 0 1 1 0 1 1 2 0 1 0 0 0 0 1 0 0 1 1 0 1 0 1 1 0 0 1 0 0 1 1 
1 1 0 1 1 0 1 0 1 0 1 1 1 1 1 1 1 1 1 0 2 1 1 1 1 0 1 0 0 1 1 1 0 0 0 0 0 1 0 1 1 0 1 0 0 1 1 1 0 1 0 0 
0 0 0 0 0 0 1 0 0 0 1 1 0 1 0 0 0 0 0 1 1 1 0 1 0 1 1 1 1 1 0 1 1 0 1 0 0 0 0 1 0 1 1 1 0 1 0 0 1 1 0 0 
1 0 1 1 2 0 1 0 1 0 0 1 0 1 0 1 1 0 1 1 0 0 1 1 1 0 1 0 1 1 1 1 1 1 1 1 0 0 1 1 1 0 1 0 0 0 1 0 0 0 1 1 
0 0 1 1 1 1 0 0 1 1 1 1 0 1 0 1 1 1 1 1 3 0 0 0 0 1 0 0 1 0 0 1 1 1 0 1 0 0 1 0 1 0 1 1 0 0 1 1 0 0 1 1 

# Size = 17 | Time = 303 ms
1 0 0 1 2 1 0 0 1 1 1 1 1 0 1 0 0 0 1 1 1 0 1 0 1 1 1 0 1 0 1 0 0 0 0 0 0 1 0 0 1 1 0 0 0 0 1 1 0 0 1 1 
1 1 0 1 2 1 0 1 1 0 0 0 1 0 0 1 1 0 0 1 2 1 1 1 0 0 0 0 3 1 1 0 1 0 1 0 0 0 0 0 0 1 1 1 0 1 1 0 0 1 0 0 
1 1 1 1 0 1 1 0 1 0 0 1 1 1 0 1 0 1 1 1 1 1 0 1 1 0 1 1 0 0 0 1 0 0 1 1 0 1 1 1 0 1 1 1 1 1 1 0 0 0 1 1 
0 0 1 0 2 1 1 1 0 0 1 0 1 0 0 0 0 0 0 0 2 1 1 1 0 0 1 0 0 0 0 1 0 0 0 0 1 0 0 0 0 1 0 1 0 0 1 1 0 0 0 1 
0 1 1 1 0 0 1 0 0 1 1 0 0 0 0 0 1 1 0 1 3 1 0 0 1 1 1 0 2 0 0 0 0 1 0 1 1 0 0 1 1 1 1 1 0 0 1 0 0 0 1 1 
0 0 1 0 2 0 0 0 0 1 0 0 1 1 1 0 1 1 1 0 3 1 0 1 1 0 0 1 1 1 1 1 1 1 1 0 0 0 1 1 0 0 1 0 0 1 0 1 0 1 0 0 
0 1 1 1 1 0 1 0 1 1 1 1 0 1 0 0 0 1 0 0 2 0 1 0 1 0 1 0 1 1 0 1 1 1 1 1 1 1 1 1 1 0 0 0 0 1 0 0 1 1 0 1 
0 0 0 0 2 1 1 0 0 1 0 1 1 1 1 0 0 1 1 0 0 1 1 1 1 0 1 0 2 0 1 1 1 1 1 0 1 1 1 0 1 1 0 0 0 1 1 0 1 0 1 0 
0 0 1 0 1 1 1 1 1 0 0 1 1 1 1 1 0 1 1 0 3 1 1 1 0 1 0 1 3 0 1 0 0 0 0 1 1 1 0 0 1 1 1 1 1 0 1 0 1 0 1 1 
1 1 0 0 1 0 0 1 0 1 0 0 0 0 1 1 1 0 0 1 0 0 0 1 1 1 0 0 0 1 1 0 1 1 0 0 0 0 1 0 0 0 0 1 1 1 1 0 1 1 0 0 
0 1 0 1 1 0 0 1 0 1 0 0 0 0 1 0 1 0 0 1 0 0 0 0 1 1 1 1 3 1 0 1 0 1 0 1 1 0 1 0 0 1 0 0 0 1 0 1 0 0 1 0 
0 0 1 0 1 0 0 1 0 1 1 1 0 1 0 1 1 0 0 0 1 0 0 0 0 0 0 1 2 0 0 0 0 0 1 1 0 0 0 0 0 0 1 1 1 1 1 1 0 1 0 0 
1 0 1 0 2 1 1 0 1 0 1 0 0 1 1 0 1 0 1 1 1 0 0 0 0 0 0 1 2 0 0 0 0 1 1 1 1 1 0 1 1 0 1 1 1 0 0 0 1 1 1 1 
1 0 0 0 0 0 0 1 0 0 1 0 0 1 1 0 0 0 1 0 3 0 1 0 0 0 0 1 0 0 1 1 1 0 1 0 1 1 1 1 1 1 0 0 0 1 0 0 1 1 0 0 
1 0 1 0 0 1 0 0 1 1 1 0 1 0 1 1 1 0 0 0 1 1 1 0 1 1 1 0 3 1 0 1 1 0 0 0 1 1 1 1 1 0 0 0 0 0 1 1 0 0 0 1 
0 0 1 1 0 0 1 1 1 0 1 0 0 1 0 1 0 0 0 1 0 0 1 0 0 1 1 0 1 1 1 0 1 0 0 0 1 0 0 1 1 0 1 1 1 0 1 0 1 1 0 1 
1 0 0 0 0 0 1 0 0 0 1 0 1 1 1 0 1 1 1 1 2 1 0 1 1 1 0 1 2 1 1 1 0 1 1 1 1 1 0 0 1 1 0 1 1 0 1 0 1 0 1 1 

# Size = 17 | Time = 157 ms
1 1 0 1 0 1 0 0 0 1 1 0 1 1 1 0 1 1 1 1 1 0 1 0 0 0 0 0 0 1 1 1 1 0 0 1 1 1 1 1 0 1 1 0 0 1 0 0 0 1 1 1 
0 0 1 0 1 1 0 1 0 0 0 1 0 1 0 1 0 0 1 1 3 1 0 1 0 0 1 0 2 1 1 0 0 1 0 0 1 1 1 1 0 1 1 1 1 1 1 0 0 1 0 0 
1 1 0 1 0 0 1 1 0 1 1 0 1 1 0 0 1 0 1 1 0 1 0 0 1 1 0 0 2 1 1 1 0 1 1 1 0 0 0 0 1 0 0 1 1 1 0 0 1 1 0 0 
1 0 0 0 2 1 1 1 0 1 1 1 1 0 1 1 0 1 1 1 2 0 0 0 1 1 0 0 0 1 1 0 0 0 1 0 0 0 1 0 1 1 1 0 0 1 1 0 0 0 0 1 
1 0 0 1 0 0 0 1 0 1 0 0 0 1 0 0 0 0 0 0 2 1 0 1 0 1 1 0 3 0 1 1 0 0 1 0 1 0 0 1 0 1 0 0 0 1 0 1 0 0 0 1 
0 1 0 1 0 0 1 0 1 1 1 0 1 0 0 0 1 0 0 0 3 1 1 1 0 0 1 1 0 0 0 1 1 1 1 1 0 0 0 0 1 0 0 1 1 0 1 1 0 0 1 1 
1 0 1 1 2 1 1 1 1 1 1 0 1 1 1 0 0 1 0 0 3 0 0 0 1 1 0 0 1 1 0 1 1 1 0 1 1 0 0 1 1 0 1 0 0 0 0 0 1 0 1 1 
1 1 1 0 1 0 1 0 1 1 1 1 1 0 0 0 1 1 1 0 3 0 1 0 1 1 1 1 3 0 0 0 0 0 0 1 1 1 0 0 0 0 1 0 0 0 0 0 1 0 1 1 
0 0 1 0 1 0 1 1 1 0 0 1 0 0 1 1 1 0 0 0 1 0 1 0 1 0 1 1 2 0 0 0 1 0 1 1 0 0 1 0 0 0 0 1 1 1 1 0 1 0 1 0 
0 1 1 0 1 1 0 0 1 0 1 1 0 0 1 1 0 1 0 0 0 0 1 0 0 0 1 1 2 0 0 1 1 0 0 0 1 1 1 1 0 1 1 0 0 0 1 1 0 1 1 1 
1 1 1 0 1 1 0 0 0 0 0 0 0 1 1 1 0 1 0 1 0 0 0 1 1 0 0 1 0 0 0 0 1 0 1 0 0 1 0 0 1 1 0 1 0 1 1 0 1 0 0 0 
0 0 1 0 0 0 0 0 0 0 0 1 0 0 0 1 1 0 1 1 0 1 1 1 0 1 1 1 1 0 1 0 1 0 1 0 0 1 1 0 0 1 0 0 0 1 1 1 0 1 0 0 
0 1 1 1 2 0 0 0 1 0 0 1 1 1 0 0 1 0 0 1 2 1 1 1 0 1 1 1 2 0 0 0 1 1 1 1 0 1 1 0 0 0 0 1 1 0 0 0 1 0 1 1 
0 1 0 0 2 1 0 1 0 0 0 1 0 0 1 1 1 1 1 1 0 1 1 1 1 0 0 1 3 1 0 1 1 1 0 0 0 0 1 1 1 1 0 1 1 0 1 1 0 1 1 1 
0 1 0 1 1 1 0 0 1 0 0 1 0 1 0 1 0 0 1 1 1 1 0 1 0 1 1 0 1 0 1 0 0 1 0 0 1 0 0 1 1 0 0 1 1 0 1 1 0 1 0 1 
1 1 1 1 1 0 1 0 1 0 1 1 1 1 0 1 1 0 0 0 2 0 1 0 0 0 1 0 1 1 0 0 0 1 0 1 0 1 0 1 1 1 0 1 0 1 1 1 0 1 0 0 
1 1 0 1 2 1 0 1 0 1 0 1 0 0 1 1 0 0 1 0 1 0 0 1 0 0 0 1 3 1 1 0 1 0 0 0 1 1 0 1 0 0 0 0 0 1 1 0 0 0 1 0 

# Size = 16 | Time = 243 ms
0 1 1 1 1 0 0 1 0 0 0 0 0 0 1 0 1 0 1 1 0 1 1 0 1 0 1 1 0 0 1 1 1 1 0 0 1 0 0 1 1 0 1 1 1 1 1 0 1 0 1 0 
0 1 0 1 0 1 1 1 0 1 0 1 0 1 1 1 0 0 0 0 1 1 1 1 0 1 0 0 0 1 0 0 1 1 1 0 1 1 0 1 1 1 0 1 0 1 1 0 1 0 1 0 
0 0 0 1 2 0 1 0 0 0 1 0 1 0 1 1 1 1 1 0 1 1 0 1 0 1 0 1 1 1 0 1 1 1 1 0 0 0 0 0 0 1 1 0 0 1 1 1 0 0 0 1 
0 0 1 0 2 1 0 1 1 0 1 0 1 1 0 1 0 1 1 0 0 0 1 0 0 1 1 0 2 1 0 0 1 1 1 1 1 0 1 1 0 1 0 1 0 1 1 0 0 1 1 1 
1 1 0 0 1 0 0 0 1 1 0 0 1 1 1 1 1 0 1 0 1 0 1 0 1 1 0 1 2 0 1 0 0 1 0 1 0 1 1 0 1 0 0 1 0 0 1 1 0 1 0 1 
1 0 1 1 0 0 0 1 1 1 1 0 0 1 1 1 0 0 0 0 2 0 0 1 0 0 1 1 0 0 0 1 0 1 0 1 0 0 0 0 1 0 0 0 0 0 1 1 0 0 0 1 
1 0 0 0 2 1 1 0 1 1 0 0 0 1 1 1 1 1 1 0 0 1 0 1 0 1 1 0 3 1 1 0 0 0 1 1 1 0 0 0 1 0 0 1 0 0 1 1 0 1 0 1 
0 1 0 1 1 1 0 1 1 1 1 1 1 0 1 0 1 1 0 1 3 1 1 0 0 1 0 0 3 0 0 1 1 1 0 0 0 0 1 1 0 0 0 1 0 1 0 1 0 0 0 0 
1 0 1 0 0 0 1 1 1 0 0 1 1 1 0 0 0 0 1 1 1 0 0 1 0 0 1 1 3 0 0 0 0 0 1 1 0 1 1 0 0 1 0 1 1 0 0 0 1 0 0 1 
1 1 0 1 0 1 1 0 0 1 0 1 0 1 0 0 0 1 0 0 3 0 0 0 1 0 1 1 2 1 1 1 1 0 1 0 1 1 0 1 1 0 1 0 0 1 0 0 1 1 1 0 
1 1 0 0 2 1 1 1 0 1 0 1 1 1 0 0 0 0 0 1 2 1 1 0 1 1 1 0 1 0 0 0 0 0 0 1 1 1 1 1 1 0 0 1 1 1 0 0 1 1 1 0 
1 0 1 0 2 0 1 0 1 0 1 0 1 0 0 0 0 1 1 0 3 0 0 1 1 0 0 0 0 1 1 0 0 0 0 0 0 1 1 0 0 1 1 1 1 1 0 0 1 1 0 0 
0 1 1 1 0 0 0 0 1 0 1 1 0 0 0 0 1 1 0 1 0 0 1 0 1 0 0 0 1 0 1 0 0 0 0 1 0 1 1 0 0 1 1 0 0 1 0 1 0 0 1 0 
0 0 1 0 1 0 1 0 0 0 0 1 0 0 0 1 0 1 1 1 2 1 0 1 1 1 0 1 3 1 1 1 1 0 1 0 0 0 1 1 0 1 1 0 0 0 1 1 0 0 1 1 
1 1 0 0 0 0 0 0 0 0 0 0 1 0 1 1 1 1 1 1 2 1 0 1 1 0 0 0 2 1 0 1 1 1 1 0 1 1 0 1 1 1 1 1 1 0 1 1 0 0 0 1 
1 1 0 1 1 0 0 1 0 1 0 1 0 1 0 1 1 0 0 1 3 0 0 0 0 1 1 0 1 1 0 0 1 1 0 1 1 1 0 1 0 1 0 0 0 0 1 0 1 1 0 1 

# Size = 16 | Time = 228 ms
0 1 1 0 2 1 1 1 1 0 0 1 0 1 1 0 1 1 0 1 3 0 0 1 1 0 1 0 2 0 1 1 0 1 0 0 0 1 1 1 1 0 1 0 0 1 1 1 0 0 1 1 
0 1 1 1 1 1 0 0 0 1 0 1 1 1 1 0 0 0 1 0 1 0 1 0 1 0 0 0 2 1 1 1 1 1 0 1 1 1 1 0 0 0 0 1 1 1 0 0 1 0 0 0 
1 0 1 1 1 0 0 0 1 0 0 1 1 1 1 0 1 1 0 0 0 1 0 1 1 0 0 1 3 1 0 0 1 0 1 0 1 0 0 0 1 1 0 1 1 1 0 1 0 0 1 0 
0 1 0 1 0 1 1 1 0 1 0 0 0 0 0 1 0 0 0 1 1 1 0 0 0 1 0 0 3 0 0 0 0 1 0 0 0 0 0 1 1 1 0 0 0 1 1 0 0 0 1 1 
0 1 0 1 2 0 0 1 0 1 1 0 0 0 1 0 0 1 1 1 0 1 0 1 0 0 1 1 0 0 1 1 0 1 1 0 0 0 1 1 0 0 0 1 1 1 0 0 1 1 0 0 
1 0 0 0 1 0 1 1 1 1 0 0 0 0 0 1 0 0 1 0 3 1 1 1 0 1 1 1 1 1 0 0 0 1 1 0 1 0 0 0 0 1 0 1 1 1 1 0 1 1 0 0 
1 0 1 0 2 0 0 1 0 1 1 0 1 0 1 1 1 0 0 0 3 0 1 0 1 1 1 0 3 1 0 0 1 0 1 1 1 1 1 0 0 1 1 0 0 1 1 0 1 0 1 0 
0 0 1 1 0 0 1 0 0 0 1 1 1 1 0 0 1 0 1 1 2 0 0 1 1 1 1 1 1 0 0 1 0 0 0 1 0 0 0 0 0 0 1 1 0 1 0 1 0 0 1 0 
1 1 0 0 2 0 1 0 1 0 1 1 1 0 0 1 1 1 0 1 1 1 1 1 1 0 0 1 1 1 0 0 0 0 1 1 0 1 0 0 0 0 1 1 0 0 1 1 0 1 0 1 
1 0 0 0 2 0 1 0 1 1 1 0 0 0 1 0 0 0 1 0 2 1 0 0 0 0 1 1 2 0 0 0 1 0 1 0 0 1 0 1 1 1 0 0 0 0 0 1 0 1 0 1 
1 0 1 1 1 1 0 0 1 0 1 0 1 1 0 1 0 0 0 0 1 0 1 0 1 1 1 0 0 1 0 0 1 0 0 1 0 1 0 0 1 1 1 0 0 0 1 0 1 1 1 1 
1 1 1 0 0 1 1 0 0 0 1 1 1 1 0 1 1 0 0 0 0 0 1 0 0 1 1 0 2 1 1 1 1 0 0 1 1 0 1 1 1 1 1 0 0 0 1 0 1 1 1 1 
0 0 0 1 0 1 0 1 1 1 0 0 0 1 1 1 0 1 1 1 2 0 1 1 0 0 0 0 3 1 1 1 0 1 1 1 1 1 0 0 0 0 1 1 1 0 1 0 1 1 0 1 
0 1 1 1 1 1 0 1 1 0 1 0 1 1 1 1 1 1 0 1 0 0 1 0 1 1 0 0 1 0 1 0 1 0 1 0 1 1 1 1 1 0 0 0 0 0 1 1 0 0 1 1 
1 1 0 1 0 1 1 0 1 1 0 1 1 0 1 0 1 0 0 1 3 0 1 0 0 0 0 1 0 1 1 0 1 1 1 1 1 0 1 1 0 1 1 1 0 0 0 1 0 0 0 1 
1 1 0 0 1 0 0 0 1 0 0 0 0 0 1 1 0 0 0 0 2 0 0 1 1 1 1 1 0 1 1 1 0 0 1 1 1 1 1 1 1 1 1 1 1 0 1 0 0 0 0 1 

# Size = 18 | Time = 90 ms
0 0 1 0 2 0 1 0 1 0 1 0 0 0 0 0 1 1 1 0 0 0 0 0 0 0 1 0 2 1 1 1 0 0 0 1 1 0 0 0 0 0 1 0 0 1 0 0 0 0 1 1 
0 1 0 0 0 0 0 1 1 0 1 0 0 0 1 0 1 1 1 1 3 1 1 0 0 1 1 1 0 1 0 0 0 0 0 0 0 0 1 1 0 0 1 1 1 0 0 0 0 1 0 1 
1 1 1 1 0 0 1 0 0 1 1 1 1 1 0 0 1 0 0 1 1 1 0 1 1 0 1 1 3 1 0 1 0 1 1 0 0 1 0 0 0 0 1 1 1 0 0 0 0 1 0 1 
1 0 0 1 1 1 1 1 1 1 1 0 0 1 1 1 1 1 0 1 1 1 1 0 1 1 1 0 2 1 0 1 0 0 0 0 1 1 0 0 0 0 0 0 0 1 1 0 1 0 0 0 
0 1 0 0 2 1 1 1 0 1 0 0 0 1 0 0 0 1 1 0 2 0 1 0 0 0 1 0 3 1 0 0 1 0 1 1 1 1 1 1 1 1 1 0 0 1 1 0 0 1 0 1 
0 0 1 1 1 0 0 0 1 1 1 1 1 1 1 0 0 0 1 0 3 0 1 1 1 1 0 0 3 0 1 0 1 0 0 1 1 0 0 1 1 1 1 1 1 1 1 0 1 1 0 0 
1 1 0 1 1 1 0 1 1 1 0 0 0 0 1 0 0 0 0 0 0 1 1 1 1 0 1 1 1 0 1 1 1 1 1 0 0 1 0 1 0 1 0 0 0 0 1 0 1 1 0 1 
0 0 0 0 2 0 0 0 0 0 0 1 1 0 1 1 0 0 1 1 1 0 0 0 0 0 0 1 1 0 0 1 0 1 1 0 1 0 1 1 1 1 0 1 0 1 1 0 1 0 1 0 
1 1 1 0 2 1 1 1 1 1 0 0 0 1 1 0 0 0 0 0 1 0 1 0 1 0 0 0 0 0 1 1 1 1 1 1 1 1 0 0 1 0 0 0 0 0 1 1 0 0 1 1 
0 0 0 1 0 0 0 0 0 0 0 1 1 0 0 1 0 1 1 1 0 1 0 0 1 1 1 1 3 0 1 0 0 1 0 0 0 1 1 1 1 1 0 1 1 1 1 1 0 0 1 0 
1 1 1 1 2 1 1 0 0 0 1 0 1 1 0 1 1 1 0 0 3 1 0 1 0 1 0 0 1 1 0 0 1 0 1 1 0 1 1 0 1 1 0 1 1 0 1 1 0 0 0 1 
1 0 1 1 0 1 0 0 1 0 1 1 0 0 1 0 0 0 1 0 2 0 0 0 1 1 0 1 2 0 1 0 0 1 1 0 0 0 0 0 1 1 0 1 1 0 0 0 1 0 1 1 
0 1 1 0 1 1 0 1 0 0 0 1 1 1 0 0 1 0 0 1 2 1 0 1 0 0 0 1 2 0 1 1 1 1 1 1 0 0 1 1 0 1 1 0 0 1 0 1 0 1 1 0 
1 0 1 0 0 0 1 1 0 0 1 1 0 1 1 0 0 0 1 1 2 0 1 0 0 1 0 0 1 0 1 1 1 1 0 1 1 0 0 1 0 0 1 0 0 0 0 1 0 1 0 1 
0 0 1 1 1 1 0 0 0 0 0 1 1 1 0 1 1 0 0 0 0 0 0 1 0 1 0 1 0 1 0 0 0 1 0 1 1 1 0 0 0 1 1 1 0 1 1 0 1 1 0 0 
1 1 1 0 0 0 0 1 1 0 1 0 1 1 0 1 0 1 0 1 1 1 1 1 0 1 1 1 3 1 1 0 1 0 0 0 1 0 1 0 0 1 1 0 0 1 1 0 1 0 0 0 
0 0 1 0 1 0 1 0 0 1 0 0 0 0 0 1 0 1 1 1 2 0 1 0 1 0 1 0 0 0 0 0 1 0 0 1 1 0 1 1 0 0 0 1 1 0 1 0 1 1 0 1 
0 1 1 0 2 0 0 0 1 0 0 1 1 1 1 0 0 0 0 0 3 0 1 0 0 0 1 0 2 0 0 1 1 1 1 1 0 1 0 1 1 1 0 0 0 0 0 0 0 0 1 1 

# Size = 17 | Time = 230 ms
0 0 1 1 2 1 0 1 1 0 0 0 1 1 0 0 0 1 0 0 3 1 1 1 0 0 1 0 3 0 0 0 0 1 1 1 0 1 1 0 1 1 1 0 0 0 0 1 0 1 1 1 
1 1 1 0 2 1 0 0 1 0 0 0 1 0 0 0 0 0 0 1 1 0 0 0 0 0 1 0 1 1 1 1 1 1 0 0 0 1 0 1 1 1 1 1 1 0 0 1 0 0 1 1 
0 0 0 1 0 0 1 1 0 1 0 1 1 1 0 0 0 1 1 1 3 0 0 1 0 1 1 1 1 1 1 1 0 0 0 0 1 1 1 0 0 1 0 1 0 1 1 0 1 0 1 1 
1 0 1 0 2 1 1 0 1 1 1 1 0 1 1 0 0 1 1 0 2 0 0 1 0 1 1 0 2 0 1 1 1 1 0 1 1 1 1 1 0 1 0 0 0 1 1 0 0 1 1 0 
1 1 1 0 0 1 1 1 1 1 1 0 0 0 1 1 0 1 0 1 1 1 0 0 1 1 0 1 3 1 0 0 0 0 0 1 0 0 1 1 0 0 1 0 0 1 1 1 0 0 1 1 
0 1 0 1 0 0 0 0 1 0 1 0 0 1 0 0 1 0 1 0 2 1 1 1 1 1 0 0 1 1 1 0 1 0 1 0 0 1 1 0 1 0 0 1 1 1 0 0 1 1 0 1 
1 1 0 1 1 1 0 1 0 1 0 1 0 0 0 1 0 0 0 1 3 0 1 0 1 0 0 1 2 0 0 1 0 1 1 0 0 0 0 1 1 0 1 0 0 0 1 1 0 0 0 1 
1 0 0 1 1 1 0 1 1 0 0 1 1 0 0 0 0 0 0 1 2 0 0 0 0 0 0 1 0 1 1 1 1 0 1 0 1 0 1 0 0 1 1 1 1 1 1 0 1 1 0 0 
0 0 0 0 1 0 1 0 0 1 0 1 1 0 1 0 1 0 1 0 1 1 1 1 1 1 1 0 2 0 0 0 0 0 1 1 1 1 0 0 0 0 0 1 1 1 0 0 1 0 1 0 
1 0 0 1 0 0 1 1 0 0 0 0 0 0 0 0 0 0 0 0 0 1 0 0 0 1 0 1 2 1 0 1 0 0 1 0 0 1 0 1 0 0 1 1 0 1 1 1 0 0 1 0 
0 1 1 0 1 1 0 1 1 0 1 0 1 1 1 1 1 1 1 1 0 0 1 1 1 1 1 0 0 0 1 1 1 0 0 1 1 1 1 1 0 1 0 0 0 0 1 1 0 0 0 1 
0 0 1 0 1 0 1 0 0 1 1 1 0 1 1 1 1 0 1 0 2 0 0 0 0 0 1 0 3 0 0 1 0 1 0 0 1 0 0 1 1 1 0 1 1 0 1 1 0 0 0 1 
1 1 0 1 2 0 0 0 0 1 0 1 0 0 0 1 1 1 0 1 0 0 0 1 1 0 0 1 3 0 1 0 1 1 0 0 1 0 0 0 1 0 0 1 1 1 1 0 1 1 0 0 
0 1 1 1 1 0 0 1 0 1 1 0 0 0 1 1 1 1 0 0 0 0 0 0 1 0 1 0 1 0 0 0 1 0 1 1 1 0 0 1 1 0 1 0 0 1 1 0 1 1 0 0 
0 0 1 0 0 0 1 0 0 1 1 0 0 1 1 0 1 1 1 0 0 1 0 1 1 0 0 1 0 0 0 0 0 1 1 1 0 0 0 0 1 0 1 1 0 0 0 0 1 0 1 1 
0 1 1 1 2 1 1 0 0 0 0 1 1 1 1 1 1 1 0 0 1 1 0 0 1 1 0 1 0 0 0 1 0 0 1 1 1 1 0 1 1 0 0 1 1 0 1 1 0 1 0 1 
0 0 1 0 0 1 1 0 1 1 1 0 1 1 1 0 1 1 1 0 3 0 1 0 1 1 1 1 0 0 1 0 1 1 0 0 1 1 0 1 1 0 1 1 1 1 1 1 0 1 0 0 

# Size = 17 | Time = 137 ms
0 1 0 1 0 1 0 0 0 0 0 0 1 1 0 1 1 1 0 1 2 1 1 0 1 1 1 1 3 0 1 1 1 0 1 0 1 1 1 0 1 0 0 0 0 1 1 1 0 0 1 1 
0 1 0 1 1 0 1 1 0 0 0 0 1 1 0 0 1 1 0 0 1 1 0 0 1 0 0 1 2 0 1 1 1 1 1 1 0 1 0 0 1 0 1 1 1 1 1 0 1 1 0 0 
1 1 0 0 1 1 1 1 1 1 1 1 1 1 0 0 0 1 1 1 3 0 1 0 1 1 1 1 0 1 0 0 0 1 1 0 0 0 1 0 1 0 0 0 0 0 0 0 0 1 1 1 
0 0 1 1 0 1 0 1 0 1 1 0 0 0 1 0 0 0 0 1 1 1 0 0 1 0 0 0 0 0 1 0 0 1 0 0 0 0 0 1 0 0 0 1 1 1 0 0 1 0 1 1 
0 0 1 0 2 0 0 0 1 0 1 1 0 0 1 1 1 0 0 0 2 0 0 1 1 0 1 0 2 0 0 0 1 1 0 0 1 0 0 0 0 1 0 0 0 0 1 0 0 1 0 1 
0 1 1 0 2 0 0 0 0 0 0 1 1 0 1 0 1 0 1 0 0 1 0 1 0 0 1 0 0 1 1 1 0 0 1 0 0 1 1 1 0 1 1 1 0 1 1 1 0 1 0 0 
1 0 0 0 2 1 0 0 1 1 1 0 0 0 1 1 1 1 1 0 1 0 1 1 0 1 0 1 0 0 0 1 1 0 0 1 1 1 1 1 1 0 1 0 0 0 1 1 0 0 0 1 
1 0 1 0 1 0 1 1 1 1 1 1 0 0 0 0 0 0 0 0 1 0 0 1 0 0 1 0 3 1 0 0 1 1 0 1 1 1 0 1 0 1 1 1 1 1 0 1 0 1 0 0 
1 1 0 1 1 1 0 0 0 0 1 0 0 1 1 1 0 0 1 0 3 1 1 1 1 0 1 0 1 1 1 1 1 0 1 1 0 0 1 1 1 0 0 0 0 0 1 0 1 0 0 1 
1 0 0 1 0 0 1 0 1 0 0 1 0 1 1 0 0 0 1 0 1 1 1 1 0 1 1 1 1 1 1 1 1 1 0 1 1 0 1 0 0 1 0 1 1 0 0 1 0 1 0 1 
1 0 1 1 2 0 1 1 0 1 0 1 1 1 0 0 0 1 1 1 2 1 1 1 0 1 0 0 1 1 0 0 0 0 0 1 0 0 0 1 1 1 1 1 1 1 0 0 1 0 0 0 
1 0 0 1 1 1 1 0 0 0 0 1 0 0 0 1 0 0 1 0 2 0 0 1 0 1 0 0 0 1 1 1 0 1 0 1 1 1 0 0 0 1 0 0 0 1 1 0 1 0 0 0 
0 1 1 0 2 0 1 1 1 1 0 0 0 0 1 1 1 1 1 0 3 1 0 1 0 1 0 1 3 0 1 1 0 0 0 1 0 0 0 0 0 1 0 1 1 1 1 0 1 0 1 0 
1 0 0 1 1 1 1 1 1 0 1 0 0 1 0 1 0 1 0 1 0 0 1 0 1 1 0 1 3 0 1 0 1 1 0 1 0 0 0 0 1 0 0 1 1 0 1 0 1 0 1 1 
1 1 1 0 0 1 0 0 1 1 1 0 0 1 0 0 0 1 1 1 0 0 1 0 0 1 1 0 2 1 0 1 0 0 0 0 1 1 1 1 0 1 1 0 0 1 0 1 0 0 1 0 
0 0 1 1 0 1 0 0 0 0 0 1 1 0 1 1 0 1 0 1 3 0 1 1 1 1 0 0 2 1 1 1 0 0 1 1 1 1 1 0 0 0 1 0 0 1 1 1 0 0 1 1 
0 0 1 0 2 1 0 1 0 1 1 1 0 0 0 0 1 1 0 0 0 0 0 0 1 1 0 0 1 0 1 1 1 1 0 0 1 1 1 0 1 0 0 1 1 0 0 1 0 1 1 1 

# Size = 16 | Time = 177 ms
1 0 0 1 2 1 0 1 0 1 0 0 0 0 1 0 0 0 1 0 2 0 0 1 1 1 1 1 1 0 1 1 0 0 0 0 0 0 0 1 1 0 1 1 1 1 0 0 0 1 0 0 
1 1 1 0 2 1 1 0 1 0 1 0 1 1 0 1 1 1 1 1 2 0 1 0 1 0 1 0 3 1 0 0 1 1 1 0 1 1 1 0 0 1 1 1 0 0 1 0 0 1 0 1 
0 1 0 1 0 0 0 1 0 1 1 0 1 0 1 0 1 1 0 0 3 1 1 1 0 1 0 1 2 0 1 0 1 0 1 0 0 0 0 0 1 1 0 1 0 0 0 0 1 1 0 1 
0 1 0 1 2 0 0 1 1 1 0 0 0 0 1 0 0 0 0 1 1 1 0 1 0 1 0 1 3 1 0 1 1 0 0 1 1 0 1 1 0 1 0 0 0 1 1 0 1 0 0 0 
1 1 1 0 2 1 0 0 1 1 0 1 1 1 0 0 0 0 0 0 1 0 1 1 1 0 1 1 2 1 1 0 0 0 1 1 1 1 0 1 0 0 1 1 1 1 0 1 0 0 1 0 
1 0 1 1 1 1 1 0 1 0 0 0 1 0 0 1 1 0 0 0 1 1 0 0 0 1 0 0 0 1 0 0 0 0 0 0 0 1 0 0 1 1 0 0 0 0 1 1 0 0 0 1 
0 1 0 0 1 0 1 0 0 1 0 1 1 0 0 0 0 1 0 1 0 0 1 0 0 1 0 1 1 1 1 0 1 0 0 1 0 1 1 1 1 1 1 0 0 1 1 0 1 0 0 0 
0 0 0 0 1 0 1 1 0 0 1 1 0 1 0 1 1 1 1 1 2 1 0 0 1 0 0 1 2 0 0 1 1 1 0 1 1 0 1 0 1 0 0 0 0 1 1 1 0 0 1 1 
1 1 0 1 2 1 1 1 0 0 1 0 0 0 1 0 1 0 1 0 0 1 0 0 0 0 1 1 0 0 0 1 0 1 1 0 1 0 0 0 0 0 0 0 0 1 0 0 1 1 1 0 
1 0 1 0 0 0 0 0 1 1 0 1 1 1 1 1 0 0 1 0 0 0 1 1 1 1 0 0 2 0 1 1 0 1 0 1 1 1 1 1 0 1 0 1 1 0 1 1 0 0 1 1 
0 0 1 1 1 1 1 1 0 0 1 1 0 1 1 0 0 1 0 0 0 1 1 1 0 0 1 0 3 0 1 0 0 1 1 1 0 0 0 0 1 0 1 1 1 1 0 1 0 1 1 0 
1 0 1 0 0 1 1 0 1 0 0 1 0 1 0 1 1 0 1 1 3 1 0 0 1 0 1 0 3 1 0 0 0 1 0 0 1 0 0 1 1 0 1 0 0 1 1 0 1 0 1 0 
0 0 0 0 0 0 0 1 0 0 1 1 0 1 1 0 1 1 0 1 2 0 1 0 0 0 1 0 0 1 1 0 1 1 0 1 1 1 1 1 1 0 1 1 1 0 0 0 1 0 0 1 
0 0 1 1 0 1 1 1 0 0 1 1 1 1 1 1 1 1 1 0 1 1 1 1 1 0 1 0 1 0 0 0 0 1 1 0 1 1 1 0 0 0 0 1 1 0 1 0 1 1 1 1 
0 1 1 1 2 1 0 0 1 0 1 0 0 0 0 0 0 1 1 0 3 0 0 1 0 1 0 1 1 1 1 1 0 1 0 1 0 1 1 0 1 1 1 1 1 1 0 1 0 1 0 0 
1 0 0 0 1 1 0 0 1 1 0 1 0 0 0 0 0 1 1 1 3 1 1 1 1 1 1 1 0 0 0 0 1 1 1 1 0 1 0 1 0 0 1 1 1 0 1 1 0 0 1 1 

# Size = 16 | Time = 256 ms
1 1 1 1 0 1 0 1 0 1 0 0 0 0 1 0 1 0 1 1 1 0 1 0 1 0 1 0 3 1 1 1 0 0 0 0 0 0 1 0 0 0 0 1 0 1 0 1 0 0 0 0 
0 1 0 1 2 1 0 0 1 0 1 1 1 1 0 1 1 1 1 1 2 0 0 0 0 0 1 1 0 0 0 0 0 0 0 0 0 1 0 1 1 1 0 0 0 0 1 0 0 0 1 1 
1 1 1 1 0 1 1 0 1 1 1 1 0 0 0 0 0 0 0 1 3 1 0 0 0 0 0 1 2 0 1 0 0 1 1 1 0 0 0 0 0 1 0 0 0 1 1 0 1 1 1 0 
0 1 1 0 1 1 1 0 0 1 1 1 0 1 1 1 0 1 0 1 2 1 1 1 1 1 1 0 3 0 1 1 1 1 1 0 1 0 0 0 0 1 0 0 0 1 1 1 0 0 1 0 
0 1 1 1 0 0 1 1 1 1 0 0 1 1 1 0 1 1 0 0 2 1 1 1 1 1 1 0 2 1 0 0 0 0 0 0 1 1 0 1 0 1 0 1 1 0 1 1 0 1 0 1 
1 0 0 0 0 1 0 0 1 0 0 1 1 1 0 1 1 0 0 0 0 1 1 1 1 1 0 1 3 1 0 1 1 1 1 1 0 1 1 1 1 1 1 1 1 0 1 0 0 1 1 1 
1 1 1 0 1 0 0 1 0 0 1 0 0 0 1 1 1 0 1 0 3 0 1 1 1 0 0 1 0 1 1 0 0 1 0 1 1 0 1 0 0 0 1 1 1 0 1 0 1 1 0 1 
0 1 1 0 2 0 0 1 0 0 1 0 0 1 1 0 0 1 1 1 0 0 0 0 0 0 1 0 2 0 1 1 1 0 0 0 1 0 1 0 1 1 0 0 0 1 0 1 0 0 0 0 
1 0 0 1 0 0 1 0 0 1 0 1 1 0 0 0 0 1 1 1 0 1 1 0 0 0 0 1 0 0 0 0 0 0 1 1 1 0 0 1 0 0 1 1 1 1 0 0 1 0 1 0 
0 1 0 1 1 1 0 0 0 1 0 0 0 1 1 0 1 0 1 1 0 0 0 0 0 0 1 0 1 1 1 0 1 0 1 1 1 0 0 1 0 0 1 0 0 0 0 0 1 0 1 1 
1 0 1 0 0 0 1 1 0 0 1 1 0 1 0 1 0 1 1 0 1 1 0 0 0 1 1 1 1 0 0 0 0 1 1 0 0 1 0 1 1 1 1 1 1 1 1 1 0 0 1 0 
1 0 0 0 2 0 1 1 1 1 0 0 1 1 0 0 0 1 1 0 3 1 0 1 0 1 1 0 3 1 0 0 1 0 1 0 1 1 1 1 0 0 1 1 1 0 0 0 1 0 0 1 
1 0 0 1 1 1 1 0 1 1 0 1 1 0 0 0 1 0 0 0 2 0 0 1 1 1 0 0 1 0 0 1 0 1 0 1 0 1 1 0 1 0 1 0 0 1 0 0 1 1 0 1 
0 0 0 1 1 0 1 0 1 0 1 1 1 0 1 1 0 0 0 0 1 0 0 1 0 0 0 0 2 0 1 0 1 0 1 0 1 1 1 1 0 0 1 0 0 0 1 0 1 1 0 1 
0 0 0 0 2 1 1 0 0 1 0 0 0 0 1 0 0 0 0 0 1 1 1 1 1 1 0 0 0 1 0 1 1 1 1 1 1 0 0 1 1 0 0 0 0 1 0 1 0 1 0 0 
0 1 0 0 2 0 0 0 1 0 1 0 0 0 0 1 0 1 0 0 3 1 1 1 1 0 1 0 1 0 1 1 0 1 0 1 1 0 0 1 1 0 0 1 1 0 1 1 0 1 0 1 

# Size = 17 | Time = 163 ms
0 0 0 0 1 0 0 1 0 1 1 1 1 0 1 0 1 1 1 1 3 1 1 1 0 0 1 0 2 0 0 0 1 1 0 1 1 1 1 1 0 0 0 1 1 0 1 1 0 0 0 1 
1 0 0 1 0 1 1 0 1 0 1 0 0 1 1 0 0 1 0 1 2 1 1 0 1 1 1 0 1 1 0 0 1 1 1 1 1 1 1 1 1 0 0 0 0 1 1 0 0 1 1 1 
1 1 1 0 2 0 1 0 0 1 0 1 1 0 0 0 0 0 1 1 2 0 0 1 1 0 1 1 3 0 1 0 1 0 1 1 1 0 1 0 1 1 0 1 1 0 1 1 0 0 0 1 
0 1 1 1 2 1 0 1 1 1 1 1 0 1 0 0 0 0 1 1 3 1 1 0 0 1 0 1 0 1 0 1 1 1 0 0 0 0 0 1 1 0 0 1 0 1 0 1 0 0 0 1 
1 0 0 0 1 1 0 1 1 1 0 1 1 1 1 0 0 1 0 1 1 1 1 1 1 1 0 1 3 1 1 0 1 1 1 0 0 0 1 1 0 1 0 1 0 1 1 0 0 0 1 1 
0 1 1 1 0 0 0 0 0 0 1 0 1 0 0 0 1 0 0 0 0 1 0 0 1 0 1 0 3 0 1 1 0 0 0 0 0 1 1 0 0 1 0 1 1 0 0 0 1 0 1 1 
1 0 1 0 2 0 0 0 1 0 1 1 1 0 1 1 1 1 0 0 3 0 0 0 1 1 1 0 1 1 1 0 0 0 1 0 0 1 0 1 0 1 1 1 0 0 1 0 1 1 0 1 
0 0 1 0 0 0 1 0 0 0 1 1 0 0 0 1 1 1 0 0 1 0 0 1 0 0 1 0 0 0 1 0 0 0 1 0 1 1 0 0 1 1 1 0 0 1 1 0 0 1 0 1 
1 1 0 0 0 1 1 1 0 1 0 0 1 1 1 0 0 1 1 0 1 0 0 0 1 0 1 1 0 1 1 0 0 0 1 1 1 0 1 1 0 0 0 1 1 1 0 1 0 1 0 0 
0 0 0 0 1 1 0 1 0 0 0 0 0 0 0 1 1 0 1 0 2 0 1 1 0 1 0 1 0 0 0 1 0 1 0 0 0 1 0 0 0 1 1 1 1 1 1 0 1 0 1 0 
1 1 1 0 0 1 1 1 1 1 0 0 0 1 1 1 1 0 1 0 3 1 0 1 0 0 0 0 3 1 0 1 1 1 0 1 0 0 0 0 1 0 1 0 0 1 1 0 1 1 1 0 
1 1 0 1 2 1 0 1 1 0 0 0 1 0 0 1 0 1 0 0 1 0 0 1 1 1 1 1 2 1 1 1 0 0 1 0 1 0 1 0 0 1 0 0 0 1 1 0 1 0 1 0 
1 0 1 1 0 0 1 0 0 0 1 1 0 1 0 0 0 0 0 1 2 0 1 0 1 0 0 1 2 0 1 1 0 0 1 1 0 1 1 1 1 0 1 0 0 1 0 1 0 0 1 0 
0 0 0 0 1 1 1 1 0 1 0 1 0 1 0 0 0 1 1 1 0 0 1 1 0 0 0 1 1 1 0 1 1 0 1 1 1 0 0 0 1 0 1 1 1 1 0 1 0 0 0 0 
0 1 1 1 1 1 0 0 1 1 1 0 0 1 1 1 1 0 1 1 1 1 0 0 1 1 0 0 1 0 0 1 0 1 0 0 1 0 1 0 0 1 1 0 0 0 1 0 1 1 1 1 
1 0 1 1 2 1 1 1 1 1 0 1 0 1 1 1 0 1 0 1 0 0 1 0 0 1 0 1 0 0 0 0 1 1 1 1 0 1 1 1 0 0 1 1 1 0 1 1 0 1 0 1 
1 1 0 1 1 1 0 1 1 1 1 1 0 1 1 1 0 1 1 1 0 0 0 1 1 1 0 1 2 1 1 0 0 0 0 0 1 1 0 1 1 0 0 0 0 0 1 1 0 1 1 1 

# Size = 17 | Time = 179 ms
1 0 0 0 0 1 0 1 0 0 0 1 0 0 0 0 0 0 1 1 3 1 1 0 0 1 0 0 2 0 0 0 0 1 0 1 0 1 1 0 1 1 1 1 1 0 1 0 1 0 1 1 
0 0 1 0 1 0 1 1 0 1 0 0 0 0 0 1 1 1 0 0 1 1 0 1 0 1 0 0 3 0 1 0 0 0 1 0 0 0 1 0 0 0 1 1 1 1 1 0 1 1 0 0 
1 0 1 1 0 0 1 0 0 0 1 1 0 1 1 0 0 1 1 1 1 1 1 1 1 0 1 1 0 1 0 0 1 1 1 0 1 0 1 1 1 1 1 1 0 0 1 1 0 0 0 1 
1 1 0 1 0 0 1 1 0 0 0 0 0 1 1 0 0 1 0 0 2 1 1 0 1 0 1 1 1 0 1 0 1 0 1 1 0 0 0 0 0 0 0 0 0 0 1 0 0 0 1 1 
0 0 0 0 2 1 1 0 1 1 1 1 1 0 1 0 0 1 0 1 0 0 0 1 1 0 1 1 2 0 1 0 1 0 0 0 0 0 0 1 0 1 0 0 0 1 1 1 0 1 0 0 
1 1 0 1 2 0 0 1 1 1 0 0 1 0 1 1 1 0 1 0 3 1 0 0 0 0 0 1 0 1 1 1 0 1 0 1 1 1 0 0 0 0 0 0 0 1 1 0 1 0 1 0 
1 1 1 1 1 0 1 0 0 1 1 0 1 1 0 1 1 0 1 0 2 0 0 0 1 0 1 0 2 1 0 1 0 0 1 1 1 1 1 0 1 0 1 0 0 0 1 1 0 0 0 1 
0 1 1 0 1 1 0 1 0 1 0 0 1 1 0 1 0 1 0 1 0 0 1 0 1 1 1 0 0 0 0 1 1 0 1 1 0 0 0 1 0 1 0 1 1 0 1 0 1 0 0 1 
1 1 0 0 2 1 0 1 1 0 0 1 1 0 1 0 0 0 1 1 1 0 0 0 0 1 1 0 1 1 0 1 1 0 0 1 0 1 0 0 1 1 0 0 0 1 0 1 0 1 1 1 
0 0 1 1 2 0 1 0 0 1 1 0 0 1 0 0 0 1 1 0 1 1 1 1 1 0 0 1 2 1 0 0 1 0 1 1 1 1 0 0 0 1 1 1 1 0 0 1 0 0 1 1 
0 1 0 1 1 1 0 0 1 0 0 1 0 0 1 0 1 0 0 1 2 0 1 1 0 1 0 1 0 0 1 1 0 1 0 0 1 0 1 1 1 1 1 1 1 1 0 0 1 1 1 0 
1 1 0 1 0 1 0 0 1 1 1 1 1 1 1 1 0 0 1 0 0 1 0 0 1 0 0 1 3 1 0 1 1 1 1 0 1 1 0 1 1 0 1 0 0 1 1 1 0 0 1 0 
0 0 1 1 0 0 0 1 0 0 1 1 0 1 0 0 1 1 0 1 0 0 1 0 0 1 0 1 3 1 0 1 1 1 0 1 1 1 1 0 0 1 0 1 1 1 0 0 1 1 0 1 
0 0 1 0 1 0 1 0 1 0 1 0 0 1 0 0 1 1 0 1 3 0 0 1 0 1 1 0 3 1 1 0 1 0 1 0 0 1 0 1 1 0 0 1 0 0 0 1 0 1 0 1 
0 0 1 0 1 1 0 0 0 1 1 0 0 1 0 1 1 0 1 1 3 0 0 1 1 0 0 0 1 1 0 1 0 1 0 0 1 0 1 1 0 1 1 1 1 1 1 0 1 0 0 0 
0 1 1 1 1 1 0 1 0 0 1 0 0 0 0 1 0 1 1 1 0 0 0 1 1 1 0 1 1 0 1 0 0 0 1 0 1 1 0 1 0 1 0 1 0 1 1 1 0 0 0 1 
0 0 1 0 2 1 0 1 0 0 0 1 0 1 1 0 1 1 1 1 2 1 0 1 0 1 1 1 3 1 1 1 0 1 1 1 1 0 1 0 1 1 1 1 1 0 0 1 0 1 0 1 

# Size = 18 | Time = 113 ms
0 1 1 0 2 1 0 1 0 1 0 1 0 0 1 0 1 0 1 1 2 1 1 0 1 0 1 0 3 0 0 1 1 0 1 0 0 1 1 1 0 1 0 0 0 0 1 0 1 0 1 1 
1 0 1 1 2 1 0 1 1 0 0 1 1 1 0 1 0 1 0 0 1 1 0 1 1 0 1 0 3 0 1 0 0 1 0 1 1 0 0 1 1 1 1 1 1 1 1 0 0 1 0 1 
0 0 1 0 0 1 0 1 0 0 1 0 0 0 0 0 0 1 0 0 2 0 1 1 0 1 1 0 2 0 1 0 0 0 1 1 1 1 0 0 1 1 0 1 0 1 1 0 0 0 0 1 
1 0 0 1 2 1 0 1 0 1 0 0 1 1 0 0 1 0 0 0 3 1 0 0 0 1 1 1 1 0 1 0 0 0 1 0 1 1 1 0 1 1 0 0 0 0 1 0 0 1 0 1 
0 1 1 1 1 1 1 1 0 0 0 1 1 1 1 1 1 1 0 1 0 0 1 0 1 0 1 0 0 1 1 0 0 0 0 0 1 0 0 0 1 0 0 0 0 1 1 0 1 0 0 0 
0 1 1 0 2 0 1 0 1 0 1 0 0 0 0 0 0 0 0 1 3 0 1 1 0 1 0 0 0 1 0 1 0 0 1 0 1 0 1 0 0 0 1 1 1 1 0 1 0 1 0 0 
0 1 1 1 0 0 1 0 1 1 0 1 0 0 1 0 1 0 1 1 1 0 0 1 1 1 0 1 1 0 1 1 0 1 0 0 0 0 1 0 0 0 0 0 0 0 0 1 0 1 0 1 
1 0 0 0 0 1 0 1 0 1 1 0 0 1 1 0 0 1 1 1 3 0 0 0 0 1 0 1 3 0 0 0 0 1 0 1 1 1 0 1 1 1 0 1 1 1 0 0 1 0 1 0 
1 0 0 0 0 0 1 0 1 1 1 0 0 0 0 1 0 0 1 0 0 1 0 1 0 1 0 1 3 0 0 1 1 1 1 1 0 1 1 0 0 0 1 1 1 0 1 1 0 1 0 1 
1 0 0 0 1 0 0 0 0 0 1 0 1 0 1 0 0 1 0 0 0 1 1 0 1 0 1 1 1 1 0 1 1 1 0 1 0 0 0 1 0 1 1 0 0 0 0 1 0 0 1 1 
0 0 0 0 1 1 1 0 0 1 1 0 0 0 0 1 0 0 1 0 1 1 1 0 0 0 0 0 3 1 1 0 1 0 1 1 1 1 0 0 0 0 0 1 0 1 1 0 1 1 1 1 
1 0 0 1 2 1 1 0 1 1 0 1 1 1 1 1 1 0 1 1 0 1 0 0 0 0 0 0 2 1 0 0 1 1 0 0 0 0 1 1 0 1 1 1 1 1 1 1 0 1 1 0 
1 1 0 1 0 0 0 1 1 1 1 1 1 1 1 0 1 1 1 0 1 1 0 1 1 0 1 1 0 1 0 0 1 1 1 1 0 1 1 1 1 1 1 1 1 0 1 1 0 0 1 1 
1 0 0 1 1 0 1 0 1 0 1 1 1 1 0 1 1 1 1 0 2 0 0 1 1 1 0 0 1 1 0 0 0 1 0 1 0 0 1 1 1 0 1 1 1 1 1 0 1 1 0 0 
1 1 1 0 2 0 0 1 1 1 1 0 0 1 0 0 0 1 0 1 2 1 1 1 1 0 0 1 2 1 0 1 1 1 0 0 0 0 0 1 1 0 0 0 0 0 0 1 0 0 0 1 
0 0 1 1 1 1 1 1 1 1 1 1 1 1 1 1 0 1 1 0 3 0 1 0 1 0 0 0 2 0 0 0 1 0 1 1 0 1 1 1 1 1 0 0 0 0 1 0 1 1 1 1 
1 0 0 1 0 0 0 0 0 0 1 0 1 1 0 1 1 1 1 0 2 0 0 0 1 1 1 0 0 0 1 0 0 1 1 1 0 0 1 1 0 0 1 0 0 1 1 1 0 1 0 1 
0 1 0 1 1 0 0 1 0 1 0 1 1 1 0 1 0 1 1 0 1 0 0 0 0 0 1 1 2 1 0 1 0 0 1 1 1 0 1 1 0 1 1 0 0 1 1 0 1 1 0 0 

# Size = 18 | Time = 187 ms
0 1 0 0 0 1 0 1 1 0 1 0 0 0 0 0 1 1 1 1 0 0 1 1 1 1 0 0 2 1 1 0 0 0 1 0 0 1 0 0 1 0 0 1 0 0 1 0 0 0 1 1 
0 0 1 0 1 1 1 1 1 1 0 0 0 1 1 0 1 1 1 1 2 1 1 0 1 0 1 1 2 1 0 0 1 0 1 1 1 1 1 1 1 1 1 1 1 1 0 0 1 1 1 1 
0 0 0 0 0 1 0 0 0 0 1 1 0 1 1 1 0 1 1 0 1 0 1 1 1 1 0 1 3 0 0 1 0 0 0 1 1 1 0 1 1 1 1 0 0 0 1 1 0 0 0 1 
0 1 1 1 2 0 1 1 1 0 1 0 1 0 1 1 1 0 1 1 1 1 1 1 0 1 1 1 0 1 1 1 1 0 1 0 1 1 1 0 0 0 0 1 1 1 1 0 1 1 0 1 
0 0 1 1 2 1 1 0 0 1 1 0 1 1 1 0 1 1 0 0 0 1 0 0 1 1 0 0 0 0 1 1 1 0 0 1 1 1 0 1 1 1 1 1 0 1 0 0 1 0 0 0 
1 0 0 0 1 0 0 1 1 1 0 1 0 1 0 0 0 0 0 1 1 0 1 1 0 0 1 0 1 1 0 0 0 0 1 0 1 0 0 1 0 1 1 1 0 1 1 1 0 0 1 1 
1 1 1 1 2 1 0 0 1 0 0 1 1 0 1 1 0 1 1 0 0 0 0 0 1 1 1 1 1 0 1 0 1 1 0 1 0 1 1 1 0 0 1 0 0 1 1 0 1 1 1 0 
0 0 1 1 2 0 1 0 0 1 1 0 1 1 0 0 1 1 1 0 0 1 0 1 0 1 0 1 1 1 0 1 1 1 0 0 0 0 1 0 1 0 0 1 1 0 0 0 1 1 0 1 
1 0 1 1 0 1 1 1 1 1 0 1 1 1 1 0 1 0 1 1 3 0 0 0 1 0 0 0 1 1 1 0 0 0 0 1 0 0 0 1 0 0 0 1 1 1 0 0 1 1 1 0 
1 1 1 0 0 0 1 0 0 1 0 1 1 0 0 1 0 0 0 1 2 1 0 0 0 1 0 0 1 1 1 1 0 1 0 1 1 1 0 0 0 0 0 0 0 0 1 1 0 0 1 1 
1 1 1 1 1 1 1 1 0 1 1 0 1 0 0 0 1 1 0 0 2 1 0 0 0 0 0 0 3 1 1 0 1 1 0 0 0 0 1 0 0 0 0 1 1 1 0 0 1 1 1 0 
1 1 0 0 2 0 0 0 1 0 1 0 0 0 0 1 1 0 0 1 3 1 0 1 1 0 1 1 3 0 0 0 1 1 1 0 1 0 1 0 1 1 1 0 0 0 1 1 0 0 0 1 
1 0 0 1 2 0 1 0 0 0 1 1 1 0 0 0 0 0 0 0 1 1 0 0 0 0 1 0 2 0 1 1 0 1 0 1 0 0 1 1 0 1 0 0 0 1 0 1 0 1 0 0 
0 1 0 1 1 0 1 0 0 0 1 0 0 1 0 1 0 1 0 0 3 1 1 0 0 1 0 1 2 0 0 1 1 1 1 1 0 1 0 0 0 1 1 0 0 1 1 0 1 1 0 0 
0 0 0 1 1 1 0 1 1 0 0 0 1 1 1 1 1 0 0 0 0 0 1 1 1 0 0 0 3 1 1 1 0 1 1 1 0 0 0 1 0 1 1 0 0 0 1 1 0 1 0 1 
1 1 0 0 2 0 0 1 1 0 0 1 0 1 0 0 0 1 0 0 2 0 1 1 0 0 0 0 0 0 0 0 0 1 0 1 0 0 1 1 0 1 1 1 1 1 0 1 0 0 0 0 
1 1 0 0 0 1 1 1 1 1 0 0 0 1 0 1 0 1 0 1 3 0 0 1 1 0 1 1 0 1 0 1 1 0 0 0 1 1 1 1 0 0 1 0 0 0 1 1 0 0 1 1 
0 1 1 1 1 1 1 0 0 1 1 1 0 1 1 1 0 0 1 0 1 0 1 0 1 0 1 0 0 1 0 1 1 0 0 1 1 1 1 0 0 0 0 1 0 1 1 1 0 0 1 1 

# Size = 17 | Time = 164 ms
1 0 1 0 0 0 1 1 1 0 1 1 0 1 1 0 1 1 0 0 2 1 0 1 0 1 0 1 1 0 0 1 0 1 0 1 1 0 0 1 1 1 0 0 0 1 1 1 0 0 1 1 
0 1 0 1 2 0 1 1 1 1 1 1 0 0 0 0 0 1 0 0 1 1 1 0 1 1 0 0 3 0 1 1 0 1 0 1 0 0 1 0 0 1 1 1 0 1 1 0 0 0 0 1 
1 1 1 0 0 0 0 0 1 1 0 0 1 1 1 1 1 0 1 1 1 0 0 1 1 0 1 0 1 1 0 0 1 0 1 0 0 1 1 0 0 0 1 1 0 0 1 1 0 0 0 1 
1 1 0 0 2 1 1 0 1 0 0 1 0 0 1 0 0 0 0 1 1 1 1 0 0 0 1 1 1 0 0 1 1 0 1 0 1 0 1 0 0 0 0 1 1 1 0 0 1 1 1 0 
0 1 0 1 1 0 1 0 0 1 0 0 1 0 0 1 1 0 1 1 1 1 1 1 0 0 1 0 0 0 1 0 1 1 0 1 0 1 0 0 0 0 0 1 1 1 1 0 0 0 0 0 
1 1 0 0 2 0 0 1 0 1 0 0 1 0 0 0 1 0 0 1 2 1 1 0 0 0 0 1 2 1 1 1 1 1 1 0 1 1 0 0 0 0 1 1 1 1 0 1 0 0 1 0 
1 0 1 0 1 1 1 1 1 1 0 0 0 0 0 1 1 0 0 1 3 0 1 0 1 1 0 0 1 1 0 1 1 0 0 0 0 1 0 0 0 1 1 1 1 1 1 0 0 0 1 0 
0 0 1 1 2 1 0 0 0 0 1 1 0 1 1 1 0 1 1 0 3 0 0 1 1 1 1 0 2 0 0 0 0 0 0 1 0 0 1 0 1 1 0 0 0 0 1 0 1 1 1 1 
0 0 1 0 1 0 1 0 1 0 1 0 1 1 1 0 0 1 1 1 1 1 0 0 1 1 0 0 2 1 1 0 0 0 0 1 0 1 1 1 1 0 1 0 0 0 0 0 1 1 0 1 
0 1 0 1 0 1 0 1 0 1 0 1 1 0 1 0 1 1 1 1 3 0 1 1 0 0 1 1 3 1 1 1 1 1 1 0 1 1 0 1 0 0 0 1 1 0 0 1 0 1 0 1 
1 1 0 1 0 0 0 1 1 1 0 1 1 0 1 0 0 1 0 0 0 0 1 1 0 0 1 1 2 0 0 0 1 0 1 0 0 1 0 0 1 0 0 1 0 1 0 0 1 0 0 0 
0 1 0 1 2 1 1 0 0 1 1 0 0 0 0 1 1 0 1 1 0 1 0 0 1 0 0 1 1 1 1 0 1 1 1 0 1 0 1 1 1 1 1 0 0 1 1 0 1 1 0 0 
0 0 1 1 2 1 1 0 1 0 1 1 0 1 1 0 0 1 1 0 2 0 0 0 1 1 1 0 0 1 0 1 0 0 1 0 0 0 1 1 1 1 1 0 0 0 0 0 1 1 0 1 
1 0 0 0 1 0 0 1 0 0 1 1 1 1 0 0 0 0 0 0 3 1 0 0 0 0 0 1 0 1 0 0 0 0 1 1 1 0 1 0 1 1 1 1 1 0 0 1 0 1 0 1 
1 0 1 0 1 1 0 0 0 0 0 0 0 1 0 1 1 0 0 0 2 0 0 1 0 1 1 1 3 0 0 0 0 0 1 1 1 1 0 1 1 1 1 0 0 1 1 0 1 0 1 0 
1 0 1 0 0 1 1 1 0 0 1 1 1 1 0 1 1 1 1 1 0 0 1 0 1 1 1 0 0 1 1 1 0 1 0 1 1 1 1 1 0 0 0 1 1 0 1 1 0 0 1 1 
1 0 0 0 1 0 0 0 0 0 1 1 0 1 1 1 1 0 0 0 0 1 1 1 0 0 1 1 3 1 1 1 1 1 0 1 0 1 1 1 0 1 0 0 0 1 1 1 0 1 0 1 

# Size = 17 | Time = 116 ms
1 0 0 1 0 1 1 1 1 0 0 0 1 1 0 0 0 1 0 1 3 0 1 1 0 1 1 0 0 1 1 0 0 0 0 1 1 0 1 1 0 1 1 1 1 1 0 0 0 0 1 0 
1 1 1 1 2 0 0 1 1 1 0 1 1 1 1 0 1 0 1 1 1 0 0 1 1 0 0 0 1 1 0 0 0 0 1 0 1 0 1 1 1 0 1 1 0 1 0 0 0 1 0 1 
1 1 1 0 1 0 1 1 0 1 1 0 0 0 1 0 1 1 0 1 3 1 0 0 0 0 0 0 2 1 1 0 0 0 1 0 0 1 1 0 1 1 1 0 0 1 0 1 0 0 0 1 
0 0 1 1 1 1 1 0 1 1 0 1 1 1 0 0 1 0 1 0 0 0 1 1 1 1 1 1 2 0 0 1 0 1 0 0 1 1 1 1 0 0 0 1 1 0 1 1 0 1 0 1 
1 0 1 1 1 0 1 0 1 0 0 0 0 0 1 0 1 1 1 1 1 1 0 0 0 0 1 0 3 0 0 1 1 1 1 1 0 1 1 0 0 1 1 0 0 0 1 0 1 0 0 1 
0 0 0 0 0 0 0 1 0 1 1 1 0 0 0 1 1 1 1 1 1 1 1 0 1 1 0 1 3 1 1 1 1 1 0 1 0 0 0 0 0 0 0 1 1 1 1 0 1 0 1 0 
0 1 1 1 2 1 1 1 1 0 1 0 1 0 1 1 1 0 0 1 2 0 0 1 0 1 0 1 2 0 0 1 1 0 1 0 0 0 1 0 1 1 1 1 0 1 1 0 1 1 1 0 
1 0 0 0 1 0 0 0 0 1 0 1 0 1 0 1 0 1 1 0 2 1 1 0 1 0 0 0 3 1 1 0 0 0 1 1 1 1 0 0 0 0 0 1 1 0 1 1 0 1 0 1 
0 1 1 0 1 1 0 0 0 1 1 1 0 0 1 0 1 0 1 0 1 0 1 1 0 0 0 1 0 0 0 1 1 1 0 0 0 1 0 0 1 0 0 1 1 0 0 1 0 1 0 1 
0 1 0 0 0 1 0 1 0 0 1 1 1 1 1 0 0 0 0 0 1 0 1 0 0 0 1 0 2 0 0 0 1 1 1 1 0 1 0 1 1 1 1 0 0 0 1 1 0 0 0 1 
1 1 1 1 0 0 0 0 0 0 1 0 0 0 0 1 0 0 0 0 2 1 0 0 1 1 1 1 0 0 1 0 1 1 0 0 1 0 0 1 1 0 0 0 0 1 1 0 1 0 0 0 
0 0 0 0 1 1 1 0 0 0 1 1 1 0 0 0 0 1 0 0 3 1 1 0 1 1 1 1 1 0 0 1 0 1 0 1 0 0 0 0 0 1 0 0 0 0 0 0 1 0 1 1 
0 1 0 0 1 0 0 0 1 1 1 0 1 0 1 0 0 1 0 1 2 0 0 1 0 1 0 1 1 1 1 1 1 0 1 0 0 1 0 1 0 1 1 1 1 1 0 1 0 0 1 0 
1 1 0 0 2 0 0 1 0 0 1 0 1 0 1 0 0 1 0 1 0 0 0 0 0 0 0 1 3 1 1 0 1 0 1 1 0 0 0 0 1 1 1 0 0 1 0 0 1 0 1 0 
1 1 1 0 0 0 1 0 1 0 0 0 0 1 1 1 1 0 0 1 0 1 1 1 0 1 0 0 1 1 0 1 1 0 1 0 0 0 1 0 1 0 0 0 0 0 1 0 1 1 0 1 
0 0 0 0 2 0 0 0 0 0 0 1 0 0 0 1 0 1 0 0 0 1 1 1 0 1 1 0 0 1 0 1 1 1 1 1 0 1 0 1 1 0 0 1 1 0 1 1 0 1 0 1 
0 1 0 0 2 1 0 0 0 1 1 0 0 1 0 1 1 0 1 0 3 1 0 1 0 0 1 0 3 1 0 1 1 0 0 0 1 0 1 1 0 0 0 1 0 1 1 1 0 1 0 0 

# Size = 17 | Time = 211 ms
0 1 0 0 2 0 1 1 1 1 1 1 0 0 1 0 1 1 1 1 3 0 0 0 1 0 0 0 0 1 1 0 0 1 0 1 1 0 1 0 1 1 1 1 1 1 1 1 0 1 0 1 
1 1 0 1 0 1 1 0 1 0 1 1 0 0 0 0 0 0 0 0 1 1 0 0 0 1 1 1 0 0 0 0 0 1 0 0 1 1 0 1 0 0 1 0 0 1 0 0 1 0 1 1 
0 0 1 0 2 1 0 0 0 0 0 0 0 0 1 0 1 1 0 1 2 0 0 1 0 1 0 1 1 1 0 1 0 0 1 0 0 1 0 1 1 1 0 1 1 1 1 1 0 0 1 0 
1 1 1 0 0 1 0 0 0 0 0 0 0 1 1 0 0 0 1 0 3 1 1 0 0 0 0 1 3 0 0 0 1 0 0 0 1 1 1 0 1 0 0 1 1 1 0 1 0 1 1 0 
0 0 0 0 1 0 0 1 1 0 0 0 1 1 0 1 0 1 1 1 1 1 1 1 1 0 1 1 3 1 1 1 1 1 0 1 0 0 0 1 0 0 1 1 1 0 1 0 1 0 0 1 
0 0 0 1 2 0 1 1 0 1 0 0 1 0 1 0 0 0 1 1 2 1 1 0 1 1 1 0 3 0 1 0 1 0 0 1 0 0 1 0 0 0 1 0 0 1 0 0 1 0 0 0 
0 0 1 1 0 0 0 1 0 1 1 0 1 1 1 1 1 1 0 1 2 0 1 1 1 0 0 0 2 1 1 1 1 1 0 1 0 0 0 1 1 1 1 1 0 0 1 0 1 1 0 1 
0 0 0 1 0 1 0 0 0 1 0 1 1 1 0 1 1 1 0 0 3 1 1 1 1 0 0 1 1 0 1 0 1 0 1 0 0 1 0 1 0 1 1 0 0 0 1 0 1 0 0 1 
0 0 1 0 0 1 0 1 0 1 0 0 1 1 1 0 1 1 0 1 0 0 1 1 1 0 0 1 0 1 0 1 1 0 1 1 0 1 0 0 0 0 0 0 0 1 0 0 0 0 1 0 
1 0 0 1 2 1 1 0 0 1 1 1 0 1 0 0 1 0 1 1 1 0 0 0 0 1 0 1 2 0 0 1 0 0 1 1 0 0 1 0 1 1 0 0 0 0 0 1 0 0 0 1 
1 1 1 1 1 1 1 0 1 0 1 1 0 0 0 0 1 1 0 0 2 0 1 1 1 1 0 0 0 1 0 1 0 0 1 1 1 0 1 0 0 0 0 0 0 0 0 1 0 1 1 1 
1 1 1 1 1 0 1 0 0 1 1 0 0 0 1 1 1 0 0 0 3 0 1 1 0 1 1 0 0 1 0 1 1 1 1 0 0 1 1 0 1 1 0 0 0 1 1 1 0 0 1 0 
1 1 0 0 2 1 0 1 1 0 0 1 1 0 0 1 0 1 1 0 3 1 0 0 0 0 1 1 2 0 1 0 1 1 1 0 1 1 1 0 0 0 0 1 1 1 1 1 0 0 1 0 
1 1 0 1 2 0 1 0 1 0 1 1 0 0 0 0 0 0 1 0 0 1 1 0 0 1 1 0 1 0 1 1 0 1 0 1 0 0 1 1 1 0 1 1 1 0 0 1 0 1 0 1 
0 0 0 0 1 0 1 1 0 1 1 1 1 1 0 1 1 1 0 0 0 0 0 0 0 0 1 0 3 0 0 0 0 0 1 0 1 0 1 1 0 1 0 0 0 1 1 0 1 1 0 0 
0 1 1 0 1 0 1 1 1 0 1 1 1 1 0 0 0 0 0 0 0 0 0 0 1 1 1 0 2 1 0 0 1 0 1 0 1 1 1 1 1 1 0 1 1 0 1 0 0 0 1 1 
1 0 1 1 1 1 1 1 0 1 1 1 1 0 1 0 1 1 0 0 1 0 0 1 0 0 1 0 1 0 1 0 0 1 0 0 1 0 1 0 0 1 0 0 0 1 0 1 0 1 0 0 

# Size = 17 | Time = 177 ms
1 0 0 0 0 1 1 0 0 1 0 1 1 0 0 0 0 0 1 1 1 0 1 1 0 0 1 0 1 1 0 1 1 1 0 0 0 0 0 0 1 0 0 0 0 1 0 0 1 0 1 1 
0 0 1 0 1 0 1 1 0 0 0 0 0 1 0 0 1 1 1 1 3 0 1 0 1 1 1 0 2 1 0 1 1 0 1 1 0 1 0 1 0 0 1 1 1 0 0 1 0 1 0 1 
0 1 1 0 2 1 1 1 0 1 0 1 0 1 0 1 1 1 0 0 2 1 1 0 0 1 0 0 0 1 1 0 1 0 0 0 0 0 0 1 0 0 0 0 0 1 1 0 0 0 0 1 
0 0 0 1 1 0 1 0 1 1 0 0 0 0 0 0 0 0 0 0 3 0 1 0 0 1 0 1 1 0 1 1 0 1 1 0 1 0 0 0 1 1 0 1 1 0 0 0 1 1 0 1 
0 1 0 1 1 0 1 1 0 0 1 0 0 0 1 1 1 1 0 0 1 1 1 1 0 0 0 1 3 1 1 0 1 1 0 1 1 1 0 1 0 0 1 1 0 1 1 0 1 0 0 0 
1 1 1 0 2 1 0 1 1 0 1 1 1 1 1 1 0 1 1 1 1 1 0 0 0 1 1 1 2 0 0 0 0 1 1 0 0 0 1 0 0 1 1 1 1 1 1 0 0 1 1 1 
1 1 1 0 0 0 1 0 0 1 0 0 1 0 1 1 1 1 0 1 0 0 0 1 1 0 0 0 2 0 1 1 1 0 0 0 1 1 1 1 1 1 0 1 0 1 1 0 1 1 0 0 
1 1 0 1 0 0 0 1 1 0 0 0 1 0 1 1 0 0 0 0 1 0 0 1 1 1 1 1 0 0 1 1 0 0 0 1 1 1 1 1 0 1 0 1 0 0 1 1 0 1 0 1 
1 1 1 1 2 0 0 1 1 0 1 1 1 0 1 0 1 0 0 0 3 1 0 1 0 0 1 0 3 1 0 1 0 0 0 0 1 1 1 0 1 1 0 0 0 0 1 1 0 0 1 1 
1 0 0 0 0 1 0 0 1 1 1 0 0 0 1 0 0 0 1 1 2 1 0 0 1 1 0 1 3 0 0 0 0 1 1 1 0 1 1 1 1 0 1 1 1 1 0 1 0 1 1 0 
0 0 1 1 2 1 0 1 1 0 1 0 0 1 1 1 0 0 1 0 0 1 1 0 0 1 1 1 1 1 0 0 0 1 1 1 0 0 1 1 0 0 1 0 0 0 1 0 1 1 1 1 
1 0 0 0 1 1 0 0 1 0 1 1 1 1 0 0 1 1 1 1 0 0 0 1 1 1 1 1 1 0 1 0 1 0 1 1 1 1 1 0 0 0 1 1 1 1 0 1 0 0 1 0 
1 0 0 1 1 0 0 0 0 0 1 0 0 1 0 0 1 1 1 1 0 0 0 0 1 0 1 0 0 1 0 1 0 1 1 0 1 0 0 0 1 0 1 1 1 1 0 0 1 0 1 1 
0 1 0 1 0 1 1 0 0 0 1 0 1 1 0 1 1 0 1 0 3 1 0 1 1 1 1 0 0 0 1 0 1 1 1 0 1 0 1 0 0 0 1 0 0 1 1 1 0 1 1 0 
0 1 0 1 2 1 1 0 0 1 0 1 1 1 0 0 1 1 1 0 0 0 0 0 1 0 0 1 3 1 0 1 0 0 0 0 1 0 0 0 0 1 0 1 1 1 0 0 1 0 1 0 
0 1 1 1 1 0 1 0 1 0 1 1 1 1 0 0 0 1 0 0 2 0 1 1 0 0 1 0 1 1 1 1 0 1 1 1 1 1 1 0 0 1 1 0 0 0 0 0 1 0 1 1 
0 0 0 1 2 1 1 0 1 1 0 0 1 0 1 0 1 0 1 0 2 1 0 1 1 0 1 1 2 1 1 0 1 1 1 1 0 1 1 1 0 0 1 0 0 0 0 1 0 0 0 1 

# Size = 17 | Time = 300 ms
0 0 0 1 0 1 0 1 0 1 1 0 0 1 1 0 1 1 1 1 1 1 0 0 0 0 0 1 3 1 0 1 1 1 1 1 1 0 0 1 0 0 1 0 0 1 1 0 1 0 0 1 
0 0 1 0 2 1 1 0 1 1 0 0 0 1 1 0 0 0 1 0 0 1 0 1 0 1 0 1 3 0 0 1 0 0 1 0 1 0 0 0 1 1 1 1 0 1 1 0 1 1 0 0 
0 1 1 0 0 0 1 0 1 1 0 1 1 0 1 1 0 0 1 0 1 0 0 1 1 1 0 0 0 0 0 1 0 1 0 0 1 0 1 0 1 1 0 1 1 0 1 1 0 1 0 1 
1 1 1 1 1 0 1 1 0 1 0 0 1 1 0 1 0 0 0 0 3 0 0 0 0 1 0 0 2 0 0 1 0 0 1 1 1 0 0 1 1 1 0 0 0 0 1 0 0 1 0 1 
0 0 0 1 1 1 0 0 1 1 1 1 0 0 1 0 1 1 0 1 3 0 1 1 0 1 0 0 0 0 0 0 1 0 1 1 0 1 0 0 0 1 1 1 1 1 0 1 0 0 1 0 
1 1 0 0 0 0 1 1 1 1 1 1 1 0 1 1 1 0 1 1 3 1 1 1 0 0 1 1 1 1 0 0 0 0 1 0 0 1 1 1 0 0 0 1 0 0 1 0 1 0 1 1 
0 0 0 0 2 0 0 0 0 1 1 1 1 0 1 0 1 1 1 0 2 1 1 1 0 1 0 1 2 0 1 0 0 0 1 1 1 0 0 1 0 0 1 1 0 1 0 0 1 0 0 1 
1 1 1 0 0 1 1 1 1 0 1 1 0 0 0 1 0 0 0 0 2 0 1 0 1 1 1 0 1 0 0 0 1 1 1 0 0 1 0 0 0 1 0 1 0 0 1 1 0 0 0 1 
0 0 1 1 2 1 0 0 0 0 0 0 0 1 0 1 0 1 0 1 2 0 0 0 0 0 1 1 0 1 1 1 0 0 0 1 0 1 1 1 1 1 0 1 1 0 1 0 1 1 1 1 
1 1 0 1 2 0 1 1 1 0 1 1 0 0 0 1 1 1 0 1 3 0 1 1 1 1 1 0 3 1 1 0 1 1 0 0 0 1 1 1 1 0 0 1 1 1 1 1 0 0 1 0 
0 1 0 1 2 1 1 0 0 0 0 1 1 1 1 0 0 1 0 0 1 1 1 1 1 0 1 1 1 0 1 1 1 0 0 1 0 1 0 0 1 0 0 0 0 1 0 1 0 1 1 0 
1 1 1 0 1 1 0 1 1 0 0 0 1 1 0 0 1 0 1 0 2 1 0 0 1 0 1 0 3 1 1 0 0 1 0 0 0 0 1 0 0 0 1 0 0 1 0 1 0 0 1 0 
1 1 0 1 0 0 0 1 0 0 1 1 1 0 0 0 1 1 0 1 0 1 1 0 1 0 0 1 3 1 1 0 1 0 1 1 0 1 0 1 0 0 0 1 1 0 0 1 0 1 0 1 
0 0 1 1 0 1 0 1 1 0 0 0 0 1 0 1 0 1 0 1 0 0 1 1 1 0 1 0 2 1 1 1 1 1 0 0 0 1 1 0 0 0 1 1 1 1 1 0 1 0 1 0 
1 0 0 1 1 1 1 0 0 0 0 1 1 0 0 0 0 0 0 0 1 0 1 1 1 0 1 1 2 1 1 0 0 1 1 0 1 1 1 0 0 0 0 0 0 1 0 1 0 0 1 1 
1 0 0 0 1 1 0 0 1 0 1 0 0 0 1 0 1 0 1 0 0 0 0 0 0 1 0 0 1 0 0 0 0 1 1 0 1 0 0 0 0 1 1 1 1 0 1 0 1 0 0 1 
1 0 0 0 1 1 0 1 1 1 1 0 0 0 1 0 1 1 1 1 0 1 1 1 1 0 1 1 0 1 0 1 0 1 0 1 1 0 1 0 0 0 1 0 0 0 0 1 0 1 0 1 

# Size = 17 | Time = 160 ms
0 1 0 0 0 0 0 1 0 1 0 1 1 0 0 0 1 0 1 0 0 1 1 0 1 1 1 0 2 0 1 1 0 0 1 1 0 1 0 1 1 1 0 0 0 1 1 1 0 0 0 1 
1 1 0 0 1 1 0 0 0 1 1 0 0 1 0 0 1 1 0 0 3 0 0 0 0 1 1 0 2 1 0 0 0 0 0 0 1 0 0 1 0 0 1 1 1 0 1 1 0 1 0 1 
1 0 1 1 1 1 0 1 0 0 0 0 1 0 1 0 1 0 1 0 3 1 1 0 1 0 1 1 1 1 1 0 0 1 1 1 0 1 0 1 0 1 0 0 0 1 0 0 1 1 1 0 
0 0 0 0 2 0 1 0 1 0 1 1 0 0 1 0 0 0 1 1 2 0 0 1 0 0 1 0 3 1 1 0 1 1 0 0 0 1 0 0 0 1 1 0 0 0 1 0 0 0 1 1 
0 0 0 1 0 1 0 1 1 1 0 1 0 0 1 0 0 1 0 1 1 1 0 1 1 0 1 1 3 1 0 1 1 0 1 0 1 0 0 1 1 0 0 1 1 0 0 0 1 0 0 1 
0 0 1 1 1 1 1 0 1 1 0 1 1 0 1 1 0 1 0 1 2 1 1 1 1 0 0 1 2 0 1 1 1 1 0 1 0 0 1 0 1 0 1 1 1 1 1 0 1 1 1 0 
1 1 1 1 2 1 0 1 0 0 0 0 0 1 1 0 1 0 0 0 1 1 1 0 1 0 0 1 2 0 1 1 1 0 1 1 1 0 1 0 1 0 1 0 0 1 0 1 0 0 1 0 
0 0 0 1 1 1 1 0 1 0 0 0 1 0 1 0 1 1 0 0 1 0 0 1 1 1 0 0 0 1 1 1 0 0 1 1 0 1 0 1 0 0 1 1 1 0 1 0 0 0 0 1 
0 1 1 1 2 0 1 1 0 1 1 0 1 1 0 1 0 1 1 0 3 0 0 1 1 1 0 1 3 0 0 1 0 0 1 1 1 1 0 1 1 0 0 1 1 1 1 0 1 1 0 0 
1 1 0 0 0 0 0 1 0 0 0 0 0 1 0 0 1 0 1 0 2 0 1 0 0 1 0 0 0 0 0 0 0 0 1 0 1 0 1 1 1 1 0 1 0 1 0 1 0 1 0 0 
1 1 0 0 2 0 1 0 0 1 1 0 0 1 0 0 0 0 0 1 2 0 0 1 0 0 0 1 1 0 0 1 0 0 0 1 1 0 1 0 1 0 0 1 1 0 0 1 0 0 0 1 
1 0 1 1 2 1 1 1 1 0 1 0 0 1 1 0 0 1 0 1 0 1 0 1 0 0 0 1 0 1 0 0 0 1 0 0 1 0 1 0 0 1 1 1 1 0 0 1 0 1 1 1 
1 0 0 0 0 1 0 0 1 1 1 1 0 1 0 1 1 0 1 1 3 1 1 0 0 1 1 0 0 1 0 0 1 1 0 0 0 1 1 0 0 1 0 0 0 0 1 0 1 0 0 1 
0 1 1 0 1 0 0 0 1 0 0 1 1 0 1 1 0 1 0 0 0 0 1 0 0 1 0 0 1 0 0 0 1 1 0 0 1 1 1 0 0 0 1 0 0 1 1 0 0 0 1 0 
1 1 0 0 1 0 1 0 0 1 1 1 0 1 1 1 1 1 0 0 0 0 1 0 0 1 1 1 3 0 0 0 1 0 1 0 1 0 1 1 1 1 0 1 0 0 1 1 0 1 0 1 
1 1 1 1 0 0 1 1 0 1 1 1 0 0 0 1 1 1 0 0 0 0 0 1 0 0 1 1 1 1 0 1 0 1 0 0 0 1 1 1 0 0 1 0 0 1 1 0 1 0 1 0 
1 1 0 0 1 0 0 1 1 1 1 1 0 1 0 1 0 0 1 1 1 1 1 0 0 0 1 1 1 0 1 0 0 1 0 0 0 1 0 1 0 1 0 1 1 1 1 1 0 1 0 1 

# Size = 16 | Time = 172 ms
1 1 1 0 1 0 0 0 0 0 0 1 0 1 1 0 1 0 0 1 1 1 1 1 1 0 0 1 2 0 0 1 1 1 0 0 1 0 0 1 0 0 0 1 1 1 1 0 0 0 0 1 
0 1 1 0 1 0 1 0 1 1 1 0 1 1 0 1 1 0 1 0 0 1 1 1 1 1 0 1 3 0 1 0 1 0 1 0 0 0 0 0 1 1 0 0 0 0 1 1 0 0 1 1 
0 0 1 0 0 1 1 1 0 1 0 1 1 0 0 1 0 1 0 0 1 0 0 0 0 0 1 1 0 1 1 1 1 0 1 1 0 0 1 0 1 1 1 0 0 1 1 1 0 1 1 1 
1 0 0 1 0 1 0 0 1 1 1 0 0 0 0 0 0 0 1 1 1 0 0 0 1 1 1 0 3 0 0 0 0 1 1 1 1 1 1 0 0 0 0 1 1 0 0 0 1 0 0 1 
1 0 0 0 2 1 1 0 1 0 0 0 0 0 0 1 0 1 0 1 3 1 1 0 0 0 0 0 3 1 0 1 0 1 1 1 0 0 0 0 1 0 0 1 0 0 1 1 0 1 0 1 
1 1 0 1 2 0 1 0 1 0 1 1 0 0 1 0 0 0 1 1 2 1 0 0 1 0 0 0 0 0 1 0 0 1 1 0 0 0 1 0 0 0 1 1 1 1 0 0 1 0 1 0 
1 1 1 1 2 1 0 1 1 0 0 1 0 1 1 0 0 1 1 0 1 0 1 0 1 1 0 0 1 0 0 1 0 0 0 0 0 1 1 0 1 0 0 0 0 1 1 0 1 1 1 0 
1 1 0 1 0 0 0 1 1 0 1 1 1 1 1 0 1 1 0 0 3 0 1 1 0 1 0 0 2 1 0 1 0 0 0 0 1 1 0 1 0 1 1 1 1 1 0 1 0 1 0 0 
0 0 0 1 2 0 0 1 0 0 0 1 1 1 1 0 0 0 0 1 0 0 0 1 0 0 1 1 1 1 0 1 1 1 0 1 0 1 0 1 0 0 1 1 1 1 0 0 1 1 0 0 
1 1 1 0 0 1 1 1 0 1 1 0 0 0 0 1 1 1 1 1 0 1 1 1 0 1 1 0 0 0 0 0 0 0 0 1 1 1 1 1 0 1 0 0 0 1 1 0 0 0 0 0 
0 0 1 0 0 1 0 1 0 1 0 1 0 1 1 0 1 1 0 0 2 0 1 1 0 1 1 1 3 1 0 1 1 0 0 1 1 1 0 1 1 1 1 1 1 1 0 0 1 1 0 0 
0 0 1 0 0 1 1 0 0 1 1 1 1 0 0 1 1 1 0 0 2 1 0 0 1 0 1 0 1 1 1 0 0 1 1 0 1 0 0 1 1 1 0 1 1 0 1 1 0 0 1 1 
0 0 1 1 2 1 1 1 1 1 0 0 1 0 0 1 1 0 1 0 0 1 0 0 1 1 1 0 2 1 1 0 1 0 1 1 1 0 1 0 1 1 1 0 0 0 1 0 1 1 1 1 
0 0 0 1 1 1 0 1 0 1 0 0 1 0 1 0 0 1 1 1 3 0 0 0 0 0 1 0 1 0 1 0 1 1 0 1 1 1 1 0 0 0 1 0 0 1 0 0 1 1 1 0 
0 1 1 0 1 0 0 1 0 0 0 0 0 1 1 1 0 0 0 0 2 1 0 1 0 0 0 1 2 1 1 0 0 1 0 0 0 1 0 1 1 0 0 0 0 0 1 0 0 0 0 1 
1 1 1 1 1 0 0 0 0 0 0 0 1 1 1 0 1 0 0 1 3 0 0 0 1 0 0 1 0 1 1 0 1 0 1 0 0 0 0 0 0 0 0 1 0 0 1 1 0 0 0 1 

# Size = 17 | Time = 250 ms
1 1 0 0 1 0 0 1 0 0 1 1 0 1 0 0 1 0 0 1 0 1 0 0 1 0 0 0 3 1 0 0 1 1 0 1 0 1 1 0 0 0 0 0 0 1 0 0 1 1 0 1 
0 1 1 1 0 0 1 0 1 0 0 0 0 0 1 0 1 0 0 0 2 1 1 1 0 0 0 1 3 0 1 1 0 0 1 1 1 1 0 1 1 0 1 1 0 1 1 1 0 0 1 1 
1 1 0 0 0 0 0 1 0 1 1 1 0 0 0 1 0 1 0 0 2 1 1 1 0 0 1 1 1 0 0 1 0 1 0 1 1 0 1 0 1 1 0 1 1 0 1 0 1 0 1 1 
0 0 1 0 2 1 0 1 1 1 0 0 0 0 1 0 1 0 0 1 0 0 1 0 0 1 0 0 0 0 0 0 0 1 1 0 1 0 0 1 0 0 0 1 1 1 0 1 0 1 1 1 
0 0 1 0 1 1 1 0 1 0 0 1 1 0 0 0 0 0 1 1 3 0 0 0 1 0 1 0 1 1 0 1 0 0 1 1 1 0 1 1 1 0 1 1 1 1 1 0 1 1 0 1 
0 1 0 0 1 0 1 0 0 0 0 1 0 1 1 1 1 0 1 1 2 1 1 1 0 0 1 0 0 1 1 1 1 0 0 0 1 1 1 0 0 1 1 0 0 1 1 0 1 0 0 0 
0 0 1 0 2 1 0 0 1 0 0 1 1 0 0 1 0 1 1 0 1 1 0 1 1 1 1 1 0 0 1 0 0 1 1 1 0 0 0 1 1 0 0 1 1 0 1 0 0 1 0 1 
1 1 0 1 0 1 1 1 1 1 1 0 1 1 0 0 0 1 1 0 3 0 0 0 1 1 1 0 0 1 1 0 1 1 0 0 0 1 1 1 1 1 1 0 0 0 0 0 0 0 0 1 
1 0 0 1 1 1 1 1 0 1 1 0 1 0 1 0 0 1 1 0 1 0 1 0 1 1 0 0 3 1 0 1 1 0 1 0 0 0 1 0 0 1 0 1 1 0 1 1 0 0 1 1 
0 0 1 0 2 1 1 1 0 1 1 0 1 0 0 0 0 1 0 0 2 0 0 0 1 1 1 0 2 1 0 0 0 1 1 1 0 0 1 1 1 1 0 0 0 1 0 0 0 1 0 1 
1 0 1 1 0 0 0 1 1 0 0 1 1 0 0 0 1 1 1 1 0 0 1 1 1 1 1 1 2 0 0 1 1 0 0 1 0 1 0 0 0 0 1 0 0 1 0 1 0 0 0 0 
1 1 1 1 2 0 0 0 0 1 1 0 0 1 1 1 1 1 0 0 3 1 1 1 0 1 1 1 3 0 1 1 1 0 0 0 0 1 0 0 0 1 0 1 1 1 1 0 1 0 1 0 
1 1 0 1 0 0 0 0 1 0 0 0 0 1 1 1 1 0 0 1 1 1 0 0 0 0 0 1 2 1 1 0 0 0 0 0 1 1 0 0 0 0 1 0 0 0 1 0 1 1 0 1 
0 0 0 1 1 1 1 0 1 0 1 0 1 1 1 0 1 0 0 0 1 0 0 0 0 1 0 1 1 0 1 0 1 1 1 0 0 0 0 1 0 1 0 0 0 1 0 1 0 1 1 0 
0 1 0 0 1 1 1 1 0 0 1 1 1 1 1 1 0 0 1 0 3 0 0 1 1 1 0 0 2 0 1 0 1 1 0 1 1 0 0 1 1 0 0 1 1 1 1 1 0 1 1 0 
0 0 0 0 2 0 1 0 0 1 0 0 1 0 1 1 0 1 0 0 0 0 1 1 1 0 0 0 1 1 1 0 0 0 1 1 1 1 1 1 1 1 1 0 0 1 1 1 0 0 1 0 
1 0 1 0 0 1 0 0 0 0 0 0 1 1 0 1 0 0 1 0 0 0 0 0 0 0 0 1 2 1 1 0 0 0 1 1 0 1 1 0 1 0 1 1 0 0 1 0 1 0 0 1 

# Size = 18 | Time = 122 ms
0 0 0 1 2 0 0 0 1 0 1 0 1 0 0 0 1 0 0 1 1 0 0 0 1 0 1 0 2 0 0 0 0 0 0 0 1 1 1 1 1 1 0 1 1 1 0 0 0 0 0 1 
1 0 0 0 1 1 0 0 0 1 0 1 0 0 1 1 1 0 0 0 0 1 0 0 1 0 1 0 0 0 0 0 0 1 1 1 0 1 0 0 1 0 1 1 0 1 1 0 0 0 0 1 
1 1 1 0 0 1 1 1 0 1 1 0 0 0 1 0 1 0 0 0 2 0 0 0 0 1 1 1 3 0 0 0 0 0 1 1 1 0 1 0 1 1 0 1 1 1 0 0 0 1 0 0 
1 0 1 1 0 1 0 0 0 0 1 1 1 1 0 0 1 1 1 1 0 0 1 1 0 0 0 0 2 1 0 1 0 0 0 0 0 1 1 1 0 0 1 1 0 1 1 1 0 1 1 0 
1 1 1 0 0 0 1 0 1 1 1 1 1 1 0 0 0 1 1 1 3 0 1 0 1 1 1 1 0 0 1 1 0 1 1 1 0 1 0 1 1 1 0 0 0 1 1 0 0 0 0 1 
0 0 1 1 1 0 1 1 1 1 1 1 1 1 0 1 0 1 1 0 2 1 0 1 1 0 0 1 2 1 0 0 1 1 1 1 0 1 1 1 1 0 1 1 1 1 1 0 1 0 1 0 
0 1 0 1 2 0 1 1 0 0 0 0 1 1 0 0 0 1 1 0 0 1 1 0 0 1 0 1 2 0 0 0 1 1 0 1 0 0 0 0 0 1 0 0 0 0 1 0 1 0 1 1 
0 0 0 0 2 0 0 1 1 0 0 1 1 1 1 1 1 0 0 1 0 1 0 1 1 1 0 1 3 1 1 1 1 1 0 0 0 1 1 0 0 0 1 0 0 0 1 1 0 0 1 1 
1 1 1 0 1 1 0 1 1 1 0 1 0 1 1 1 0 1 1 0 1 1 1 1 0 1 0 1 1 0 1 1 0 1 1 1 0 1 0 0 1 0 1 1 1 0 1 0 1 0 1 1 
0 0 0 1 0 1 1 0 0 1 0 0 0 0 0 0 0 1 0 0 1 1 1 0 1 0 0 0 3 1 1 1 1 1 0 0 1 0 0 1 0 1 1 0 0 1 0 1 0 1 0 0 
1 0 1 1 2 0 1 0 1 1 1 1 1 1 0 0 0 0 0 1 0 0 1 0 1 0 1 0 1 0 1 0 1 1 0 0 1 0 1 1 1 1 0 1 1 1 0 1 0 1 0 0 
0 1 1 1 1 0 0 1 1 0 0 0 0 0 1 0 1 0 1 1 1 0 0 1 0 0 0 0 0 1 1 1 1 0 0 0 1 0 1 1 0 1 0 0 0 0 0 0 1 1 0 1 
0 0 0 1 1 1 0 1 0 0 1 0 0 0 1 1 1 0 0 0 3 1 0 1 0 0 0 0 1 1 0 0 1 0 0 1 1 0 1 1 0 0 1 1 1 0 1 1 0 1 1 1 
0 0 0 0 0 1 0 0 1 0 0 0 1 1 0 1 0 0 0 1 2 0 1 1 0 1 1 0 1 1 1 1 0 0 1 0 0 0 0 0 0 1 0 0 0 0 1 0 1 1 1 1 
1 1 0 1 1 1 1 0 1 0 0 0 0 1 0 0 1 1 1 1 3 1 0 1 1 0 1 1 3 0 1 1 0 1 0 0 0 1 1 0 0 0 0 0 0 1 0 0 1 1 1 0 
1 1 0 0 2 1 1 1 1 1 1 0 0 0 0 0 1 1 0 0 2 0 1 1 0 1 1 1 0 1 1 0 0 1 1 0 1 0 1 0 1 1 0 1 1 1 0 1 0 1 1 0 
0 1 0 0 2 1 0 1 1 1 1 1 0 1 1 1 0 1 1 1 2 1 1 1 0 1 0 1 2 0 1 1 0 1 0 1 0 1 1 0 1 0 1 1 0 0 1 0 0 0 1 1 
0 0 1 0 2 0 0 0 1 0 1 1 1 1 1 0 0 0 1 1 3 0 1 1 0 0 0 1 2 0 0 0 0 0 0 1 0 0 1 1 0 1 1 1 0 0 1 1 0 0 1 1 

# Size = 16 | Time = 229 ms
0 1 0 0 2 0 0 0 0 1 0 1 1 1 0 0 0 0 1 1 2 0 0 1 0 0 0 0 0 1 1 1 0 1 0 0 0 0 0 0 0 1 1 0 0 0 1 1 0 1 0 1 
0 0 1 0 1 0 1 1 1 1 1 0 1 1 1 0 0 1 1 0 1 0 0 1 1 1 0 1 2 1 1 1 0 0 1 1 0 0 0 0 1 1 1 1 0 0 0 1 0 1 0 1 
0 1 1 1 1 0 1 1 0 0 0 1 0 0 1 0 0 0 0 0 3 1 1 0 1 1 1 1 0 0 1 0 1 1 1 0 1 1 1 0 1 1 1 1 0 1 1 0 1 1 0 0 
1 1 0 0 1 1 0 1 0 0 0 0 0 1 1 1 1 1 0 0 2 1 0 0 0 1 1 1 3 1 0 1 0 1 1 1 1 0 0 1 1 0 0 0 0 1 1 0 0 1 1 1 
0 0 1 1 1 0 0 0 0 0 1 0 1 1 0 0 0 0 1 0 0 0 0 1 0 1 1 0 3 0 1 1 1 1 0 0 0 1 1 0 0 1 0 1 1 1 0 1 0 0 0 0 
1 0 1 1 0 1 1 0 0 1 1 0 0 0 0 0 0 1 0 1 2 1 1 1 0 1 1 0 1 0 0 0 1 1 0 1 0 1 0 0 0 0 0 1 0 1 0 0 1 0 0 1 
1 0 0 1 2 1 1 1 1 1 1 0 0 1 0 1 1 0 1 1 2 1 0 0 1 1 1 1 2 0 1 0 1 0 0 1 1 0 1 0 0 1 1 1 1 1 1 0 0 1 0 0 
1 0 0 1 2 0 0 0 1 1 1 0 0 0 0 1 1 1 1 0 3 0 0 1 0 0 0 0 1 1 0 1 0 0 0 0 0 0 0 1 1 0 0 1 1 0 1 1 0 0 1 1 
1 1 1 0 0 1 1 0 1 1 0 1 1 0 0 0 1 1 1 1 3 0 1 1 1 0 0 0 3 0 1 1 1 0 1 1 1 0 1 1 0 1 1 0 0 1 0 1 0 0 1 0 
0 1 0 0 0 0 0 0 1 0 1 1 1 1 1 1 0 0 0 0 3 1 1 0 1 0 0 0 2 1 0 0 0 1 0 0 0 1 1 0 1 1 1 0 0 0 1 0 1 0 1 1 
0 1 1 0 2 1 0 1 0 0 0 1 0 0 1 1 1 0 0 1 1 1 0 0 1 0 1 0 1 0 0 1 0 0 1 0 1 1 1 1 0 0 0 1 1 0 1 0 1 0 0 1 
1 0 0 0 2 1 1 1 1 1 1 0 0 0 1 0 1 1 1 1 0 1 1 0 1 0 0 1 0 1 0 0 0 0 1 1 1 0 0 1 1 0 0 0 0 0 0 0 1 0 1 1 
1 0 0 1 0 1 1 1 0 0 0 1 1 1 0 1 0 0 0 1 1 1 0 0 0 0 1 1 0 1 0 0 0 1 0 0 1 1 0 1 0 0 1 1 1 1 1 1 0 1 1 0 
1 1 0 1 0 0 1 1 0 0 0 1 0 0 0 1 0 1 0 1 0 0 1 0 0 0 0 0 2 0 1 0 0 1 1 1 1 0 1 1 0 0 0 1 1 0 1 0 1 1 0 1 
1 0 1 1 1 1 0 0 0 0 1 1 1 1 1 0 1 1 1 1 0 0 0 1 1 0 0 1 1 1 1 0 0 1 0 1 1 0 0 0 0 1 1 0 0 1 0 1 0 1 0 0 
1 0 1 0 2 1 1 0 0 0 0 1 0 1 1 0 0 1 0 0 1 1 1 0 1 1 0 0 3 1 0 0 1 1 1 1 0 1 1 0 1 1 1 0 0 0 1 0 1 0 1 1 

# Size = 16 | Time = 257 ms
0 1 1 1 1 1 1 0 1 1 0 0 0 1 0 1 0 0 0 1 0 0 1 1 0 1 0 0 2 1 0 1 1 0 1 0 1 0 0 0 1 0 1 1 1 1 1 0 1 0 0 0 
1 0 0 1 0 0 0 0 0 1 1 0 1 0 1 1 0 1 0 0 0 1 1 0 1 1 1 0 0 1 0 0 1 1 1 0 0 1 1 1 0 1 0 1 0 0 1 1 0 0 1 1 
0 0 1 1 2 1 1 0 0 0 1 1 0 0 0 1 0 0 0 1 2 1 1 0 1 1 1 0 1 1 0 1 1 1 0 0 0 1 1 1 1 0 0 1 1 1 1 0 1 1 0 1 
1 0 1 1 1 0 1 0 1 0 0 0 1 1 1 0 0 1 1 1 3 0 0 0 0 0 0 1 1 0 0 0 1 0 0 1 0 0 1 0 0 1 0 1 0 1 0 0 1 0 1 0 
0 1 0 0 2 1 1 1 1 1 0 1 0 0 0 0 0 0 1 1 1 0 0 0 0 0 0 1 0 0 0 1 0 0 0 1 0 0 0 0 1 1 1 0 0 0 0 0 1 1 1 1 
1 1 1 0 0 1 0 0 1 0 1 1 0 0 0 0 1 0 1 0 2 0 0 1 0 1 1 1 0 1 1 1 0 0 1 1 1 0 0 1 1 0 1 1 1 1 0 1 0 0 1 0 
0 0 0 0 1 0 1 1 0 0 1 1 1 1 1 0 0 0 0 0 3 1 1 1 0 1 1 1 0 0 1 0 1 0 0 1 1 1 0 1 1 0 0 0 0 1 1 0 0 1 0 1 
0 1 0 0 0 0 0 1 0 1 1 0 1 1 0 1 1 0 0 0 1 1 1 1 1 1 1 0 1 0 1 0 0 0 1 0 1 1 0 0 0 0 1 1 1 0 1 1 0 1 0 1 
0 1 0 0 2 0 1 0 0 1 1 0 1 1 1 0 1 0 1 0 2 0 1 1 0 1 0 0 3 0 1 0 1 0 1 0 0 1 1 0 1 0 0 0 0 1 1 1 0 0 1 0 
1 0 1 0 0 0 0 1 1 0 1 1 0 1 1 0 1 1 1 0 0 1 0 1 0 0 1 1 3 0 1 1 0 1 0 1 1 1 1 0 0 0 0 0 0 0 0 0 1 1 0 1 
1 0 1 1 2 1 0 1 1 1 0 0 1 1 1 1 1 1 1 0 0 0 0 0 1 0 1 1 1 1 1 1 0 1 0 0 1 1 1 1 0 1 1 0 0 1 1 1 0 1 0 0 
1 0 1 1 0 0 1 0 0 0 1 1 1 0 1 0 1 1 1 0 1 1 0 0 1 0 1 1 2 1 1 0 1 1 0 1 0 1 1 1 1 0 0 0 0 1 1 1 0 0 1 0 
0 1 1 1 1 1 0 1 0 0 0 0 0 0 1 0 0 1 0 1 1 1 1 0 1 0 0 0 3 1 0 0 0 1 1 1 0 0 0 1 0 1 1 1 1 0 0 1 0 0 1 1 
0 1 0 0 1 0 0 1 0 0 0 0 0 0 0 0 1 1 0 1 2 1 1 1 0 0 0 0 2 0 0 0 0 0 1 0 1 0 0 0 0 1 1 1 0 0 0 0 0 1 0 1 
1 1 0 1 2 1 0 0 0 1 1 1 0 0 0 1 1 1 0 1 3 0 0 0 1 0 1 0 2 1 0 1 0 1 1 0 0 0 0 1 0 1 1 1 1 0 1 1 0 0 0 1 
0 1 0 1 0 0 0 1 0 0 0 0 1 0 0 1 0 1 1 1 3 1 0 0 1 1 0 0 3 1 1 1 1 1 0 1 0 0 0 1 1 1 0 0 0 1 1 0 0 0 0 1 

# Size = 16 | Time = 225 ms
0 0 1 0 2 1 0 1 1 0 0 1 1 0 1 0 1 0 0 0 1 0 1 1 0 0 1 1 2 0 0 0 1 1 1 0 0 1 0 1 1 1 0 1 0 1 0 0 1 0 0 1 
0 1 0 1 1 0 1 0 0 1 1 0 0 1 0 0 0 1 0 1 0 0 1 1 0 1 1 0 2 0 0 0 1 1 1 0 1 1 1 0 0 0 0 1 1 0 1 1 0 0 1 1 
1 1 1 0 2 0 1 1 0 0 0 1 0 1 0 0 1 0 0 1 0 1 0 1 1 0 1 1 1 1 0 0 1 0 1 0 1 0 1 1 1 1 1 0 0 1 1 0 0 1 0 0 
1 0 1 1 1 1 0 0 0 0 1 1 0 0 1 1 0 0 1 0 0 1 0 0 1 0 0 0 0 0 1 1 0 0 0 1 0 0 0 0 1 1 0 0 0 1 1 0 1 1 0 0 
0 1 0 0 0 0 1 0 1 0 0 1 1 1 0 0 0 0 1 0 0 0 1 0 0 1 0 1 3 0 1 0 0 1 0 0 0 1 0 1 0 0 0 0 0 1 0 0 1 1 0 0 
1 0 1 1 1 0 0 1 0 1 0 0 0 1 1 0 0 0 0 1 1 1 1 0 1 1 0 1 3 1 1 1 0 0 1 1 1 0 0 1 0 0 1 0 0 1 1 0 1 0 1 0 
1 1 1 1 0 1 0 1 0 1 0 1 0 1 1 0 0 0 1 0 3 0 1 1 1 0 1 0 3 0 1 1 1 0 0 0 0 0 1 1 0 1 0 0 0 0 1 1 0 1 0 1 
1 1 0 1 2 1 0 0 1 1 1 0 1 0 0 1 0 1 1 0 3 0 0 1 0 0 0 1 2 1 1 1 0 0 0 1 1 1 1 0 0 0 0 1 1 0 1 0 1 1 1 1 
0 0 1 0 1 1 1 1 0 0 1 1 1 0 1 0 0 1 1 1 3 0 0 0 0 1 1 0 1 0 1 1 0 1 1 1 0 0 0 1 1 0 1 1 1 0 0 1 0 0 1 1 
0 1 0 0 2 0 1 1 1 1 0 0 1 1 0 1 1 1 1 1 1 1 1 0 1 1 1 0 0 1 0 0 1 1 0 0 0 1 1 1 0 1 1 1 1 0 1 1 0 0 1 1 
0 1 0 1 2 0 1 0 0 1 1 1 1 1 0 1 1 1 0 0 2 1 1 0 0 1 1 0 1 0 0 0 1 0 0 1 1 1 0 1 0 1 0 0 0 0 1 0 1 1 0 1 
1 0 0 0 2 1 0 1 1 0 1 0 0 0 1 1 1 1 1 1 2 0 0 1 1 0 0 1 3 1 0 1 0 1 1 0 0 0 1 0 1 0 1 1 1 1 1 1 0 0 1 0 
1 0 1 1 0 0 0 1 0 1 1 0 0 0 0 0 1 0 0 1 3 1 0 1 1 0 0 1 0 1 0 0 0 0 1 1 1 1 1 0 1 0 1 1 1 1 0 1 0 0 0 0 
0 1 1 0 0 1 1 0 0 1 0 0 0 1 0 1 0 0 1 0 2 1 1 0 1 0 1 1 2 0 1 1 1 1 0 0 0 0 0 0 1 1 1 0 0 1 1 1 0 1 1 0 
1 1 1 0 0 0 0 0 1 1 1 0 0 0 0 1 1 1 1 1 1 0 0 0 1 1 0 0 1 1 1 1 1 1 1 0 0 0 0 0 0 1 0 0 0 1 1 1 0 1 0 1 
0 0 0 0 1 0 1 0 1 0 1 1 0 0 1 0 1 0 0 0 2 0 1 0 0 1 1 1 0 0 1 0 0 0 0 0 1 0 0 0 1 1 1 1 0 1 0 1 0 0 0 0 

