# Size = 16 | Time = 2595 ms
0 0 0 0 0 0 1 1 1 1 0 0 0 1 0 0 1 0 1 0 2 0 1 1 0 0 0 0 0 0 1 0 0 1 1 1 1 0 1 0 0 0 0 0 0 0 0 1 0 0 1 1 
0 1 0 1 1 1 1 1 1 0 1 1 1 1 1 0 1 1 0 1 2 1 0 0 1 1 0 0 2 0 0 1 1 1 1 0 0 1 1 1 0 0 1 0 0 1 0 0 1 1 0 0 
1 1 0 0 0 1 1 1 1 0 0 0 0 0 1 1 1 0 0 0 0 0 0 1 1 1 0 0 3 1 1 1 0 1 1 1 0 1 1 1 0 0 0 1 1 1 1 1 0 1 1 0 
0 1 1 1 1 0 0 1 1 0 0 1 1 1 1 1 1 0 0 1 0 1 1 0 1 0 1 1 1 1 1 0 1 1 0 0 1 0 1 0 1 1 1 1 1 1 1 1 0 1 0 1 
0 0 0 0 2 0 0 1 0 0 0 1 1 0 1 1 1 0 1 0 0 1 0 1 0 1 1 1 2 0 0 1 0 0 1 1 1 0 0 0 1 0 0 0 0 0 1 1 0 0 0 1 
1 1 1 0 2 0 0 1 0 1 0 1 1 0 0 1 0 0 1 1 3 1 1 1 0 0 1 1 2 0 0 0 0 1 0 1 1 1 1 1 1 1 1 1 1 1 1 0 1 0 1 1 
1 1 1 0 0 1 1 1 0 1 1 0 1 1 0 1 0 0 1 1 3 1 0 0 0 1 0 0 1 1 0 1 1 1 1 0 0 0 0 1 0 1 0 0 0 0 1 0 1 1 0 1 
0 0 0 0 2 1 1 1 0 0 1 0 0 1 0 0 0 1 0 1 1 0 1 0 0 1 0 0 1 1 1 1 0 1 1 1 1 1 1 0 0 1 1 1 0 1 0 1 0 0 1 0 
0 0 0 0 1 1 0 0 1 1 1 0 0 0 0 0 0 1 0 0 0 1 0 0 0 0 1 1 0 1 0 1 1 0 1 0 0 0 0 0 1 0 1 1 0 0 0 0 1 1 0 1 
0 0 0 1 2 1 1 1 1 0 1 1 0 0 1 0 0 1 0 1 3 0 1 1 0 1 0 1 3 1 1 0 1 0 0 1 0 0 1 1 1 0 1 0 0 1 1 0 0 1 0 0 
1 0 1 1 1 0 0 0 0 1 1 1 1 1 1 0 0 0 1 0 1 0 1 0 0 0 0 0 3 0 1 0 0 0 0 0 1 0 0 0 0 0 0 1 1 1 0 0 1 0 0 0 
0 0 1 1 0 1 1 0 0 0 0 1 1 0 0 1 1 0 0 1 2 1 0 0 1 1 1 0 3 1 0 1 1 0 1 0 0 1 1 0 1 1 0 1 1 0 1 1 0 1 1 1 
0 1 0 0 2 1 0 0 1 0 0 1 1 0 1 1 0 1 1 1 1 1 0 1 1 0 0 0 0 0 0 0 1 0 0 0 0 1 0 1 0 0 1 0 0 1 1 1 0 1 1 1 
1 1 1 1 1 0 1 0 0 1 0 0 1 0 1 0 1 1 1 0 3 0 0 1 1 1 1 1 0 1 0 1 1 1 1 1 0 0 0 0 0 1 0 1 1 1 0 1 0 0 1 0 
0 1 0 1 0 1 0 0 1 0 0 0 0 0 1 0 1 1 1 1 1 0 0 0 0 1 1 1 2 1 1 0 1 0 0 0 0 1 0 1 1 1 1 0 0 0 1 1 0 0 1 1 
1 1 1 0 2 0 0 0 0 1 0 0 0 0 0 1 0 1 1 0 2 0 1 1 0 0 0 1 1 0 0 1 0 0 0 1 0 1 0 1 1 0 0 0 0 1 1 1 0 1 0 0 

# Size = 16 | Time = 2587 ms
0 0 1 0 1 0 1 0 0 0 0 1 0 1 0 1 0 0 1 0 0 0 1 1 1 1 1 0 2 0 1 1 0 1 0 1 1 1 1 0 1 0 1 0 0 0 1 0 1 0 1 1 
0 1 1 0 1 0 1 0 1 1 1 0 0 0 0 1 1 1 0 1 1 0 0 1 1 0 0 0 2 1 0 1 1 0 1 0 0 0 0 1 1 0 1 1 1 1 1 1 0 1 0 0 
1 1 0 0 1 1 0 0 0 1 0 1 1 1 0 0 0 1 0 0 3 0 1 0 1 0 1 0 0 0 1 0 1 1 0 0 0 0 1 1 1 0 1 1 1 1 0 0 1 1 1 0 
1 1 0 1 0 0 0 0 0 0 0 0 1 0 0 0 0 1 0 0 2 0 0 0 0 0 0 0 2 1 0 0 0 0 1 0 1 0 0 1 0 1 0 0 0 0 0 1 0 0 1 1 
1 0 1 1 0 0 0 0 1 1 1 0 0 1 0 0 1 0 0 0 0 1 1 1 0 1 1 1 1 1 1 0 1 0 0 0 1 0 0 0 1 1 0 1 1 1 0 1 0 0 0 0 
0 0 1 1 2 1 0 0 0 1 0 1 0 0 1 1 1 0 1 0 3 0 1 0 0 1 0 0 3 1 0 1 0 1 1 0 0 0 0 0 1 1 1 0 0 1 1 0 1 0 1 0 
0 1 0 1 1 0 1 1 1 1 0 0 0 1 0 0 1 0 1 0 2 0 0 1 1 0 1 1 0 0 1 0 1 1 0 1 1 1 0 0 0 0 0 1 0 1 1 1 0 0 0 0 
0 0 0 1 1 1 1 1 1 1 0 1 1 1 1 1 0 0 0 0 2 1 1 0 0 1 0 1 1 0 0 0 1 1 1 0 0 1 0 0 1 1 0 0 0 0 1 0 1 1 0 1 
1 0 1 0 2 0 0 0 1 1 1 0 1 1 1 1 0 1 0 1 2 1 0 0 0 1 1 0 3 1 1 1 0 1 0 1 1 1 1 0 0 1 1 1 1 1 1 1 0 1 0 1 
1 1 1 0 0 0 1 0 0 0 1 1 1 1 1 0 1 0 1 1 1 1 0 0 1 1 1 0 3 0 0 1 1 1 1 1 0 1 0 0 0 0 0 1 0 1 0 1 0 1 0 0 
0 1 0 0 2 1 1 1 1 0 0 0 1 0 1 0 0 1 0 1 3 1 1 1 1 0 1 1 2 0 1 0 1 0 1 0 0 1 1 0 0 0 0 0 0 1 0 0 0 0 0 0 
0 0 1 1 0 1 0 1 1 1 1 1 0 1 1 1 0 0 1 0 1 1 1 0 0 0 1 1 0 1 0 0 1 0 0 1 1 0 1 0 0 1 0 0 0 1 1 0 1 1 1 0 
0 1 1 1 2 1 0 1 0 0 0 0 1 0 1 1 0 0 1 1 0 1 0 0 1 1 0 0 0 1 0 1 0 1 1 1 0 1 1 1 0 0 1 0 0 0 1 1 0 1 0 1 
1 0 1 0 0 0 1 1 0 0 1 1 1 1 0 0 1 1 1 1 3 0 0 1 0 0 1 0 1 1 0 0 0 0 0 1 1 1 1 0 1 0 1 1 1 0 0 1 0 1 0 1 
0 0 0 1 1 1 0 1 0 1 1 1 0 0 0 0 1 1 0 0 0 1 0 1 1 0 0 1 3 1 1 0 0 0 0 0 1 0 1 1 1 1 1 0 0 0 1 1 0 1 0 1 
1 1 0 0 2 0 0 0 0 0 0 0 0 0 0 0 1 1 0 1 1 0 0 1 1 1 0 1 1 1 1 1 0 0 0 1 1 1 1 1 0 1 0 0 0 0 1 0 1 0 1 1 

# Size = 16 | Time = 3190 ms
1 1 0 0 0 0 1 1 1 0 1 0 1 0 0 0 0 1 0 1 3 0 1 1 1 0 1 0 0 0 1 0 0 0 0 1 1 1 0 1 1 1 1 0 0 0 0 0 1 1 0 1 
0 1 1 0 0 0 0 0 0 0 1 1 0 1 1 1 1 1 1 0 1 0 0 1 1 1 0 0 0 0 1 1 0 0 1 1 1 1 0 0 1 1 0 1 1 1 1 1 0 0 1 0 
0 1 0 0 1 1 1 0 0 0 0 1 0 0 1 0 1 0 0 1 2 1 0 0 0 0 1 1 0 0 0 1 0 0 0 1 0 0 0 1 0 0 1 0 0 0 0 1 0 1 1 1 
0 1 0 0 2 0 0 0 1 1 0 1 0 0 1 1 0 0 0 1 0 1 1 0 0 0 1 0 1 0 1 0 0 1 1 1 1 1 0 1 0 1 0 0 0 1 1 1 0 0 0 0 
0 1 1 1 1 0 0 0 1 1 0 0 0 0 0 1 0 1 0 0 1 1 0 1 0 0 1 0 3 0 1 0 1 0 0 1 0 1 1 0 1 0 0 0 0 0 1 0 1 1 0 1 
0 0 0 0 2 0 1 1 0 0 1 0 0 1 1 0 0 0 0 1 1 1 1 0 0 1 1 0 2 1 0 1 0 1 1 1 0 0 0 1 1 0 1 0 0 0 0 0 0 1 0 1 
1 0 1 1 0 1 0 0 1 0 0 1 0 0 0 1 0 1 1 0 2 0 1 0 0 0 0 0 2 1 0 0 1 1 0 1 1 0 1 0 1 0 0 0 0 1 1 0 1 0 1 0 
1 1 1 0 1 1 0 1 1 0 1 1 1 1 1 0 0 0 0 1 0 0 1 1 0 1 0 1 2 0 1 1 1 0 1 0 0 1 1 0 1 1 1 1 1 0 0 0 1 0 0 1 
0 0 1 1 2 0 1 0 0 0 1 1 0 1 1 1 1 0 0 0 3 1 1 1 1 0 0 1 3 0 1 0 0 1 1 0 0 0 1 1 0 0 1 1 1 1 1 1 0 0 0 1 
1 1 0 0 1 1 1 1 0 0 1 0 1 1 1 0 0 0 1 1 2 0 1 1 1 1 1 0 3 1 1 0 1 1 1 0 1 0 0 0 0 1 1 0 0 1 0 0 0 1 0 0 
0 1 1 0 2 0 1 0 1 1 0 0 1 1 0 1 1 1 1 0 2 1 0 1 1 1 0 1 1 1 0 1 0 1 1 1 1 1 1 0 1 1 1 1 1 1 1 0 1 1 0 1 
1 0 0 1 0 1 1 0 1 1 1 1 1 1 1 0 1 1 0 0 1 0 1 0 0 1 0 1 1 0 1 1 0 0 0 0 1 1 0 1 0 0 0 1 0 0 0 0 0 1 1 1 
1 1 0 1 0 0 1 1 0 1 1 0 0 1 0 0 1 0 1 0 0 1 0 0 0 1 0 0 3 0 0 1 1 0 1 1 0 0 1 1 0 0 1 1 1 1 0 0 1 0 1 0 
0 0 0 1 1 0 1 1 0 0 1 0 0 1 0 0 0 0 1 0 3 1 0 0 0 1 1 1 1 0 1 0 1 1 1 0 0 0 0 0 0 0 0 1 1 0 1 1 0 1 0 1 
1 0 0 1 2 0 1 1 1 1 0 0 1 0 0 1 0 1 1 1 0 0 1 0 1 0 0 1 0 1 0 0 1 1 0 0 1 0 1 1 0 1 1 1 1 1 1 1 0 1 0 1 
1 1 0 0 2 1 0 0 1 1 0 0 1 0 0 0 1 0 1 0 3 1 0 1 1 1 0 1 2 1 0 1 0 0 0 0 0 1 1 1 0 1 1 1 1 1 1 1 0 0 1 0 

# Size = 16 | Time = 2573 ms
1 0 1 0 2 0 0 1 0 0 1 0 0 0 0 0 0 0 1 1 0 0 1 0 1 0 0 0 3 0 1 1 0 0 1 1 0 1 1 0 1 0 0 0 0 1 0 1 0 1 0 0 
0 1 0 1 0 1 0 1 0 0 0 1 0 0 1 0 1 1 0 0 3 0 0 1 1 1 1 1 3 0 0 1 1 0 1 0 1 0 0 0 1 0 1 1 1 0 0 0 1 0 1 1 
0 0 1 1 1 1 1 0 0 1 0 1 0 1 0 1 0 0 0 1 3 0 1 0 1 1 1 1 1 1 0 1 1 0 1 1 0 0 1 1 1 1 0 1 1 0 1 1 0 1 0 1 
1 0 0 0 1 0 0 1 0 0 1 0 0 1 0 0 1 1 0 1 1 1 1 0 0 1 1 1 2 0 1 0 0 1 0 1 0 0 0 1 1 1 1 1 0 0 0 0 1 1 0 1 
0 1 0 0 2 0 0 0 1 1 1 1 1 0 0 0 0 1 1 0 3 1 1 1 0 1 0 1 2 1 0 0 0 1 0 1 1 1 0 1 0 0 0 0 0 0 1 0 1 0 1 1 
0 1 1 1 1 1 1 1 1 0 1 1 0 0 0 1 0 1 0 0 2 0 0 0 1 1 0 1 2 1 0 1 1 1 1 0 0 0 0 0 1 1 0 0 0 1 1 0 1 0 0 0 
0 1 1 0 0 0 1 0 1 0 1 1 1 1 1 0 1 0 1 0 1 0 0 0 1 1 0 0 0 0 1 0 1 1 1 1 0 1 0 0 0 1 0 0 0 1 0 1 0 0 1 1 
1 0 1 1 2 1 1 0 1 1 1 0 0 0 1 1 0 0 1 0 1 0 1 1 0 0 0 1 3 1 0 1 0 0 1 0 0 1 1 0 0 0 0 1 1 0 1 0 1 0 1 1 
1 0 0 0 2 1 1 1 1 0 0 0 1 1 0 0 0 1 1 0 3 1 0 0 1 0 0 0 0 1 1 1 1 0 0 0 0 0 1 1 1 1 0 1 1 1 1 1 0 0 0 0 
0 1 1 0 1 0 1 0 0 1 0 0 1 1 1 0 1 0 1 1 2 1 1 1 0 0 1 0 3 0 0 0 1 1 0 1 0 1 1 1 1 1 0 1 1 0 0 1 0 0 1 1 
1 0 0 0 2 1 0 1 1 1 0 0 0 1 1 1 1 0 0 0 2 0 0 1 1 0 0 1 1 1 1 0 0 0 1 1 1 1 1 0 0 1 1 0 0 0 1 0 1 1 0 1 
1 0 1 0 1 1 0 1 0 1 1 0 1 1 1 1 0 1 0 0 0 1 0 0 0 1 1 1 0 1 1 1 0 1 1 0 1 1 0 1 0 0 0 0 0 0 1 0 1 1 1 1 
1 0 0 0 0 1 0 0 1 1 0 1 1 1 0 0 1 0 0 1 1 0 1 0 0 1 1 0 1 1 1 1 0 0 1 1 1 0 0 1 0 0 0 0 0 1 0 1 0 0 0 0 
1 1 0 1 0 0 1 0 0 0 0 1 1 0 1 1 1 0 0 0 0 1 1 1 0 0 1 0 2 0 0 0 0 0 1 1 1 0 1 0 0 1 1 1 1 1 1 1 0 0 1 0 
1 1 1 1 0 0 1 1 1 0 1 0 0 0 1 1 0 0 0 1 2 0 1 1 1 1 1 0 0 0 0 1 1 0 0 1 1 1 0 0 0 0 1 1 0 0 1 0 1 1 0 1 
0 1 1 1 2 0 1 1 1 0 1 0 1 0 0 1 1 1 1 1 0 1 0 1 0 0 1 1 1 0 1 0 1 1 0 0 1 0 0 0 0 0 1 0 0 0 1 0 0 0 1 1 

# Size = 16 | Time = 2726 ms
0 0 0 1 2 1 1 0 1 0 1 0 1 0 0 1 1 1 0 0 0 1 0 1 1 1 1 1 0 1 0 1 1 0 0 1 1 0 0 0 1 1 0 0 0 1 1 0 0 1 1 0 
1 0 1 1 1 0 1 1 0 1 0 1 1 1 1 1 1 0 1 1 0 1 1 0 0 1 1 1 3 0 0 0 0 0 1 0 0 0 1 1 0 0 1 0 0 1 1 1 0 0 1 1 
1 1 1 1 0 1 1 1 1 0 0 0 1 0 1 0 1 1 0 1 3 1 1 0 0 0 1 0 0 1 0 1 1 1 1 0 0 1 1 1 0 1 1 1 1 0 0 1 0 1 1 1 
1 1 1 0 0 0 0 1 0 1 1 1 1 0 1 0 1 0 0 0 0 0 0 1 1 0 0 0 1 0 1 1 0 1 0 0 0 1 1 1 1 0 0 0 0 0 0 0 1 1 0 1 
1 0 0 1 0 0 0 0 0 0 1 0 1 0 0 0 0 0 0 1 1 1 0 1 0 0 0 1 3 1 1 1 0 1 1 1 1 0 0 1 1 0 1 1 1 1 0 1 0 0 0 0 
0 0 1 1 1 1 1 0 1 1 1 0 0 1 1 1 0 1 1 0 0 0 1 0 0 1 1 0 2 0 1 1 1 1 0 1 0 1 1 1 1 0 0 1 1 1 1 0 1 1 1 0 
0 0 0 0 0 1 0 0 0 0 1 1 0 1 0 0 0 1 0 0 2 0 1 1 0 1 0 1 2 0 0 0 0 0 1 1 1 1 0 0 1 0 1 1 1 1 0 0 0 1 0 0 
0 1 0 0 0 1 1 1 1 0 1 1 1 1 1 1 1 1 1 0 1 0 1 1 0 1 0 1 0 0 1 1 0 0 1 0 0 1 1 0 0 0 1 0 0 1 1 0 1 1 0 0 
1 1 0 0 2 0 1 0 1 1 0 1 0 0 1 1 1 1 1 1 1 0 0 0 1 0 1 0 2 1 0 0 1 0 1 0 1 0 0 0 0 0 0 1 1 0 1 0 1 0 0 1 
0 0 0 0 1 1 0 0 1 1 1 1 1 0 0 1 0 0 0 0 3 1 0 1 0 1 1 1 1 1 0 0 1 0 0 0 1 1 0 0 0 1 0 1 1 0 1 1 0 1 0 1 
0 1 1 1 1 0 0 1 0 1 0 0 0 0 0 0 0 0 1 0 2 0 1 0 0 0 0 1 0 0 1 0 1 1 1 0 1 0 1 0 0 1 1 0 0 1 0 0 1 0 0 0 
1 0 0 0 2 0 0 1 1 0 0 0 1 1 0 0 0 0 1 1 3 1 1 1 1 0 1 0 2 0 0 1 0 1 1 1 0 0 0 0 0 1 0 0 0 1 0 1 0 0 1 0 
0 1 0 0 2 1 0 1 0 0 0 1 0 0 1 1 0 0 0 0 3 0 1 0 0 0 0 0 3 1 1 0 0 1 0 1 0 0 0 0 1 0 1 1 0 0 1 0 1 1 1 1 
0 0 1 1 2 1 1 0 1 0 0 1 0 1 0 1 1 1 0 1 2 0 0 1 1 0 0 0 1 0 0 1 0 1 1 0 0 1 1 1 0 1 0 0 0 0 1 1 0 0 1 1 
0 0 1 0 1 1 0 1 1 0 0 0 0 0 1 0 1 1 1 0 1 1 1 0 1 1 0 0 1 0 1 1 0 0 0 1 0 0 0 1 1 1 1 0 0 1 0 1 0 0 1 0 
1 0 1 0 0 1 1 0 1 0 1 1 1 1 1 0 0 1 1 1 2 1 1 1 1 0 1 1 3 1 0 1 1 1 0 0 0 1 0 0 1 1 0 0 0 0 1 0 1 1 0 1 

# Size = 16 | Time = 3363 ms
1 1 1 0 0 1 0 1 1 1 0 1 1 1 0 0 1 1 1 1 1 0 1 1 1 0 0 0 0 0 1 1 1 0 0 0 1 0 1 1 1 1 1 1 1 1 0 1 0 0 1 1 
0 0 0 0 1 0 1 0 1 0 1 0 1 0 1 1 0 1 1 0 1 1 0 0 0 1 1 0 2 0 0 1 0 0 0 1 0 0 0 0 0 0 0 0 0 0 1 0 1 1 0 1 
1 1 1 1 0 0 0 1 0 0 0 0 0 1 0 1 0 0 0 1 3 0 1 1 1 0 0 0 3 1 0 1 0 0 0 1 0 0 0 0 0 1 0 0 0 1 1 1 0 1 0 1 
0 0 0 1 1 0 1 1 0 1 0 1 0 0 0 0 1 0 0 1 1 0 0 1 0 1 0 1 1 1 1 0 0 1 1 1 0 1 1 0 0 1 0 1 1 1 0 1 0 1 0 0 
0 0 1 1 2 1 0 0 0 0 0 1 1 0 1 0 1 0 0 0 2 1 1 0 0 1 1 0 3 0 0 0 0 0 0 0 1 1 0 1 1 1 0 1 1 1 0 1 0 0 0 0 
1 1 0 0 1 1 0 0 1 1 0 1 1 0 1 0 1 1 1 1 0 1 1 1 1 0 1 1 3 1 1 1 1 0 1 0 1 0 0 0 0 0 1 1 1 0 1 0 1 1 1 1 
0 0 0 0 2 1 1 0 0 0 0 1 1 1 1 0 1 0 0 0 3 0 1 0 1 0 1 0 1 1 1 1 1 1 1 0 1 0 1 1 1 1 1 0 0 0 0 0 1 0 0 1 
1 1 1 0 2 1 0 1 0 1 1 0 0 1 1 1 0 1 1 0 0 0 0 0 0 1 0 0 0 1 0 0 1 1 0 1 0 1 1 0 1 1 0 0 0 1 1 0 1 1 0 0 
0 0 0 0 0 1 0 0 0 0 1 0 0 1 0 1 0 1 1 0 2 0 0 1 0 0 0 1 1 0 1 0 0 0 0 1 1 1 0 0 1 0 0 1 1 0 1 0 1 0 1 1 
1 0 0 1 2 1 1 1 1 1 1 0 1 1 1 1 0 1 0 1 1 1 0 1 0 0 0 1 3 1 1 1 1 1 1 0 0 0 1 0 0 1 1 1 1 1 1 0 1 0 1 1 
0 0 0 1 0 0 0 0 1 0 0 0 1 0 0 1 1 1 0 0 0 1 0 1 1 0 1 0 2 0 1 0 0 1 1 1 0 1 1 1 0 0 1 0 0 1 1 0 1 1 0 0 
1 1 0 0 1 0 0 1 1 1 1 1 0 1 0 1 0 0 0 1 2 1 0 0 1 0 1 1 0 0 0 1 0 0 0 1 1 1 0 1 0 0 1 0 0 0 1 0 0 1 0 1 
0 0 1 1 0 0 1 0 1 0 1 1 0 0 1 0 0 1 1 1 3 0 1 0 0 1 0 0 0 0 1 0 1 1 1 1 0 1 0 1 0 0 0 1 0 0 0 0 0 1 0 1 
1 1 1 0 2 0 1 0 1 0 0 0 0 1 0 0 0 0 1 0 0 1 1 0 1 1 0 0 1 1 0 0 1 0 1 0 0 0 1 0 0 0 0 0 0 0 0 1 0 0 1 1 
0 1 1 1 2 1 1 1 0 1 0 1 1 0 1 1 1 0 0 1 2 0 1 0 1 1 1 1 2 1 0 0 1 1 1 1 0 0 1 0 1 1 1 0 0 1 1 0 0 0 0 1 
1 1 1 0 1 0 0 1 0 1 1 1 0 1 0 0 1 0 0 1 3 1 0 0 1 0 0 1 2 1 0 1 0 0 1 0 1 0 1 0 1 0 0 1 1 1 0 1 0 0 1 0 

# Size = 16 | Time = 2798 ms
1 1 0 0 1 0 0 1 0 1 0 0 1 0 1 1 1 0 0 0 1 1 0 0 1 1 1 0 2 0 1 0 1 0 0 0 0 1 0 0 1 1 0 0 0 1 1 0 0 1 0 0 
1 1 1 0 1 1 1 0 0 1 1 0 1 0 0 0 0 1 1 0 3 0 1 0 1 0 1 0 0 1 1 1 1 1 1 0 1 0 0 0 1 1 0 1 1 0 0 0 1 1 0 1 
1 1 1 1 2 1 0 1 1 0 1 1 1 1 0 0 0 0 1 1 1 1 1 0 1 1 0 0 3 1 1 1 1 1 0 0 0 1 0 0 1 0 1 0 0 0 0 0 1 0 1 1 
1 0 1 1 2 1 1 0 1 1 1 0 1 1 1 0 0 0 1 0 2 0 0 1 1 0 1 0 0 0 0 0 1 1 0 0 0 1 0 1 0 0 0 1 1 1 0 1 0 0 0 0 
0 0 1 0 0 0 0 1 0 0 0 1 0 1 1 0 1 1 0 1 1 0 1 0 0 0 0 1 0 1 0 1 0 1 1 1 1 0 1 1 0 1 0 1 1 1 1 0 0 0 1 1 
0 1 0 1 0 0 1 0 1 1 1 1 1 0 1 0 1 1 1 0 3 1 0 1 0 0 1 1 3 0 0 1 0 1 1 0 0 0 1 0 0 1 1 0 0 1 1 0 1 1 0 0 
0 0 0 0 0 0 0 1 0 0 0 0 1 0 0 1 0 1 1 0 0 1 1 1 0 1 1 0 0 1 0 1 0 0 0 1 0 1 1 0 0 1 1 0 0 0 1 1 0 0 1 1 
0 1 0 1 2 1 1 1 0 1 1 0 0 1 0 1 1 0 0 0 0 1 0 1 1 1 0 0 1 0 1 1 1 1 1 0 0 0 0 1 0 0 0 1 0 0 1 1 0 1 1 1 
1 0 0 1 1 1 1 0 0 0 1 0 1 0 0 0 0 0 0 1 1 0 1 1 1 0 1 1 1 0 0 0 0 0 1 0 0 1 1 0 0 0 0 1 0 1 0 1 0 0 1 0 
1 0 0 0 1 0 0 0 1 0 1 0 0 1 1 1 0 1 0 0 0 0 1 0 0 0 0 1 3 0 0 1 1 0 1 1 0 0 1 1 1 0 1 1 1 1 1 0 1 0 1 0 
0 1 1 1 2 0 1 0 1 1 0 1 0 1 0 1 0 0 0 1 3 1 1 1 1 1 0 0 2 1 1 0 1 0 1 1 1 1 1 1 1 0 1 1 1 1 1 1 0 0 0 0 
1 0 1 0 2 0 0 1 1 0 0 1 0 0 1 1 0 1 1 1 3 1 0 0 0 1 1 1 1 1 1 0 0 1 0 0 0 1 0 0 1 1 1 0 0 1 1 0 1 0 1 1 
1 0 0 1 0 0 1 0 0 1 1 1 0 0 0 0 0 1 1 0 2 1 0 1 1 0 1 1 2 1 1 1 0 0 0 1 0 0 0 0 1 1 1 0 0 0 0 0 1 0 1 1 
1 1 0 1 0 1 1 1 0 0 1 1 1 1 1 0 1 0 0 1 2 1 1 0 0 1 1 0 1 0 0 0 0 0 1 1 1 0 1 0 1 0 1 1 1 0 0 1 0 1 0 1 
0 0 1 1 0 1 1 0 0 0 0 1 0 0 1 0 1 0 0 1 0 0 0 1 0 1 0 1 2 1 0 0 1 1 1 1 1 0 0 1 0 1 0 0 0 1 0 1 0 1 0 1 
0 0 0 0 1 0 0 0 0 1 0 1 0 0 0 1 1 0 0 1 2 0 1 1 1 0 0 0 3 1 0 0 1 1 0 1 1 0 0 0 1 0 0 1 1 1 1 1 0 1 0 0 

# Size = 16 | Time = 2875 ms
1 0 1 0 0 1 1 0 0 0 0 0 0 0 0 0 1 0 0 0 2 1 0 1 1 0 0 0 2 0 0 0 0 0 0 0 0 1 1 0 1 1 0 1 0 1 1 0 1 1 1 0 
1 1 0 1 0 0 0 1 1 1 1 1 0 0 0 0 1 0 0 0 0 0 1 1 1 1 0 0 0 1 1 1 0 1 1 1 0 1 1 1 0 1 0 0 0 1 0 1 0 0 1 0 
0 1 1 1 1 1 1 0 0 1 1 0 0 0 1 0 0 0 1 0 3 1 0 0 0 0 0 0 1 0 0 1 1 1 1 1 1 0 1 0 0 1 1 0 0 0 0 0 1 1 0 1 
1 1 0 0 2 0 0 1 0 0 0 1 0 1 1 1 1 0 0 1 3 0 1 0 1 0 1 1 2 1 0 0 1 1 1 0 0 0 1 0 0 1 1 1 1 0 1 1 0 0 0 1 
1 1 0 0 0 1 1 1 1 1 0 1 0 1 1 0 0 0 0 1 1 0 1 0 1 1 0 0 1 0 1 0 1 1 0 0 1 1 0 0 1 0 0 0 0 1 0 0 0 1 1 0 
0 0 1 1 0 0 0 1 0 1 1 0 1 1 0 1 0 0 0 0 1 0 1 0 1 0 0 1 3 0 0 0 0 0 1 1 0 0 1 1 1 0 1 1 1 1 1 1 0 1 0 0 
1 0 1 0 2 1 0 0 0 0 1 0 1 0 0 1 1 1 0 1 0 0 1 1 1 1 1 0 1 1 1 0 0 0 0 0 1 1 1 1 1 0 1 1 1 0 1 0 1 0 1 1 
0 1 0 1 1 0 0 1 1 1 0 0 1 0 1 1 1 0 0 1 1 0 0 0 0 1 1 0 2 1 1 1 1 0 1 1 1 1 1 1 1 0 0 0 0 1 1 1 0 1 0 1 
1 0 1 1 1 0 0 0 1 1 0 1 0 1 0 1 0 0 0 0 3 0 0 1 0 0 1 1 0 0 0 1 0 0 1 0 1 0 0 1 1 0 0 1 1 1 1 1 0 0 1 0 
0 1 1 1 1 1 0 0 1 1 0 1 1 0 1 0 1 1 0 1 0 1 0 0 1 1 0 0 3 0 1 1 1 0 0 0 0 0 0 0 1 1 0 0 0 0 0 0 1 0 0 1 
1 1 0 0 1 0 0 1 1 0 0 0 1 1 1 1 0 1 1 0 2 1 1 1 0 1 1 1 1 1 0 0 0 1 1 0 0 1 0 0 0 0 1 0 0 0 1 1 0 1 0 1 
1 0 1 0 0 1 1 0 1 0 1 0 1 1 1 1 0 1 0 1 3 1 0 1 1 1 1 1 3 1 1 1 1 1 0 0 1 1 0 1 0 0 0 0 0 1 1 1 0 1 1 1 
0 0 0 0 2 0 0 0 1 1 1 1 0 1 0 0 1 1 1 1 2 0 0 1 0 0 0 1 3 0 1 1 1 1 0 1 1 0 1 1 1 1 0 0 0 1 1 0 0 0 1 0 
0 0 0 0 0 1 1 1 1 1 1 0 1 1 0 0 0 1 1 1 0 0 1 0 0 0 1 1 2 1 0 1 0 1 0 0 1 1 0 1 0 1 1 0 0 0 0 0 1 1 0 1 
1 1 1 0 2 0 1 0 0 0 0 0 1 1 1 1 0 1 1 1 1 1 1 1 1 1 1 1 0 1 1 0 1 0 1 1 1 0 0 1 0 1 0 1 1 0 1 0 1 0 1 1 
0 0 0 1 2 1 1 0 0 0 0 0 1 0 0 0 0 1 0 0 2 1 1 0 1 1 0 1 0 0 0 0 0 1 0 1 0 1 0 0 1 0 1 1 1 1 0 1 0 1 0 1 

# Size = 16 | Time = 2501 ms
0 1 0 0 1 1 1 1 1 1 1 0 1 0 0 1 1 1 1 1 2 1 1 1 1 0 1 1 0 1 0 0 1 0 1 1 1 1 1 1 1 1 1 1 1 0 1 1 0 1 0 1 
1 0 1 0 0 0 1 1 0 0 1 0 0 0 0 0 0 1 0 1 1 0 0 1 0 0 0 1 1 1 0 1 0 0 0 0 1 1 1 1 0 1 0 0 0 0 0 0 0 0 0 1 
0 0 1 0 0 1 0 0 0 1 0 0 0 0 0 0 1 0 1 0 2 0 0 1 1 1 0 0 2 1 0 1 1 0 1 1 1 0 0 1 1 0 0 1 1 0 0 0 1 1 1 1 
1 0 1 1 0 0 1 0 1 0 1 1 0 1 1 0 1 1 1 1 0 0 1 1 1 1 1 0 0 1 1 0 0 1 1 0 1 0 0 1 1 0 1 0 0 1 0 0 1 0 1 0 
1 0 0 0 2 1 1 1 1 0 0 0 1 1 1 1 1 1 1 1 0 1 0 0 1 0 1 1 2 0 0 1 0 1 1 0 0 1 1 0 0 0 1 1 0 0 1 1 0 1 1 1 
0 1 0 0 0 1 1 0 0 1 1 1 0 0 1 0 1 0 1 0 1 0 1 0 0 0 0 0 3 1 1 0 1 1 1 0 0 1 1 1 0 1 1 1 0 0 0 0 1 0 0 1 
1 0 0 0 2 1 0 1 1 0 0 1 1 0 0 1 1 0 1 0 1 0 1 1 0 1 0 1 0 0 0 1 1 1 0 1 0 0 1 0 0 1 1 1 1 1 1 0 1 1 1 0 
0 1 0 1 1 1 0 0 1 0 0 1 1 0 0 1 1 1 0 0 0 1 1 1 1 0 0 1 1 1 1 0 0 1 1 0 1 1 1 0 0 0 0 0 0 1 1 0 1 1 0 0 
1 1 1 1 2 0 1 0 1 1 1 1 0 1 0 0 0 1 0 0 2 0 1 0 0 1 0 0 1 0 1 1 1 1 0 1 0 0 0 0 0 0 1 0 0 0 1 0 0 0 0 1 
0 1 0 1 1 1 0 0 0 1 1 1 0 1 1 1 1 0 0 1 1 1 1 0 1 0 1 0 2 1 0 1 0 1 0 1 1 1 0 1 1 0 1 0 0 0 1 1 0 1 0 1 
0 1 0 0 1 0 1 0 0 0 0 1 1 0 0 0 0 1 0 1 3 1 0 1 0 1 1 1 2 0 1 0 1 1 0 1 0 0 0 1 1 1 1 0 0 1 0 0 0 0 1 0 
0 0 1 1 0 0 1 0 0 1 1 0 0 1 1 1 0 0 0 0 3 0 0 0 1 0 1 1 0 1 0 0 0 0 1 0 0 1 1 0 0 1 0 1 1 1 1 1 0 1 0 1 
0 0 1 1 2 1 1 1 0 1 0 1 0 1 0 0 0 0 1 1 0 0 0 1 0 1 1 0 3 0 1 0 1 0 0 1 1 0 1 0 1 1 0 1 1 0 0 1 0 0 0 1 
0 1 0 1 2 1 1 0 1 1 0 1 0 0 1 0 1 0 1 0 3 0 0 1 0 0 1 1 1 1 0 0 1 0 0 0 1 0 1 1 1 0 0 1 1 0 1 1 0 1 1 1 
0 1 1 1 0 0 0 0 1 0 0 0 1 0 1 1 1 1 0 1 2 1 1 0 1 1 0 1 3 0 1 1 0 0 0 0 0 0 0 1 1 0 1 0 0 1 1 1 0 0 0 0 
1 0 1 1 1 1 0 1 0 1 0 0 1 1 1 0 0 0 0 0 3 0 1 0 0 1 0 0 3 1 0 1 1 1 0 1 1 1 0 1 0 1 0 1 0 1 1 0 1 1 1 0 

# Size = 16 | Time = 3077 ms
1 0 0 1 2 0 1 1 0 1 1 1 1 1 1 1 0 0 0 0 0 0 1 0 0 1 0 1 2 0 1 1 0 1 1 1 1 1 1 0 1 1 0 1 1 0 1 0 0 1 0 1 
0 0 1 1 0 1 0 0 0 0 0 1 1 0 1 0 1 1 0 1 3 1 1 0 1 0 1 1 1 0 1 0 0 0 0 0 0 1 0 1 1 0 1 1 1 1 0 1 0 0 1 0 
0 1 1 1 1 0 1 0 1 0 0 0 0 1 0 0 0 1 1 0 2 1 1 1 1 1 1 0 2 0 1 1 1 0 1 0 0 0 0 0 0 0 1 0 0 1 0 0 1 0 1 0 
1 1 0 1 1 1 1 1 0 1 1 1 1 1 1 1 1 0 1 1 3 0 0 0 0 1 0 0 0 1 0 1 1 1 0 0 1 1 1 1 1 0 0 1 1 0 1 0 1 0 1 1 
0 1 1 1 0 0 0 0 1 0 1 0 0 0 0 0 0 1 0 1 0 1 1 1 0 0 1 1 0 0 0 0 1 0 0 1 0 0 0 0 1 0 1 1 1 0 0 1 0 1 0 1 
0 0 0 0 2 1 0 1 1 1 0 1 1 0 0 0 1 0 1 0 2 1 1 1 0 0 0 0 0 1 1 0 1 1 1 1 0 1 1 0 0 1 0 1 1 1 1 1 0 1 0 0 
1 0 0 0 0 1 0 1 1 1 0 1 0 0 0 0 0 1 1 1 3 1 1 1 1 1 0 1 2 1 0 1 0 1 0 1 0 0 0 1 0 0 1 0 0 1 0 1 0 1 1 0 
1 0 1 0 2 1 0 0 0 0 1 0 0 0 1 1 0 0 0 1 2 1 0 0 1 1 0 1 1 1 0 1 0 1 0 1 1 1 1 1 1 0 1 0 0 0 1 0 1 0 1 1 
1 0 1 0 2 0 0 1 1 0 0 0 1 1 1 1 1 1 0 0 3 1 0 1 1 1 1 0 3 0 0 1 1 0 1 1 1 1 0 0 1 1 0 1 1 0 1 0 0 0 0 1 
0 0 1 0 0 1 1 1 1 0 1 1 0 0 1 1 1 1 0 0 0 0 0 0 0 0 1 0 3 1 1 0 1 1 0 1 1 0 1 1 1 1 1 0 0 1 1 0 0 0 0 0 
0 0 1 0 1 1 1 0 0 1 1 1 1 1 0 0 0 1 0 1 1 0 0 1 0 0 1 1 1 0 1 0 1 1 0 1 1 1 0 0 1 1 0 1 1 1 0 0 1 1 0 1 
1 0 1 0 0 1 0 1 0 1 1 0 0 0 1 1 1 0 0 1 1 0 0 0 1 0 0 0 2 1 0 0 0 0 1 1 0 0 1 0 0 0 0 0 0 1 1 1 0 0 1 0 
1 1 0 1 1 0 0 0 1 0 0 1 0 0 0 1 0 1 1 0 1 1 0 1 0 1 0 0 3 0 1 1 1 0 0 1 1 0 1 1 0 1 1 1 0 0 1 1 0 1 0 1 
0 1 0 0 0 0 1 1 0 1 1 1 0 1 0 0 0 0 0 1 2 0 1 1 1 1 0 1 3 1 1 0 0 0 1 0 0 1 1 0 0 0 0 0 0 1 0 0 1 0 1 1 
1 1 0 0 2 1 1 0 0 1 1 0 0 1 1 0 1 1 1 0 1 1 1 1 1 0 1 1 0 0 0 1 0 1 0 0 0 0 0 1 1 1 0 0 0 0 0 1 0 1 0 1 
1 1 0 0 1 0 1 1 1 1 0 0 1 0 0 0 0 0 1 0 0 0 1 0 1 0 1 0 1 0 0 1 0 0 1 0 1 0 0 1 0 1 0 0 0 0 1 0 1 0 1 1 

# Size = 16 | Time = 2774 ms
0 1 0 1 2 0 1 0 0 0 0 1 1 0 0 0 1 1 0 0 1 0 1 1 0 0 0 0 3 0 1 1 0 1 1 0 0 0 0 1 0 0 0 1 1 1 0 1 0 1 0 0 
1 1 0 0 1 0 0 0 1 1 1 1 0 0 0 0 1 1 1 1 2 0 0 0 1 1 1 1 0 0 0 0 1 0 0 1 0 0 1 0 1 1 1 1 1 0 0 0 1 1 0 1 
1 0 1 1 0 1 1 1 0 0 1 0 0 0 0 1 0 0 0 1 1 0 1 0 0 0 1 0 0 1 0 1 1 0 1 1 0 1 0 0 0 0 1 0 0 1 1 1 0 1 1 0 
1 1 1 1 1 0 0 1 1 1 0 1 0 1 1 1 1 1 1 1 0 1 0 0 0 0 0 1 0 1 1 0 0 1 0 1 1 1 1 1 0 0 0 1 1 0 1 1 0 0 1 1 
0 0 1 0 0 1 1 0 0 0 0 0 1 1 1 0 0 0 0 0 2 0 0 1 1 1 1 1 3 0 0 1 0 1 1 1 1 0 1 0 0 1 1 0 0 1 1 0 1 0 1 1 
1 0 0 0 0 1 0 1 1 1 1 1 0 1 0 0 1 0 0 0 0 1 1 1 0 1 1 0 3 1 1 0 0 1 0 0 0 0 1 1 1 0 1 0 0 0 1 0 0 0 0 1 
0 0 0 0 1 1 0 0 0 1 1 0 0 0 1 0 0 0 0 1 0 1 1 1 1 0 0 0 2 0 0 1 1 0 1 1 1 0 0 0 1 1 1 0 0 0 0 1 0 1 0 1 
0 0 0 0 1 0 1 1 1 0 0 1 1 0 1 1 0 1 1 1 3 1 0 0 1 1 0 0 3 0 1 0 1 0 1 0 1 1 1 0 0 0 1 0 0 1 1 0 1 1 0 0 
1 1 1 0 0 0 1 0 0 0 1 0 1 0 1 0 1 0 1 1 3 1 1 0 0 0 0 1 1 1 0 0 0 0 0 0 1 0 0 0 1 0 1 1 1 0 0 0 1 0 1 1 
1 1 0 1 0 0 1 1 1 1 0 0 1 0 0 0 0 1 1 1 2 1 1 1 0 1 1 1 2 1 1 0 0 0 1 0 1 0 1 0 1 0 0 0 0 1 1 1 0 0 1 0 
0 0 0 1 2 0 0 0 0 0 1 1 1 1 0 1 0 0 1 0 3 0 1 1 1 0 1 1 0 0 0 1 1 1 0 0 0 0 1 1 0 1 0 1 0 0 1 1 0 0 1 1 
1 0 0 0 2 0 1 0 1 0 0 1 0 1 0 1 0 0 1 0 2 1 0 0 0 0 0 0 1 0 1 0 1 1 1 1 1 1 0 1 1 1 1 1 1 0 1 1 0 1 0 1 
1 0 1 1 2 1 1 1 0 0 0 1 0 1 0 0 1 1 1 1 1 1 0 1 0 1 1 1 2 1 0 0 0 1 0 0 1 1 0 1 1 1 1 0 0 0 0 1 0 0 0 1 
1 0 1 1 2 1 1 1 1 1 0 0 0 1 0 1 1 0 0 0 3 0 0 0 1 0 0 1 2 0 0 0 0 0 1 1 0 0 0 1 0 0 1 1 1 0 1 0 1 1 0 1 
1 0 0 1 2 1 1 1 1 0 1 1 1 0 1 1 0 1 0 0 0 0 1 1 1 1 1 0 1 1 1 0 1 1 0 0 1 0 0 0 0 1 0 1 1 1 1 0 1 0 1 0 
0 1 1 0 1 1 0 1 1 1 1 1 1 1 1 1 1 1 1 0 1 0 1 0 1 0 1 0 1 1 0 1 1 1 0 0 0 1 1 0 1 1 0 0 0 1 1 0 1 0 1 0 

# Size = 16 | Time = 3233 ms
0 1 1 1 0 1 1 1 1 1 0 1 1 0 1 1 0 0 0 1 0 0 1 1 1 0 1 1 3 1 0 0 0 1 0 0 1 0 0 1 1 1 0 0 0 0 1 0 0 1 1 1 
0 0 1 0 1 0 1 0 0 0 0 0 0 0 0 0 0 0 1 0 1 0 1 0 1 1 1 1 0 0 1 1 1 1 1 0 0 1 1 1 0 1 0 0 0 0 0 1 0 1 0 1 
0 1 0 1 0 1 1 1 0 1 0 1 1 0 0 1 0 0 0 0 3 1 1 1 1 1 0 0 0 1 1 1 0 0 0 1 0 0 1 1 0 0 1 1 1 1 1 0 1 0 0 0 
0 0 0 1 0 1 1 0 0 0 1 0 0 0 0 0 1 1 0 1 1 1 0 1 0 0 0 1 3 1 0 0 0 0 1 0 0 1 1 0 1 0 1 1 1 1 0 0 1 0 0 0 
1 0 1 1 2 0 0 1 0 1 1 0 1 0 1 0 0 0 1 0 1 0 1 0 0 1 0 0 1 0 0 1 0 1 0 1 1 0 0 1 1 0 1 0 0 1 0 1 0 1 0 0 
0 0 0 0 0 0 0 0 0 0 1 1 0 1 0 1 0 0 1 1 2 1 1 0 1 0 1 0 1 1 1 0 0 1 1 0 0 1 0 0 1 0 1 1 0 0 1 0 1 1 0 1 
1 0 1 1 2 0 0 0 1 0 0 0 0 1 0 0 0 1 1 1 0 1 0 1 0 0 0 0 0 1 0 1 0 1 0 0 1 1 1 0 0 1 0 1 1 0 1 1 0 0 0 1 
0 0 1 0 2 0 1 1 0 0 0 1 1 1 0 0 1 0 0 0 0 0 1 0 1 1 0 1 2 1 0 0 1 0 1 1 1 1 0 0 1 0 1 0 0 0 0 0 1 0 1 1 
0 1 0 0 2 1 1 0 0 0 1 1 0 1 1 0 0 1 1 0 3 1 1 1 0 1 1 0 3 1 1 1 1 1 1 0 1 1 1 0 0 0 0 0 0 0 0 1 0 0 1 1 
1 0 1 0 0 0 1 1 1 1 0 1 0 1 1 0 0 1 1 1 3 1 0 0 0 0 0 1 1 0 1 0 1 0 0 1 0 0 1 0 0 0 0 1 1 1 0 1 0 1 0 1 
1 0 0 0 2 1 1 1 0 1 1 1 0 0 1 1 1 0 1 1 2 1 1 1 1 1 0 0 0 1 0 0 0 0 0 1 0 0 0 1 1 1 0 0 0 1 1 1 0 1 1 0 
1 1 0 1 1 1 1 1 1 1 1 1 0 1 1 1 1 1 0 1 0 1 0 1 1 1 0 1 1 0 1 1 1 1 1 1 0 1 0 1 0 1 0 1 1 1 1 0 1 0 1 0 
1 1 0 1 0 1 0 0 1 0 0 0 0 1 0 1 0 1 0 0 2 1 1 0 0 0 0 1 2 0 0 1 1 0 1 1 1 0 1 0 0 1 0 1 1 1 1 0 1 0 1 0 
1 1 1 0 1 0 0 1 0 0 1 1 1 0 0 0 0 1 0 1 2 0 0 0 0 0 1 1 3 0 0 1 1 0 1 1 1 1 1 1 1 0 0 1 0 0 0 1 0 0 0 1 
0 1 0 0 1 0 0 1 0 0 0 0 1 0 0 1 1 0 1 1 3 0 0 1 0 1 1 0 2 1 0 1 0 1 0 1 0 0 0 1 1 1 1 1 1 1 1 0 0 1 0 0 
0 1 0 0 1 1 0 0 1 1 1 1 1 1 1 1 0 0 1 0 1 0 0 1 0 0 0 1 2 1 1 0 0 0 1 0 0 0 0 0 0 0 1 0 0 1 1 1 0 1 1 0 

# Size = 16 | Time = 2485 ms
1 1 0 0 1 1 1 1 0 1 0 1 0 0 1 1 0 0 0 0 1 1 0 1 0 1 1 1 2 1 0 1 1 0 1 1 1 0 1 0 0 1 0 0 0 1 1 0 1 1 1 0 
0 0 1 0 2 0 0 1 0 1 0 1 1 0 1 1 0 1 1 0 2 0 1 1 1 1 0 0 0 1 1 1 1 0 0 1 0 1 1 1 1 1 1 1 1 1 1 1 0 1 0 1 
1 1 0 1 0 0 0 0 1 1 0 0 1 1 0 0 0 1 1 0 2 1 1 0 0 0 0 0 2 0 1 0 0 1 1 0 0 0 0 0 1 0 1 1 1 0 0 0 1 0 0 1 
1 1 0 1 1 1 1 1 0 1 0 1 1 1 0 1 1 0 1 1 3 0 1 1 1 0 1 0 1 0 1 0 0 0 1 1 1 0 0 0 1 0 1 0 0 0 1 0 0 1 0 1 
0 0 1 1 0 1 1 1 1 0 1 0 1 1 0 0 0 1 0 0 3 0 1 1 0 0 0 1 0 0 1 1 1 1 0 1 0 1 1 0 1 1 0 0 0 1 0 0 1 0 1 0 
0 1 1 1 2 1 0 0 1 0 1 1 0 0 1 0 1 0 1 1 1 0 1 0 1 0 0 1 1 1 0 0 0 0 0 0 1 1 1 1 0 1 1 1 1 0 0 0 1 0 1 1 
0 0 1 0 1 0 1 0 0 0 0 1 1 1 1 0 0 0 0 0 0 1 1 0 1 1 1 0 0 0 0 1 1 1 1 1 1 0 0 0 0 0 0 1 0 0 0 0 0 0 1 1 
0 1 0 1 2 1 1 1 1 0 1 0 0 0 1 1 0 1 1 1 0 0 0 1 0 1 1 1 2 0 0 0 0 1 1 0 1 1 0 0 1 1 1 1 1 1 1 0 1 0 0 0 
1 0 1 1 2 0 1 0 1 1 1 1 0 1 0 1 1 0 1 1 3 1 1 0 1 1 1 1 2 0 0 0 1 1 0 0 0 1 0 1 0 0 0 1 0 1 1 1 0 1 0 0 
1 0 1 0 2 0 1 0 0 0 1 0 1 1 0 0 1 1 0 0 1 0 1 1 1 1 1 0 3 0 1 1 0 1 1 0 0 0 1 1 1 1 0 0 0 0 0 1 0 1 0 1 
0 1 1 0 2 0 1 0 0 0 0 0 0 1 0 1 1 1 0 0 2 0 0 0 0 1 1 1 1 0 0 1 0 0 0 1 1 1 1 0 0 1 0 0 0 1 1 0 0 0 0 1 
1 1 0 0 1 1 0 0 0 0 0 0 1 0 1 1 1 1 0 1 3 1 0 1 1 1 1 1 3 1 1 0 0 1 0 0 1 1 0 0 0 0 0 1 1 1 1 1 0 1 1 1 
1 1 0 0 0 0 0 0 0 1 1 1 0 0 0 0 1 1 0 1 1 0 0 0 0 0 0 0 0 1 1 0 0 1 0 0 1 0 0 0 0 0 1 0 0 0 1 1 0 0 0 1 
1 0 0 1 0 0 0 0 1 1 1 0 1 0 1 1 1 0 0 1 0 1 0 1 1 0 1 0 3 1 0 1 1 0 0 1 0 1 1 1 1 0 1 0 0 1 1 1 0 0 0 1 
0 0 1 0 1 1 0 1 1 0 1 1 0 0 0 1 0 0 1 1 2 1 0 0 0 1 0 0 3 1 1 1 1 0 1 1 0 0 1 1 0 0 0 0 0 1 1 0 1 1 1 0 
0 0 1 0 0 1 0 1 1 0 0 0 1 1 0 0 0 1 0 1 0 1 0 1 0 1 0 1 1 1 1 1 1 1 1 1 0 0 1 0 0 0 1 1 0 1 0 1 0 1 0 0 

# Size = 16 | Time = 3275 ms
1 1 1 1 0 0 0 1 0 0 0 0 1 1 0 0 0 0 0 0 1 0 0 1 1 1 0 1 0 0 1 1 0 1 0 1 1 0 1 0 0 0 1 1 0 1 0 1 0 1 0 0 
0 0 0 1 0 1 1 1 0 1 1 1 0 1 1 1 0 1 1 1 0 0 0 1 0 0 0 0 2 1 1 1 1 1 0 1 1 1 0 0 1 0 1 0 0 1 1 1 0 1 1 0 
0 1 0 0 0 0 0 1 1 0 0 1 1 1 0 1 1 1 1 0 3 0 1 0 1 0 0 1 3 1 0 0 0 0 1 1 1 1 1 1 0 1 0 1 1 1 1 1 0 0 0 0 
0 0 1 0 0 1 1 0 1 0 0 1 1 0 1 0 1 0 1 0 3 1 0 0 1 1 1 1 1 0 0 1 1 0 1 0 0 1 1 0 0 0 1 0 0 0 1 0 1 1 1 1 
1 0 0 1 2 1 0 0 1 0 1 0 1 1 1 0 1 1 0 1 3 0 0 1 0 1 1 1 2 0 1 1 0 1 0 1 1 0 0 0 1 0 0 1 1 1 1 1 0 0 1 1 
1 0 1 0 2 1 1 1 0 0 1 1 0 1 0 0 0 1 0 0 1 0 0 1 0 0 0 0 3 0 1 0 1 1 0 1 1 1 1 1 0 0 1 0 0 0 0 0 1 0 1 1 
0 1 1 0 2 0 1 0 1 0 1 0 1 0 0 0 1 0 1 0 2 1 0 0 0 0 0 1 2 0 0 0 1 0 0 0 1 1 1 1 0 1 0 0 0 0 0 0 1 1 0 1 
1 1 1 1 2 0 0 0 1 1 1 0 0 0 1 0 1 1 0 0 0 0 1 1 1 1 1 1 3 0 0 0 1 0 1 0 0 1 1 0 1 1 0 1 0 0 1 1 0 1 0 1 
0 1 0 1 1 0 0 0 0 0 0 1 0 0 1 1 1 1 1 0 1 1 1 0 1 1 0 1 2 1 0 1 0 1 1 0 0 0 1 1 1 1 0 1 1 1 1 0 1 1 0 0 
1 0 0 1 2 0 0 1 1 0 0 0 1 0 1 1 1 0 0 0 2 1 1 1 0 0 1 0 1 1 1 1 0 0 1 1 0 1 0 0 1 1 1 1 0 1 1 1 0 1 0 0 
1 1 1 0 1 1 1 1 0 1 1 1 1 1 1 0 0 0 0 1 2 1 0 0 1 1 1 1 3 1 0 1 0 1 1 0 1 0 0 1 0 0 0 0 0 0 0 0 1 0 1 1 
1 1 1 0 2 1 0 1 1 0 1 1 1 0 0 1 1 1 1 0 0 1 1 1 0 0 1 0 0 0 1 0 1 0 1 1 0 0 1 0 0 0 0 0 0 0 1 1 0 1 0 1 
0 1 0 0 1 1 1 0 0 1 0 0 1 1 0 0 0 0 0 1 0 0 1 0 1 0 0 1 1 0 1 1 0 1 0 0 1 0 0 1 1 1 0 1 1 0 0 0 1 0 0 1 
1 0 1 1 0 0 1 1 1 0 0 1 0 0 0 0 1 1 0 0 2 0 1 0 0 1 0 0 0 1 0 0 1 1 0 0 1 0 0 0 0 1 0 1 1 1 1 0 0 1 0 0 
0 0 0 0 1 1 0 0 0 1 0 1 0 1 1 0 0 0 1 1 3 0 1 0 1 0 0 0 0 1 1 1 1 0 0 0 0 1 1 1 1 1 1 1 1 1 0 0 1 0 1 1 
1 0 0 0 1 0 1 0 1 1 1 1 0 0 0 0 0 1 1 1 1 1 1 1 0 0 1 1 1 0 0 0 1 0 1 1 0 0 0 0 0 1 1 0 0 0 1 1 0 0 1 1 

# Size = 16 | Time = 3350 ms
0 1 1 1 0 1 0 1 0 1 1 1 0 0 1 0 1 0 1 0 2 1 1 1 0 1 0 0 3 1 0 1 1 0 0 1 0 1 1 0 0 0 0 1 1 1 0 0 1 1 1 0 
1 0 0 0 2 0 1 0 1 0 0 1 0 0 0 1 1 1 0 0 1 1 1 0 0 1 1 1 3 0 1 0 1 0 0 0 1 1 1 0 1 1 1 1 0 1 1 1 0 0 0 1 
1 0 1 0 2 0 0 1 1 0 0 0 1 0 1 0 1 1 0 0 2 1 0 1 1 0 1 1 2 1 0 0 1 1 1 0 0 1 0 0 1 0 0 1 1 0 0 0 0 1 0 1 
0 0 1 0 2 1 1 1 1 1 0 0 1 1 1 1 1 1 1 1 2 0 1 0 1 0 1 0 0 0 0 0 1 0 0 0 0 0 1 1 1 1 0 0 0 1 1 1 0 0 1 0 
0 1 1 1 0 1 1 1 0 1 1 1 1 1 0 1 0 0 1 1 1 0 1 0 0 1 0 0 2 0 1 0 0 1 1 1 1 0 1 1 1 0 0 1 1 0 1 0 0 1 0 1 
1 0 0 1 1 0 0 1 0 1 0 1 0 0 1 1 0 1 0 0 3 0 0 1 0 1 0 0 0 1 1 1 0 1 0 1 1 0 0 0 0 0 1 0 0 0 1 0 1 0 0 1 
1 1 0 1 2 0 1 1 1 1 0 1 1 1 0 0 0 1 1 1 0 0 1 0 0 1 1 1 1 1 0 1 1 1 0 1 1 1 1 1 0 0 0 1 0 1 0 1 0 1 0 0 
0 1 1 0 2 1 1 1 0 0 1 1 0 1 1 0 0 0 0 1 1 1 0 1 1 0 0 1 1 0 1 0 0 0 0 1 0 1 1 0 0 1 1 0 0 1 0 0 0 1 0 1 
1 1 0 1 1 0 0 0 0 1 1 0 1 0 0 0 1 0 1 0 0 1 1 1 1 1 0 1 2 0 0 0 0 1 0 0 1 0 0 0 1 1 1 0 0 0 0 1 0 0 1 1 
0 1 1 0 1 1 0 1 0 0 1 0 1 0 1 0 1 0 1 0 1 0 0 1 1 1 1 1 0 1 0 1 1 1 0 0 0 0 0 0 0 1 0 1 1 1 1 0 1 1 1 0 
1 1 1 0 0 1 1 1 1 0 1 1 1 1 1 1 0 0 0 1 3 0 0 1 1 1 0 0 3 1 1 1 0 1 0 1 0 1 0 1 0 0 0 0 0 0 1 0 0 1 0 1 
1 0 1 1 0 0 0 0 0 0 0 0 0 0 0 0 0 0 0 1 0 1 0 0 0 0 0 0 0 1 1 1 1 0 1 0 0 1 1 1 1 0 1 1 1 1 0 1 0 1 0 0 
0 0 0 0 1 1 1 0 1 0 1 0 0 0 1 1 1 1 0 1 0 0 1 0 0 0 0 1 3 1 1 0 0 1 1 0 1 0 1 1 1 1 0 0 0 1 1 0 1 0 0 0 
0 0 0 1 1 1 0 0 1 0 0 0 1 1 0 0 0 0 0 0 2 0 1 0 0 0 1 0 1 1 1 1 0 0 1 1 1 1 0 0 0 0 1 0 0 0 1 0 1 0 1 1 
1 0 0 1 2 0 1 0 0 1 1 0 0 1 0 0 1 1 0 1 3 1 0 0 1 0 0 0 2 0 1 1 1 0 1 0 1 0 1 0 0 0 1 1 0 1 0 0 1 0 1 0 
0 1 0 1 0 0 1 1 1 0 0 1 0 0 0 1 1 1 1 0 3 0 1 1 0 0 1 1 1 1 0 0 0 1 0 0 0 0 1 1 1 1 0 1 1 0 1 1 0 0 0 1 

# Size = 16 | Time = 2796 ms
0 0 1 1 0 1 1 1 0 1 0 0 1 0 1 1 1 1 0 1 2 0 0 1 1 1 1 0 3 1 0 1 1 0 0 1 1 1 0 1 0 1 1 0 0 0 1 1 0 1 1 1 
1 1 0 1 0 1 0 0 1 0 1 1 1 0 1 0 0 0 1 0 1 1 1 1 0 0 0 1 1 1 0 0 1 0 1 0 0 1 0 0 1 0 1 0 0 1 0 0 1 0 1 0 
0 1 0 0 2 0 1 0 0 1 1 0 0 0 1 0 1 1 1 0 2 0 1 1 1 0 1 1 2 0 1 1 0 0 0 0 0 0 1 0 1 0 1 1 1 1 0 1 0 1 0 0 
0 1 0 1 2 0 1 1 0 0 1 0 0 1 0 0 0 0 1 1 1 0 1 0 1 1 0 1 3 1 1 0 1 0 1 1 1 0 0 0 1 1 0 1 1 0 0 1 0 1 0 1 
0 1 0 1 2 0 1 0 0 1 0 0 1 1 1 1 0 0 1 1 0 1 0 1 0 1 1 1 1 0 0 0 0 0 1 0 1 1 1 1 1 0 0 1 1 0 1 0 1 1 0 1 
0 1 0 0 0 0 0 1 0 1 0 1 0 0 0 0 1 0 0 0 0 0 1 1 0 1 0 0 2 0 1 0 1 1 0 1 1 1 0 0 0 1 0 0 0 1 1 0 1 0 0 0 
1 0 1 1 1 0 0 1 1 0 1 0 0 1 1 1 1 1 0 0 0 0 1 0 0 1 1 0 3 1 1 1 0 1 1 0 1 0 0 1 0 0 1 1 1 1 1 0 1 1 0 0 
1 1 0 1 1 1 1 0 1 0 0 0 1 1 0 1 0 0 0 0 3 1 1 0 0 1 0 0 2 1 0 0 0 1 1 1 0 1 0 1 1 1 1 1 0 0 1 0 1 1 1 1 
1 0 0 1 2 1 1 1 0 0 1 1 0 0 1 1 0 1 0 1 3 0 0 1 1 0 0 1 1 1 1 0 1 1 0 0 0 0 1 0 1 1 0 1 1 1 1 1 0 1 0 0 
0 1 1 1 2 1 0 1 1 0 1 0 0 0 1 0 1 1 1 0 0 1 1 0 1 0 1 0 0 0 1 0 0 1 1 0 0 1 0 0 0 1 0 0 0 1 0 1 0 0 1 0 
0 0 1 0 1 0 0 1 0 0 0 0 1 0 0 1 0 1 0 1 1 0 0 1 0 0 0 1 2 1 1 1 1 1 0 0 1 0 0 0 0 0 0 1 1 1 1 1 0 0 1 1 
1 0 1 0 1 0 0 0 1 1 1 1 1 1 0 0 1 0 1 1 3 1 0 0 1 0 0 1 3 0 0 1 1 0 0 1 0 0 1 1 1 0 1 1 1 1 0 0 0 0 0 1 
1 0 1 0 1 1 0 0 1 0 1 1 1 1 0 1 1 0 0 0 2 1 0 0 0 0 1 0 1 1 1 1 1 1 1 1 1 1 1 1 0 0 1 0 0 0 1 0 0 0 1 1 
1 0 1 1 1 0 1 1 0 0 0 0 1 0 1 0 0 0 0 1 2 0 1 1 1 1 0 0 0 1 0 0 0 1 0 1 1 1 0 1 0 1 0 1 0 1 0 0 1 1 0 0 
0 1 0 0 0 0 1 0 1 0 0 0 0 1 0 0 0 1 1 0 3 0 1 1 1 1 1 1 0 1 0 1 1 0 0 1 1 0 0 1 0 1 0 0 0 0 1 0 1 1 0 1 
0 1 1 1 0 1 1 0 1 1 0 1 1 1 1 1 1 1 1 1 1 0 0 0 0 0 1 0 0 0 0 0 0 0 1 1 1 0 1 1 1 0 1 1 1 0 1 1 0 0 0 1 

# Size = 16 | Time = 2750 ms
0 1 0 0 2 1 1 1 1 0 0 0 1 0 1 1 0 0 1 0 1 0 1 1 1 1 0 1 2 0 0 0 1 1 1 1 0 1 1 1 0 1 0 0 0 1 1 1 0 1 0 1 
1 0 1 1 0 0 1 0 1 0 0 1 0 0 0 0 0 0 1 0 3 1 0 1 0 1 1 0 2 0 1 0 0 0 0 0 1 1 0 0 1 0 1 0 0 1 0 1 0 0 1 0 
1 0 1 1 0 1 0 0 1 1 1 1 0 1 1 0 1 1 0 1 1 1 0 0 1 0 1 0 1 1 0 0 1 1 0 0 0 1 0 0 1 0 1 0 0 0 0 0 1 1 1 1 
1 0 1 0 2 0 0 1 1 1 0 1 1 0 0 1 0 1 0 0 0 0 0 1 0 0 0 1 1 1 1 0 1 1 1 0 0 0 1 0 0 0 1 1 1 0 1 1 0 0 1 1 
0 0 1 1 1 0 1 0 0 0 0 0 1 0 1 1 0 1 0 1 3 1 1 0 1 0 0 1 3 1 1 0 1 1 0 1 0 1 1 0 0 1 1 1 1 0 1 0 0 0 0 1 
0 0 0 0 0 1 1 1 1 1 1 1 0 1 0 0 1 1 0 1 2 1 0 1 0 1 0 1 3 0 1 1 0 1 1 0 1 0 1 1 0 0 1 0 0 1 0 1 0 1 1 0 
1 0 0 0 1 0 0 0 0 0 1 1 0 1 1 0 0 1 0 1 0 1 0 0 1 1 0 1 2 1 0 1 1 1 1 1 1 0 0 1 0 0 1 0 0 1 0 1 0 0 0 0 
0 0 1 1 2 1 1 0 0 0 0 0 0 1 1 0 0 1 0 1 0 0 0 1 0 0 1 0 0 0 1 1 0 0 0 0 0 1 1 0 0 1 0 0 0 0 0 0 1 1 1 1 
0 1 0 0 1 1 1 0 0 1 1 0 1 1 1 1 0 1 1 1 2 0 1 0 0 1 0 0 1 0 0 1 0 0 1 1 1 0 0 0 0 0 1 1 1 1 1 0 1 1 1 1 
0 0 0 1 2 1 0 1 0 0 1 1 0 0 0 1 1 0 1 1 3 1 0 0 1 0 1 0 1 1 1 1 1 0 0 1 1 0 0 1 1 1 0 1 0 1 1 0 1 1 0 0 
1 1 1 1 1 0 0 0 1 1 0 1 1 0 0 0 1 0 1 0 1 0 1 1 0 0 0 0 0 1 1 0 0 0 1 1 1 0 0 1 0 0 0 1 1 1 0 0 1 1 0 0 
0 1 1 1 0 0 0 0 0 0 0 1 0 1 0 1 1 0 1 0 0 0 1 1 0 0 0 1 3 1 1 0 0 0 0 1 1 1 0 0 1 0 0 0 0 0 1 1 0 1 0 1 
1 1 1 1 2 0 0 1 1 0 0 0 0 0 0 1 0 0 0 0 2 1 0 0 1 1 1 1 0 1 1 1 0 1 1 1 0 1 0 0 1 1 1 0 0 0 1 0 0 0 0 1 
1 1 0 0 0 1 0 1 1 1 1 0 1 1 0 1 1 0 0 0 3 0 0 1 1 0 0 1 0 0 0 1 1 1 1 1 1 1 0 0 1 1 0 1 1 1 1 1 0 1 0 0 
1 1 0 0 2 1 0 1 0 1 0 0 1 1 0 1 1 1 1 1 1 1 1 1 0 0 1 0 3 0 0 1 1 1 0 0 0 0 1 0 1 1 0 1 0 1 1 0 1 0 1 0 
0 0 0 0 1 0 1 1 0 1 1 1 0 0 1 0 1 1 1 1 2 1 0 0 0 0 1 1 2 0 1 0 1 0 0 0 1 1 0 1 1 0 0 1 1 0 1 0 1 1 0 1 

# Size = 16 | Time = 2686 ms
1 1 0 0 1 1 0 0 0 0 1 0 1 0 1 1 1 0 1 0 2 1 0 0 0 0 1 1 0 0 1 0 0 0 0 1 0 0 0 1 0 1 0 0 0 0 1 1 0 1 1 1 
0 0 0 1 0 0 0 1 1 1 0 0 0 1 0 1 1 1 0 1 2 0 0 1 0 0 0 1 2 0 1 0 1 1 1 1 1 1 0 1 1 0 1 1 1 0 1 0 1 0 0 1 
1 1 0 1 1 0 0 1 1 0 0 1 0 0 0 1 0 1 1 0 2 1 0 1 1 1 0 1 1 1 0 1 0 0 0 0 1 0 1 0 1 1 0 1 1 0 1 1 0 0 0 1 
1 0 1 1 2 1 1 0 1 1 0 0 0 1 0 0 0 0 0 0 2 1 1 0 1 0 1 0 3 1 1 1 0 0 0 1 1 0 1 1 1 0 1 0 0 1 0 0 1 0 1 0 
0 1 1 0 2 0 0 1 0 1 0 1 1 0 1 0 0 0 1 1 0 1 0 0 0 1 0 0 3 1 0 1 0 1 1 0 0 0 0 0 1 0 1 1 0 0 1 0 0 0 1 1 
1 0 0 1 1 0 1 1 1 1 0 1 0 0 0 0 1 0 0 1 0 1 1 0 1 1 1 1 2 0 0 0 0 0 1 0 0 1 1 1 0 1 1 1 0 1 1 1 0 1 0 0 
1 1 1 0 0 1 1 0 0 0 1 1 1 0 0 0 1 0 1 1 3 1 0 0 1 1 0 0 2 1 0 0 1 0 1 0 1 1 0 0 0 1 0 0 0 1 0 0 1 0 0 0 
0 0 0 0 1 1 0 1 0 1 0 1 1 1 0 0 0 1 0 1 1 0 1 1 1 1 0 1 0 0 0 1 1 0 0 0 0 1 1 1 1 0 0 0 0 1 0 0 1 1 1 0 
1 1 1 1 2 0 0 0 1 0 1 1 0 0 1 0 0 0 0 0 1 1 0 0 0 0 0 1 2 0 1 1 1 1 0 0 1 0 1 0 1 0 0 1 0 1 1 1 0 0 1 0 
0 0 0 1 2 0 0 1 1 0 0 0 0 0 1 0 1 0 0 1 3 0 0 1 1 0 0 0 0 1 1 1 1 1 0 1 0 0 1 0 0 0 1 0 0 1 1 1 0 0 0 1 
0 0 0 1 2 1 1 1 0 0 1 0 1 0 1 0 1 1 0 0 1 1 1 1 1 0 1 0 1 0 1 0 1 1 0 0 1 1 0 0 1 0 0 1 0 0 0 0 1 1 0 1 
0 1 0 0 0 0 0 0 0 0 1 0 0 1 1 1 1 1 1 0 1 0 1 0 1 1 0 1 3 1 0 1 0 1 1 1 1 1 0 1 0 1 1 1 1 1 1 1 0 1 0 0 
0 0 1 1 1 0 1 1 0 1 0 0 1 1 1 0 0 1 1 0 3 0 1 1 0 0 0 0 3 0 0 0 1 1 1 1 1 1 1 1 0 1 0 1 1 0 0 1 0 0 0 1 
1 0 1 0 0 1 1 0 1 0 0 0 0 1 0 1 1 1 1 1 0 0 1 0 0 1 1 0 1 1 1 0 1 1 0 1 0 1 1 0 0 0 1 0 0 0 1 0 0 1 0 1 
1 0 1 0 0 0 1 0 1 1 1 1 0 0 1 0 0 0 0 0 0 1 0 1 0 0 1 0 0 0 0 1 1 1 1 0 1 0 1 1 0 0 0 1 1 0 0 0 1 0 1 1 
1 0 1 1 2 1 0 1 1 1 1 1 1 0 0 1 1 0 1 1 3 0 0 1 0 1 1 1 1 0 0 1 0 1 1 1 0 1 1 1 1 1 0 1 1 1 1 1 0 1 1 0 

# Size = 16 | Time = 3263 ms
0 1 1 1 0 1 1 0 0 0 0 0 1 1 0 0 0 0 1 0 1 0 1 0 1 1 1 0 2 0 0 1 0 1 0 0 1 1 0 1 1 0 0 1 1 0 1 1 0 0 1 1 
1 1 0 0 1 0 1 1 0 0 1 0 0 1 1 0 1 1 0 1 2 1 0 1 0 1 0 0 2 0 1 1 1 1 1 1 0 0 1 0 0 1 1 1 1 0 0 1 0 1 0 1 
1 0 0 1 2 0 1 1 0 0 1 1 1 1 1 1 0 1 1 0 0 0 1 1 1 0 1 1 1 1 0 1 0 1 1 1 0 0 1 0 0 1 1 1 1 0 1 0 1 1 0 1 
1 1 0 0 2 1 0 1 1 1 1 0 1 0 0 1 0 1 0 1 1 1 1 1 1 0 0 1 3 0 1 1 1 0 0 0 0 1 0 1 0 1 0 0 0 1 1 0 1 1 1 0 
0 1 0 0 2 1 0 1 1 1 1 1 1 1 0 0 0 0 1 0 3 0 0 0 1 0 1 1 2 1 0 0 0 0 0 1 1 1 0 0 1 0 1 1 0 1 0 0 1 0 1 0 
0 1 1 1 0 1 1 0 1 1 0 0 1 0 0 0 1 1 1 1 0 1 0 1 1 0 0 1 3 1 1 0 1 1 0 0 1 0 1 0 0 0 0 1 0 1 1 1 0 1 0 0 
0 1 0 1 1 1 0 1 1 0 1 1 0 1 0 0 1 0 0 1 1 1 0 1 1 1 0 0 1 1 0 0 1 0 1 0 1 0 0 1 0 0 0 0 0 1 0 1 0 0 1 1 
0 1 0 0 0 0 0 1 0 0 0 1 0 0 1 1 1 1 0 1 3 1 0 0 0 1 0 0 1 0 1 0 0 0 0 1 0 0 0 1 1 0 0 0 0 0 1 0 1 1 0 1 
1 0 1 1 1 1 0 0 1 0 0 1 0 0 1 1 0 0 0 1 0 0 0 0 0 0 1 1 2 0 0 0 0 0 1 0 0 1 0 1 0 0 1 0 0 0 1 0 0 0 1 1 
0 0 1 1 2 0 0 0 1 1 1 0 0 0 0 1 1 1 1 0 2 0 1 1 1 0 0 0 1 1 1 1 1 1 0 1 1 1 1 0 0 0 1 1 1 1 1 0 1 0 0 0 
1 0 0 0 2 1 1 0 0 0 0 0 1 1 1 0 0 1 1 0 2 1 1 0 0 1 1 0 3 0 1 0 0 0 0 0 0 0 0 0 0 0 0 0 0 0 1 0 0 0 1 1 
1 1 1 0 1 0 0 0 0 0 0 1 1 0 0 0 1 0 0 0 0 1 1 0 1 1 1 0 0 0 0 1 1 0 0 0 0 0 1 0 1 0 0 0 0 1 0 0 1 0 1 1 
0 0 1 0 2 1 1 1 0 1 0 0 0 0 1 0 1 1 1 1 3 0 0 1 1 0 1 1 0 1 0 1 1 1 1 0 1 1 0 1 0 1 0 0 0 0 1 1 0 0 1 1 
1 1 1 1 0 1 0 0 1 1 1 1 1 0 0 0 1 0 1 1 2 1 1 0 0 1 0 1 0 0 0 0 0 1 0 1 0 1 1 1 1 0 0 1 1 1 0 1 0 1 0 1 
1 0 1 1 1 0 1 0 0 1 0 1 0 1 0 0 0 0 1 1 3 0 1 1 0 1 1 1 3 1 0 0 0 0 1 1 1 0 1 0 1 0 1 1 1 1 0 0 1 0 0 0 
1 0 0 1 0 0 0 0 0 0 1 0 1 1 1 1 0 0 0 0 1 1 0 0 0 0 1 0 0 0 1 0 1 1 1 1 1 0 1 0 1 1 1 0 0 1 1 1 0 1 0 0 

# Size = 16 | Time = 2730 ms
0 0 1 0 0 0 1 1 1 1 1 1 1 1 0 0 1 0 0 0 1 1 1 1 0 0 0 1 2 1 0 1 0 1 1 0 1 0 0 1 1 0 1 1 1 1 0 1 0 1 0 0 
0 0 0 1 2 1 1 1 0 0 1 0 1 1 1 0 0 1 1 0 3 1 1 0 0 0 1 1 0 0 0 1 0 0 0 1 1 1 1 1 0 0 1 0 0 0 0 0 1 0 1 1 
1 1 1 1 1 1 0 1 0 1 1 0 0 1 0 1 0 1 1 0 2 1 0 1 1 1 0 0 2 1 0 1 0 0 1 1 1 0 0 1 1 1 1 1 0 0 1 0 1 1 1 1 
0 0 1 1 2 0 0 0 1 1 1 0 1 1 1 1 0 0 0 0 3 0 0 1 1 1 0 1 2 0 1 0 1 0 0 1 1 0 1 0 0 1 0 0 0 1 1 0 1 1 0 0 
1 0 0 0 1 0 1 1 0 1 0 1 1 0 0 1 1 1 0 1 1 0 0 1 1 1 0 0 0 0 0 0 0 0 0 0 0 0 0 0 1 1 1 1 1 1 1 0 0 0 0 0 
1 0 0 1 0 1 0 0 0 0 0 0 1 0 1 1 0 0 1 1 0 1 0 0 1 1 1 1 2 1 0 1 1 0 0 0 0 1 0 1 1 1 0 1 1 0 1 1 0 0 1 1 
1 1 1 0 0 1 0 0 1 0 1 1 0 0 1 0 0 0 0 0 0 0 0 1 0 1 1 0 0 1 1 1 1 1 1 0 0 0 1 0 0 0 0 0 0 1 0 1 0 1 1 1 
0 1 0 0 1 0 0 1 1 0 0 0 0 0 1 1 1 0 1 1 1 1 1 1 1 0 1 1 3 0 1 1 0 0 0 1 0 1 0 1 1 0 0 1 1 0 1 0 1 0 1 1 
0 1 1 0 1 0 0 1 0 1 0 1 1 0 1 0 1 0 0 1 3 0 1 0 0 1 1 0 1 1 1 0 0 0 0 1 1 0 1 0 0 1 1 1 1 0 0 1 0 1 0 1 
0 0 1 1 2 0 1 0 1 0 0 1 1 0 1 1 0 0 1 1 2 1 1 1 1 1 1 0 0 1 0 0 0 1 1 1 0 1 1 0 0 0 1 1 1 0 1 0 0 0 0 1 
0 0 1 0 2 1 0 0 1 1 0 1 0 1 1 0 0 1 0 1 2 1 0 0 0 0 1 0 3 0 1 0 1 0 0 0 1 0 0 1 0 1 0 0 0 0 0 1 0 0 1 1 
1 0 1 1 2 1 1 0 1 0 1 0 0 1 0 1 0 0 1 1 1 1 0 0 0 0 1 1 1 0 0 1 1 1 1 0 0 0 1 1 0 1 0 0 0 0 1 0 1 1 1 1 
1 0 0 0 0 1 0 0 1 0 1 1 0 1 0 0 1 0 0 0 2 0 1 1 0 0 1 1 1 1 0 0 1 1 1 1 1 1 1 0 0 1 0 1 0 1 0 0 1 1 1 0 
1 1 0 1 0 1 0 1 0 0 0 1 0 1 0 0 1 1 1 0 3 0 1 1 1 1 0 1 3 0 0 1 1 1 1 0 0 1 0 1 1 1 0 0 0 1 1 0 0 1 0 0 
0 0 1 0 1 1 1 0 0 1 1 0 1 0 0 1 1 1 0 0 0 0 1 1 0 0 1 1 3 1 0 1 1 1 0 1 1 0 1 0 1 1 1 0 0 0 1 0 1 1 1 1 
0 1 1 0 2 0 1 1 0 1 0 0 0 1 0 0 1 1 1 1 0 1 1 0 1 0 0 0 1 0 1 0 0 1 0 1 1 1 0 0 1 0 0 1 1 1 0 0 1 0 0 0 

# Size = 16 | Time = 2908 ms
1 1 0 0 1 1 0 1 0 0 0 1 1 0 0 1 0 0 0 0 3 1 1 0 0 1 0 1 3 1 1 0 1 1 1 0 0 0 0 0 0 1 1 0 0 0 1 1 0 0 0 1 
0 1 1 0 0 1 1 0 1 1 1 0 1 0 1 0 0 0 0 0 1 1 1 1 1 1 0 1 2 0 0 1 1 0 1 0 1 1 0 1 1 1 1 0 0 1 1 1 0 1 1 0 
0 0 1 1 2 0 1 1 1 1 1 0 0 0 0 0 1 0 1 1 3 1 1 1 0 0 1 1 1 0 0 1 1 0 0 1 0 0 0 0 1 0 1 0 0 0 1 0 1 1 0 1 
1 1 1 0 1 1 0 0 1 1 0 1 0 0 0 1 1 1 1 1 0 0 0 1 0 0 0 1 0 0 1 1 1 0 0 1 0 1 0 1 0 0 1 1 1 1 1 1 0 1 1 0 
1 0 1 1 0 0 1 0 1 0 0 1 1 1 1 0 0 0 1 1 0 1 0 0 1 1 0 0 3 1 0 1 0 1 0 0 0 0 1 0 1 0 0 1 0 1 0 0 1 1 0 0 
1 1 1 1 1 0 1 0 0 1 1 1 1 1 1 0 1 1 1 0 1 1 1 0 0 1 1 0 0 1 1 1 1 1 1 0 0 0 1 1 0 1 0 0 0 1 0 0 1 0 0 1 
1 0 0 1 1 1 1 0 1 1 0 0 0 1 1 0 0 0 1 0 3 1 1 1 1 0 0 0 2 0 1 1 1 1 1 1 1 0 0 1 1 0 0 1 1 1 0 0 0 0 1 0 
0 0 0 0 2 0 0 1 1 0 1 1 1 0 0 0 0 0 1 0 2 0 0 1 1 1 1 1 0 1 1 1 0 0 0 1 0 0 1 1 1 0 1 0 0 0 0 0 1 0 1 1 
0 1 0 0 2 0 0 0 0 0 0 0 0 0 1 0 1 0 0 0 1 0 0 0 0 0 1 0 3 1 0 0 0 0 0 1 1 1 1 0 0 0 1 1 1 0 0 1 0 1 0 1 
1 1 1 1 2 0 1 0 0 0 1 0 1 0 0 1 0 1 1 1 0 1 0 1 1 0 1 1 2 1 0 1 0 0 0 0 1 1 1 1 1 1 0 1 1 0 1 0 1 0 0 1 
0 0 0 0 2 1 1 1 0 0 0 1 0 1 1 0 0 0 0 0 0 1 1 0 1 0 0 1 1 1 0 0 0 1 1 0 0 1 0 1 1 1 0 0 0 1 0 0 1 0 0 0 
0 0 0 1 0 0 0 1 0 1 0 1 1 1 0 1 0 0 0 1 1 0 0 0 0 1 1 0 1 0 0 1 0 1 1 1 1 0 0 1 0 1 0 1 1 0 1 1 0 0 1 1 
0 0 1 0 0 0 1 0 1 1 0 0 0 1 0 1 0 1 0 0 3 0 0 0 0 1 1 0 0 1 0 0 0 1 1 0 1 1 1 0 1 0 0 0 0 1 1 1 0 0 1 1 
1 1 0 1 1 0 1 0 1 0 0 0 0 1 1 1 1 1 1 1 2 1 1 0 1 0 1 0 1 0 1 1 1 1 1 0 0 1 1 0 0 0 1 1 0 0 1 1 0 0 1 1 
0 0 1 1 0 1 0 1 0 1 1 1 0 1 0 1 1 0 1 1 2 0 1 0 0 0 1 0 2 1 1 0 0 0 1 1 0 0 1 0 0 0 1 0 0 1 1 0 0 1 0 0 
0 0 0 0 1 1 1 1 0 1 1 1 0 1 1 0 0 1 0 1 2 0 1 1 0 1 0 0 3 0 0 0 0 0 1 0 1 1 0 1 1 1 0 1 1 0 1 1 0 0 1 1 

# Size = 16 | Time = 2835 ms
1 0 1 1 2 0 1 1 1 1 0 1 0 0 1 1 0 0 0 0 2 0 1 0 1 0 1 1 2 1 0 1 0 0 1 1 1 1 0 0 0 0 0 0 0 1 1 0 1 0 1 1 
0 0 1 0 1 1 0 0 0 1 0 1 1 0 1 0 1 1 0 0 1 1 0 0 0 1 1 0 0 0 1 1 1 0 1 1 1 0 0 1 0 1 0 1 1 1 0 0 1 1 0 1 
1 1 0 0 0 1 1 0 1 0 1 0 1 1 0 0 0 1 1 1 2 1 1 0 0 0 1 0 0 0 0 0 0 0 0 0 1 0 0 1 1 0 1 0 0 0 0 1 0 0 0 1 
1 0 1 1 1 0 0 1 1 1 1 0 1 1 0 1 1 0 0 1 3 1 0 1 1 1 0 0 0 1 0 0 1 0 0 1 0 0 0 1 1 0 1 1 1 1 1 1 0 1 0 0 
1 0 0 1 0 0 1 0 0 1 1 0 0 0 0 0 0 0 1 1 0 1 1 0 0 1 0 1 3 0 0 0 0 1 1 0 1 0 1 0 0 1 0 0 0 1 0 1 0 1 0 0 
1 1 1 1 1 1 1 1 0 0 0 0 0 0 1 1 0 0 0 0 3 1 1 1 1 0 1 1 1 1 1 0 0 1 0 0 1 0 1 0 1 1 0 0 0 0 1 1 0 1 1 1 
0 0 1 1 0 1 1 0 1 0 1 0 0 1 0 1 1 1 1 1 1 1 1 0 1 1 1 0 2 1 1 0 1 1 0 0 0 0 1 1 1 1 1 0 0 0 1 1 0 0 1 1 
0 0 1 0 2 0 1 1 1 1 1 0 1 1 0 0 0 1 0 1 0 0 0 0 1 0 0 0 1 1 0 1 1 0 1 1 1 1 0 0 0 0 0 1 1 1 0 0 1 0 0 1 
1 1 0 0 1 1 0 1 0 0 0 0 1 1 1 0 1 1 0 0 0 0 0 1 0 0 1 1 2 0 0 1 0 0 0 1 0 1 1 1 0 1 1 1 1 0 1 0 1 0 1 1 
1 1 0 1 0 0 0 0 0 1 0 1 1 1 1 0 1 0 0 0 2 1 1 1 0 1 0 1 1 0 0 1 1 1 1 0 0 1 1 1 0 1 0 1 1 1 1 1 0 0 0 0 
0 0 0 1 2 0 0 0 1 1 1 1 0 0 0 1 1 1 0 1 3 0 1 1 1 0 1 0 3 0 0 1 0 1 1 0 0 1 0 1 0 1 0 1 1 0 1 1 0 0 1 1 
1 1 1 1 2 1 0 1 0 1 0 0 1 0 0 1 0 0 1 0 1 1 1 0 1 1 1 1 3 1 0 1 1 0 0 1 0 0 1 1 1 0 0 1 1 1 1 0 1 0 1 0 
0 1 1 0 2 1 0 1 0 0 0 1 0 0 0 1 1 1 1 1 0 0 1 1 0 0 0 1 0 0 1 0 1 1 1 0 0 1 1 0 1 1 1 1 0 1 1 0 1 1 1 0 
0 0 0 0 1 1 0 0 1 0 0 0 0 1 1 0 0 1 1 0 2 0 0 1 0 0 1 0 3 1 1 1 1 0 0 0 1 0 0 0 1 0 1 1 0 1 0 0 0 1 1 1 
0 0 0 0 0 1 0 0 1 0 0 0 1 0 1 0 0 1 1 1 3 0 0 0 0 1 0 1 2 1 0 1 1 0 0 1 0 0 0 1 1 1 1 1 0 1 0 0 1 1 0 0 
0 1 0 0 0 0 0 1 1 0 1 1 0 0 1 0 0 0 1 0 1 0 0 1 1 0 0 0 1 0 1 1 0 1 0 1 0 1 0 0 0 0 1 0 0 0 1 1 0 0 0 1 

# Size = 16 | Time = 2507 ms
0 1 1 0 1 1 0 0 0 0 0 1 0 0 0 1 1 1 0 0 2 0 0 1 0 0 0 1 0 0 0 1 1 0 1 0 0 0 0 1 0 0 0 1 1 1 1 1 0 1 1 0 
0 1 0 1 0 1 0 1 0 1 1 1 0 0 0 0 1 0 0 1 2 1 0 0 1 1 1 1 2 1 0 1 0 1 0 1 1 1 1 1 0 1 1 0 0 1 0 1 0 0 0 0 
1 0 1 0 1 1 0 0 1 0 1 0 0 1 1 1 0 0 1 0 3 0 1 1 1 0 1 1 3 0 0 1 1 0 0 0 0 1 1 0 0 0 1 0 0 0 1 0 1 1 0 1 
0 0 0 0 2 0 1 0 0 0 1 0 0 0 0 0 1 0 0 0 1 0 1 0 1 1 1 1 2 0 0 1 1 1 0 1 0 1 1 0 0 0 1 1 1 1 1 0 1 1 0 0 
0 0 0 1 0 0 0 0 1 1 1 1 0 1 0 0 1 1 0 1 3 1 0 1 0 0 0 1 1 1 0 0 0 1 1 0 1 1 1 1 1 1 0 1 0 0 0 0 1 0 1 1 
1 1 0 1 2 0 1 1 1 1 1 0 1 1 1 0 0 1 1 0 3 1 1 1 1 1 1 0 0 1 0 0 1 1 0 1 1 0 0 0 1 0 0 0 0 1 0 1 0 0 1 0 
0 0 1 0 1 1 1 0 0 0 0 0 1 0 0 0 0 0 0 1 3 0 1 0 0 1 1 1 2 1 1 1 0 1 1 0 1 0 0 1 1 1 1 1 1 1 0 1 0 0 1 1 
0 1 0 1 2 1 1 1 1 1 0 0 0 1 1 1 0 1 1 0 2 1 0 0 0 0 1 0 3 0 1 0 0 1 1 0 0 0 1 0 0 1 1 1 1 1 1 0 1 0 1 0 
1 0 1 0 2 1 0 1 1 1 0 1 1 1 1 1 1 1 1 1 0 0 0 1 0 0 0 0 2 0 1 0 0 0 0 1 0 1 0 1 0 1 0 0 0 0 1 1 0 1 1 1 
0 1 1 0 0 1 1 1 0 0 1 1 1 1 1 0 0 1 0 0 0 1 0 0 0 1 0 0 0 0 1 0 0 1 0 0 0 1 0 0 1 1 1 0 0 0 0 0 1 0 0 1 
1 0 0 0 1 0 1 1 1 1 0 0 0 0 1 0 1 0 1 1 1 1 1 1 0 0 0 0 0 0 0 0 1 0 1 1 0 1 1 0 1 0 1 0 0 1 0 1 0 1 0 1 
1 0 1 0 2 0 0 1 0 0 1 0 1 0 0 1 0 0 0 1 2 1 1 1 1 1 0 0 1 1 1 0 1 1 1 1 0 0 0 0 1 0 0 1 1 0 1 0 0 1 0 1 
1 1 1 1 1 0 1 0 0 0 0 1 1 1 0 0 0 0 1 0 0 0 0 0 0 1 1 0 1 0 0 1 1 1 1 1 1 0 1 1 0 1 1 0 0 1 1 1 0 1 0 0 
1 0 1 1 1 0 0 0 0 1 0 1 1 1 0 0 1 1 0 1 1 0 1 1 0 1 0 0 3 1 0 1 0 0 1 0 1 0 1 0 1 1 0 0 0 0 0 0 0 0 0 1 
0 1 1 0 0 1 1 0 1 0 0 0 1 1 1 1 0 0 0 1 1 1 0 0 0 1 0 0 1 1 1 0 1 0 0 0 1 0 0 1 1 0 1 1 0 1 1 1 0 1 1 0 
1 1 0 1 0 1 0 0 1 0 0 0 0 0 0 1 1 0 1 1 0 0 1 0 1 1 1 1 3 1 0 1 0 0 1 1 1 0 0 1 1 0 0 1 1 0 1 1 0 1 1 1 

# Size = 16 | Time = 2555 ms
0 1 1 0 1 1 1 0 0 1 1 0 0 0 1 1 1 0 1 0 2 0 1 0 1 0 0 1 0 1 1 1 0 1 0 0 1 1 0 1 0 0 1 0 0 1 1 0 1 1 1 1 
1 1 0 1 2 1 1 1 1 0 1 1 0 1 1 1 0 1 0 0 0 1 1 1 0 1 1 1 2 0 0 0 0 1 1 1 0 0 1 0 0 0 1 1 0 1 1 1 0 1 0 1 
1 0 0 0 0 1 0 1 0 1 0 0 1 1 1 1 1 0 1 1 0 1 1 0 1 0 0 1 3 1 0 0 0 1 1 1 1 1 0 1 1 1 0 1 1 0 1 0 1 0 1 1 
0 1 0 1 0 0 1 0 1 0 1 1 0 0 0 0 0 1 1 1 0 1 0 0 1 0 1 0 0 1 1 0 1 0 1 0 0 0 1 0 1 1 0 1 0 1 0 1 0 0 0 1 
1 0 1 0 1 1 0 0 1 0 0 1 1 1 0 0 0 1 1 0 2 0 0 1 1 1 0 0 3 0 0 1 1 1 0 1 1 1 1 0 1 1 1 0 0 1 0 1 0 0 0 0 
1 1 0 0 0 0 1 1 0 0 1 1 0 1 0 0 0 0 0 1 3 1 0 1 1 0 1 1 1 0 1 1 1 0 0 1 1 0 0 1 0 0 1 0 0 1 0 0 1 1 0 0 
0 0 1 1 1 1 1 1 0 1 1 0 0 1 0 1 1 1 1 0 0 0 1 0 0 1 0 0 1 0 1 1 0 0 0 0 0 0 0 0 1 1 0 0 0 1 1 1 0 1 0 0 
1 1 0 1 1 1 0 0 0 0 1 0 1 0 1 0 1 0 1 1 1 1 1 1 1 1 0 1 1 1 1 0 1 1 1 0 0 1 1 0 0 1 0 0 0 0 0 0 1 0 0 1 
0 0 0 1 2 1 1 0 1 1 0 1 1 0 1 0 0 1 0 0 2 0 0 1 0 0 0 1 1 1 0 1 1 0 1 1 1 0 1 1 0 0 1 1 1 1 0 1 0 0 1 0 
0 0 0 0 1 0 0 0 0 1 0 0 0 0 1 1 1 0 0 0 3 0 1 1 1 1 1 0 2 1 0 1 1 0 1 0 1 1 0 1 0 1 0 1 1 0 1 0 0 1 0 1 
1 1 0 0 2 0 0 0 1 1 1 0 1 0 0 1 0 1 0 0 1 0 1 1 1 1 0 0 3 1 1 0 0 0 0 0 0 0 0 0 1 0 1 1 1 0 1 0 1 1 0 1 
1 0 0 0 2 0 0 0 0 1 0 0 0 1 0 0 1 0 1 0 1 1 0 0 0 0 0 0 2 0 1 1 0 1 0 1 1 1 1 0 1 1 0 0 0 1 0 0 1 0 1 0 
1 0 1 1 2 1 0 1 1 0 1 0 1 1 0 0 0 0 1 0 3 0 0 0 0 0 0 1 0 0 0 0 0 1 0 1 0 0 1 1 1 1 0 1 0 1 0 1 0 0 1 0 
0 1 0 1 2 1 1 1 0 1 0 1 0 0 1 0 0 1 0 1 3 0 1 0 0 0 1 1 3 1 1 1 0 0 0 1 0 0 1 0 0 0 1 0 0 0 1 0 0 1 0 1 
0 0 1 0 0 0 1 1 1 0 0 1 1 0 1 0 1 0 0 0 1 0 1 1 0 1 1 1 0 0 0 0 1 1 1 0 1 0 1 1 1 1 1 1 1 0 1 1 0 0 0 1 
0 0 1 0 0 0 1 1 1 0 0 0 1 0 0 1 1 1 1 1 2 1 0 1 0 1 1 0 2 0 0 0 1 1 1 1 0 0 1 1 0 0 0 0 0 0 1 1 0 0 1 1 

# Size = 16 | Time = 2716 ms
0 1 1 1 0 0 1 1 1 1 1 0 1 0 1 0 0 0 0 1 2 1 1 0 1 1 0 1 2 0 0 0 1 0 1 1 1 0 1 0 0 1 0 1 1 0 1 1 0 0 1 1 
1 0 0 1 0 1 0 0 0 1 1 0 0 1 0 1 1 1 0 0 1 1 0 1 0 0 0 1 3 1 0 0 0 1 1 1 0 0 0 1 0 1 1 0 0 1 1 0 1 1 0 0 
0 0 0 1 0 0 1 0 0 0 0 0 0 1 0 0 1 0 0 0 3 0 1 0 1 1 1 0 1 1 1 0 0 0 0 0 1 1 1 0 1 0 0 1 1 0 0 0 1 1 0 1 
0 0 0 0 2 0 0 0 1 0 0 1 1 1 0 1 0 0 0 1 2 0 1 0 1 1 1 0 0 1 1 0 1 1 1 1 0 1 1 0 0 0 1 1 1 1 1 0 0 1 0 0 
1 1 1 1 1 0 0 1 1 0 0 0 0 0 0 0 0 1 1 0 2 1 0 1 1 1 1 1 3 0 0 0 0 1 0 1 1 0 0 0 1 0 1 0 0 1 0 0 1 0 1 1 
1 1 0 0 2 1 1 1 1 0 0 1 1 1 1 0 0 1 0 0 3 0 1 0 0 0 0 1 3 1 1 0 1 1 1 0 0 1 1 1 1 0 1 1 1 0 0 1 0 0 1 1 
0 1 0 1 2 1 0 0 1 0 1 1 1 1 1 0 1 0 1 1 0 1 1 0 0 0 1 1 2 1 1 1 0 1 0 0 1 1 1 1 0 0 1 0 0 1 0 0 1 1 1 1 
0 0 1 1 1 1 1 1 0 1 0 0 1 1 1 1 1 1 1 0 2 1 0 1 0 0 1 0 1 0 1 1 1 1 1 0 0 1 0 1 1 1 0 0 0 1 1 1 0 0 1 0 
1 1 0 1 1 0 0 1 1 0 1 0 0 0 0 0 1 1 1 1 1 1 0 0 1 0 0 0 0 1 1 0 0 1 0 0 1 1 1 0 1 0 0 1 1 0 0 0 1 0 0 1 
0 0 1 0 1 1 0 1 0 1 1 0 0 0 1 0 1 0 0 1 0 0 0 0 1 1 1 0 3 0 0 1 1 0 1 1 1 0 1 0 0 1 0 0 0 0 0 0 0 1 0 1 
0 1 1 0 2 0 0 0 1 1 1 1 0 0 1 1 0 0 0 1 1 0 1 1 1 1 1 1 1 0 0 0 1 1 1 0 1 1 1 1 0 1 0 0 0 0 1 1 0 0 1 1 
1 1 1 0 2 1 1 1 0 1 1 1 1 0 1 0 1 1 0 1 3 1 0 1 0 1 0 1 0 0 0 1 0 1 0 1 1 0 0 0 0 1 0 0 0 1 0 1 0 1 1 0 
1 1 1 0 0 1 1 1 0 0 0 1 0 0 0 1 0 1 1 0 0 1 0 1 1 0 1 0 0 1 1 1 1 0 1 0 0 0 0 1 1 1 1 1 1 1 1 0 1 0 0 0 
1 1 0 1 1 1 0 0 1 1 1 1 0 1 0 1 1 1 1 0 3 0 1 0 1 0 0 0 2 0 1 1 1 0 0 0 0 0 0 0 0 0 0 1 0 0 1 1 0 0 0 1 
1 0 0 0 2 0 1 0 0 1 0 0 1 0 1 1 1 0 0 1 1 0 0 1 1 1 1 0 2 1 1 1 1 0 0 1 1 1 0 0 1 0 0 1 0 1 1 1 0 1 0 0 
1 0 1 1 2 0 1 1 0 0 1 1 1 1 0 0 0 0 0 1 0 0 0 0 0 0 0 1 1 0 1 0 0 0 1 1 1 0 1 1 1 0 1 1 1 0 1 1 0 0 1 1 

# Size = 16 | Time = 2650 ms
1 0 1 0 2 1 1 0 1 1 1 1 1 0 1 0 0 0 0 0 0 0 1 0 1 1 1 1 0 1 0 0 1 1 1 0 1 0 0 1 0 1 1 1 1 0 0 0 1 1 0 1 
0 1 0 0 0 0 1 1 0 1 0 0 1 1 0 1 0 0 1 0 2 0 0 0 0 1 0 0 0 0 0 1 1 0 0 0 0 0 0 1 1 0 0 0 0 1 1 1 0 0 0 0 
1 1 1 0 1 0 0 1 1 0 0 1 0 1 1 1 1 1 0 1 3 0 1 1 1 0 1 0 0 1 0 1 1 1 0 1 1 1 1 0 1 0 0 1 1 0 1 1 0 0 1 1 
0 0 1 1 1 0 0 0 0 1 0 1 1 1 1 0 0 0 1 1 2 1 0 0 0 0 0 1 2 0 1 1 1 1 1 1 0 1 1 0 1 1 1 1 1 0 0 0 1 1 0 1 
0 1 1 1 1 0 0 0 0 1 1 1 1 0 0 0 0 1 1 0 3 0 1 0 1 1 0 0 3 0 1 0 0 0 1 0 1 0 1 1 1 1 1 0 0 0 1 0 1 0 0 1 
1 1 0 0 1 1 1 0 0 0 1 1 0 0 1 0 0 0 0 1 1 0 0 0 0 0 0 1 2 1 1 0 0 0 0 1 1 0 0 0 0 0 0 0 0 1 0 0 1 1 1 1 
1 0 0 1 1 0 1 1 0 1 0 0 1 0 1 1 1 1 0 1 0 0 0 0 0 0 1 1 1 1 1 0 0 1 0 1 1 0 0 1 0 1 1 0 0 1 1 0 0 1 0 0 
1 0 1 1 0 1 1 1 0 1 0 0 0 1 0 0 0 1 1 1 0 1 0 1 1 0 0 1 3 0 1 1 1 0 0 1 1 0 1 0 1 0 0 1 1 1 0 1 0 1 1 0 
1 0 0 1 0 1 0 0 1 0 0 0 1 1 1 1 1 0 0 1 3 0 1 1 0 1 0 1 2 1 1 1 1 1 0 0 0 0 1 0 1 0 1 0 0 1 1 1 0 1 1 0 
0 1 0 1 2 0 0 1 0 0 1 1 1 1 0 0 1 1 0 0 0 1 0 1 1 0 1 0 2 0 0 0 0 0 0 1 0 1 1 1 0 0 0 1 1 1 0 0 1 0 1 0 
0 1 0 1 0 1 0 0 1 1 1 1 0 0 0 0 1 0 1 0 2 0 0 0 1 1 1 1 3 1 1 0 1 1 1 1 0 1 0 0 0 0 0 1 0 1 0 1 0 1 1 1 
0 0 0 0 2 1 0 0 1 0 0 1 0 0 1 1 1 1 0 0 1 0 0 1 0 0 0 0 3 0 0 1 1 1 1 0 1 0 0 1 0 0 1 0 0 1 1 1 0 0 0 0 
1 0 1 0 0 0 0 1 1 1 1 0 1 1 1 1 0 0 1 0 1 1 0 0 0 1 0 1 1 1 0 1 0 1 1 0 1 1 1 1 1 1 0 1 1 0 1 0 1 0 1 1 
0 0 0 1 2 0 0 1 0 0 1 0 0 1 0 0 0 1 1 1 1 1 1 1 1 1 1 0 0 1 1 0 0 0 1 1 0 0 0 0 1 1 0 0 0 1 0 1 0 0 1 0 
0 1 0 0 2 1 1 1 1 1 0 1 1 1 0 0 1 1 0 1 3 1 0 1 1 0 0 0 1 0 1 0 1 0 0 1 0 1 0 0 0 1 1 0 0 0 0 1 0 0 0 1 
1 0 0 0 2 0 1 0 1 0 1 1 0 0 0 0 1 1 0 0 2 1 1 1 0 0 0 0 1 0 1 0 0 0 0 0 1 1 0 0 1 0 1 1 0 1 0 1 0 1 0 1 

# Size = 16 | Time = 2703 ms
1 0 0 0 2 1 1 1 0 1 0 1 0 1 1 0 0 1 1 1 1 1 1 1 0 0 1 1 1 1 0 1 1 0 1 0 1 0 1 1 0 0 1 0 0 1 0 1 0 0 0 1 
0 1 1 1 2 0 1 1 0 0 0 0 1 1 0 1 0 0 0 1 2 0 0 0 1 1 1 0 1 1 1 0 0 0 1 0 0 0 1 1 1 0 0 0 0 0 1 0 1 0 0 1 
1 0 0 1 2 1 0 1 1 1 1 1 1 1 0 0 1 0 1 0 3 1 0 0 1 0 0 1 2 0 0 1 0 1 0 1 0 1 0 0 0 1 1 1 0 0 0 1 0 0 1 1 
0 0 0 0 2 0 0 0 1 1 1 0 1 0 1 1 1 0 0 0 1 0 1 0 1 0 1 1 3 0 0 1 0 1 0 1 1 0 1 0 0 0 1 0 0 1 1 1 0 1 0 0 
1 1 0 0 1 0 1 0 0 1 0 1 0 0 0 0 0 0 1 0 1 1 0 1 1 1 0 0 2 1 1 0 1 1 1 0 0 0 0 1 1 1 0 1 1 1 1 0 0 0 0 0 
1 0 0 1 2 1 1 1 1 1 1 0 0 0 0 1 0 0 1 1 0 1 1 0 1 1 1 0 2 0 0 0 0 0 1 0 1 1 0 0 1 0 1 1 1 1 1 1 0 0 1 0 
1 0 1 0 0 0 0 0 1 1 1 1 1 1 0 1 1 1 1 1 0 0 0 1 0 0 1 0 3 1 1 1 1 0 1 1 1 1 0 1 1 0 0 0 0 0 1 0 1 0 0 1 
0 1 1 0 1 1 0 0 1 1 0 1 0 0 0 1 1 1 1 0 2 0 0 0 0 1 0 0 3 0 0 1 1 0 0 1 0 0 0 0 0 1 0 1 1 0 1 1 0 1 1 1 
1 1 0 1 1 0 1 1 0 0 0 0 0 0 1 0 0 1 0 0 3 1 1 0 0 1 1 0 3 0 0 0 0 0 1 0 1 0 0 1 0 0 0 0 0 1 0 0 1 1 0 1 
1 1 1 1 0 0 0 0 0 0 1 0 1 0 1 0 1 0 1 0 1 0 0 0 1 1 0 1 0 1 1 1 1 1 1 0 1 1 0 0 0 1 0 0 0 0 1 0 1 0 1 1 
0 1 1 0 1 1 0 0 0 0 1 0 0 1 1 0 1 1 0 0 0 1 0 1 0 0 0 1 1 1 1 0 0 1 0 1 0 1 0 0 1 1 1 1 1 0 0 1 0 1 1 1 
0 0 1 1 0 1 1 0 0 0 1 1 0 1 1 0 0 1 0 0 2 0 1 0 0 0 0 0 2 0 0 0 1 1 1 0 1 1 1 0 1 0 1 0 0 1 1 0 1 1 1 0 
0 1 1 1 0 0 1 0 1 0 0 0 1 0 1 0 1 0 0 1 3 0 0 1 1 0 1 0 1 0 1 1 0 1 0 1 1 1 0 0 0 0 1 1 1 1 0 1 0 0 0 0 
0 0 0 0 1 0 0 0 1 0 0 1 1 0 1 1 0 0 0 1 3 1 1 0 0 0 0 0 0 1 0 0 1 1 0 1 0 0 1 1 1 0 1 0 0 1 1 1 0 1 0 1 
1 1 0 1 2 1 0 1 1 1 0 0 0 1 0 0 0 1 0 0 2 1 1 1 1 1 1 1 0 0 1 1 0 0 0 0 1 1 1 1 0 1 1 1 1 0 0 0 1 1 1 1 
1 0 0 1 0 0 1 1 0 1 0 0 1 0 0 1 1 1 0 1 0 1 0 0 1 1 1 1 0 1 0 0 1 1 1 0 0 0 1 0 0 1 0 1 1 1 1 0 1 0 1 0 

# Size = 16 | Time = 2862 ms
1 0 0 0 0 1 0 1 1 1 1 1 0 0 1 1 1 0 1 1 2 1 0 1 1 0 0 1 1 0 1 1 0 1 0 1 1 0 1 1 1 0 1 1 1 0 1 1 0 1 1 1 
0 1 1 1 2 0 1 0 1 1 0 0 1 0 1 0 1 0 0 1 2 1 1 0 0 1 1 0 3 0 0 0 1 0 0 0 1 1 1 0 0 1 1 0 0 0 1 0 0 1 0 1 
0 1 0 1 2 0 0 0 0 0 0 1 0 1 0 1 0 1 0 0 2 1 0 0 0 1 1 1 2 0 1 1 0 0 1 1 0 0 1 0 0 1 0 0 0 1 1 0 1 0 1 0 
1 1 0 0 1 0 1 1 0 0 1 1 1 1 0 0 1 0 0 0 3 1 0 0 1 0 0 1 3 0 1 0 0 1 0 1 1 1 1 0 1 0 0 1 1 1 0 0 1 1 0 0 
1 0 0 1 0 1 0 0 1 1 1 0 0 1 0 1 0 1 1 0 0 0 1 0 1 1 1 0 3 0 1 0 1 0 0 1 1 1 0 1 0 1 0 0 0 1 1 0 0 0 1 0 
1 1 1 0 2 0 0 1 0 0 1 0 0 0 0 1 1 1 0 0 1 0 1 0 0 0 0 1 1 0 0 1 0 1 1 1 1 1 0 1 1 1 0 0 0 1 1 0 0 1 0 0 
1 0 0 1 1 1 1 0 0 1 1 1 0 0 0 0 0 0 0 0 1 1 1 0 0 1 0 0 2 1 1 0 0 1 0 0 0 1 1 1 0 0 0 1 1 1 0 1 0 1 0 0 
0 1 0 1 1 0 1 0 1 1 0 0 0 0 1 1 1 0 1 1 3 1 0 0 1 0 1 1 0 1 0 1 0 1 0 0 1 1 1 1 0 1 1 0 0 1 1 1 0 0 0 0 
0 1 0 0 1 1 0 0 1 1 1 1 0 0 0 0 0 0 1 0 2 0 0 1 1 1 0 0 0 1 1 0 1 0 1 1 0 0 0 0 1 0 0 1 0 1 0 1 0 1 1 1 
0 0 0 1 0 0 1 1 0 0 0 0 0 0 1 0 0 0 1 0 0 1 1 1 0 0 1 1 2 0 1 0 1 0 0 0 1 0 0 1 1 0 1 0 0 0 1 0 1 1 0 1 
0 0 1 0 1 1 1 1 0 1 0 0 0 0 0 0 0 1 0 1 0 0 0 0 1 1 1 1 1 1 0 1 0 0 0 1 0 0 1 0 0 0 1 0 0 0 0 0 1 0 1 1 
1 1 1 1 2 1 0 0 1 0 1 1 1 0 1 1 1 1 0 0 0 0 1 0 1 0 0 0 0 0 1 0 0 1 1 1 0 0 1 1 0 0 1 1 1 0 1 1 0 0 0 1 
1 0 0 0 0 0 1 1 0 0 0 1 1 1 1 0 0 1 1 1 1 0 1 1 0 1 0 0 0 1 0 0 0 1 1 0 0 0 1 0 1 0 0 1 0 0 1 0 1 0 1 1 
0 1 0 1 0 1 0 1 1 0 0 0 1 1 0 0 0 1 1 0 1 1 0 1 1 1 1 0 3 1 0 1 1 0 1 0 0 0 1 0 0 1 1 1 1 1 0 1 0 0 1 0 
1 0 1 1 0 1 0 0 1 1 0 1 1 1 0 0 0 1 0 1 3 0 1 1 0 1 0 0 1 0 0 0 1 0 1 0 0 0 0 1 0 1 0 1 1 0 1 1 0 0 0 1 
1 0 1 0 2 1 0 0 1 0 0 1 1 0 1 0 1 1 1 1 3 0 0 1 1 1 0 1 2 1 0 0 1 1 0 1 0 1 1 0 0 1 1 1 1 0 0 0 1 0 1 1 

# Size = 16 | Time = 3822 ms
0 0 0 1 2 1 0 0 1 0 1 0 0 0 0 0 0 0 0 1 3 1 1 0 1 0 0 0 1 1 0 1 1 0 0 1 1 1 1 1 0 0 0 1 1 0 0 1 0 1 1 1 
1 0 0 0 1 0 1 0 0 0 1 1 1 0 0 0 1 1 1 1 0 1 0 0 0 0 0 1 3 1 0 1 0 0 1 0 0 0 1 1 0 0 1 0 0 0 0 0 1 0 0 1 
1 1 1 0 2 1 0 0 1 1 0 0 1 0 0 1 1 1 0 0 2 0 0 0 0 1 1 1 3 0 1 0 1 1 1 0 1 0 0 0 1 1 0 1 1 1 1 0 1 1 0 0 
0 1 0 0 2 1 1 1 1 1 0 1 1 1 0 1 0 1 1 0 3 0 0 1 0 0 1 0 2 0 0 0 0 0 0 0 0 1 1 1 1 0 1 0 0 1 1 0 1 1 0 0 
0 1 1 0 1 0 1 1 1 0 0 0 1 0 1 0 1 0 0 1 3 0 0 1 1 1 0 0 3 0 1 1 0 0 1 0 0 0 1 0 0 1 1 1 0 1 1 1 0 0 1 1 
0 1 1 0 2 0 0 0 0 1 1 0 0 1 1 1 0 0 1 1 1 1 1 0 1 1 1 0 0 0 0 0 1 1 1 0 0 1 1 0 1 0 1 1 0 1 1 0 1 0 1 0 
1 1 1 0 0 0 1 1 0 1 1 0 0 0 0 0 0 0 0 0 2 1 0 1 1 1 0 1 2 1 1 1 1 1 0 0 0 1 0 1 1 0 0 0 0 0 0 1 0 0 1 1 
0 0 1 0 0 0 1 1 0 0 0 1 1 1 1 0 0 0 1 0 2 1 1 1 1 0 1 1 1 0 0 1 0 1 1 0 0 0 1 1 1 1 1 1 1 1 0 1 0 0 0 0 
0 0 0 1 2 0 0 0 1 1 0 1 0 1 1 0 1 1 1 1 0 0 1 1 0 0 0 1 0 1 0 0 0 0 1 0 0 0 0 1 0 0 0 0 0 1 0 1 0 1 0 0 
1 1 0 0 0 1 0 1 1 0 1 1 1 0 0 1 1 0 1 1 1 0 0 1 0 0 0 1 1 0 0 1 0 1 0 0 1 0 1 0 0 1 0 1 1 0 1 0 1 0 0 1 
0 0 1 0 1 1 1 1 0 1 0 1 0 1 1 0 1 1 0 0 0 1 0 0 0 1 0 1 1 1 1 0 0 1 0 1 1 1 0 1 1 1 1 0 0 1 0 0 1 0 1 1 
0 0 0 1 1 0 1 1 0 0 1 0 1 0 1 0 0 1 1 1 2 1 0 0 1 1 1 0 0 1 1 1 0 0 0 1 0 0 1 1 0 0 0 1 1 1 0 0 0 0 0 0 
0 1 1 1 0 1 1 0 1 1 0 0 0 1 0 0 0 0 0 0 1 0 1 0 0 0 0 1 3 0 1 1 1 0 0 1 1 1 0 1 0 0 0 1 0 0 0 1 0 0 1 1 
1 0 1 1 1 0 0 0 0 1 0 1 0 0 1 1 1 1 1 1 1 0 1 1 1 1 1 1 2 1 1 1 1 1 0 1 0 1 1 0 0 1 1 0 0 0 1 1 0 1 0 1 
1 1 1 1 0 1 1 1 0 0 0 0 1 1 0 0 0 1 0 0 3 1 1 0 1 1 0 1 0 1 0 0 0 1 0 0 1 1 0 0 1 1 0 1 0 0 0 1 0 1 1 1 
1 1 1 1 0 0 1 0 0 0 1 0 0 1 0 1 0 0 1 1 0 1 0 0 1 0 1 0 2 0 0 0 1 1 1 1 1 0 0 0 1 1 0 1 1 0 1 0 1 0 0 1 

# Size = 16 | Time = 2635 ms
1 0 0 0 1 0 1 1 0 0 0 1 1 1 1 1 1 0 0 0 3 1 1 0 1 0 1 1 0 0 1 0 1 1 1 0 0 0 0 0 0 1 0 0 0 0 1 0 1 0 1 1 
0 1 1 0 1 1 1 1 1 1 0 0 1 0 0 0 0 1 1 0 3 0 0 1 0 1 0 1 3 0 0 0 1 0 1 1 0 0 1 0 1 1 1 1 1 0 0 1 0 1 0 1 
0 0 1 0 0 1 0 1 1 0 0 1 1 0 0 1 0 0 0 1 0 1 0 0 0 0 1 1 1 1 0 1 0 0 1 1 1 0 1 0 0 1 0 0 0 0 1 0 1 1 0 1 
1 1 0 0 1 0 0 0 1 1 1 1 1 1 0 1 1 1 1 1 1 1 0 1 1 0 0 0 1 1 1 1 1 0 0 0 0 1 0 1 0 0 0 0 0 1 1 0 0 1 0 0 
1 0 1 1 0 1 0 0 0 1 0 0 0 0 1 1 0 1 0 1 2 1 1 0 1 1 0 0 2 0 1 1 1 1 1 1 0 1 0 0 0 0 0 1 1 1 1 1 0 1 1 1 
0 1 0 0 2 0 1 1 1 0 0 0 1 0 0 0 0 0 0 1 2 1 1 1 1 1 1 0 1 1 0 1 0 1 0 1 0 1 0 0 0 1 1 0 0 1 0 1 0 0 1 0 
1 1 1 1 1 0 1 0 1 0 1 1 0 1 1 0 0 1 0 1 0 0 0 1 0 0 0 0 2 0 0 0 0 0 1 0 0 0 1 1 1 1 0 0 0 1 0 1 0 0 0 0 
1 1 1 0 2 1 0 0 1 1 1 1 0 0 1 0 0 0 0 1 3 0 1 0 1 1 1 1 2 1 1 1 0 0 0 1 0 0 0 1 1 0 1 1 0 1 1 0 1 0 1 1 
1 1 0 1 0 0 0 1 0 1 0 0 0 0 1 1 0 1 0 1 0 0 1 0 0 0 1 0 3 1 1 1 0 1 0 0 0 1 0 1 1 0 1 0 0 1 1 1 0 0 1 1 
0 0 1 1 2 0 1 1 1 0 0 1 0 1 0 0 1 1 1 0 0 0 0 0 1 1 0 0 0 1 0 1 1 0 0 1 1 1 0 1 0 0 1 1 1 0 0 0 1 0 1 1 
1 0 1 1 0 1 1 0 0 1 1 0 0 1 1 0 1 0 1 0 3 0 1 1 1 0 1 0 1 0 1 0 1 1 1 1 1 1 1 0 1 1 0 1 1 1 0 1 0 0 0 0 
0 0 0 1 2 1 1 1 1 0 1 1 1 1 0 1 1 0 1 0 2 0 0 0 0 0 1 1 3 0 0 0 1 0 0 1 0 0 1 1 1 1 1 1 1 1 1 0 1 1 1 0 
0 0 1 1 1 1 0 0 0 0 0 0 0 0 1 0 0 0 1 0 1 1 1 0 1 0 1 0 3 1 1 0 0 1 0 0 1 1 1 0 0 1 0 1 1 0 1 1 0 0 0 1 
1 1 1 1 1 1 0 0 1 1 1 1 0 0 0 1 0 0 0 1 2 0 1 0 1 1 0 0 0 0 1 0 0 0 0 0 1 1 1 0 0 0 0 0 0 0 1 1 0 1 0 1 
0 0 0 0 2 1 0 1 0 1 1 1 1 1 0 0 1 1 1 0 1 0 0 0 0 1 0 0 2 0 0 0 0 1 1 0 1 0 0 0 0 1 0 1 0 0 0 1 0 0 0 1 
1 0 1 0 0 1 1 0 0 0 1 0 0 0 0 0 1 0 0 0 1 1 0 1 0 1 0 1 0 0 1 1 1 0 1 1 1 1 0 0 1 1 1 0 0 1 1 0 1 1 1 0 

