# Size = 19 | Time = 90627 ms
1 0 0 0 0 1 0 0 0 0 0 1 0 3 0 0 0 1 
0 1 0 1 1 1 1 0 0 1 0 1 1 3 2 0 2 0 
0 0 1 1 1 0 0 1 0 1 0 0 0 2 1 1 3 0 
0 0 0 0 0 1 1 1 0 1 0 0 1 0 1 0 0 1 
0 1 1 0 1 0 1 0 1 1 0 0 0 0 2 2 3 2 
0 0 1 0 1 0 1 0 0 1 1 0 1 1 3 0 3 3 
0 1 0 1 1 1 0 0 1 0 1 0 0 1 0 2 0 0 
0 1 1 0 0 1 1 0 0 1 0 1 0 3 3 1 0 2 
0 0 0 0 0 0 1 1 1 0 0 1 0 1 2 1 1 1 
1 0 0 0 0 1 0 0 0 1 1 1 1 2 0 0 3 0 
0 1 1 0 0 1 0 0 0 0 1 1 0 3 1 2 1 3 
0 1 1 1 1 0 0 1 0 1 1 1 0 2 2 3 0 3 
0 1 1 0 1 0 1 1 1 0 0 0 0 3 0 3 3 1 
0 0 1 1 1 1 0 1 0 1 1 0 0 0 0 1 2 3 
0 0 0 0 0 0 0 0 1 0 1 1 0 1 1 3 2 2 
0 0 0 1 1 1 0 1 1 0 1 1 0 2 3 2 2 1 
1 0 0 1 1 0 1 1 0 1 0 0 1 2 0 0 1 2 
1 0 0 0 1 1 1 0 1 0 0 1 1 0 0 0 2 3 
0 0 0 0 1 1 0 1 0 1 1 1 0 0 3 3 1 0 

# Size = 19 | Time = 89270 ms
0 1 1 0 0 0 0 0 1 1 0 1 0 0 3 3 2 0 
0 0 0 0 1 1 0 0 1 0 0 0 0 3 2 2 0 0 
0 0 0 0 0 1 1 1 0 1 1 1 1 1 1 0 1 0 
0 0 0 0 0 0 0 1 1 1 0 0 0 0 1 2 3 3 
1 0 0 1 1 1 0 0 1 1 1 0 1 0 0 0 2 3 
0 0 1 1 1 1 1 1 0 0 1 1 1 3 3 0 3 1 
1 0 0 1 1 1 0 1 0 1 0 0 1 3 0 0 3 1 
0 1 0 1 1 0 0 1 0 0 1 1 0 2 3 2 1 2 
1 0 0 0 0 0 1 1 0 0 1 1 1 0 0 0 0 2 
0 1 0 1 1 0 1 1 1 1 0 1 0 1 2 3 3 2 
1 0 0 0 0 0 0 1 1 1 0 0 0 2 0 0 1 0 
0 0 1 0 0 0 0 1 1 1 0 1 0 0 2 1 1 1 
0 1 1 1 1 0 1 1 0 0 1 1 1 2 2 0 2 3 
0 1 0 0 0 0 0 1 1 0 0 0 0 1 3 1 0 3 
0 1 0 0 0 0 0 0 1 0 0 1 0 3 0 3 1 3 
0 0 0 1 1 1 0 0 0 0 0 1 0 2 0 1 3 0 
0 0 1 1 1 1 1 0 0 1 1 0 0 2 1 3 0 1 
0 1 1 1 1 1 1 0 1 0 1 0 0 1 0 2 2 1 
0 1 1 1 1 1 1 0 0 0 1 0 0 3 1 1 2 2 

# Size = 19 | Time = 93392 ms
0 1 1 0 0 1 1 0 1 1 1 0 0 0 2 3 2 0 
0 0 0 0 0 1 1 1 0 0 1 1 0 3 3 2 0 0 
0 0 0 0 0 1 1 1 0 0 0 1 0 1 0 3 0 2 
0 0 0 1 1 1 0 1 1 1 0 0 1 1 1 0 1 0 
0 1 1 0 1 1 0 0 1 0 1 1 1 0 3 0 3 2 
0 1 1 0 0 0 1 0 0 0 0 0 0 3 1 3 3 3 
0 1 1 0 0 0 0 1 0 0 1 1 0 0 1 1 0 1 
0 1 1 1 1 0 0 0 1 0 0 1 0 1 3 1 2 3 
1 0 0 0 0 1 1 1 1 1 1 0 1 3 0 0 2 1 
1 0 0 1 1 1 0 0 0 1 0 0 0 2 0 0 3 3 
0 1 1 1 1 1 1 0 1 1 1 1 0 0 0 2 1 3 
0 1 0 1 1 0 1 1 1 0 1 1 0 1 2 2 3 1 
0 1 1 0 0 0 0 0 0 1 0 0 0 2 1 2 2 2 
0 1 1 1 1 0 0 0 0 1 0 0 0 2 3 3 1 1 
0 0 1 1 1 1 0 1 0 1 0 0 0 3 2 1 1 2 
1 0 0 0 0 1 1 0 0 1 0 1 1 0 0 0 0 2 
1 0 0 0 0 0 0 1 0 0 1 0 1 2 0 0 1 0 
0 1 0 1 1 1 1 1 1 1 1 1 0 2 0 1 3 0 
0 1 1 1 1 1 1 1 1 0 1 0 1 2 2 0 0 3 

# Size = 19 | Time = 89677 ms
1 0 0 0 0 0 1 1 1 0 0 0 1 0 0 0 3 2 
0 1 0 1 1 1 1 0 0 1 0 1 0 2 1 1 2 3 
0 0 1 1 1 1 0 0 0 0 1 1 0 1 0 1 3 0 
0 1 1 1 1 1 0 1 1 0 1 0 0 0 1 3 0 0 
0 0 1 0 1 0 0 1 1 0 0 1 1 1 1 0 1 2 
0 0 0 0 0 0 0 1 0 1 0 0 0 3 2 1 0 2 
0 1 1 1 1 1 1 0 0 1 0 1 0 3 0 3 1 3 
0 1 1 1 1 0 0 1 1 1 0 0 1 3 3 0 2 0 
0 0 1 1 1 0 1 1 0 1 1 1 1 0 2 0 3 3 
1 0 0 0 0 1 0 0 1 0 1 0 0 0 0 0 1 3 
0 1 1 0 0 0 0 1 1 0 0 0 0 3 1 2 3 1 
0 1 0 1 1 1 1 1 0 0 1 1 0 0 0 2 2 2 
0 0 1 0 0 0 1 0 1 1 1 1 0 2 3 3 3 2 
1 0 0 1 1 1 1 0 1 1 1 0 1 3 0 0 2 0 
0 1 0 1 1 1 0 0 1 0 1 0 0 0 3 1 1 1 
0 0 0 1 1 1 1 0 0 1 1 0 0 1 3 2 0 3 
1 0 0 0 0 0 1 1 0 0 1 1 1 2 0 0 0 1 
0 1 0 0 0 0 1 1 1 1 0 1 0 1 2 3 2 1 
0 1 0 0 0 1 0 0 1 0 1 0 0 2 2 2 1 0 

# Size = 19 | Time = 97563 ms
0 1 0 0 0 0 1 1 0 1 1 0 1 0 3 0 1 0 
0 1 1 1 1 0 0 0 1 1 0 0 0 2 0 2 1 2 
1 0 0 1 1 0 1 1 0 1 1 0 1 3 0 0 3 1 
0 1 0 1 1 0 1 1 1 0 0 1 0 3 1 1 1 3 
0 0 0 0 0 1 1 0 0 0 0 1 0 0 1 2 0 1 
0 0 1 1 1 1 1 0 1 1 1 1 0 2 3 1 2 1 
0 1 1 0 0 0 0 1 0 0 0 1 0 3 2 2 2 0 
0 0 1 1 1 0 1 0 0 0 1 1 0 0 0 3 2 3 
0 0 0 0 0 1 1 1 0 0 0 0 0 3 3 3 0 2 
0 0 1 0 0 0 0 1 0 1 0 0 1 1 1 0 2 2 
1 0 0 1 1 0 0 0 1 0 1 0 1 3 0 0 0 2 
0 1 0 1 1 1 0 0 1 1 1 1 0 1 2 3 1 1 
1 0 0 0 0 1 0 0 1 1 1 1 1 2 0 0 1 0 
0 1 1 0 0 1 1 1 0 1 1 0 1 2 2 0 0 3 
0 0 0 0 0 0 0 0 0 0 0 1 0 0 2 1 3 2 
0 1 1 1 1 1 1 1 1 0 0 0 0 1 0 1 0 0 
1 0 0 0 0 1 1 1 1 0 0 1 0 0 0 0 2 3 
0 1 1 0 1 1 0 0 1 0 1 0 0 1 3 2 3 3 
0 1 0 0 0 1 0 1 0 0 1 0 0 2 1 3 3 0 

# Size = 19 | Time = 88089 ms
1 0 0 1 1 1 1 1 1 1 0 1 1 3 0 0 2 3 
0 1 1 0 1 0 1 0 1 1 1 1 0 1 0 3 1 0 
0 1 1 0 0 0 0 1 1 1 1 0 0 3 3 1 1 3 
0 1 0 0 0 1 1 0 1 1 0 1 1 2 1 0 1 2 
0 0 1 0 0 1 0 0 0 0 0 0 1 1 2 0 0 3 
0 1 0 1 1 1 1 1 0 0 1 1 0 1 1 1 2 1 
1 0 0 1 1 0 0 1 0 0 1 0 1 2 0 0 1 0 
0 0 1 0 0 1 1 1 0 1 1 1 1 0 3 0 2 0 
0 0 0 1 1 0 0 1 0 0 1 0 0 3 2 3 2 2 
1 0 0 0 0 0 1 0 0 1 0 1 1 3 0 0 3 1 
1 0 0 1 1 1 0 1 0 0 0 1 0 0 0 0 0 2 
0 0 1 0 0 1 1 0 1 1 0 0 0 2 2 1 3 0 
0 1 0 1 1 0 0 1 0 1 1 1 0 0 1 3 3 3 
0 0 0 1 1 0 0 0 1 0 0 0 0 1 3 2 3 2 
0 1 1 1 1 0 1 0 0 1 1 0 0 0 0 1 0 2 
0 0 0 0 1 1 0 0 0 1 1 1 0 2 0 2 2 3 
0 1 1 0 1 1 0 1 1 1 1 1 0 0 2 2 1 1 
0 1 1 0 0 1 1 1 1 0 0 0 0 2 3 3 0 1 
0 0 1 0 0 0 1 1 1 0 1 0 0 3 1 2 0 0 

# Size = 19 | Time = 91277 ms
0 1 0 0 0 1 0 0 0 1 1 1 0 0 1 2 3 0 
0 1 0 1 1 0 1 1 0 1 1 1 0 3 2 3 3 1 
0 0 1 1 1 1 0 1 1 1 1 0 1 1 3 0 3 2 
0 0 1 1 1 0 0 0 1 1 1 0 0 3 1 1 0 2 
1 0 0 0 0 0 0 0 1 0 1 1 0 2 0 0 0 3 
0 1 1 1 1 1 1 0 1 0 1 0 1 2 1 0 2 1 
0 1 0 0 0 1 1 0 0 1 0 1 0 0 3 1 1 1 
1 0 0 0 0 1 1 0 0 0 0 0 1 0 0 0 2 2 
0 0 0 1 1 1 1 1 1 0 0 0 0 2 0 1 3 3 
1 0 0 1 1 1 1 1 1 1 0 0 1 3 0 0 1 0 
0 1 1 0 0 0 0 0 0 1 1 0 0 1 2 1 2 0 
0 1 0 0 1 0 0 0 0 0 1 1 0 1 0 2 0 1 
0 1 1 0 0 0 1 0 0 0 1 1 0 0 0 3 2 2 
1 0 0 0 0 0 1 1 0 0 0 0 1 3 0 0 3 1 
0 0 1 1 1 1 1 1 0 0 0 1 0 1 1 3 1 3 
0 1 1 1 1 1 1 1 1 0 0 1 1 0 2 0 0 3 
0 0 1 0 0 0 0 1 1 0 0 0 0 2 3 3 0 0 
0 0 1 0 0 0 0 1 0 1 1 0 0 2 2 2 1 2 
0 1 0 1 1 0 1 1 1 1 0 1 0 3 3 2 2 3 

# Size = 19 | Time = 91928 ms
0 1 1 0 1 1 1 0 1 1 0 0 0 0 0 1 2 0 
0 0 0 0 0 0 1 1 1 0 1 0 0 1 1 1 0 3 
0 1 1 1 1 0 0 0 0 1 0 1 0 3 1 2 2 2 
1 0 0 0 0 1 0 0 1 0 1 0 1 0 0 0 0 2 
0 1 0 1 1 0 1 0 0 1 1 1 0 2 3 1 3 2 
0 1 1 1 1 1 1 1 0 1 0 0 0 1 0 3 1 2 
0 1 0 1 1 0 1 1 1 1 0 1 0 0 3 2 1 3 
0 1 1 0 0 0 0 0 0 0 1 0 0 1 2 2 3 0 
0 0 0 1 1 0 1 1 1 0 1 0 0 3 3 3 0 0 
0 0 0 0 0 1 0 0 1 0 0 1 0 3 2 1 1 1 
0 0 1 1 1 0 1 0 0 1 0 0 1 2 1 0 1 0 
1 0 0 0 0 1 1 0 1 1 1 1 0 2 0 0 1 0 
1 0 0 0 1 0 1 1 1 1 0 1 1 3 0 0 3 3 
0 1 1 0 0 1 0 1 1 0 1 1 1 1 3 0 2 1 
0 1 1 1 1 1 1 1 0 1 0 1 1 0 2 0 0 2 
0 1 1 0 0 1 0 0 0 0 1 1 0 2 2 3 2 3 
0 0 0 1 1 1 1 1 0 1 0 1 0 2 0 2 0 1 
0 0 0 0 1 1 1 0 0 0 1 1 0 0 1 3 3 1 
1 0 0 1 1 0 1 0 0 0 0 0 1 0 0 0 2 1 

# Size = 19 | Time = 93151 ms
0 1 1 0 0 0 0 0 1 0 1 1 1 3 2 0 1 0 
0 1 0 0 0 0 1 1 0 0 1 1 0 1 2 2 2 1 
0 0 1 0 0 0 0 0 1 0 0 1 0 3 0 1 2 2 
0 1 1 1 1 1 1 0 0 0 0 0 0 0 1 1 1 1 
1 0 0 0 1 0 1 1 0 0 1 1 1 2 0 0 1 2 
1 0 0 1 1 1 0 1 1 0 1 0 0 0 0 0 0 0 
0 0 0 1 1 0 0 1 0 0 1 0 0 3 3 3 0 1 
1 0 0 0 0 1 0 0 1 1 0 0 1 2 0 0 3 1 
0 1 1 1 1 1 0 0 0 1 1 1 0 0 2 3 3 2 
1 0 0 1 1 1 1 1 0 1 0 0 0 3 0 0 2 3 
0 1 1 0 0 1 1 1 1 1 0 1 0 2 1 3 2 0 
0 1 1 0 0 1 0 0 0 1 0 1 1 0 3 0 2 3 
0 1 1 0 1 0 1 0 0 1 0 0 0 0 0 2 0 0 
0 1 0 0 0 0 1 1 0 1 1 1 0 1 3 1 3 0 
0 0 1 1 1 0 0 1 0 1 0 1 1 1 1 0 0 2 
0 0 0 0 0 1 1 0 0 1 0 0 0 2 2 1 0 3 
0 0 1 1 1 1 1 0 1 0 1 0 0 1 0 3 1 3 
0 1 0 1 1 1 0 0 1 1 1 0 0 2 3 2 1 2 
0 0 0 1 1 0 0 1 1 0 1 1 0 3 1 2 3 3 

# Size = 19 | Time = 98915 ms
0 0 0 0 0 1 1 1 0 0 1 1 1 2 3 0 2 0 
1 0 0 0 0 0 0 0 0 0 1 0 1 3 0 0 2 3 
1 0 0 0 1 1 0 1 1 1 1 0 1 2 0 0 0 0 
0 1 1 1 1 0 0 0 1 0 0 0 0 3 1 1 3 0 
0 1 1 1 1 1 1 1 0 1 1 0 0 0 1 3 2 2 
0 0 0 0 0 0 0 1 0 1 0 0 1 1 1 0 0 3 
0 1 1 0 0 0 1 0 1 1 0 0 0 1 3 2 3 2 
0 0 1 0 0 1 1 0 1 1 1 0 0 1 2 1 2 1 
0 0 0 0 1 1 0 1 0 1 0 0 0 3 0 2 2 3 
0 1 1 0 1 0 1 1 1 0 1 1 0 3 3 3 0 1 
0 0 0 1 1 0 0 1 0 0 0 1 0 1 0 3 1 0 
0 1 1 0 0 0 1 0 1 0 0 1 0 2 2 3 3 3 
0 1 1 1 1 0 1 0 0 1 0 1 0 2 0 1 0 2 
0 1 1 1 1 0 0 1 1 1 0 0 1 3 2 0 1 2 
1 0 0 1 1 1 0 1 0 1 1 1 1 0 0 0 3 1 
0 0 0 0 1 0 0 1 1 0 0 1 0 2 1 2 1 1 
1 0 0 0 0 1 1 0 1 0 0 0 0 0 0 0 1 2 
0 0 0 1 1 1 0 1 0 0 1 0 0 0 3 1 1 3 
0 1 0 1 1 0 1 0 0 0 1 0 0 0 2 2 0 0 

# Size = 19 | Time = 92726 ms
1 0 0 1 1 1 1 1 1 1 0 1 0 0 0 0 3 3 
0 0 1 1 1 1 1 0 0 0 1 1 1 2 2 0 1 3 
0 1 0 1 1 0 0 0 1 1 0 0 0 2 3 3 0 2 
0 0 1 0 0 1 0 1 0 0 1 1 1 1 3 0 3 1 
0 1 0 0 0 0 1 0 0 0 0 0 0 2 1 1 3 0 
0 1 0 1 1 1 1 0 0 1 1 1 1 0 1 0 2 2 
1 0 0 1 1 0 1 0 0 0 1 1 1 3 0 0 0 0 
1 0 0 0 0 0 1 1 1 0 1 1 0 0 0 0 2 2 
0 0 0 1 1 1 0 1 1 0 1 0 0 0 2 1 0 1 
0 1 0 0 0 1 0 1 1 1 0 1 0 3 2 2 3 2 
0 0 1 0 0 1 0 0 1 0 0 1 0 0 0 3 3 3 
0 1 1 0 0 0 0 0 1 0 0 1 0 1 1 2 0 3 
1 0 0 0 1 0 0 0 1 1 0 0 1 2 0 0 1 1 
0 1 1 1 1 1 1 0 1 1 0 1 0 1 0 1 1 2 
0 0 1 1 1 1 1 1 0 1 0 0 0 0 3 2 1 0 
0 0 1 0 1 1 1 0 0 1 0 0 0 3 3 1 2 3 
0 0 0 1 1 0 0 1 1 0 1 0 0 1 2 3 2 0 
0 1 1 0 0 0 0 1 1 1 1 0 0 2 0 2 2 1 
0 0 0 0 0 1 1 1 0 0 1 1 0 3 1 3 1 1 

# Size = 19 | Time = 92810 ms
0 0 1 0 1 1 0 1 0 1 0 1 1 3 3 0 0 1 
1 0 0 0 1 1 0 0 0 1 0 1 1 2 0 0 1 2 
0 0 1 0 0 1 1 0 0 0 0 1 0 2 3 1 2 3 
0 1 1 1 1 0 1 0 0 0 1 1 1 1 2 0 2 0 
0 1 0 1 1 0 1 1 1 1 0 0 0 1 1 1 1 1 
1 0 0 1 1 0 0 1 1 0 0 1 1 3 0 0 0 1 
0 1 0 1 1 1 1 1 0 1 0 0 0 0 2 1 0 2 
0 1 0 1 1 0 0 0 0 0 1 1 0 0 3 3 1 0 
0 1 1 0 0 1 1 0 1 1 0 0 0 1 0 3 0 3 
0 1 1 0 0 0 0 0 0 0 1 0 0 0 0 2 2 1 
1 0 0 0 0 0 1 1 1 0 0 0 0 0 0 0 2 0 
0 0 1 0 0 1 0 0 0 1 1 0 0 3 1 3 2 2 
0 0 0 0 0 0 0 1 0 1 1 0 0 2 2 3 3 1 
0 1 0 0 0 1 1 1 1 0 0 1 1 0 1 0 3 3 
1 0 0 1 1 0 0 1 1 0 1 0 1 2 0 0 3 3 
0 1 1 1 1 1 0 1 0 1 1 1 0 3 0 1 3 0 
0 0 1 0 0 1 1 1 1 1 0 1 0 3 2 2 1 3 
0 0 1 0 0 0 0 0 1 0 1 0 0 1 3 2 3 2 
0 1 0 1 1 1 0 1 1 0 1 1 0 2 1 2 0 0 

# Size = 19 | Time = 99080 ms
0 1 1 0 1 0 1 1 1 0 0 0 0 0 2 1 3 1 
0 0 1 0 0 0 1 0 1 0 1 1 1 1 2 0 1 2 
1 0 0 0 1 0 0 1 0 1 0 1 1 3 0 0 1 2 
0 1 1 1 1 1 0 1 0 0 0 1 0 1 0 2 3 3 
0 1 1 1 1 0 0 0 1 1 0 1 0 0 3 2 2 2 
0 0 1 1 1 1 1 0 0 1 1 1 0 3 0 1 0 2 
1 0 0 0 0 1 1 0 0 1 1 1 1 0 0 0 0 3 
0 1 0 0 0 1 1 0 1 0 1 0 1 3 3 0 3 0 
0 0 0 0 0 1 1 0 1 0 1 0 0 3 1 2 1 1 
0 0 1 0 0 1 0 0 0 0 1 0 0 3 2 3 2 3 
0 1 1 0 0 1 0 1 1 0 0 1 0 0 0 3 1 0 
0 1 0 1 1 1 0 1 0 0 0 0 0 1 3 3 0 1 
0 1 0 1 1 0 0 1 1 1 1 1 0 2 2 2 0 0 
1 0 0 0 0 1 0 1 1 0 0 0 0 2 0 0 3 0 
0 1 1 1 1 0 0 1 0 1 0 0 1 0 1 0 0 3 
0 0 1 1 1 0 1 0 1 1 0 0 0 2 3 1 1 3 
1 0 0 1 1 0 1 0 1 1 1 1 1 2 0 0 2 1 
0 1 0 1 1 0 1 1 0 1 0 0 0 2 1 3 3 2 
0 1 0 0 0 0 0 1 0 1 1 1 0 1 1 1 2 0 

# Size = 19 | Time = 92409 ms
0 1 1 1 1 1 1 0 0 0 0 1 1 2 1 0 1 0 
0 1 1 1 1 1 0 0 0 1 0 1 0 3 3 2 1 3 
0 1 0 0 0 1 0 1 1 1 1 0 0 0 0 3 1 1 
0 0 1 0 0 1 0 1 1 0 1 1 0 3 2 3 2 0 
0 1 1 1 1 1 1 0 1 0 1 0 0 2 0 1 2 3 
0 0 0 0 1 0 0 1 1 1 1 0 0 3 1 1 0 1 
0 1 0 0 0 0 1 0 1 0 0 1 0 0 1 2 2 2 
1 0 0 0 1 0 0 1 1 0 0 1 1 2 0 0 0 3 
0 0 0 1 1 0 1 1 1 0 1 0 0 2 3 3 0 2 
1 0 0 1 1 1 1 0 1 1 0 0 0 0 0 0 1 1 
0 1 0 0 0 1 0 0 0 1 1 1 1 0 2 0 0 3 
0 0 1 0 0 1 1 1 1 1 1 0 0 2 2 2 3 1 
0 0 1 1 1 0 1 0 0 0 0 1 0 1 2 1 1 2 
1 0 0 0 1 0 1 0 0 1 1 1 0 3 0 0 2 0 
1 0 0 0 0 1 0 0 0 1 1 0 1 3 0 0 3 2 
0 1 1 0 0 1 1 1 0 0 1 1 1 1 3 0 2 1 
0 1 0 1 1 0 0 0 0 0 0 0 0 1 1 3 3 3 
0 1 1 0 1 1 1 0 1 1 1 0 0 1 0 2 0 0 
0 0 1 0 0 1 0 1 0 0 1 1 0 0 3 1 3 0 

# Size = 19 | Time = 94775 ms
1 0 0 1 1 1 0 0 1 0 0 0 0 3 0 0 1 3 
0 0 0 1 1 1 1 1 0 0 1 1 0 1 3 3 0 1 
0 1 1 0 0 0 1 0 1 1 0 1 0 2 3 2 1 0 
1 0 0 1 1 0 1 1 1 0 1 1 1 2 0 0 2 1 
0 1 1 1 1 1 0 1 1 1 0 0 0 3 3 1 2 2 
0 1 1 0 0 0 0 0 1 0 0 0 0 2 0 3 3 2 
0 1 1 0 0 1 0 0 1 0 0 0 0 1 0 2 2 3 
0 0 0 1 1 0 1 0 0 0 0 0 0 0 0 1 1 1 
0 0 0 0 0 0 1 0 0 0 1 0 1 1 2 0 1 2 
0 0 1 0 0 1 1 0 1 1 0 1 0 2 2 1 0 3 
1 0 0 0 0 0 0 0 0 1 1 0 1 3 0 0 0 0 
0 0 0 0 0 0 1 1 0 1 1 0 0 3 1 3 1 3 
1 0 0 1 1 1 0 1 1 0 1 0 1 0 0 0 3 2 
0 1 0 0 0 0 0 0 1 0 0 0 0 0 2 3 2 0 
0 1 1 0 1 1 0 1 1 0 1 1 0 0 1 2 0 2 
0 0 0 1 1 1 0 1 0 1 1 0 0 1 1 1 3 0 
0 1 0 1 1 0 1 0 1 1 0 1 1 0 3 0 3 3 
0 1 1 0 0 1 1 0 0 1 0 1 1 2 1 0 2 1 
0 0 0 1 1 0 0 1 0 1 0 1 0 3 2 2 3 1 

# Size = 19 | Time = 105174 ms
1 0 0 1 1 1 0 0 0 1 0 1 1 3 0 0 3 3 
0 1 0 1 1 1 1 0 0 1 1 0 0 1 0 1 0 0 
0 1 1 1 1 1 0 1 1 0 1 0 0 2 2 1 1 3 
0 1 0 0 0 0 1 1 0 0 1 1 0 3 2 2 0 1 
1 0 0 0 0 0 1 1 0 0 1 0 1 0 0 0 2 2 
0 1 1 0 0 0 0 1 1 0 0 0 1 1 3 0 1 1 
0 0 1 0 1 0 1 0 0 0 1 1 1 2 1 0 0 2 
1 0 0 1 1 1 1 1 1 0 0 1 0 2 0 0 0 1 
0 1 1 1 1 1 0 0 1 1 0 1 0 0 0 2 1 2 
1 0 0 1 1 1 1 1 0 0 0 0 0 3 0 0 1 0 
0 1 0 1 1 0 1 0 0 1 1 0 0 3 3 1 2 2 
0 0 0 0 0 0 0 1 1 1 1 1 0 0 3 3 0 3 
0 0 0 0 0 0 1 1 1 1 0 1 1 0 2 0 2 0 
0 0 0 0 0 1 0 1 1 1 1 0 0 2 3 2 3 0 
0 0 1 0 0 1 0 1 0 0 0 1 0 0 1 1 3 1 
0 1 0 0 0 0 1 0 0 0 1 0 0 1 2 3 3 2 
0 0 1 1 1 1 0 0 0 1 1 0 0 2 0 3 2 1 
0 0 0 1 1 0 1 1 0 0 0 1 0 1 1 2 2 3 
0 1 1 0 1 0 0 1 1 1 0 0 0 3 1 3 1 0 

# Size = 19 | Time = 89726 ms
0 0 1 1 1 0 0 1 1 1 1 0 1 1 1 0 0 2 
1 0 0 0 0 1 1 0 1 0 1 1 1 2 0 0 1 2 
1 0 0 1 1 0 0 0 1 0 1 0 0 0 0 0 0 1 
0 1 0 0 0 1 0 0 0 0 1 0 0 0 1 3 3 3 
0 1 1 0 1 0 0 1 0 1 0 0 0 2 0 3 1 2 
0 1 1 0 1 1 1 0 1 1 0 0 1 0 2 0 1 0 
0 1 0 0 0 0 1 0 1 1 0 1 0 0 3 1 2 2 
1 0 0 0 1 1 1 1 0 1 0 1 1 3 0 0 3 0 
0 0 1 0 0 1 1 0 0 0 1 1 0 3 2 2 3 2 
0 0 1 1 1 1 0 1 1 0 1 0 1 2 3 0 3 1 
0 0 1 1 1 1 1 0 1 1 0 1 0 1 3 2 1 3 
0 0 1 0 0 0 0 1 0 1 0 0 0 1 0 1 3 0 
0 0 1 0 0 0 1 0 1 0 0 0 0 2 1 2 2 0 
0 1 0 1 1 1 1 0 1 0 1 1 0 1 2 3 2 1 
0 0 0 1 1 0 1 1 0 1 1 0 0 3 3 3 0 0 
0 0 1 0 1 0 0 1 0 0 1 0 0 2 2 1 0 3 
1 0 0 1 1 0 0 1 0 1 0 1 1 3 0 0 2 3 
0 1 0 0 0 1 0 1 0 1 0 1 0 0 0 2 0 1 
0 1 1 1 1 1 1 1 1 0 0 1 0 3 1 1 1 1 

# Size = 19 | Time = 105021 ms
0 0 1 1 1 1 1 0 1 0 1 1 1 3 3 0 0 0 
1 0 0 0 1 0 1 1 1 1 1 1 1 2 0 0 3 3 
1 0 0 1 1 1 0 0 0 0 1 0 0 2 0 0 0 2 
0 0 1 0 0 1 1 1 1 1 0 0 0 2 3 2 1 1 
1 0 0 0 0 0 0 0 0 0 0 1 1 3 0 0 1 1 
0 1 1 1 1 0 1 1 1 0 0 1 0 3 0 2 2 2 
0 0 1 1 1 0 1 0 0 0 0 0 0 3 1 3 1 3 
0 1 1 0 1 1 0 0 0 1 1 0 1 1 2 0 1 2 
0 1 1 0 1 0 1 1 0 0 0 0 0 0 3 3 3 2 
0 1 0 0 0 0 0 1 1 1 1 0 0 2 2 3 2 0 
0 1 1 1 1 1 0 0 0 0 0 1 0 0 0 1 1 0 
0 1 1 0 0 1 0 0 1 0 1 1 1 0 1 0 2 1 
0 0 0 1 1 1 1 0 1 1 0 0 0 3 2 1 3 1 
1 0 0 0 1 1 0 1 1 1 0 0 1 0 0 0 2 0 
0 0 1 0 1 1 1 1 0 0 0 1 0 1 0 3 0 1 
0 1 1 0 0 1 1 0 0 0 1 1 0 0 2 2 0 3 
0 1 0 0 0 0 0 1 1 0 1 0 0 1 1 2 3 0 
0 0 0 1 1 0 0 1 0 0 1 1 0 1 3 1 2 3 
0 1 0 0 0 0 0 0 1 1 0 0 0 2 1 1 0 2 

# Size = 19 | Time = 91571 ms
0 0 1 0 0 1 1 0 0 0 1 0 1 1 1 0 3 0 
0 1 0 0 0 0 1 1 0 1 0 1 0 2 2 1 3 1 
0 0 1 1 1 0 1 1 1 0 1 1 0 3 3 1 2 0 
1 0 0 1 1 0 1 0 1 0 1 0 0 2 0 0 0 3 
0 1 1 0 0 0 0 0 1 1 1 1 1 3 2 0 1 3 
1 0 0 0 0 0 0 1 0 1 0 1 1 3 0 0 3 0 
0 1 1 0 0 1 0 1 0 1 0 1 0 0 1 1 1 2 
0 0 1 0 1 0 1 0 0 1 0 0 0 1 2 2 2 2 
0 1 0 1 1 1 1 1 1 0 0 0 0 0 2 3 0 0 
0 1 0 0 0 1 0 0 0 1 1 1 1 2 3 0 0 2 
0 0 1 0 0 1 0 0 1 0 0 0 0 2 0 2 1 0 
0 1 0 0 0 0 0 0 1 1 0 0 0 2 1 3 2 3 
1 0 0 1 1 1 0 0 0 1 0 0 1 0 0 0 2 1 
0 1 1 1 1 0 1 1 1 0 1 0 0 3 0 3 3 2 
0 0 1 1 1 1 1 1 1 1 1 1 0 3 1 2 0 1 
1 0 0 0 1 0 1 0 0 1 1 1 0 0 0 0 1 2 
0 1 0 0 1 0 1 0 1 0 0 0 0 1 0 1 0 3 
0 0 1 1 1 1 0 1 0 0 0 1 0 1 3 3 1 1 
0 1 0 1 1 1 1 1 0 1 1 0 0 0 3 2 3 3 

# Size = 19 | Time = 92032 ms
1 0 0 0 0 0 0 1 1 1 0 0 1 2 0 0 0 3 
0 0 0 0 0 1 1 0 1 0 1 1 0 3 1 3 1 1 
0 1 0 0 0 1 1 0 0 0 0 1 1 3 2 0 0 2 
0 1 0 0 0 1 0 1 0 0 0 0 0 0 3 3 2 2 
0 0 1 1 1 0 0 1 0 1 1 0 1 2 3 0 1 0 
0 1 1 1 1 0 1 0 1 1 1 1 0 2 1 1 3 2 
1 0 0 0 1 0 1 1 0 0 0 0 0 2 0 0 1 0 
0 0 1 1 1 0 0 1 1 0 1 0 0 1 2 3 3 0 
0 0 0 1 1 1 1 0 0 1 1 0 0 2 2 2 2 1 
0 0 1 1 1 0 1 1 1 1 0 0 0 3 3 2 3 3 
0 0 0 1 1 0 1 1 0 0 0 1 1 1 1 0 2 3 
1 0 0 0 0 1 1 1 0 1 1 1 1 0 0 0 3 1 
0 0 1 0 0 1 0 1 1 1 0 1 0 3 0 1 2 0 
0 1 0 1 1 1 1 0 1 0 1 0 0 0 2 1 1 3 
1 0 0 1 1 1 1 0 1 0 0 0 1 3 0 0 2 2 
0 0 0 0 0 1 1 1 0 0 1 1 0 1 0 2 1 2 
0 1 1 0 1 0 0 0 0 1 1 0 0 0 1 2 0 0 
0 1 1 0 1 0 0 0 0 1 0 1 0 1 3 1 0 1 
0 1 1 1 1 1 0 0 1 1 0 0 0 2 0 3 0 3 

# Size = 19 | Time = 94072 ms
1 0 0 1 1 1 1 0 0 0 0 1 1 2 0 0 0 0 
0 1 0 0 0 1 0 0 1 0 0 0 1 3 1 0 2 1 
0 1 0 0 0 1 1 1 1 1 1 1 0 0 1 3 0 3 
1 0 0 0 0 0 0 0 0 1 1 1 1 0 0 0 3 2 
0 0 1 1 1 1 0 1 0 0 1 0 0 2 1 2 1 2 
0 0 1 0 0 1 1 1 1 0 1 0 1 1 3 0 1 3 
0 0 0 0 0 1 0 1 0 1 1 0 1 2 2 0 0 0 
1 0 0 1 1 0 0 1 1 1 1 0 0 3 0 0 2 1 
0 0 1 1 1 1 1 0 1 0 0 1 0 2 3 3 3 1 
0 0 1 1 1 1 1 1 1 0 1 0 0 0 2 1 1 1 
0 1 1 1 1 1 1 1 1 1 0 1 0 3 2 2 3 3 
0 1 1 0 0 0 0 1 0 1 1 0 0 1 1 1 3 0 
0 1 1 0 0 0 0 1 0 0 0 0 0 1 0 2 0 1 
1 0 0 0 1 0 0 0 0 0 1 1 1 2 0 0 1 3 
0 1 0 1 1 0 1 0 1 0 1 1 0 1 2 3 2 2 
0 1 0 1 1 0 0 1 0 1 0 0 0 3 0 3 1 0 
0 1 1 0 0 1 1 1 0 1 0 1 0 2 0 1 2 3 
0 1 0 0 0 0 1 0 1 1 0 0 0 0 3 2 2 0 
0 0 0 0 0 1 0 0 0 1 0 1 0 3 3 1 0 2 

# Size = 19 | Time = 90120 ms
0 0 0 0 0 0 0 0 0 1 1 0 0 2 1 3 0 3 
1 0 0 1 1 1 0 1 1 0 0 0 1 3 0 0 0 1 
0 0 0 0 0 1 1 1 0 1 1 1 0 3 3 3 3 2 
0 0 0 0 1 0 1 0 0 1 1 1 1 3 2 0 0 1 
0 1 1 0 1 0 0 0 1 0 0 0 0 3 0 1 2 3 
0 0 1 1 1 1 0 0 1 0 0 0 1 1 1 0 2 2 
1 0 0 0 0 1 1 1 0 1 1 1 1 2 0 0 2 3 
0 1 1 1 1 1 1 0 1 0 0 0 0 1 0 3 1 1 
0 1 1 0 0 0 0 0 0 0 0 0 0 0 1 1 3 1 
1 0 0 0 1 0 0 1 0 0 1 1 0 0 0 0 1 2 
0 1 1 0 0 1 0 0 1 0 0 0 0 0 2 3 2 0 
0 1 1 1 1 1 1 1 1 1 1 1 0 2 2 1 1 2 
0 0 0 0 0 0 1 1 0 0 0 1 0 1 3 1 0 0 
0 1 0 1 1 0 0 0 1 0 1 1 1 0 3 0 1 3 
0 1 0 0 1 0 1 1 1 1 1 1 0 1 2 2 3 3 
0 1 1 1 1 1 0 0 0 0 0 0 0 2 3 2 2 1 
0 1 1 0 1 1 1 0 1 1 1 1 0 0 0 2 0 2 
0 0 1 0 0 0 1 1 1 0 1 1 0 3 1 2 1 0 
1 0 0 1 1 0 1 0 0 1 0 0 1 2 0 0 3 0 

# Size = 19 | Time = 91621 ms
0 0 1 0 1 1 1 0 0 0 1 1 0 1 3 1 0 1 
1 0 0 0 0 1 1 1 1 1 0 1 1 2 0 0 1 1 
0 0 0 1 1 0 1 1 1 0 1 0 0 2 3 2 3 2 
0 1 1 0 0 1 1 1 1 0 0 1 0 3 0 2 0 0 
1 0 0 0 0 0 0 1 0 1 1 1 0 0 0 0 0 2 
0 0 0 0 0 0 0 0 1 1 0 0 1 1 1 0 3 0 
0 1 0 0 0 0 0 0 1 0 0 0 0 0 3 3 1 0 
0 1 1 0 1 0 1 1 1 1 1 0 0 0 1 2 2 1 
0 1 0 0 0 1 0 1 0 0 0 1 0 2 2 1 2 0 
0 1 1 0 0 0 1 0 1 0 1 0 1 0 2 0 0 2 
0 1 0 1 1 1 1 1 0 1 1 1 0 1 0 3 2 2 
0 0 1 1 1 1 0 0 0 0 1 0 0 3 2 3 3 1 
0 1 1 1 1 1 0 0 1 0 0 0 0 2 1 3 0 3 
1 0 0 1 1 1 1 0 1 1 1 1 1 3 0 0 3 0 
0 1 0 1 1 0 0 1 0 1 0 1 0 3 1 1 1 2 
0 0 0 0 0 0 1 1 0 1 1 0 1 3 3 0 2 3 
1 0 0 1 1 1 1 0 0 0 0 0 0 0 0 0 2 3 
0 1 1 1 1 0 0 0 0 1 1 1 0 1 2 2 1 3 
0 1 0 0 0 0 1 1 1 1 1 0 0 0 0 1 3 3 

# Size = 19 | Time = 94093 ms
1 0 0 1 1 1 1 0 1 1 0 1 0 2 0 0 1 2 
0 0 0 1 1 1 1 1 0 1 1 0 0 3 1 3 3 3 
0 1 0 1 1 1 1 1 1 0 0 1 1 2 3 0 1 3 
0 0 1 0 0 0 1 0 0 0 0 0 0 0 1 1 1 2 
0 1 0 1 1 0 0 1 1 0 1 1 0 2 2 1 3 1 
0 1 1 1 1 1 1 1 1 0 1 0 0 3 3 1 2 0 
1 0 0 0 0 0 0 1 0 0 1 0 1 0 0 0 0 3 
1 0 0 0 0 0 0 1 0 0 0 1 1 3 0 0 2 1 
0 1 1 1 1 1 1 1 0 0 0 0 1 3 2 0 0 2 
0 0 1 1 1 1 0 0 0 1 0 0 0 3 0 2 1 1 
0 1 0 0 0 1 0 0 0 1 1 0 0 2 0 3 2 2 
0 1 1 1 1 1 1 0 0 1 0 0 0 1 0 1 0 3 
0 1 1 0 1 0 0 1 1 0 0 1 0 2 1 2 0 0 
0 1 0 0 0 1 1 0 1 1 1 0 0 0 2 2 2 3 
1 0 0 1 1 0 0 0 0 1 0 0 1 0 0 0 3 0 
0 0 0 0 0 0 1 1 1 1 1 1 1 1 1 0 2 1 
0 0 0 0 0 0 0 0 1 0 1 0 0 1 2 3 1 0 
0 0 1 0 0 0 1 0 0 0 1 0 0 1 3 2 3 2 
0 0 1 0 0 0 0 0 0 1 0 1 0 0 3 3 0 1 

# Size = 19 | Time = 91937 ms
1 0 0 0 0 0 1 1 1 0 1 0 1 2 0 0 0 3 
0 1 1 0 1 1 1 0 1 1 1 1 1 0 3 0 1 0 
0 0 0 0 0 0 0 1 1 0 1 1 0 3 2 3 3 0 
1 0 0 1 1 1 0 1 0 0 0 0 0 3 0 0 2 2 
0 0 0 0 0 1 0 1 0 1 1 0 0 2 1 2 2 0 
0 1 1 0 0 1 0 0 0 1 0 0 1 3 1 0 0 3 
1 0 0 1 1 0 0 0 1 1 0 1 1 0 0 0 1 0 
0 1 0 1 1 0 0 0 1 1 0 1 1 1 2 0 2 2 
0 0 0 0 0 1 1 1 1 1 0 1 0 3 3 1 2 1 
0 1 0 1 1 1 1 1 1 0 0 0 0 0 2 2 0 1 
1 0 0 0 0 1 0 0 0 1 1 1 1 2 0 0 3 1 
0 0 0 0 0 0 1 0 0 1 0 1 0 2 3 3 0 2 
0 0 1 1 1 0 0 1 0 0 1 0 0 1 1 3 1 1 
0 1 1 0 0 0 1 1 1 1 1 1 0 0 1 1 3 2 
0 1 1 0 1 1 1 1 0 0 0 1 0 0 0 3 2 3 
0 0 0 0 0 0 0 0 1 1 0 1 0 3 0 2 1 2 
0 1 1 1 1 0 0 1 1 0 0 0 0 1 3 2 3 3 
0 1 1 1 1 1 0 0 0 0 0 0 0 2 2 1 1 3 
0 1 0 0 0 1 1 1 1 1 1 1 0 1 0 1 0 0 

# Size = 19 | Time = 89738 ms
0 1 0 1 1 0 1 1 0 0 1 0 0 3 3 3 1 1 
0 0 1 0 0 1 0 1 0 0 0 1 0 2 3 2 0 0 
1 0 0 0 1 1 0 0 1 0 1 1 0 3 0 0 2 1 
0 1 1 0 0 0 0 0 1 0 0 1 0 2 0 1 1 2 
1 0 0 0 0 0 1 1 0 1 1 0 1 2 0 0 1 0 
1 0 0 1 1 0 0 1 1 0 1 0 1 0 0 0 3 2 
0 1 1 0 0 1 0 1 0 1 1 0 0 0 1 1 0 1 
0 0 1 0 0 1 1 0 1 1 0 1 1 0 3 0 2 2 
0 0 0 0 0 0 0 0 0 0 1 0 1 1 1 0 1 0 
0 1 0 0 0 1 0 0 0 0 0 1 0 1 3 1 3 3 
0 0 1 1 1 1 1 1 1 1 0 0 0 3 2 1 2 0 
0 0 0 0 0 1 1 1 1 1 0 1 0 1 2 3 0 2 
0 1 0 0 0 1 0 1 1 1 1 0 0 0 2 2 1 3 
0 0 1 1 1 0 1 1 0 1 0 0 0 1 0 2 2 1 
1 0 0 1 1 0 1 0 1 1 0 1 1 3 0 0 0 3 
0 1 1 1 1 0 0 1 1 1 0 0 0 0 0 3 3 0 
0 1 0 0 0 0 1 0 0 0 0 1 0 3 1 2 3 2 
0 1 1 1 1 0 0 0 0 0 0 0 1 2 2 0 3 1 
0 1 1 1 1 1 1 0 1 0 0 1 0 2 1 3 2 3 

# Size = 19 | Time = 95423 ms
1 0 0 0 0 1 1 1 0 0 1 1 0 0 0 0 1 3 
0 1 0 0 0 1 0 1 0 0 1 0 0 1 2 2 3 2 
0 0 0 0 0 0 1 1 1 0 1 0 0 3 3 2 0 3 
1 0 0 1 1 0 0 0 0 1 0 1 1 3 0 0 3 1 
0 1 1 0 1 1 0 1 0 1 0 1 0 3 2 1 2 0 
0 1 0 0 0 1 0 1 1 1 0 1 0 2 0 2 1 0 
0 1 1 1 1 0 1 1 0 1 1 0 0 0 3 3 3 0 
0 0 1 0 0 1 1 1 1 1 1 1 1 1 1 0 0 0 
0 1 0 0 0 0 1 0 0 1 1 1 0 0 0 1 0 2 
0 1 1 1 1 0 0 0 0 1 1 1 0 0 1 2 2 1 
0 1 0 0 1 0 0 1 1 1 0 0 0 3 1 3 1 2 
1 0 0 1 1 0 0 0 1 0 0 1 0 2 0 0 0 0 
1 0 0 0 0 0 1 0 0 0 1 0 1 2 0 0 2 2 
0 1 1 1 1 0 0 0 1 1 0 0 1 0 2 0 1 3 
0 1 1 0 0 0 1 0 1 0 0 1 0 1 0 3 2 3 
0 0 1 0 0 1 1 1 1 0 0 0 0 2 2 3 0 1 
0 1 0 1 1 1 0 0 0 1 0 0 0 1 3 1 1 1 
0 0 1 1 1 1 1 0 1 0 1 0 0 2 1 1 3 3 
0 1 1 1 1 0 1 0 0 1 1 1 1 2 3 0 2 2 

# Size = 19 | Time = 90099 ms
0 0 0 0 0 0 0 1 1 1 0 1 1 2 3 0 2 0 
0 1 0 1 1 1 1 1 0 1 0 1 0 3 1 1 0 0 
0 1 0 1 1 0 1 0 0 0 0 0 0 3 3 2 3 2 
0 1 1 1 1 0 0 0 1 1 0 0 0 3 0 3 2 1 
0 0 1 0 0 1 1 1 1 0 0 0 0 2 2 2 0 1 
0 1 1 1 1 0 1 1 1 0 1 1 0 1 3 3 0 3 
0 1 1 1 1 1 0 0 0 0 1 1 0 2 1 3 1 2 
1 0 0 1 1 0 0 0 1 1 0 1 1 0 0 0 0 2 
0 1 0 1 1 0 0 0 0 1 0 1 1 3 2 0 1 3 
1 0 0 0 1 1 0 0 0 0 1 0 1 2 0 0 3 0 
0 1 0 0 0 1 0 1 1 1 0 0 0 1 2 1 2 2 
0 0 1 0 0 1 1 0 1 0 0 1 1 1 1 0 3 1 
0 1 0 0 1 0 0 0 1 1 0 0 0 0 1 2 2 3 
1 0 0 0 0 1 0 1 0 1 1 1 1 3 0 0 1 3 
0 0 0 0 0 1 1 1 0 1 1 0 0 0 2 3 3 0 
0 0 1 1 1 1 1 0 1 0 1 0 0 0 3 1 1 1 
1 0 0 1 1 0 1 0 0 0 1 0 0 0 0 0 2 1 
0 0 0 1 1 0 1 0 1 1 0 1 0 2 0 1 3 3 
0 1 1 0 0 1 0 0 0 0 1 1 0 1 0 2 1 0 

# Size = 19 | Time = 88850 ms
0 0 0 1 1 1 0 0 0 0 0 1 0 3 1 2 1 3 
1 0 0 0 0 1 0 0 1 1 1 1 1 2 0 0 1 1 
0 0 0 0 0 1 0 0 0 0 1 0 0 1 0 2 3 0 
0 0 1 0 0 0 1 1 0 0 0 1 0 0 3 2 0 1 
0 1 0 0 0 1 1 1 0 1 1 1 1 3 3 0 2 0 
0 0 1 0 0 0 0 1 1 1 0 1 1 0 1 0 3 2 
1 0 0 0 0 1 1 1 1 0 1 0 0 2 0 0 3 0 
0 1 0 1 1 0 1 1 0 1 1 0 0 2 1 3 0 0 
1 0 0 1 1 0 0 0 1 1 0 1 1 0 0 0 2 3 
0 0 1 0 0 1 1 0 0 1 1 1 0 3 0 1 0 2 
0 1 1 1 1 1 1 1 1 1 0 0 0 2 2 2 2 2 
0 0 1 0 1 1 0 1 1 0 1 0 0 3 2 3 3 1 
1 0 0 0 1 0 1 1 0 0 1 0 1 3 0 0 0 2 
0 1 1 1 1 1 1 1 1 0 0 0 0 1 1 1 2 1 
0 1 0 0 1 0 0 0 1 1 1 1 1 1 2 0 0 3 
0 1 0 1 1 1 0 0 1 0 1 0 0 2 3 1 3 3 
0 1 1 0 0 0 1 1 0 0 0 0 0 0 2 1 1 0 
0 1 1 0 0 1 1 1 1 0 1 0 0 0 0 3 2 3 
0 1 1 0 1 0 1 0 1 0 0 1 0 1 3 3 1 2 

# Size = 19 | Time = 91363 ms
1 0 0 0 1 1 1 0 0 0 0 1 0 3 0 0 1 3 
0 0 1 0 0 1 0 1 1 0 0 0 0 0 0 2 0 2 
0 1 1 0 0 0 1 1 1 0 1 1 0 3 3 2 2 0 
0 0 0 1 1 1 1 0 0 1 1 1 0 1 1 1 0 0 
0 0 1 0 0 0 1 0 1 0 1 0 0 3 1 3 3 2 
0 1 0 0 0 0 0 1 0 1 1 0 0 2 1 2 1 1 
1 0 0 0 1 1 0 1 0 1 1 0 1 2 0 0 3 0 
0 1 0 1 1 0 0 0 0 1 1 0 1 3 2 0 0 1 
0 0 1 0 1 1 1 1 1 0 0 1 0 0 2 3 1 0 
0 1 0 0 0 0 0 0 1 1 0 0 0 2 2 1 2 2 
1 0 0 1 1 0 0 0 1 1 1 1 1 0 0 0 2 1 
1 0 0 0 0 1 1 0 1 0 0 1 1 2 0 0 0 2 
0 1 1 1 1 0 1 1 0 0 1 1 0 3 0 1 1 3 
0 1 1 0 0 1 0 0 0 1 0 1 1 0 1 0 2 3 
0 0 0 0 0 1 0 1 1 0 0 1 0 1 0 3 2 1 
0 1 1 1 1 0 0 0 1 1 1 0 0 1 2 2 3 3 
0 0 0 1 1 1 1 1 0 1 0 0 1 1 3 0 1 2 
0 1 1 0 1 1 1 0 1 1 0 1 0 0 3 1 3 1 
0 1 1 1 1 0 0 1 0 1 1 1 0 2 3 3 0 3 

