# Size = 16 | Time = 237 ms
1 1 1 0 2 1 0 1 1 1 0 0 1 1 0 0 1 0 1 1 3 1 0 1 0 1 0 1 1 0 0 0 0 1 0 0 0 1 1 0 1 1 0 1 1 0 0 0 0 1 0 1 
0 1 0 1 1 0 1 0 0 1 0 0 0 1 0 0 0 0 1 1 2 0 0 0 1 1 1 1 1 0 1 1 0 0 1 1 0 0 1 0 1 1 0 0 0 1 0 1 0 0 1 0 
1 1 1 1 0 0 0 0 1 1 1 1 0 1 0 1 1 0 0 0 3 1 1 1 1 1 1 0 3 0 1 1 0 1 0 1 1 1 0 1 1 0 0 0 0 1 1 0 1 0 0 1 
0 1 1 0 0 0 1 0 1 1 0 0 0 0 1 0 1 0 0 1 1 0 0 0 0 1 0 0 3 1 1 0 1 0 1 0 0 0 0 1 1 0 1 1 1 1 1 1 0 1 0 0 
0 0 0 0 1 1 0 1 1 1 0 1 1 1 0 0 1 1 1 1 1 0 1 1 0 1 0 1 2 0 0 0 0 0 0 1 0 1 0 1 0 0 1 1 1 0 0 0 1 0 1 1 
1 1 1 1 0 0 0 0 0 0 0 0 0 0 0 0 1 0 1 1 2 0 0 0 1 0 0 1 2 1 0 1 1 1 0 0 1 1 0 0 0 1 0 1 1 1 0 1 0 0 1 0 
0 0 0 1 2 1 1 1 0 0 1 0 0 1 1 0 0 1 0 1 3 1 0 0 0 1 1 0 2 1 1 1 1 0 1 1 1 0 1 0 0 0 1 0 0 1 0 1 0 1 1 0 
1 1 1 1 2 0 1 0 0 0 1 1 1 0 0 1 0 1 1 0 1 1 0 1 1 0 1 0 0 0 0 1 0 1 0 1 1 1 1 0 0 1 0 0 0 1 1 0 1 0 0 0 
0 1 0 1 1 1 0 1 0 0 1 1 0 1 1 0 1 1 1 0 0 1 1 1 1 0 1 1 3 1 0 0 1 0 1 0 1 0 1 0 0 0 1 1 1 1 0 0 0 1 0 0 
0 0 0 0 0 1 1 0 1 0 0 0 1 1 1 1 0 1 0 0 2 1 1 0 0 1 1 1 0 1 1 1 1 0 0 0 1 0 0 1 1 0 1 1 0 0 1 0 1 0 0 1 
0 0 1 1 2 1 1 1 1 1 1 1 1 0 0 1 0 0 1 1 2 0 0 1 0 0 1 0 3 1 1 0 0 1 1 0 0 1 0 1 0 1 1 0 0 0 1 0 0 1 1 1 
0 1 0 1 0 1 1 1 0 0 0 1 1 1 1 1 0 1 1 0 0 1 1 0 0 0 1 1 2 0 0 1 1 1 1 0 0 1 1 0 1 0 1 1 0 0 1 0 1 1 0 1 
1 1 1 0 1 0 0 1 0 1 0 1 0 0 0 0 1 1 1 0 3 0 1 1 1 0 0 0 0 0 0 1 1 1 0 1 1 0 1 1 0 0 1 0 0 0 0 1 0 0 1 1 
0 0 0 1 0 0 1 0 1 0 1 1 1 0 1 1 0 1 0 0 1 0 0 0 1 0 1 0 1 1 0 0 1 0 0 1 1 0 0 0 0 0 1 0 0 0 1 0 1 0 0 1 
1 0 0 1 1 1 0 1 1 0 1 1 1 0 1 1 0 0 0 1 0 0 0 0 0 1 0 1 0 1 1 0 0 0 1 1 0 1 1 0 1 1 0 1 1 1 1 1 0 1 0 0 
1 1 1 0 2 0 1 0 1 1 1 0 0 0 0 1 1 0 0 0 0 1 1 0 1 0 1 0 1 1 0 1 1 1 0 1 0 0 0 1 1 1 1 0 0 1 1 0 0 0 1 0 

# Size = 16 | Time = 249 ms
0 0 0 0 0 0 1 1 1 0 0 0 0 0 1 1 1 1 0 1 3 0 1 1 0 1 1 0 3 0 1 1 1 0 0 0 1 0 1 0 0 1 1 1 1 1 1 0 0 0 1 0 
1 0 0 1 1 1 1 0 0 1 1 0 1 1 0 0 1 0 0 0 3 1 1 0 1 0 1 1 2 0 0 0 1 0 1 1 1 0 0 1 0 1 1 1 1 0 0 0 1 0 0 1 
0 0 1 0 2 1 0 1 0 1 1 1 0 1 0 0 0 1 1 0 3 1 0 1 0 0 0 0 0 1 1 1 0 1 0 0 0 1 1 0 1 0 0 0 0 0 0 1 0 1 1 1 
1 1 0 0 1 0 1 1 0 1 1 1 0 0 0 1 1 1 0 1 0 0 0 0 0 1 0 1 0 1 1 1 0 0 0 1 0 0 0 0 0 1 0 0 0 0 1 1 0 1 0 1 
0 0 1 0 0 0 0 0 1 0 0 1 1 1 1 0 1 0 0 1 2 1 0 1 1 0 1 0 0 1 0 0 1 1 1 1 0 0 1 1 0 1 0 1 1 1 1 0 1 0 0 0 
0 1 1 1 2 1 1 0 0 0 1 0 0 0 0 0 1 1 1 0 2 1 1 0 1 1 0 0 3 0 1 1 0 0 1 0 1 1 0 0 0 0 1 0 0 0 0 0 1 1 0 1 
0 1 0 0 1 1 1 0 1 0 0 1 1 0 0 0 0 0 1 0 1 1 0 0 0 0 1 1 2 1 1 1 1 0 0 1 1 1 0 1 1 1 1 0 0 1 1 1 0 1 0 0 
0 0 1 1 2 1 0 1 1 1 0 1 1 1 1 0 0 0 1 0 0 0 1 1 1 0 0 1 3 1 0 0 1 1 1 1 0 0 1 1 0 1 1 1 0 1 0 1 0 1 0 0 
1 0 1 1 0 1 0 1 0 0 0 1 0 0 0 1 0 1 1 1 2 0 1 1 0 1 0 0 2 0 0 0 1 1 0 1 0 1 0 0 1 0 1 1 0 0 1 1 0 1 1 1 
1 0 0 1 2 1 1 1 0 1 1 1 1 0 0 0 1 1 0 1 1 1 0 1 1 0 0 0 1 1 0 1 1 1 0 0 0 0 0 0 1 1 1 1 0 1 0 0 0 0 1 1 
1 1 0 0 1 0 0 1 1 1 1 0 0 1 1 0 0 0 1 0 2 1 1 1 0 1 0 1 1 1 1 0 1 1 1 1 1 1 0 0 0 0 0 0 0 1 0 1 0 1 0 1 
1 0 1 1 2 0 0 1 1 0 1 1 1 0 1 1 0 1 0 0 0 1 1 0 0 0 1 0 2 1 1 1 0 0 1 0 1 1 1 1 1 0 0 1 1 0 1 1 0 0 1 1 
1 1 1 1 1 1 0 0 0 1 1 1 1 0 0 1 1 0 1 0 1 0 0 0 0 1 1 1 3 0 0 0 0 1 0 0 0 1 1 1 1 0 0 1 0 1 1 0 1 0 0 0 
1 0 1 1 0 0 0 1 1 0 1 0 0 1 1 0 1 0 1 0 1 1 1 0 0 1 0 1 0 0 1 0 0 1 1 1 1 0 1 1 0 1 1 1 1 0 0 0 1 1 0 1 
1 1 1 1 1 0 1 0 0 0 0 0 1 1 1 1 0 0 1 0 3 0 0 0 1 1 1 0 1 1 0 0 1 0 0 0 0 0 1 0 0 0 0 1 1 0 1 0 0 0 1 1 
0 1 0 1 0 1 1 0 1 1 0 0 1 1 1 0 0 0 1 0 0 0 1 0 1 1 0 1 1 0 0 0 0 0 1 1 1 0 1 1 1 0 0 0 0 1 1 0 1 0 1 0 

# Size = 16 | Time = 255 ms
1 1 1 0 0 0 0 0 1 1 1 0 1 1 1 1 1 0 0 0 3 0 1 1 1 1 1 0 1 0 0 1 0 1 1 1 0 0 0 1 1 0 1 0 0 0 1 0 1 0 1 1 
0 0 0 1 1 1 1 1 0 0 0 0 1 0 0 0 0 1 1 0 3 1 0 0 0 1 1 1 0 1 1 1 1 0 0 0 0 1 0 0 1 1 1 1 1 1 0 1 0 1 1 0 
0 1 0 0 0 0 1 1 0 1 0 0 1 1 0 0 0 1 0 1 0 1 1 1 1 0 0 0 2 1 0 1 0 0 0 0 0 1 0 0 0 1 1 0 0 1 1 1 0 1 0 1 
1 0 0 0 2 1 1 1 0 0 0 0 1 0 1 0 1 0 0 0 0 0 1 1 0 1 1 0 3 0 0 0 1 1 0 1 1 0 1 1 0 0 0 1 1 0 0 0 1 1 0 1 
0 1 1 1 2 0 0 0 1 0 1 1 0 1 0 0 1 1 1 0 3 0 1 0 0 1 1 1 2 0 1 0 0 1 0 1 1 0 1 0 1 0 0 0 0 1 0 0 1 0 1 0 
1 0 0 1 0 1 0 0 0 0 1 0 0 1 1 0 0 0 1 1 1 1 0 1 0 0 0 1 2 0 0 1 1 0 0 0 0 0 1 0 0 0 1 1 1 0 0 0 1 1 1 1 
1 0 1 1 2 1 1 0 1 1 0 1 0 1 1 0 0 0 1 1 2 1 0 0 0 1 0 1 1 0 1 0 0 1 0 1 1 0 1 0 1 1 0 0 0 1 0 1 0 1 0 0 
1 0 1 1 1 1 1 1 1 1 0 1 0 0 1 1 1 0 1 0 1 0 1 0 0 0 1 0 3 1 0 0 1 1 1 1 0 1 1 1 1 1 0 0 0 1 1 0 1 1 1 0 
0 1 1 0 2 1 0 1 0 1 1 0 1 1 0 0 1 0 0 1 3 1 0 0 1 0 0 1 3 1 0 1 0 0 1 0 0 0 0 1 0 1 1 1 0 1 1 1 0 0 0 1 
0 1 1 1 1 1 1 1 0 0 0 1 0 1 1 0 1 1 0 1 1 0 0 1 0 0 1 0 0 0 1 1 0 1 1 1 1 0 0 0 0 0 0 1 0 1 1 0 1 0 0 0 
1 0 1 0 0 0 1 0 0 0 1 1 1 0 1 0 0 1 1 1 2 0 0 0 1 0 0 1 3 0 1 0 1 1 1 1 0 1 0 0 1 0 1 1 0 1 0 0 1 0 0 0 
1 1 0 0 2 0 0 0 1 1 1 0 0 1 0 1 0 1 1 0 0 1 0 1 1 0 1 0 0 0 1 0 1 0 0 0 0 1 0 1 0 0 0 0 0 1 1 1 0 1 0 0 
1 1 1 1 0 1 0 1 0 0 0 0 1 1 1 1 0 0 0 0 2 0 1 1 1 0 0 1 0 0 0 0 0 0 0 1 1 1 1 0 1 1 0 1 1 0 1 1 0 0 1 1 
1 1 0 0 2 0 0 1 1 0 0 1 1 1 0 0 0 0 1 1 1 0 1 1 1 1 1 1 1 0 1 0 1 1 0 0 1 0 0 1 0 0 0 1 1 0 1 1 0 0 0 1 
0 1 0 0 1 0 0 1 1 0 0 0 1 0 0 1 1 0 1 1 2 1 0 1 0 0 1 0 2 1 1 1 0 0 1 0 0 1 1 1 0 0 1 1 0 0 1 0 0 0 1 1 
0 1 1 1 1 1 1 0 0 1 1 1 0 0 0 1 0 1 1 1 0 0 1 0 1 0 0 1 1 1 1 1 1 0 1 0 1 1 1 0 1 0 1 1 1 0 1 0 0 0 1 1 

# Size = 16 | Time = 339 ms
0 1 1 0 1 0 0 1 1 1 0 0 1 0 1 1 1 1 0 0 3 0 1 0 0 0 0 0 3 1 1 1 0 1 1 0 1 1 0 0 0 0 0 1 1 0 1 1 0 1 0 1 
1 0 0 1 1 1 0 0 1 0 1 1 0 1 0 0 0 0 1 1 1 1 1 0 0 1 1 1 2 1 0 1 0 1 1 0 0 0 1 0 1 1 1 1 1 1 0 0 1 0 0 0 
0 0 0 1 1 0 1 1 0 1 1 1 1 1 1 0 0 0 1 0 0 0 1 1 0 0 0 1 0 0 1 0 1 1 1 1 0 1 0 1 1 0 0 1 1 1 1 1 0 1 0 1 
1 0 1 1 0 0 1 0 0 1 0 1 1 1 0 1 1 0 1 0 1 1 0 1 0 1 1 0 1 0 1 0 1 0 0 1 0 0 0 0 1 1 0 0 0 1 1 0 0 1 0 0 
0 0 1 1 2 1 0 1 1 0 0 0 1 0 0 0 1 1 1 1 1 1 1 0 1 0 1 0 0 1 0 0 0 0 1 1 0 1 1 1 1 1 1 0 0 0 0 1 0 0 1 1 
1 1 0 1 2 1 1 0 1 1 1 0 1 0 0 1 1 0 1 0 3 1 1 1 1 1 1 0 2 0 0 0 1 1 1 1 1 0 1 1 0 1 0 1 0 1 1 0 1 0 1 1 
0 0 1 0 0 1 0 1 1 1 1 0 1 1 1 0 1 1 0 0 0 1 0 0 0 1 1 0 3 0 1 1 0 1 0 1 0 0 0 0 0 1 1 0 0 1 0 0 1 0 1 0 
1 1 1 0 0 0 1 0 0 0 0 1 0 0 0 0 0 0 0 1 0 0 1 0 0 0 0 0 2 1 0 0 1 0 0 1 1 1 1 1 0 1 0 1 1 1 1 1 0 0 0 0 
1 0 0 0 0 0 1 0 0 1 0 1 0 1 1 0 1 0 0 0 3 0 1 0 0 1 1 1 0 1 0 0 0 0 0 0 0 1 1 1 1 1 0 1 1 1 0 0 1 0 0 0 
0 0 0 1 0 0 1 0 0 1 0 0 0 0 0 1 0 1 1 0 2 1 0 1 1 1 1 1 3 1 1 1 0 0 1 0 0 0 1 1 1 1 1 0 0 0 1 0 1 0 1 1 
1 1 1 0 2 0 0 1 0 0 0 0 0 1 1 1 0 0 1 1 2 0 0 1 0 1 0 0 0 0 1 1 1 1 1 1 1 0 1 0 0 1 1 0 0 1 1 0 0 1 0 0 
0 0 0 0 2 1 0 1 1 0 1 1 0 1 1 1 1 1 0 1 0 0 0 1 1 0 1 1 1 0 0 1 0 0 0 0 1 0 1 0 0 0 1 1 1 0 1 0 1 0 1 1 
1 1 0 0 1 1 1 0 0 0 0 1 0 1 0 0 1 1 1 0 2 1 1 1 1 0 0 0 1 1 0 0 1 1 0 0 1 1 1 1 1 0 0 1 1 0 0 0 1 1 1 1 
0 1 1 0 0 0 1 1 1 1 1 0 1 0 1 0 0 1 0 1 2 1 0 0 1 1 0 1 2 1 1 0 1 0 0 1 0 1 0 0 0 0 0 0 0 0 1 1 0 1 0 1 
1 0 1 1 1 0 1 0 1 0 0 0 0 0 1 0 0 0 0 1 3 0 0 0 1 0 0 0 1 1 1 1 0 0 1 1 1 0 0 0 0 0 1 0 0 1 1 1 0 0 1 0 
1 1 1 0 2 1 0 1 0 0 1 1 1 1 1 0 1 0 0 1 1 0 1 1 0 0 0 0 3 0 0 0 1 0 1 0 1 0 0 0 0 0 1 1 1 0 1 0 0 1 1 1 

# Size = 16 | Time = 234 ms
0 1 0 1 2 0 0 0 0 0 0 0 0 0 0 0 0 1 1 0 1 0 0 1 1 0 1 1 0 0 0 0 1 0 1 1 1 0 1 1 0 1 1 1 1 0 0 0 0 0 1 1 
1 1 1 0 2 1 0 0 0 1 0 1 1 1 1 1 1 0 1 1 1 0 1 0 1 0 1 0 2 1 1 1 0 1 0 1 0 1 0 0 0 0 0 1 0 0 1 1 0 1 0 1 
1 0 1 1 0 0 1 1 0 1 1 1 0 1 1 1 0 0 1 0 3 0 0 0 1 1 0 0 0 0 0 1 0 0 0 0 1 1 0 0 1 0 1 0 0 0 1 0 0 0 0 1 
0 1 1 0 1 0 0 0 1 0 1 1 0 0 0 1 1 0 1 1 2 0 1 1 0 1 0 0 0 0 1 1 0 1 1 1 1 0 1 1 0 0 0 1 1 1 1 1 0 0 0 0 
0 0 1 0 0 1 1 0 1 0 0 0 1 0 1 0 0 0 1 1 2 1 0 0 1 0 0 1 1 0 0 0 1 1 0 1 1 0 1 1 0 0 1 1 1 1 0 1 0 1 0 1 
0 0 0 1 1 1 0 0 0 1 0 1 1 0 0 1 1 0 0 0 0 1 1 0 1 1 0 1 0 1 1 0 1 1 1 1 0 1 1 0 0 0 0 1 1 0 1 0 1 1 1 1 
1 1 1 0 2 1 1 1 1 0 1 0 0 1 1 1 1 1 0 0 0 0 1 0 0 0 0 0 3 1 0 1 1 1 0 0 0 0 0 0 1 0 1 1 1 1 1 1 0 1 1 0 
0 0 1 1 1 0 0 0 1 0 1 0 1 1 0 0 1 0 0 0 3 0 0 1 1 0 1 1 2 0 1 0 0 0 0 1 0 1 0 0 1 0 1 1 1 0 0 0 1 1 0 1 
1 1 0 0 1 0 1 1 0 1 0 1 0 0 1 0 0 1 0 1 2 0 0 0 1 0 0 0 2 0 0 1 0 1 0 0 0 1 0 0 1 1 0 0 0 1 0 0 0 0 1 1 
1 1 0 0 0 0 0 1 1 0 1 1 1 0 1 0 0 1 1 1 0 1 0 1 0 1 1 1 2 0 0 1 1 0 1 0 1 0 1 1 0 1 0 0 0 1 0 0 1 1 0 0 
0 0 1 1 2 1 1 0 1 1 1 0 1 1 1 0 0 0 0 0 2 0 0 1 0 1 1 1 3 1 1 0 1 0 1 1 1 0 1 0 1 1 1 0 0 0 0 0 1 1 0 1 
0 0 1 1 1 1 0 0 1 1 0 0 1 0 1 0 1 0 0 1 1 0 0 1 0 1 0 1 3 0 0 1 0 0 0 0 0 1 1 1 0 1 1 1 1 1 1 1 0 0 1 0 
0 1 0 0 2 1 0 1 0 0 1 1 1 1 0 1 1 1 0 0 3 1 1 1 0 1 1 1 1 1 1 0 1 1 1 1 0 0 0 1 1 1 0 1 0 1 1 0 1 1 1 0 
1 1 0 1 0 0 1 0 0 0 0 1 1 0 0 0 1 1 1 1 3 1 1 1 1 1 0 0 3 1 1 0 1 1 0 0 1 0 1 1 0 1 0 0 0 1 0 1 0 0 1 0 
0 1 0 1 0 1 1 1 0 1 1 0 0 0 1 0 0 1 0 1 1 1 1 0 0 0 0 0 1 1 0 1 0 0 0 0 0 1 0 0 1 1 0 0 0 0 0 0 1 0 1 1 
1 0 1 0 1 0 1 1 0 1 0 0 0 1 0 1 0 1 0 1 0 0 1 1 0 1 1 1 1 0 1 0 0 0 0 1 1 0 0 0 1 1 0 1 1 1 1 0 1 0 0 0 

# Size = 16 | Time = 139 ms
0 1 0 0 0 0 0 0 0 1 0 1 0 1 1 1 1 1 1 1 1 0 1 1 0 0 1 0 3 0 0 0 1 1 0 1 1 0 0 1 1 1 0 1 0 1 1 0 0 0 1 0 
1 0 0 1 0 1 1 0 0 1 1 0 1 0 0 1 0 0 0 1 3 0 1 0 0 0 1 1 1 0 1 1 1 0 1 0 0 1 0 1 0 0 0 1 1 0 1 0 1 1 0 1 
0 1 1 0 1 1 1 1 0 1 1 1 1 1 1 0 0 0 1 0 1 1 0 1 0 0 0 1 2 1 0 0 1 1 0 0 0 1 1 1 1 0 1 1 1 1 0 0 1 1 1 0 
1 0 1 1 2 1 0 1 1 0 0 0 1 0 0 0 1 1 0 1 1 0 0 0 1 1 0 0 1 0 0 1 0 0 0 0 1 0 1 1 1 1 0 0 0 1 0 1 0 0 1 0 
0 0 0 0 2 1 0 1 1 0 1 0 1 1 0 1 0 0 0 0 0 1 1 0 0 1 0 0 2 1 1 1 1 1 0 0 0 0 1 0 1 1 0 0 0 0 1 0 0 1 0 1 
0 0 0 1 0 1 0 1 1 0 0 1 0 0 1 0 0 0 1 0 3 1 0 0 1 0 1 0 2 0 0 0 0 0 0 1 1 1 0 0 1 1 1 0 0 1 1 1 0 0 0 0 
1 1 0 1 1 1 1 0 1 0 0 0 0 1 1 1 0 1 1 0 2 1 1 0 1 1 1 1 3 1 0 1 0 0 1 1 0 1 1 0 0 1 0 0 0 0 1 0 1 0 1 1 
0 0 1 1 1 1 0 0 1 1 0 1 1 1 1 0 1 0 1 0 1 0 1 1 1 1 1 1 0 1 1 0 0 0 1 0 1 1 0 0 0 1 1 1 1 0 1 0 1 1 0 1 
0 1 1 0 0 1 0 1 1 0 0 0 1 0 0 1 0 0 0 1 2 1 0 1 0 0 1 0 0 1 1 0 1 0 0 1 0 1 0 1 0 0 1 1 0 1 1 1 0 0 0 1 
1 0 0 0 1 0 1 0 0 0 1 0 1 1 0 0 1 0 0 1 3 0 1 0 0 0 0 0 0 0 1 1 0 0 1 0 0 0 1 0 1 1 1 1 1 1 0 0 0 0 1 0 
0 1 1 1 1 1 0 0 0 0 1 0 0 1 1 1 1 1 0 1 0 1 0 1 1 1 1 1 1 0 1 0 0 0 0 1 1 0 1 1 1 1 1 0 0 1 1 0 1 1 1 0 
1 1 1 1 1 0 1 0 0 0 1 0 0 0 1 0 1 1 1 1 2 0 1 1 0 0 0 1 2 0 1 1 1 0 1 0 1 0 1 1 0 0 1 1 1 1 1 1 0 1 0 0 
1 0 0 1 2 0 1 0 0 1 1 1 0 1 1 0 0 1 1 0 0 0 1 1 1 0 0 1 0 1 0 0 1 1 1 1 1 1 0 1 0 0 0 0 0 1 0 1 0 0 1 1 
0 0 1 1 0 0 1 1 1 1 0 0 1 0 1 0 0 0 0 0 0 1 0 1 1 1 0 0 3 1 1 1 0 1 1 0 1 1 1 0 0 0 0 1 1 0 0 1 0 1 0 1 
1 1 1 1 2 0 0 0 0 1 1 1 0 0 0 0 0 1 0 1 3 0 1 1 0 1 0 0 3 1 0 1 0 1 1 1 1 1 0 1 0 0 1 1 1 0 1 0 1 1 0 1 
1 0 1 0 2 0 0 0 1 1 0 1 1 0 0 0 0 0 1 0 2 1 1 0 1 0 1 0 1 1 1 1 1 1 0 1 1 1 1 0 1 1 0 1 0 1 0 0 0 0 0 1 

# Size = 16 | Time = 330 ms
1 1 0 1 1 0 0 0 1 1 0 0 0 1 0 1 1 0 1 0 3 1 1 0 1 1 0 0 2 0 0 0 1 0 0 1 1 1 1 1 0 1 1 0 0 1 1 0 1 1 0 0 
1 1 0 0 1 1 0 0 1 0 1 0 0 1 1 1 0 1 1 0 1 0 0 0 0 0 1 1 0 0 1 1 0 1 1 1 1 0 0 0 1 0 1 0 0 0 1 0 1 0 1 1 
0 0 0 1 1 0 1 0 0 1 1 1 0 0 0 0 1 0 1 1 1 1 1 1 0 0 0 0 3 1 0 0 1 0 1 0 1 0 0 0 1 0 0 0 0 1 0 1 0 0 1 0 
1 0 1 0 0 1 1 1 0 1 1 1 0 0 0 0 0 0 0 1 3 1 1 0 1 1 1 0 0 1 1 0 0 0 1 0 0 0 1 0 0 1 0 1 0 1 1 1 0 1 0 0 
1 0 0 1 2 0 1 0 1 1 1 0 0 1 1 0 1 1 0 1 2 1 0 0 0 0 0 1 2 0 0 1 1 1 1 0 1 0 0 1 0 0 0 0 0 1 0 1 0 0 1 0 
1 1 1 0 1 1 1 0 1 0 0 1 1 0 1 0 1 1 0 0 0 1 0 1 0 0 0 0 0 1 1 1 1 0 0 1 1 1 0 0 1 0 1 1 1 1 0 0 1 1 0 0 
0 0 1 1 2 1 1 1 0 1 1 0 0 0 1 0 0 1 0 0 1 0 0 1 0 1 1 1 2 1 0 1 0 0 1 0 0 1 0 0 1 0 0 1 1 0 0 1 0 0 0 1 
0 0 1 1 0 0 1 0 0 0 0 1 1 1 1 0 0 0 0 1 3 0 0 0 1 1 1 1 3 0 0 0 0 1 0 1 1 0 0 1 1 0 1 1 1 1 0 0 0 0 1 0 
1 0 1 0 1 1 0 1 0 1 1 0 0 1 0 0 1 0 0 0 2 0 0 1 0 0 0 0 1 1 1 0 0 0 1 1 0 1 0 1 0 1 1 1 1 0 1 0 1 0 1 1 
0 1 1 0 2 0 0 0 0 0 1 0 0 0 0 0 1 0 0 1 0 0 0 0 1 1 0 0 3 1 0 1 0 0 0 0 0 0 1 1 1 0 0 1 1 0 0 0 1 0 0 1 
1 0 0 1 1 0 1 1 0 1 1 0 1 1 1 1 0 0 0 0 0 0 1 0 0 1 1 1 1 0 0 1 1 1 1 0 0 1 0 0 0 1 0 0 0 1 1 0 1 0 0 0 
0 1 1 0 0 1 0 1 1 1 0 1 1 0 1 0 1 1 1 1 1 0 1 1 1 1 0 1 1 1 0 1 1 0 0 1 1 0 1 1 0 1 1 1 0 0 0 0 1 1 1 1 
1 1 1 1 2 0 1 0 0 0 0 1 1 0 0 1 1 1 1 1 3 1 1 1 0 0 1 1 1 0 1 1 1 0 1 1 1 0 1 0 1 0 0 0 0 0 1 1 0 0 0 1 
1 1 0 1 0 1 1 1 1 0 0 0 0 0 1 1 0 1 1 0 2 0 1 1 1 0 1 0 3 0 1 0 1 1 1 0 1 1 1 0 0 1 1 1 1 1 1 1 0 1 0 1 
0 1 1 1 2 0 1 0 0 1 0 1 1 0 0 1 0 1 0 0 2 0 0 0 0 1 0 1 0 1 0 0 0 1 0 1 0 0 1 1 1 1 1 1 0 1 1 0 0 1 0 0 
0 0 0 0 0 0 0 1 1 0 1 1 1 0 0 0 1 1 1 1 0 0 0 0 0 0 1 1 2 1 1 0 1 0 0 0 0 1 0 0 0 1 1 0 0 1 0 1 0 0 1 0 

# Size = 16 | Time = 391 ms
1 0 1 0 2 0 0 0 0 1 0 0 0 1 1 1 1 0 1 1 2 0 0 0 1 1 0 0 1 1 0 0 1 0 1 0 0 0 0 0 0 0 0 1 1 1 1 1 0 0 0 0 
1 1 0 1 2 0 1 0 0 0 1 0 0 0 1 0 0 1 0 0 0 1 0 1 0 0 0 0 1 0 1 0 1 1 1 1 1 1 1 1 0 1 1 0 0 0 0 1 0 0 0 1 
1 0 1 1 0 0 1 0 1 1 0 1 1 1 1 1 0 0 0 1 0 1 0 1 0 0 1 0 0 1 1 0 1 1 1 1 1 0 1 0 0 0 1 0 0 1 1 1 0 1 0 1 
0 1 0 0 1 1 1 0 1 0 1 0 1 1 0 0 1 1 0 0 2 1 1 1 1 1 1 0 0 0 0 1 0 1 0 1 0 1 1 0 0 1 0 1 0 1 0 0 1 1 1 0 
1 1 0 1 0 0 0 1 1 0 1 1 0 1 0 1 0 1 1 0 3 0 1 0 0 0 1 1 1 1 0 1 0 0 0 1 0 0 0 0 1 1 0 1 1 0 1 0 1 0 0 1 
0 0 1 0 0 0 1 1 1 0 0 0 0 1 1 1 1 0 0 0 1 0 1 0 1 0 0 0 2 0 0 1 1 1 1 1 0 1 0 0 0 0 1 0 0 1 1 1 0 0 0 0 
0 1 0 1 2 0 0 1 0 1 0 0 0 0 0 0 1 0 1 1 1 0 0 0 1 1 0 0 0 0 0 1 0 0 0 0 1 0 0 1 1 0 1 1 1 0 0 1 0 0 1 1 
0 1 0 0 1 0 0 0 0 0 1 1 0 1 0 1 1 0 1 0 0 0 1 0 1 1 0 0 3 0 0 1 1 0 0 0 0 1 1 1 1 0 1 1 1 0 1 0 1 0 1 1 
1 0 0 0 1 0 0 1 1 1 1 1 0 0 0 1 1 0 1 1 2 0 0 1 0 0 0 1 3 0 1 1 0 1 0 1 1 0 1 1 0 0 1 1 1 1 1 1 0 1 0 0 
1 1 1 1 0 1 0 1 0 1 0 0 1 0 1 0 0 0 0 0 3 1 1 1 0 1 0 0 3 1 1 1 0 0 0 0 0 0 0 1 0 1 0 1 1 1 0 0 0 1 1 0 
0 0 1 0 1 1 0 1 0 1 0 1 1 1 1 1 0 1 0 0 3 0 1 0 1 0 0 1 0 0 0 0 0 1 1 0 1 1 1 0 0 1 1 0 0 1 1 1 0 0 1 0 
1 0 1 1 0 1 0 0 1 0 1 1 1 1 0 0 0 0 1 1 2 1 1 1 1 0 1 1 2 0 1 0 1 0 0 0 1 1 1 1 1 1 1 0 0 0 1 0 1 1 1 1 
0 0 0 0 2 1 1 0 0 0 1 1 0 0 1 0 1 1 0 1 3 0 0 0 0 1 1 0 2 1 1 1 1 1 1 1 0 0 1 0 1 0 1 0 0 1 1 0 0 1 1 0 
1 0 0 0 2 1 1 0 1 1 0 1 1 1 0 0 1 1 1 1 1 1 1 0 0 1 1 1 3 1 1 0 0 0 1 1 1 0 1 0 1 1 0 0 0 0 0 0 1 1 1 1 
0 1 0 1 1 1 1 0 0 0 1 1 1 1 1 0 0 0 1 1 1 1 0 1 0 1 0 0 1 1 0 1 0 0 1 0 1 1 1 1 1 1 1 1 1 0 0 0 1 1 1 1 
0 1 1 1 1 1 0 1 0 1 1 0 1 0 0 0 1 0 0 1 0 0 0 1 1 1 1 1 2 0 0 1 0 0 0 1 0 0 0 0 1 1 0 1 1 1 0 0 1 1 0 0 

# Size = 16 | Time = 155 ms
1 1 0 0 0 1 1 0 1 0 1 0 1 0 0 1 1 1 1 0 1 0 0 0 0 1 1 1 0 0 0 0 0 0 0 0 1 1 1 1 0 0 0 1 0 0 1 1 0 0 1 1 
0 1 1 1 0 1 1 1 0 1 0 0 1 0 1 0 0 1 0 0 1 1 1 0 0 1 1 0 3 1 1 1 1 1 1 0 0 0 0 1 1 1 0 0 0 0 0 1 0 1 1 1 
1 0 0 0 2 0 0 1 1 1 1 0 0 0 1 0 1 1 0 1 3 1 1 0 0 0 0 1 2 0 0 1 1 0 1 0 0 0 1 0 0 0 0 1 0 1 0 0 1 1 0 1 
0 0 0 1 2 0 1 0 1 1 0 1 0 1 0 1 0 1 0 1 3 0 0 0 1 0 1 0 1 1 1 1 1 1 0 0 0 0 1 0 1 0 1 0 0 1 1 1 0 0 0 0 
1 0 0 1 2 1 1 1 0 0 0 0 1 1 0 0 1 1 1 1 2 0 0 1 0 0 0 1 0 0 0 0 1 1 0 0 0 1 0 1 1 1 1 0 0 1 0 1 0 1 0 1 
1 0 1 1 0 1 1 1 0 1 1 0 0 0 1 1 0 1 1 1 0 0 0 1 0 0 0 0 1 1 1 0 0 0 1 1 1 1 1 0 0 1 0 1 1 1 1 1 0 1 1 1 
1 1 0 0 1 0 0 0 0 1 1 0 0 0 0 0 1 1 1 0 2 0 1 0 0 1 0 1 1 1 0 1 0 1 0 0 1 0 0 1 1 1 1 1 0 1 0 1 0 0 1 0 
0 1 0 0 0 1 0 1 0 0 1 1 1 1 1 1 1 0 1 1 3 0 0 1 1 1 0 0 3 0 0 0 0 0 0 1 1 1 0 1 0 1 1 0 0 1 1 0 1 1 0 0 
1 0 1 1 2 1 0 0 0 0 0 1 0 1 0 1 0 0 1 0 1 1 0 0 0 1 1 1 2 1 0 1 0 1 1 1 0 1 1 0 1 0 1 1 1 1 1 1 0 0 0 0 
1 0 1 1 1 0 1 1 1 0 0 0 0 1 0 0 1 1 0 1 0 1 1 0 0 1 0 1 3 1 0 0 1 1 1 1 0 1 0 1 1 0 0 1 1 0 0 0 1 0 0 1 
1 0 1 1 1 0 0 0 0 0 0 0 1 0 1 0 0 0 0 1 1 1 1 1 1 0 0 0 1 0 1 1 1 0 1 0 1 0 1 1 1 1 1 0 0 0 1 0 1 0 0 1 
0 1 0 1 2 0 0 1 1 1 1 1 0 1 1 0 1 0 1 0 0 1 1 1 1 1 0 1 0 0 1 1 0 0 1 1 1 0 1 0 0 0 0 1 1 1 1 0 1 0 1 0 
0 1 1 0 1 0 1 0 1 1 0 0 1 1 1 1 1 1 0 0 0 0 1 1 1 0 1 0 2 1 0 1 0 0 0 0 1 1 1 0 1 1 1 0 0 1 1 1 0 0 1 0 
1 0 1 1 1 1 1 0 0 1 1 1 1 0 0 0 0 0 0 0 3 1 0 0 1 0 1 0 0 1 1 0 1 0 0 0 1 1 0 0 0 0 0 1 1 0 0 0 0 1 1 1 
0 0 1 0 2 1 1 0 1 0 0 0 1 0 1 1 0 0 0 0 2 0 0 0 0 0 1 1 3 1 0 1 0 1 0 1 1 0 1 0 0 0 0 1 1 0 1 0 1 1 1 1 
0 0 1 0 0 0 0 1 1 1 1 1 1 1 1 0 1 0 0 0 2 1 0 1 1 0 0 0 2 1 1 0 0 0 1 0 1 0 0 1 1 1 0 0 0 0 0 1 0 0 0 1 

# Size = 16 | Time = 282 ms
1 1 0 0 0 1 1 0 1 1 1 1 1 1 1 1 0 1 0 1 2 1 0 1 0 1 0 0 2 1 0 0 0 1 0 1 0 0 0 1 0 1 1 1 1 1 1 0 0 0 0 1 
1 0 0 0 1 1 1 1 1 0 0 0 1 1 1 0 0 1 0 1 1 0 1 0 1 1 0 1 1 0 1 0 1 1 1 0 0 0 0 1 0 1 0 0 0 1 0 0 1 1 1 0 
1 1 1 1 2 0 0 1 1 0 0 0 1 1 1 1 0 0 0 0 3 1 0 0 1 0 0 0 2 1 0 1 1 0 1 0 1 1 0 0 1 1 1 0 0 1 1 1 0 1 0 0 
0 0 1 0 0 1 0 0 1 1 1 0 1 1 1 1 1 1 1 0 0 0 1 0 1 1 0 0 3 0 0 0 0 0 0 1 1 1 0 0 1 1 0 0 0 1 1 1 0 0 1 0 
0 1 1 0 2 1 0 0 0 0 1 1 0 0 0 0 1 0 1 1 1 1 0 1 0 1 1 1 3 1 0 1 1 1 0 1 0 1 1 1 1 1 1 1 1 1 1 1 0 0 1 0 
1 0 0 1 0 0 0 1 0 0 1 1 1 1 0 0 0 1 0 1 3 1 1 0 0 0 0 0 3 0 1 0 0 0 0 1 0 0 0 0 0 0 0 1 0 0 0 0 1 1 0 1 
1 1 1 1 1 0 0 0 0 1 1 1 0 0 0 0 1 0 1 0 1 0 0 0 0 0 0 1 0 1 1 0 0 1 0 0 1 1 0 0 0 0 0 0 0 0 1 0 1 0 1 1 
0 1 1 1 0 1 0 1 0 1 1 1 1 1 1 0 0 1 0 0 2 0 0 1 1 1 1 1 1 1 0 1 0 1 1 1 1 1 1 0 0 0 0 1 1 1 0 0 1 1 1 0 
1 1 1 0 2 0 1 0 1 1 0 0 0 0 1 0 0 0 1 1 0 1 1 0 1 0 1 0 1 1 1 0 0 0 1 1 1 0 1 1 0 0 1 1 1 1 0 0 1 1 0 1 
1 0 0 1 1 1 0 1 1 0 1 1 1 0 0 0 0 1 0 1 0 1 0 1 0 1 0 1 2 1 1 1 1 0 1 1 1 1 1 1 1 0 0 1 0 0 0 1 0 0 1 1 
0 0 0 0 0 1 1 1 0 1 0 1 1 0 0 1 1 0 0 1 0 0 1 0 0 1 1 1 0 0 0 0 1 1 0 0 0 1 0 1 0 1 0 1 0 1 1 1 0 1 0 0 
1 0 1 1 1 0 1 0 1 0 0 0 0 0 0 1 0 0 1 1 2 0 1 0 1 1 0 0 3 1 0 1 1 0 1 0 0 0 1 1 0 1 1 0 0 0 1 1 0 0 0 1 
1 0 0 0 2 0 1 1 0 1 0 1 0 1 0 1 1 0 1 1 3 0 0 1 0 1 1 0 1 0 0 1 0 1 0 1 1 1 1 1 1 0 1 0 0 0 1 1 0 0 0 1 
0 1 0 1 1 1 0 0 1 1 1 0 0 0 0 0 0 1 0 0 3 1 1 1 1 0 1 1 0 1 1 0 1 0 1 0 0 0 0 1 1 0 1 1 1 0 0 0 0 1 1 1 
0 1 1 0 0 0 1 0 0 0 1 0 0 1 1 1 1 1 1 0 1 0 1 0 1 0 1 0 2 0 1 0 1 0 1 1 1 1 0 0 1 0 0 1 0 0 1 0 1 0 0 1 
0 0 1 0 2 0 1 0 1 0 0 0 1 1 1 0 1 1 0 1 2 0 1 1 0 0 0 0 0 0 1 1 0 1 1 1 1 0 1 1 1 0 0 1 1 1 0 0 0 0 0 1 

# Size = 16 | Time = 138 ms
1 1 0 0 1 0 0 1 1 1 0 0 0 1 0 1 0 1 0 0 3 1 0 0 1 0 0 1 1 1 0 1 1 1 0 1 1 1 0 0 0 1 1 0 0 1 1 1 0 1 0 0 
0 1 0 1 1 1 1 0 0 0 0 0 1 0 1 1 1 1 1 0 0 1 0 0 0 0 1 1 1 0 0 0 0 0 1 1 0 0 1 0 1 0 1 1 1 0 1 0 1 0 0 1 
1 0 0 1 0 0 0 1 0 1 0 1 0 1 0 0 0 0 0 0 2 0 1 1 0 0 1 1 1 0 0 0 1 0 0 1 1 0 1 0 1 0 0 1 1 0 0 1 0 1 0 1 
0 1 1 1 2 1 0 1 0 0 1 0 1 0 0 0 0 0 1 0 2 1 1 1 0 1 0 0 0 1 1 0 0 0 0 0 1 0 0 1 0 1 0 0 0 1 1 0 1 1 0 0 
0 0 1 0 2 1 1 1 1 1 1 1 1 1 1 1 1 1 1 1 1 1 1 1 0 1 1 0 1 1 1 0 1 1 0 0 1 1 1 1 1 0 1 1 1 0 1 1 0 0 1 1 
1 0 0 0 1 0 1 0 0 1 0 0 1 0 0 1 0 1 1 0 1 0 1 0 0 0 0 0 0 0 0 0 0 1 1 0 0 1 0 0 1 0 0 1 1 0 1 1 0 1 0 1 
1 1 0 1 0 1 1 0 1 1 1 1 1 0 0 0 0 0 0 1 0 0 0 1 1 1 0 0 2 1 1 0 1 0 0 1 1 1 1 0 0 0 1 0 0 1 0 1 0 0 0 0 
1 0 0 0 2 0 0 1 1 1 0 1 0 1 1 0 0 1 1 0 2 1 1 1 1 1 1 1 2 1 1 0 0 0 1 1 0 1 0 0 0 0 1 1 1 1 1 1 0 0 1 1 
1 0 0 0 1 1 1 0 0 0 1 1 1 1 0 1 1 0 0 1 2 0 0 0 1 1 1 0 3 1 0 1 1 1 0 1 1 0 0 1 1 1 0 1 1 1 1 0 0 1 0 0 
1 0 1 1 1 0 1 1 0 0 1 1 0 1 1 0 0 1 1 1 0 1 0 1 1 1 1 1 0 1 0 1 0 1 0 1 1 1 1 1 1 1 1 1 0 1 0 1 0 1 0 0 
0 1 1 0 2 0 1 0 1 1 0 1 0 0 0 1 1 0 1 1 3 0 0 1 0 1 0 1 3 0 1 1 0 0 0 0 0 0 1 1 0 0 0 1 1 0 1 0 1 0 1 1 
0 0 0 1 1 1 1 1 0 0 1 0 1 1 1 0 1 1 1 0 3 0 1 0 1 1 1 0 2 0 1 1 1 1 1 0 1 1 0 0 0 1 1 1 0 0 0 0 1 1 1 1 
1 0 1 0 0 0 1 0 1 0 1 0 0 0 1 1 0 0 0 1 1 1 0 0 0 0 0 0 2 0 0 1 1 0 1 1 0 0 0 1 1 1 0 0 0 0 1 0 1 1 0 1 
1 1 0 1 0 0 0 1 1 0 1 1 0 1 1 0 1 1 1 0 1 1 0 1 1 0 0 1 3 0 0 0 0 0 1 0 0 0 0 0 0 1 1 0 0 1 0 0 1 0 0 0 
1 1 1 0 2 1 0 0 0 1 1 0 0 1 0 0 0 0 0 1 0 1 1 0 1 0 1 0 3 1 0 1 0 0 0 0 0 1 0 0 0 1 0 0 0 1 0 1 0 1 1 0 
0 1 0 0 0 0 0 0 1 0 0 1 0 1 0 0 1 1 0 1 3 0 0 0 0 0 1 1 0 1 1 0 1 1 0 0 1 0 1 1 1 1 1 0 0 1 1 0 0 0 1 1 

# Size = 16 | Time = 301 ms
0 1 0 1 0 1 0 0 0 0 0 0 1 1 0 0 0 0 1 0 0 1 1 0 0 1 0 0 0 1 1 1 0 0 0 1 0 1 1 0 1 1 1 0 0 0 0 0 1 0 1 1 
1 1 1 1 1 0 1 1 0 0 1 0 0 0 1 0 0 0 0 1 1 1 1 0 0 0 0 1 0 1 1 0 0 0 1 0 1 1 1 1 0 1 1 0 0 1 1 0 1 1 0 1 
0 1 1 0 1 1 0 0 0 1 1 1 1 0 0 1 1 0 1 0 1 0 0 1 1 0 0 0 3 1 1 1 1 0 0 1 1 0 0 1 1 0 0 0 0 1 1 0 1 0 1 0 
1 0 1 0 1 1 1 0 0 0 1 0 0 1 0 1 0 1 1 1 0 1 0 1 1 1 1 1 2 0 0 1 0 0 0 0 1 0 1 1 1 0 0 1 0 1 1 1 0 0 1 0 
0 1 0 1 0 0 1 1 1 1 0 1 0 1 0 0 0 1 1 0 0 1 0 1 1 0 1 1 3 1 0 0 1 1 1 1 1 1 0 0 0 1 1 1 1 0 0 1 0 1 0 1 
1 0 0 0 2 1 0 0 0 1 0 1 0 0 1 0 1 1 0 1 0 0 1 1 1 0 0 1 1 0 0 1 1 0 1 0 1 1 0 1 1 0 1 0 0 0 0 0 1 1 1 1 
0 0 0 0 0 0 1 0 0 1 1 0 1 0 1 0 0 1 0 1 2 0 1 1 0 1 0 1 0 0 0 0 0 1 0 0 0 0 0 0 0 0 0 1 1 1 1 0 1 0 1 0 
0 1 1 1 0 1 0 1 0 1 1 1 0 0 0 0 0 0 1 0 3 1 0 1 0 1 1 1 1 1 0 0 1 0 0 1 1 0 0 1 0 1 0 1 1 1 0 1 0 0 0 0 
1 1 0 1 1 0 0 1 1 1 1 0 0 0 0 0 1 1 1 1 2 0 1 0 1 0 0 1 3 0 1 1 1 0 0 0 0 0 1 1 0 1 1 0 0 0 0 0 0 1 0 1 
0 1 1 1 1 1 1 0 1 0 0 0 1 1 1 0 1 0 0 1 3 0 0 0 0 0 0 0 2 0 0 0 1 1 1 1 1 0 0 0 0 1 0 1 1 1 0 1 0 0 1 0 
0 0 1 0 2 0 0 0 1 0 1 1 1 0 1 1 0 1 0 1 3 1 1 0 0 1 1 1 3 1 1 1 0 1 0 0 1 1 0 0 0 0 1 1 0 1 1 0 1 1 0 0 
1 1 0 1 2 0 0 1 0 1 0 0 1 0 1 0 0 0 1 0 2 1 0 1 0 0 1 0 2 0 1 1 1 1 0 1 1 1 0 1 0 0 0 1 0 0 0 1 0 0 1 1 
1 1 1 0 1 1 1 0 1 0 0 1 0 1 0 1 1 1 0 0 2 1 0 0 0 0 1 0 1 1 0 0 0 1 1 0 0 0 1 0 1 1 0 1 1 0 1 0 0 1 0 1 
1 0 0 1 0 1 1 0 0 0 0 1 0 0 1 1 1 0 1 1 1 1 1 0 0 1 1 0 2 1 0 1 1 1 0 1 0 1 0 0 1 1 1 0 0 0 1 0 1 1 0 1 
1 0 0 0 2 0 1 1 1 0 1 1 1 1 1 1 1 0 1 1 3 0 0 0 1 1 1 0 0 1 1 0 1 0 1 0 0 1 1 1 1 1 0 0 0 0 1 1 0 0 0 1 
1 0 1 1 2 0 1 1 1 1 1 0 1 1 0 0 0 1 1 0 1 0 1 1 1 1 0 1 1 0 1 1 0 1 0 1 0 0 1 0 1 0 1 1 1 1 0 1 0 1 0 1 

# Size = 16 | Time = 210 ms
0 1 0 0 1 0 1 1 1 1 1 0 1 0 0 1 0 0 0 0 3 0 1 1 1 0 1 0 1 0 1 1 1 0 1 0 0 0 0 1 0 1 1 1 1 0 1 0 1 1 0 1 
0 0 1 0 2 1 0 0 0 0 0 1 1 1 1 0 0 1 1 0 3 0 0 0 1 1 1 0 2 1 0 0 1 1 1 0 1 0 1 0 0 0 0 0 0 1 0 1 0 1 1 1 
0 1 0 1 1 1 1 1 0 1 0 1 0 1 1 0 0 0 0 1 0 1 0 0 1 1 0 0 0 0 0 1 1 1 1 0 0 1 0 0 1 1 1 0 0 1 0 0 1 1 1 0 
1 0 0 0 2 0 0 0 1 1 0 0 1 0 1 0 0 1 0 1 2 1 1 1 1 0 0 0 0 0 1 1 0 0 0 1 0 0 0 1 0 0 1 1 1 1 1 0 0 0 1 1 
1 0 0 0 0 0 1 0 0 1 0 0 1 1 0 0 0 1 0 1 1 0 0 1 1 1 1 0 3 0 1 1 1 0 0 1 0 1 0 0 0 0 0 1 1 0 0 1 0 1 0 1 
0 0 1 0 2 1 0 1 0 1 1 0 0 0 1 1 1 0 1 0 3 1 1 1 0 1 0 0 3 1 0 1 0 1 0 1 1 1 0 1 1 1 1 1 1 1 1 1 0 0 1 1 
0 1 0 1 1 0 0 0 1 0 1 1 1 0 0 1 0 1 0 1 2 0 1 0 0 0 0 1 3 1 1 0 1 1 0 0 1 0 1 1 1 1 0 0 0 1 1 0 1 0 0 0 
0 1 0 1 0 0 1 1 1 0 0 0 0 1 1 0 1 0 1 1 2 1 0 0 0 1 0 0 2 0 0 0 1 0 0 0 0 1 0 0 1 1 1 1 1 0 0 0 1 1 0 1 
0 1 1 0 0 0 0 0 1 0 1 1 1 0 1 1 1 0 1 1 0 0 1 1 1 1 1 1 3 0 1 1 0 1 1 1 1 0 1 1 1 0 0 0 0 0 1 1 0 0 1 1 
1 0 1 0 1 0 0 1 0 1 1 1 0 1 0 1 1 1 0 1 1 0 1 0 0 0 0 1 2 0 0 1 0 0 1 1 1 0 0 0 0 1 1 0 0 1 1 1 0 0 1 0 
0 0 1 1 1 1 0 0 1 0 1 1 1 0 0 1 1 0 1 0 1 1 0 1 0 1 1 0 0 1 0 0 1 1 0 1 1 0 1 0 0 1 1 1 1 0 1 0 1 1 1 1 
1 0 0 0 0 1 0 0 1 0 0 1 0 0 1 0 1 1 0 0 0 0 1 0 0 0 0 0 1 1 1 1 0 1 0 1 0 1 1 0 1 1 0 1 1 1 0 1 0 1 0 0 
1 1 1 0 1 1 1 1 0 1 0 1 0 0 0 0 0 1 1 0 2 1 1 0 1 0 1 0 1 1 0 0 0 0 1 1 1 0 1 1 0 0 0 0 0 1 0 1 0 1 0 0 
1 1 1 1 2 1 1 1 0 0 1 0 0 1 1 0 0 0 0 1 1 1 0 1 0 1 0 1 1 1 1 0 0 0 0 0 0 1 1 1 1 0 0 0 0 0 0 0 1 0 1 1 
1 0 0 0 2 1 1 1 0 0 0 0 0 0 0 1 0 1 0 0 0 0 0 1 0 0 0 1 2 1 1 0 1 0 0 1 0 0 1 1 0 0 0 1 1 1 1 1 0 1 0 0 
1 1 0 1 0 0 1 1 1 0 1 1 0 0 0 0 0 1 1 1 3 0 1 0 1 1 1 1 0 1 0 1 1 1 0 0 0 0 0 0 0 0 0 1 0 1 0 1 0 1 0 0 

# Size = 16 | Time = 178 ms
0 1 1 0 1 0 0 1 1 1 1 0 0 1 1 1 1 1 0 1 0 1 1 0 0 1 0 0 1 1 0 0 0 0 0 1 0 1 0 1 1 1 1 0 0 1 1 1 0 0 1 1 
0 0 1 0 2 0 1 0 1 0 0 0 0 0 0 1 0 0 0 0 3 1 0 1 1 1 0 1 1 0 1 0 1 1 0 0 1 1 0 1 1 1 1 1 0 0 1 1 0 0 0 1 
1 0 0 0 0 0 1 1 1 0 1 1 0 1 0 1 1 0 0 1 0 0 0 0 1 0 1 0 3 1 0 0 0 1 0 0 0 0 0 0 0 1 0 1 1 0 1 0 1 1 0 1 
0 1 0 1 1 1 0 0 0 0 1 0 1 1 0 1 1 0 1 1 3 0 1 1 1 0 1 1 0 0 1 1 1 1 1 1 1 1 1 1 0 0 0 1 1 1 1 1 0 1 0 0 
1 0 1 0 1 0 0 1 0 1 0 0 1 0 0 0 0 1 1 0 3 0 0 0 0 1 1 0 2 1 0 0 1 0 1 0 0 1 1 0 0 0 0 0 0 1 0 0 1 0 1 1 
0 1 1 0 0 0 1 1 1 1 1 1 1 1 1 1 0 1 0 0 1 1 0 1 1 0 0 1 0 1 0 0 1 1 1 1 1 0 1 0 1 0 1 1 0 1 1 0 0 0 1 1 
0 1 1 1 0 0 0 1 0 0 0 1 1 0 1 1 1 0 0 0 3 0 1 1 1 1 0 0 3 0 1 1 0 0 1 0 0 0 1 1 1 0 0 0 0 0 1 0 0 0 0 1 
1 0 1 1 1 0 1 1 0 1 0 1 1 1 0 1 0 1 1 1 2 1 1 1 1 0 1 0 1 0 0 1 0 1 1 0 1 0 1 0 1 1 0 1 1 0 1 0 1 0 0 1 
1 1 0 1 1 0 0 0 0 0 1 1 0 0 1 0 0 1 0 1 1 0 0 1 0 1 0 0 3 0 1 0 1 0 1 1 1 1 1 1 1 0 0 1 1 1 0 0 1 1 0 0 
1 0 0 1 2 1 0 1 0 0 1 1 0 0 0 0 0 0 0 0 2 1 1 1 0 0 1 0 0 0 0 1 1 0 0 0 0 0 0 1 0 0 1 1 1 1 0 0 1 0 0 1 
1 0 0 1 2 1 0 0 1 0 0 1 1 0 1 0 0 0 0 0 0 0 1 0 0 1 1 1 0 0 0 1 0 0 1 1 0 1 1 1 0 1 0 0 0 0 0 0 1 1 1 1 
0 1 0 0 0 0 1 0 0 1 0 0 1 0 1 0 0 0 1 0 0 1 0 1 0 1 1 0 2 0 1 1 1 1 0 1 1 0 0 1 0 0 1 1 1 1 1 0 1 0 1 0 
0 1 1 1 2 1 0 0 1 1 1 0 1 1 1 0 0 1 1 1 2 1 0 0 1 1 1 1 3 0 0 0 0 1 0 1 0 0 1 1 1 1 1 1 0 1 0 1 0 1 1 0 
0 0 0 0 0 1 1 1 1 0 1 1 1 1 1 0 1 1 0 1 2 0 1 1 0 0 0 0 2 1 1 1 0 0 1 0 1 1 0 0 0 0 1 0 0 1 0 1 0 1 0 0 
1 1 0 1 2 1 0 0 0 1 0 1 0 1 1 1 1 0 1 0 1 0 0 0 1 1 0 1 2 1 1 1 0 1 0 1 1 0 0 0 1 1 0 0 0 0 1 1 0 1 1 1 
1 0 0 0 0 1 1 0 0 0 0 0 1 0 0 0 1 1 1 1 1 0 1 0 0 1 1 0 1 0 0 0 1 1 0 0 0 1 0 0 0 0 0 1 1 1 0 0 0 1 0 0 

# Size = 16 | Time = 203 ms
1 0 0 0 2 1 1 0 1 0 1 0 1 0 0 0 1 1 0 1 0 0 0 1 0 1 0 1 1 1 1 0 0 0 1 1 0 1 0 1 0 1 0 1 1 1 0 1 0 1 1 0 
0 1 1 0 0 0 0 0 0 1 1 1 0 0 1 1 0 0 1 0 0 1 0 0 1 0 1 0 0 0 0 1 1 0 0 1 1 0 1 0 0 0 1 0 0 0 1 0 1 0 0 1 
1 1 0 1 1 1 1 0 0 0 0 1 1 1 1 0 0 1 0 0 0 1 1 1 1 0 0 1 2 0 1 0 0 1 1 0 0 0 1 1 1 0 1 0 0 0 0 1 0 0 0 1 
1 1 1 0 0 1 1 1 1 1 1 1 0 0 1 0 0 0 0 1 3 0 1 0 0 1 0 1 2 0 0 1 1 1 1 0 1 0 0 0 0 1 0 0 0 1 0 0 1 0 1 0 
0 1 0 0 1 0 1 1 0 0 1 0 0 0 1 1 0 0 1 1 1 0 0 0 1 0 0 0 3 0 1 0 1 0 1 1 1 0 0 0 1 0 0 1 0 0 1 1 0 1 0 1 
0 1 0 1 2 0 0 1 1 1 0 0 0 1 1 0 1 1 1 1 2 1 0 1 0 1 1 0 2 0 1 1 1 0 1 1 1 0 1 0 0 1 1 1 1 1 0 1 0 0 1 0 
1 0 0 0 0 0 0 1 0 1 0 1 1 1 0 1 1 1 0 1 1 1 1 1 0 1 1 1 1 1 1 1 0 1 0 0 1 0 1 0 0 1 1 1 0 0 1 0 1 1 0 1 
0 0 1 1 1 1 0 1 0 0 1 0 0 0 1 0 1 1 1 0 3 0 0 0 1 0 1 0 1 0 0 0 0 1 1 1 0 1 0 0 1 0 1 1 0 1 1 0 0 0 0 0 
0 0 0 0 1 1 1 0 1 0 1 0 1 1 0 1 0 1 1 1 2 0 1 0 1 1 0 0 0 1 0 0 1 0 1 0 1 1 1 1 0 1 0 1 1 1 1 0 1 0 1 0 
0 1 1 1 2 1 0 1 0 1 0 1 1 0 0 0 0 0 0 1 0 1 0 0 1 0 0 1 3 0 0 1 1 0 1 1 1 1 1 1 0 1 1 0 0 1 0 1 0 1 1 0 
1 1 1 1 2 0 1 1 0 1 0 1 1 1 0 0 1 0 1 0 3 0 0 1 0 0 0 1 0 1 0 1 1 0 0 1 1 1 1 1 1 1 0 0 0 0 0 0 1 1 0 1 
1 1 0 1 0 1 1 0 0 1 1 0 1 0 0 1 0 0 0 0 2 1 1 1 1 1 1 1 1 1 1 0 1 1 0 1 0 0 0 1 1 1 1 0 0 0 1 0 1 0 1 1 
1 0 0 0 2 0 1 0 1 1 1 1 1 0 1 0 1 0 0 0 1 1 0 1 1 0 1 1 0 1 1 1 0 1 1 0 0 0 0 0 1 0 0 1 1 0 0 1 0 0 1 1 
1 0 1 0 2 1 0 1 0 0 0 1 1 0 1 1 1 0 1 1 2 1 1 1 0 0 1 0 3 0 1 0 0 0 0 0 1 0 0 1 0 0 1 1 1 1 1 0 1 1 0 0 
0 0 0 0 0 1 0 0 1 0 0 1 0 1 0 1 0 1 0 0 3 1 0 1 0 1 0 0 3 1 1 1 0 1 0 0 0 1 0 0 0 1 0 1 1 1 1 1 0 0 0 1 
1 0 1 1 1 1 1 1 0 1 0 1 0 0 0 1 1 1 1 1 1 0 0 1 0 1 0 0 2 1 0 1 0 1 0 1 1 1 1 1 0 0 1 0 0 1 1 1 0 1 0 0 

# Size = 16 | Time = 434 ms
0 0 1 0 0 1 0 0 1 0 0 1 1 0 1 0 1 1 1 1 2 1 0 0 1 0 1 1 0 1 0 0 0 1 0 0 1 0 0 1 0 0 1 0 0 0 0 0 1 1 1 1 
0 1 1 1 1 1 0 0 0 0 1 0 1 0 0 1 0 0 0 0 3 1 1 0 0 0 1 1 2 1 0 1 0 0 1 0 0 1 0 1 1 1 0 0 0 1 1 1 0 1 0 0 
1 0 1 1 2 1 1 0 1 0 0 0 0 1 0 1 0 0 1 1 0 0 0 1 1 1 1 1 3 1 1 1 1 1 0 0 1 1 0 1 0 1 1 1 1 0 1 1 0 0 1 1 
1 1 0 1 2 0 0 1 1 1 0 1 0 0 1 1 0 0 1 0 3 1 1 1 1 1 0 0 0 1 1 1 1 0 1 0 0 1 1 0 1 0 1 1 1 1 1 1 0 0 0 1 
0 1 1 1 1 1 1 0 0 1 1 0 0 0 1 0 0 1 0 0 1 1 1 1 0 0 0 1 1 0 1 0 0 0 0 1 1 1 1 0 1 1 1 1 1 0 0 0 1 0 1 1 
0 1 0 1 1 0 1 1 0 1 0 1 1 0 1 1 1 0 0 1 2 1 1 1 0 1 0 0 3 0 1 1 0 1 1 1 0 0 1 0 1 1 0 1 1 1 1 0 1 1 0 0 
1 0 1 0 1 0 1 1 1 0 0 0 0 1 0 1 1 0 1 1 1 1 0 0 1 1 0 1 2 0 1 1 1 1 0 1 1 0 1 0 1 0 0 1 1 0 1 0 1 1 0 1 
0 0 0 1 0 0 0 0 0 1 0 0 0 1 1 1 1 1 0 1 0 1 0 0 1 1 0 1 2 0 0 0 0 0 0 0 1 1 0 0 0 1 0 0 0 0 1 0 1 0 0 1 
0 0 0 0 2 0 1 1 1 0 0 1 0 1 1 1 1 0 0 1 3 0 1 0 1 0 1 1 1 0 1 0 1 1 0 1 0 0 0 0 0 1 0 0 0 0 1 1 0 1 0 1 
0 1 0 0 2 0 0 1 0 0 1 1 1 1 1 0 0 1 1 1 2 0 0 1 1 0 0 0 2 0 0 0 1 0 0 1 0 1 0 0 0 0 1 0 0 1 0 0 1 0 1 0 
0 1 0 0 0 0 1 1 1 0 1 1 1 1 0 0 1 1 0 0 3 1 0 0 1 1 1 0 3 0 1 1 0 0 1 0 1 1 1 0 0 1 1 1 0 1 0 0 1 0 1 1 
0 0 0 1 2 0 1 1 0 1 1 0 1 1 0 0 0 1 0 0 1 0 1 0 0 0 0 0 0 0 1 0 0 1 1 1 1 0 1 1 0 1 0 0 0 1 1 1 0 0 1 0 
0 1 1 1 1 1 0 0 1 0 1 0 0 0 1 0 0 0 0 0 0 0 0 0 0 0 0 0 0 0 0 0 0 0 0 0 1 0 1 1 0 0 0 0 0 1 0 0 0 0 1 0 
1 0 0 0 0 1 1 1 0 1 1 0 0 1 0 0 0 1 0 0 2 1 0 1 0 0 1 1 1 0 0 1 1 1 0 0 1 1 1 0 0 1 1 0 0 1 0 1 0 1 0 0 
1 1 0 0 0 0 0 1 0 0 0 1 1 0 0 0 1 1 1 1 1 0 0 0 1 0 1 0 3 1 0 0 0 1 1 0 0 1 0 0 0 0 0 0 0 0 0 1 0 1 0 1 
0 0 0 0 0 1 0 1 1 1 1 1 1 0 1 1 1 0 1 1 0 0 1 0 0 1 0 0 1 1 0 0 0 1 1 1 0 1 1 1 1 0 1 1 1 1 1 1 0 1 0 0 

# Size = 16 | Time = 283 ms
1 0 0 0 0 0 0 0 1 0 1 1 0 1 1 0 1 0 1 1 2 0 1 0 1 0 1 1 1 0 1 1 1 0 0 0 1 1 0 1 0 1 1 0 0 1 0 1 0 1 0 0 
0 1 1 1 2 0 0 0 1 1 1 1 1 0 0 1 0 1 0 0 0 0 0 1 1 0 0 0 3 0 1 1 0 0 0 0 0 0 1 0 0 0 1 0 0 1 1 1 0 1 0 0 
0 1 0 1 0 1 1 1 1 0 0 0 0 1 1 0 1 1 0 0 0 1 1 0 0 0 1 0 2 1 0 0 1 1 1 1 1 0 0 0 1 1 0 1 1 1 0 1 0 1 1 1 
0 1 1 1 2 0 0 1 1 0 1 1 1 1 0 1 0 0 0 0 2 1 0 1 1 1 1 1 0 1 0 0 1 1 1 1 0 1 0 1 0 0 0 1 0 1 1 0 1 0 1 0 
1 0 1 1 2 1 1 0 0 0 0 0 0 0 0 1 0 1 0 1 2 0 1 1 0 1 0 0 2 1 0 0 0 0 0 1 0 0 0 0 0 0 1 0 0 1 1 0 1 0 1 0 
1 1 0 0 1 1 1 0 0 1 0 0 1 0 1 0 0 0 1 0 3 1 0 1 0 1 1 1 3 1 0 1 0 0 0 1 1 1 1 1 1 1 0 0 0 1 1 1 0 0 0 0 
0 1 1 1 0 0 1 1 0 1 1 0 1 1 1 1 1 0 1 1 3 0 1 1 0 1 1 0 1 1 0 1 1 0 1 0 0 0 1 0 1 0 0 1 1 1 1 0 1 0 0 1 
1 0 0 0 0 0 1 1 1 0 0 0 1 1 1 1 1 1 1 0 1 1 1 0 1 1 1 0 3 0 0 0 0 1 1 1 1 1 0 0 0 0 1 0 0 0 1 0 1 0 0 1 
0 0 1 0 2 0 0 0 0 1 1 0 0 0 0 1 1 1 0 1 1 0 0 0 0 1 0 1 1 0 1 0 0 0 1 1 1 0 0 0 0 1 0 1 1 1 1 0 1 1 0 0 
1 1 0 1 0 0 0 0 0 0 1 0 1 0 0 0 0 0 1 1 1 1 1 1 1 1 0 1 0 0 1 0 1 1 0 0 1 1 1 1 0 1 0 1 0 1 1 1 0 1 0 1 
0 0 1 1 1 1 0 1 0 1 0 0 0 0 0 0 0 1 0 1 2 1 1 1 1 0 1 1 3 1 0 1 1 1 1 0 1 0 1 1 1 0 0 1 1 0 0 0 1 0 1 1 
1 0 0 0 0 1 0 1 0 1 0 1 0 1 0 0 1 0 0 1 3 0 0 0 0 0 0 0 0 0 1 0 0 0 0 1 0 0 1 1 0 1 0 1 1 1 0 1 0 1 1 1 
0 1 1 0 1 1 0 1 0 0 0 1 0 1 1 0 0 0 1 0 0 1 1 0 1 1 0 0 1 0 1 0 0 1 0 1 0 0 0 1 0 1 0 1 1 0 0 0 1 1 1 1 
1 1 0 0 1 1 1 1 1 1 1 1 1 0 1 0 1 0 1 0 1 0 1 0 0 0 0 1 2 1 1 1 1 0 1 1 0 0 1 0 1 1 1 0 0 0 0 0 1 1 1 1 
1 0 0 0 1 0 1 0 0 0 1 1 0 0 1 1 1 1 0 1 0 0 1 0 0 1 1 1 0 0 1 1 1 0 1 0 0 1 0 0 1 1 1 0 0 0 1 1 0 0 1 1 
0 1 0 1 2 0 0 0 1 0 0 0 1 1 1 0 1 1 1 1 3 0 0 1 1 1 1 0 2 0 1 0 0 1 1 0 0 1 0 1 1 1 1 1 1 0 0 0 0 0 0 1 

# Size = 16 | Time = 175 ms
1 1 0 1 2 0 1 1 0 1 0 0 0 1 0 0 0 0 1 1 2 1 0 0 0 0 1 0 2 0 1 1 0 1 1 0 0 0 0 0 1 1 0 0 0 0 1 0 1 1 0 1 
1 0 0 1 0 0 0 1 1 0 1 0 1 1 0 1 0 0 1 0 3 1 0 0 0 1 0 0 1 1 0 0 1 0 1 0 1 1 1 0 0 0 0 0 0 1 1 1 0 0 1 0 
0 1 0 1 1 0 1 1 1 1 1 0 1 1 1 0 1 1 0 1 0 1 0 1 1 0 1 1 3 1 0 1 0 0 1 1 1 1 0 1 0 1 0 0 0 1 0 0 0 0 0 1 
0 1 0 1 1 1 0 1 0 0 0 0 1 0 1 0 1 0 1 1 1 0 0 1 1 1 0 0 0 0 1 1 1 0 1 0 0 1 0 1 0 1 1 1 1 0 0 0 1 0 0 1 
1 0 1 0 2 0 0 0 1 1 0 0 0 1 1 1 1 0 1 1 0 0 1 1 1 1 0 1 0 0 0 0 1 1 0 0 1 0 1 1 1 0 1 1 1 1 1 0 0 0 1 0 
1 0 1 0 0 0 0 1 0 0 0 0 0 0 1 0 1 1 1 0 0 0 0 0 1 1 1 1 1 1 1 1 1 1 1 0 0 0 0 0 1 0 1 1 0 0 0 1 0 1 0 1 
1 1 1 1 1 0 1 0 1 0 1 1 0 0 1 0 0 1 1 0 3 0 1 0 1 1 1 1 0 0 1 0 1 1 0 1 0 1 0 0 1 1 0 1 1 1 1 0 1 0 1 0 
0 0 1 1 0 1 1 1 0 0 0 1 1 0 0 0 0 0 0 0 2 1 1 0 0 0 0 0 0 1 1 1 0 1 1 0 1 0 1 1 0 1 1 0 0 1 0 1 0 1 0 0 
0 1 1 0 0 1 0 1 1 1 0 0 1 0 1 1 1 1 1 0 3 1 0 1 1 0 1 1 2 0 0 1 0 0 0 0 1 0 1 1 1 0 1 0 0 0 1 1 0 0 0 1 
1 0 1 0 0 1 1 1 1 1 1 1 0 0 0 1 0 1 1 1 0 0 0 0 0 0 1 0 2 1 1 1 1 0 1 0 0 1 0 1 0 0 0 1 1 1 1 0 1 0 1 0 
0 0 1 0 1 1 0 0 1 0 1 1 1 1 0 0 0 1 0 1 1 0 1 1 0 1 0 1 2 0 0 0 1 0 1 1 0 0 0 0 1 0 0 0 0 1 0 1 0 1 0 1 
0 0 1 0 1 1 1 0 1 1 1 1 0 1 1 1 1 0 0 0 2 0 1 1 1 1 0 0 1 0 0 0 0 0 0 1 0 1 1 0 0 0 1 1 1 0 1 1 0 0 0 1 
1 1 0 0 2 0 0 0 0 1 1 1 0 0 1 0 0 1 0 0 2 0 1 0 0 0 0 1 3 1 1 1 1 0 0 1 0 0 1 1 0 0 0 1 0 0 1 1 0 0 1 1 
0 1 1 0 2 0 1 0 1 0 0 0 0 0 0 0 1 0 0 1 1 0 1 0 1 0 0 1 1 1 0 0 0 1 0 0 0 0 0 1 0 1 1 1 1 1 0 0 1 1 0 0 
0 0 0 0 2 1 1 0 0 0 0 0 1 1 1 0 1 0 0 1 3 1 0 0 0 1 0 1 3 0 0 1 1 1 0 0 0 1 1 0 1 0 1 1 1 0 0 1 0 1 1 1 
1 1 1 0 0 1 1 0 0 1 0 0 0 0 0 1 1 0 1 0 1 1 1 0 1 1 1 0 3 1 0 0 0 0 0 1 1 0 1 0 0 1 0 1 0 1 1 0 1 1 1 0 

# Size = 16 | Time = 359 ms
0 1 1 0 0 0 0 0 1 0 1 1 0 1 0 1 0 1 0 0 1 0 1 1 0 0 1 1 1 1 0 1 0 0 1 0 1 0 1 0 1 0 1 0 0 0 1 0 1 1 0 1 
1 0 0 1 0 0 1 1 0 1 1 0 1 1 1 0 1 1 0 1 2 1 1 1 1 0 1 0 0 0 1 0 1 1 1 1 0 1 0 1 1 0 0 1 0 0 0 1 0 0 0 1 
0 0 0 1 2 1 0 0 1 0 0 0 1 0 1 0 0 0 1 1 0 0 1 0 0 1 0 1 0 0 1 0 0 0 0 0 0 0 1 1 0 0 1 1 1 1 0 0 1 1 0 0 
0 1 1 0 1 1 0 1 0 1 0 0 1 0 1 0 0 0 1 1 2 1 0 1 0 0 1 1 2 1 0 1 0 1 0 0 1 1 1 0 1 0 0 0 0 1 0 1 0 0 0 1 
0 1 0 1 1 1 1 0 1 0 1 1 1 1 1 1 1 1 1 1 3 1 0 0 1 0 0 0 1 0 0 0 1 0 0 0 1 1 0 1 0 1 0 0 0 1 1 0 1 1 1 0 
1 0 1 0 0 1 1 0 1 0 1 1 1 0 0 0 1 0 1 1 3 0 1 0 1 1 0 0 2 0 1 0 0 0 0 1 1 0 1 1 0 0 1 1 1 1 0 1 0 1 0 0 
0 1 0 1 1 0 0 1 0 1 1 0 0 0 1 1 0 1 0 1 0 1 0 1 0 0 1 0 3 0 0 0 1 1 0 0 0 0 1 1 0 1 0 0 0 0 1 1 0 1 0 1 
0 0 1 0 2 0 1 0 1 1 1 0 0 1 0 0 0 1 0 1 1 1 0 0 1 0 0 0 3 1 1 0 0 0 0 0 1 0 1 0 1 1 1 1 0 1 0 0 1 0 0 1 
1 1 0 1 0 1 0 1 1 0 0 1 1 0 0 0 1 0 1 0 2 0 0 0 1 1 1 0 3 1 1 0 1 0 1 0 1 1 0 1 0 1 0 1 1 1 1 0 1 1 1 0 
1 0 1 0 2 1 0 1 0 1 1 1 0 0 0 1 1 1 1 0 3 0 1 0 0 0 0 1 0 1 0 1 1 1 1 0 1 1 0 0 1 1 0 0 0 0 1 0 0 0 1 1 
1 0 1 1 2 1 0 1 0 1 0 1 1 1 0 0 1 0 0 0 0 1 1 0 1 1 1 1 1 1 1 1 0 1 0 1 1 0 0 0 1 1 0 0 0 1 0 1 0 0 1 1 
1 1 0 1 2 0 0 1 1 0 0 1 1 0 0 0 1 0 1 0 1 0 0 0 0 1 0 0 2 0 1 1 1 1 0 1 0 1 0 1 0 1 0 1 1 1 1 0 1 0 1 0 
1 1 1 0 2 1 1 0 1 0 0 0 0 0 0 1 0 0 1 0 2 1 0 1 0 1 0 1 1 0 1 1 1 0 0 1 0 0 0 1 1 0 1 1 1 0 1 0 0 1 0 1 
0 0 0 0 0 1 1 0 0 1 1 0 0 1 0 1 1 1 0 0 0 1 0 0 1 1 0 0 2 0 0 0 0 1 1 1 0 1 1 0 0 0 1 1 1 0 1 0 1 1 0 1 
0 0 0 0 1 0 1 0 0 1 0 0 1 0 0 1 0 1 0 0 3 0 1 1 1 0 1 1 3 1 0 1 0 0 1 1 0 1 1 1 1 0 0 1 1 1 1 1 0 0 1 0 
1 1 0 0 1 1 0 1 0 0 1 0 0 0 1 0 0 1 0 0 1 0 0 1 1 1 1 0 0 1 1 1 0 0 0 1 0 0 1 0 1 0 1 0 0 1 1 1 0 1 1 0 

# Size = 16 | Time = 301 ms
1 0 0 0 2 0 1 0 0 0 1 1 0 0 1 1 0 1 1 1 2 1 0 0 0 1 0 0 2 0 0 1 1 0 1 0 0 1 0 1 1 0 0 1 1 1 1 0 0 0 1 0 
1 0 0 1 0 0 0 1 1 0 1 0 0 1 0 0 0 1 0 1 0 1 1 0 1 0 0 0 3 0 1 0 0 1 1 1 0 0 1 0 0 0 1 1 1 1 0 0 1 0 1 0 
0 1 1 0 1 1 1 0 0 1 1 0 1 1 1 1 1 0 1 0 0 1 0 1 1 0 1 1 2 1 0 1 0 0 1 1 0 0 1 1 1 0 1 0 0 0 1 1 0 1 0 1 
0 0 1 1 1 1 1 0 0 1 1 0 1 1 0 0 1 1 0 0 3 1 0 1 1 1 1 0 1 0 1 0 1 1 0 0 0 1 0 1 1 0 0 1 1 1 1 0 1 1 1 0 
1 1 0 0 1 1 0 1 1 1 0 1 0 1 1 1 1 1 1 1 2 1 1 0 0 1 0 0 1 1 1 1 0 1 0 0 1 0 0 0 1 0 1 0 0 0 1 0 1 1 1 1 
1 1 1 1 2 1 0 1 1 1 1 1 0 0 0 1 0 0 0 0 1 1 1 1 1 0 0 0 2 0 1 0 1 1 0 1 1 1 0 0 1 0 1 0 0 0 1 1 0 1 0 1 
1 0 0 1 2 0 1 1 1 1 1 1 1 0 1 1 0 1 0 1 3 0 1 1 0 1 1 1 0 1 1 0 0 0 1 1 1 0 1 0 1 1 1 0 0 0 1 1 0 0 0 1 
0 0 1 1 2 0 0 1 0 1 0 1 1 0 0 0 0 1 1 1 0 0 0 0 0 0 1 1 1 0 0 1 0 0 1 1 1 1 0 1 0 1 0 1 1 1 0 1 0 1 0 0 
1 0 1 0 1 0 0 1 0 0 0 0 0 1 1 0 0 0 0 1 0 0 0 1 1 1 1 0 0 0 0 0 1 1 0 0 1 1 1 1 1 0 1 1 1 0 0 0 1 1 0 1 
0 0 0 1 0 0 0 0 0 0 1 1 1 0 1 0 0 0 1 0 1 0 0 0 1 1 1 1 1 0 0 0 1 0 1 0 1 0 1 0 1 1 0 1 1 0 0 1 0 0 0 1 
0 1 1 1 0 1 1 0 1 1 1 0 1 0 1 0 1 0 1 0 2 1 1 1 1 0 0 1 0 0 0 1 1 1 0 0 0 1 1 0 0 1 0 1 0 1 0 0 0 0 0 1 
1 0 0 1 1 1 0 0 0 0 1 0 0 0 0 1 1 0 1 1 1 1 1 0 0 0 0 0 0 1 1 0 0 1 0 1 0 0 0 0 0 0 1 0 0 1 1 0 1 0 1 0 
1 1 1 0 2 0 1 0 0 0 0 0 1 1 0 1 1 1 0 1 1 0 0 1 1 1 1 1 3 1 0 1 1 1 0 0 0 1 0 1 1 0 1 1 1 0 1 0 1 1 0 1 
0 1 1 1 0 0 0 1 1 1 0 0 0 0 1 1 1 0 1 0 3 1 1 0 0 0 1 0 3 1 0 0 1 0 1 1 1 1 1 1 0 0 1 0 0 1 1 1 0 0 0 0 
1 1 1 0 1 1 0 1 0 1 1 1 1 1 0 0 1 1 0 1 2 0 0 0 0 1 1 0 3 1 0 0 0 1 0 1 1 0 0 1 0 1 0 0 0 0 0 1 0 0 1 1 
1 0 0 0 0 1 0 0 1 0 0 1 0 1 0 0 0 0 0 1 3 0 0 0 0 1 0 1 2 1 0 1 1 0 0 0 1 0 0 1 0 1 0 0 0 1 0 0 1 1 1 0 

# Size = 16 | Time = 336 ms
0 1 1 1 1 0 1 1 1 0 0 0 0 1 0 0 0 1 0 0 2 1 0 0 1 1 0 1 0 0 1 1 1 0 1 1 0 1 1 1 1 0 0 0 0 1 1 0 1 0 1 0 
0 1 0 0 0 1 0 0 0 1 1 1 0 0 0 1 1 1 1 1 2 0 1 0 0 1 1 0 1 0 0 0 1 1 0 0 1 1 1 1 0 1 0 1 0 1 1 0 1 1 0 1 
1 1 0 0 0 0 0 1 1 1 1 0 1 0 1 1 1 1 0 0 0 1 1 1 1 1 0 0 0 1 0 0 1 1 0 1 1 0 1 0 0 0 1 1 1 1 1 0 1 1 0 0 
1 0 0 1 2 1 0 1 0 0 1 1 1 0 1 1 0 0 0 1 1 0 1 0 1 1 1 0 3 0 1 1 0 1 0 1 0 0 0 1 0 0 0 0 0 0 1 0 1 0 1 1 
1 0 1 0 0 1 0 0 0 0 0 1 1 1 1 1 1 0 1 1 3 0 0 1 1 0 1 0 0 1 0 0 0 0 0 0 1 0 1 0 1 0 1 1 0 1 1 0 1 0 1 0 
1 1 0 1 1 1 0 0 1 1 1 0 0 0 1 0 0 0 0 1 3 1 0 1 1 0 1 1 2 1 1 0 0 1 1 1 0 1 1 1 0 1 1 1 1 1 0 1 0 1 0 0 
0 0 1 0 2 0 1 0 1 1 1 1 1 1 1 1 0 0 1 0 2 0 1 1 1 0 1 0 2 0 1 1 1 0 0 0 1 0 1 0 0 0 1 1 1 1 1 1 0 0 0 1 
1 0 1 1 0 1 1 0 1 0 0 0 1 0 1 0 1 0 0 0 0 0 0 1 1 0 0 1 1 1 1 1 0 1 1 0 0 0 0 0 1 0 0 0 0 0 0 0 0 0 1 1 
0 0 1 0 0 1 1 0 0 0 1 1 0 1 1 0 0 1 1 0 3 1 0 0 1 1 1 1 3 1 0 1 1 0 1 0 1 1 1 1 1 1 0 1 1 1 0 1 0 1 0 0 
0 1 0 0 2 0 1 1 1 1 0 0 1 0 0 0 0 1 0 1 3 1 1 1 0 1 0 1 1 0 0 0 0 0 0 0 1 0 0 1 0 1 0 0 0 0 0 1 0 1 0 1 
0 1 0 1 1 0 0 1 1 0 0 1 1 1 0 1 0 0 1 0 1 1 0 1 0 0 1 1 1 0 0 0 1 0 1 1 0 0 0 0 0 1 1 1 1 1 1 1 0 0 0 0 
0 0 1 1 2 1 0 1 0 0 1 1 0 0 0 0 0 0 1 1 0 1 0 1 0 1 0 0 2 0 1 1 1 0 1 0 1 1 0 0 1 1 0 0 0 1 0 1 0 1 0 0 
0 1 1 0 0 1 1 1 1 1 0 1 0 0 0 0 1 1 1 0 1 0 0 0 0 0 0 0 2 0 0 1 1 0 1 1 0 1 1 0 1 0 1 1 1 0 0 0 1 1 1 1 
1 1 0 0 1 0 1 0 0 1 1 0 1 1 0 0 1 1 0 1 0 1 1 0 0 1 1 0 3 1 1 0 1 1 0 0 0 1 1 1 1 1 0 1 0 0 1 0 1 0 1 1 
1 1 0 0 2 1 0 0 0 1 1 0 0 0 1 0 1 0 1 0 1 0 1 1 0 0 0 0 0 1 1 0 1 0 1 0 1 0 0 1 0 1 1 0 0 0 0 1 0 1 1 1 
1 0 0 1 1 0 1 1 1 1 0 0 0 1 1 0 1 0 1 0 2 0 0 1 0 0 0 0 3 1 0 0 0 0 0 0 1 0 0 0 0 1 1 1 1 0 0 1 0 0 0 1 

# Size = 16 | Time = 224 ms
0 1 1 0 0 0 0 0 1 1 0 1 0 1 0 0 0 1 1 1 1 1 0 0 0 0 0 0 0 1 0 0 1 0 1 0 0 1 1 0 0 1 1 0 0 1 0 0 1 1 0 0 
1 1 1 1 2 0 0 0 0 0 1 1 1 0 0 1 1 0 0 0 1 0 1 1 1 1 1 1 1 1 1 1 0 1 0 1 1 0 0 1 0 0 1 0 0 1 1 0 0 1 0 1 
0 0 0 0 2 0 0 0 0 0 1 0 0 1 1 0 1 1 1 0 3 0 1 0 1 0 0 0 3 0 1 0 1 0 0 1 1 1 0 1 1 0 1 1 0 0 1 0 1 1 0 1 
1 1 1 1 1 1 0 1 0 1 0 1 0 1 1 0 0 1 1 0 1 0 1 1 0 1 1 1 2 0 0 1 0 1 1 1 0 0 0 0 0 1 1 1 0 1 0 1 0 0 1 0 
1 0 0 1 1 0 1 0 1 0 0 1 0 0 1 1 1 1 0 0 2 1 0 0 0 0 1 1 1 0 0 1 0 0 0 0 0 1 1 0 1 1 0 0 0 0 1 0 1 0 0 1 
1 1 1 1 1 1 0 1 1 1 0 0 0 0 0 1 0 1 1 1 0 1 1 1 0 1 1 0 3 0 1 1 1 0 0 1 0 1 0 1 0 0 0 0 0 0 1 0 0 1 1 1 
1 0 0 0 1 1 0 0 1 0 1 0 0 1 0 1 1 0 0 1 3 0 0 1 1 1 0 0 2 1 1 0 1 1 0 1 1 1 1 0 0 1 1 1 1 1 1 0 1 0 0 0 
0 0 1 1 0 0 1 0 1 1 1 1 1 0 1 0 0 0 0 0 0 1 0 0 0 0 0 0 2 0 1 1 0 1 0 0 1 0 0 1 1 0 1 0 0 0 0 0 1 0 1 1 
0 1 0 0 2 1 1 1 0 0 1 1 1 1 0 0 0 0 1 1 2 0 0 0 1 1 1 1 3 1 0 0 0 0 0 1 1 1 0 1 1 1 0 1 1 1 0 1 0 0 0 0 
0 0 0 1 1 1 1 1 1 0 1 0 1 1 1 1 0 0 1 0 3 1 0 0 0 1 1 0 0 1 1 1 0 0 1 0 1 0 0 0 1 0 0 1 1 1 1 0 1 0 0 1 
1 0 0 1 0 1 0 0 0 1 0 0 1 0 1 1 1 0 0 0 2 0 0 0 1 0 0 0 0 1 1 0 0 1 1 1 0 0 0 1 1 0 1 0 0 0 1 1 0 0 1 1 
0 1 1 0 0 1 0 0 1 1 0 1 1 0 1 0 0 0 1 1 3 1 1 0 1 1 0 1 1 0 0 1 1 0 0 0 0 0 1 1 0 0 1 0 0 1 0 1 0 1 1 0 
0 0 0 1 0 0 0 1 0 0 1 0 1 1 1 1 1 0 1 0 0 0 1 1 0 0 1 0 1 1 0 0 0 0 1 1 0 1 1 1 1 0 0 1 1 1 1 1 0 0 1 0 
0 0 1 1 2 1 1 1 1 0 1 1 1 0 1 0 1 0 1 0 2 1 1 1 0 0 0 1 2 0 0 1 1 0 1 0 0 0 1 1 0 0 0 1 1 1 1 0 0 1 1 0 
1 0 0 1 0 0 1 1 0 1 0 0 1 1 0 0 1 1 0 0 1 1 1 1 0 1 1 0 3 1 0 1 0 1 1 0 1 0 1 0 1 0 0 1 1 0 1 0 1 1 0 1 
0 0 0 0 2 0 1 0 1 1 0 0 1 0 0 0 1 0 1 1 0 0 1 1 1 0 0 1 0 0 1 1 0 1 0 0 1 0 1 0 1 1 1 1 1 1 0 1 0 0 0 1 

# Size = 16 | Time = 364 ms
0 0 0 1 0 0 1 1 0 0 1 0 0 1 0 1 1 0 1 0 1 1 0 0 0 1 1 1 3 0 1 1 1 1 0 1 0 1 0 1 0 0 0 1 1 0 1 1 0 0 1 1 
0 0 0 1 0 0 0 0 1 1 0 1 0 0 0 0 0 0 0 0 3 1 1 1 1 1 1 0 1 0 0 0 0 0 0 1 0 1 0 0 0 1 1 0 0 1 0 1 0 0 1 0 
1 1 1 1 2 1 0 1 1 1 1 0 0 0 0 1 1 1 1 1 1 1 1 0 1 0 0 1 1 0 0 1 0 0 1 1 1 0 0 0 0 1 0 1 1 1 1 0 1 0 0 0 
1 1 0 0 1 1 1 1 1 1 0 1 1 0 1 0 1 1 1 1 1 0 1 1 0 0 0 0 2 1 0 1 1 0 1 1 1 1 1 0 0 0 0 1 0 0 0 0 1 1 1 1 
0 0 1 1 2 1 0 0 0 0 0 0 0 1 0 1 0 1 1 1 0 0 0 1 0 0 0 0 3 1 1 1 1 0 1 0 1 0 1 0 1 0 1 0 0 1 1 0 1 1 0 0 
0 0 0 1 2 0 1 0 0 1 1 1 0 0 1 0 0 1 0 1 1 1 1 1 1 0 1 0 0 1 1 0 1 0 0 0 0 1 0 1 1 0 1 0 0 0 1 0 1 1 0 1 
1 0 1 0 2 1 0 0 1 0 0 1 1 1 0 1 0 0 0 0 3 1 0 0 0 0 1 1 2 0 0 0 0 0 1 1 0 0 0 1 0 1 1 1 1 0 1 1 0 1 1 1 
1 0 0 1 1 1 0 0 0 0 0 0 0 1 0 1 0 0 1 1 2 1 1 1 1 0 1 1 0 1 0 0 0 0 0 0 1 0 0 1 0 0 0 1 0 1 1 0 0 0 1 0 
0 1 0 1 0 0 1 1 0 0 1 0 0 0 0 0 0 1 0 0 0 1 1 1 1 1 0 1 2 1 1 0 1 1 0 0 1 1 0 1 0 1 1 0 0 0 1 1 0 1 0 1 
0 0 0 0 0 0 0 0 1 0 0 1 1 0 1 0 1 1 0 0 0 0 0 0 0 1 1 0 0 0 1 1 0 1 1 1 1 1 1 0 1 1 1 1 1 0 0 0 1 1 0 1 
1 1 1 0 0 1 1 1 0 0 1 1 1 1 0 1 1 0 1 1 2 0 0 0 0 0 1 0 1 1 1 0 1 1 1 1 0 0 0 0 0 1 0 1 0 1 1 0 1 1 1 1 
0 1 1 1 1 1 1 1 0 1 1 0 1 0 1 1 1 1 0 1 3 0 0 1 0 0 0 1 0 1 1 0 1 1 1 0 1 1 0 1 1 0 0 1 1 1 1 1 0 0 0 0 
1 1 1 0 2 1 0 1 0 1 1 1 1 1 1 0 0 1 1 1 3 0 0 0 1 0 0 0 3 1 0 1 1 1 0 1 0 0 1 1 1 0 1 0 0 1 0 0 1 1 1 0 
1 1 0 0 1 1 1 0 0 1 0 0 0 0 1 0 1 0 1 1 0 0 1 0 0 0 1 1 1 0 0 0 1 1 1 0 0 1 1 1 1 0 0 0 0 0 0 0 1 0 1 1 
0 1 1 0 2 1 1 1 1 1 1 0 1 1 1 0 0 0 1 1 2 1 1 1 0 1 0 1 2 0 0 1 0 0 1 1 1 1 1 0 1 1 0 0 0 1 1 1 0 0 0 0 
1 1 1 0 1 0 1 0 1 0 0 1 0 0 0 0 1 1 0 0 2 1 1 1 0 1 1 1 3 0 0 0 0 0 1 0 1 0 0 1 0 1 1 1 1 0 0 0 1 0 0 1 

# Size = 16 | Time = 271 ms
0 0 1 1 2 1 0 0 0 1 0 0 1 0 1 0 0 0 0 0 2 1 0 0 0 1 1 1 3 0 0 0 0 1 1 1 1 0 0 1 1 0 0 1 1 1 1 1 0 1 1 1 
0 1 0 0 1 1 1 1 1 1 1 0 0 0 0 0 1 1 1 1 2 0 0 0 1 1 0 0 0 0 1 1 1 1 1 1 0 1 0 1 0 0 1 1 1 1 0 0 1 0 1 0 
0 0 0 0 0 0 1 1 1 1 1 1 1 1 0 1 1 0 0 0 1 1 0 1 1 0 0 1 3 1 0 1 0 0 0 1 1 1 1 1 0 0 1 0 0 1 1 0 1 0 0 1 
0 1 1 1 1 1 0 0 0 1 0 1 0 0 0 0 0 0 0 0 0 1 0 1 1 1 1 0 1 0 1 0 1 1 1 0 0 0 1 0 1 0 0 0 0 0 1 1 0 0 0 1 
1 0 1 1 2 1 0 0 1 0 1 0 1 1 0 1 1 1 1 1 0 0 0 0 1 0 1 1 2 0 0 0 1 1 0 1 1 1 0 0 0 0 0 0 0 1 1 0 0 0 1 0 
1 0 1 0 2 1 1 0 1 0 0 1 0 1 0 0 0 1 0 1 0 0 1 0 0 0 0 0 3 0 1 1 0 0 1 0 0 0 1 0 1 1 1 1 1 1 0 0 1 0 1 0 
0 1 0 0 0 0 0 1 0 0 0 1 0 1 1 1 1 0 1 1 0 1 0 0 0 0 0 1 0 1 0 0 1 1 1 0 1 0 0 1 1 0 0 1 1 0 1 1 0 1 0 1 
1 0 1 1 1 0 0 1 1 0 1 0 1 0 0 0 0 0 0 0 1 0 0 0 0 0 1 0 0 0 1 0 0 0 0 0 1 0 1 0 1 1 0 1 0 1 0 1 0 1 0 0 
1 1 0 1 2 1 1 1 0 0 1 0 0 0 1 1 1 0 1 1 3 1 0 0 0 1 1 0 1 0 0 0 0 1 0 1 0 0 0 1 0 1 1 0 0 1 1 0 1 1 0 0 
1 1 1 1 0 1 1 1 1 1 0 0 0 1 0 0 0 0 0 1 2 0 1 1 1 0 0 0 1 1 0 0 0 1 0 1 1 1 1 0 0 0 0 1 1 0 0 0 0 1 1 1 
1 1 1 1 2 0 1 0 0 1 1 1 1 0 1 0 0 0 1 1 3 0 1 1 1 1 1 1 0 1 1 1 0 0 1 0 0 1 1 0 0 0 0 0 0 0 0 0 0 0 1 1 
0 1 0 0 1 1 1 1 0 1 0 0 1 0 0 0 1 1 1 0 3 1 1 0 1 0 0 1 3 1 0 0 1 0 1 1 1 0 1 1 1 1 1 1 1 0 1 0 1 1 0 1 
0 1 1 1 1 0 1 1 0 0 0 1 0 1 1 1 0 1 1 1 2 0 1 0 1 0 0 0 2 1 1 0 1 0 0 0 0 1 1 1 1 1 1 0 0 1 1 1 0 1 0 0 
0 1 0 0 0 1 0 0 1 1 0 0 0 0 0 1 1 1 0 0 1 1 1 1 1 0 1 0 2 1 1 1 1 1 0 0 0 0 0 0 0 1 0 0 0 1 1 0 1 1 1 0 
1 0 0 1 0 1 0 0 1 0 0 1 0 1 1 0 0 0 0 1 3 1 0 1 0 1 1 1 2 0 0 1 0 0 1 1 0 1 0 1 0 0 0 1 1 0 0 1 0 0 1 1 
0 0 1 0 2 0 0 0 0 0 0 0 1 0 1 0 0 1 1 1 1 0 1 0 1 1 0 1 1 0 0 1 0 0 1 0 1 1 0 1 1 0 1 1 1 0 0 0 0 1 0 1 

# Size = 16 | Time = 169 ms
1 0 0 0 2 1 0 0 1 0 0 1 0 1 0 1 0 0 1 1 1 0 1 1 0 0 0 1 3 1 1 1 0 1 1 0 1 1 1 1 0 1 1 1 0 0 1 0 1 0 1 1 
0 0 0 1 0 1 1 0 0 0 1 0 0 0 0 0 1 1 1 1 3 0 0 1 1 0 1 0 3 1 0 1 1 0 1 1 0 0 1 0 1 0 0 1 1 0 1 0 1 1 0 1 
1 1 1 0 2 1 1 1 1 1 1 0 0 0 0 0 0 0 0 1 2 0 0 0 1 0 0 0 0 0 0 0 0 0 0 0 0 1 0 0 1 1 0 1 1 0 0 0 1 0 1 1 
1 1 1 0 1 0 1 1 0 1 0 0 1 0 0 0 0 0 0 0 0 1 0 1 0 1 0 1 3 0 1 1 1 1 0 0 1 1 1 1 0 0 1 1 1 1 1 1 0 0 1 0 
0 1 0 1 2 0 0 1 1 1 0 1 1 0 1 1 0 1 0 1 0 0 1 0 1 1 0 0 2 0 1 0 0 1 1 0 1 0 0 0 0 0 1 1 1 0 1 1 0 1 0 1 
1 1 0 0 1 0 1 0 0 0 0 0 1 1 1 1 0 0 0 1 2 0 1 0 1 1 1 1 2 0 0 0 1 1 1 1 0 0 1 1 1 0 0 1 0 0 1 1 0 0 1 1 
0 0 1 1 0 0 0 0 1 0 0 1 0 0 1 1 0 1 1 0 2 1 0 1 1 1 0 0 1 0 1 1 1 0 1 1 1 1 1 0 0 0 1 0 0 0 1 1 0 1 0 1 
0 0 0 0 2 0 1 1 0 0 1 1 1 1 1 0 1 1 1 0 0 1 0 0 0 0 0 0 1 1 0 0 0 1 1 1 0 1 0 1 1 0 0 0 0 0 0 0 0 1 0 1 
1 0 1 0 0 0 1 1 0 1 1 0 1 1 1 0 0 1 1 1 1 1 0 1 1 1 0 0 0 0 1 1 1 0 1 0 0 1 0 1 1 1 1 1 0 1 0 1 0 1 0 0 
1 0 1 0 0 1 1 1 1 0 1 0 1 1 1 1 0 0 1 1 3 1 1 0 0 1 1 1 1 0 1 0 0 1 0 0 1 1 0 0 0 1 0 1 1 0 1 1 0 0 1 1 
0 0 1 1 0 1 0 1 0 0 1 0 1 1 0 0 1 0 0 0 1 1 0 1 0 0 1 1 2 1 1 0 1 0 0 0 0 0 1 0 1 0 0 1 1 1 1 0 1 1 0 1 
1 1 1 1 1 0 0 0 0 1 1 1 0 0 0 0 1 0 0 0 1 0 1 0 0 0 0 1 1 0 0 1 1 1 1 1 0 0 0 0 0 0 0 0 0 1 1 0 1 1 0 0 
1 0 0 1 1 0 0 1 0 1 0 1 1 0 1 0 1 1 1 0 2 1 0 0 0 1 1 0 3 1 0 0 0 0 0 1 1 0 0 0 1 1 1 0 0 1 0 1 0 0 1 0 
0 1 1 1 2 0 0 1 0 0 1 1 0 0 0 0 1 1 1 0 3 1 1 0 1 1 1 1 2 0 0 1 1 1 0 0 0 1 0 0 1 1 0 0 0 1 0 1 0 0 0 0 
1 1 1 1 0 1 1 0 1 0 1 1 0 1 1 1 1 0 0 1 0 1 1 0 1 1 1 1 0 1 1 1 0 0 1 0 1 0 1 0 0 1 1 0 0 1 1 0 1 0 0 0 
0 1 0 1 1 1 0 0 1 1 0 0 0 0 1 0 1 1 0 0 3 1 0 1 0 0 0 0 0 1 1 0 1 1 0 1 1 1 1 1 0 0 1 0 0 1 0 1 0 1 1 0 

# Size = 16 | Time = 259 ms
1 0 1 0 1 0 1 0 1 1 0 1 1 0 0 0 0 0 1 1 1 0 1 0 1 1 0 1 1 1 1 0 1 0 1 0 0 1 0 1 0 1 1 1 1 1 1 1 0 0 1 0 
1 1 1 1 2 0 1 1 0 1 0 1 0 1 0 1 1 1 0 0 1 1 1 1 1 1 0 1 3 1 0 0 1 0 0 1 1 0 0 0 0 0 0 0 0 1 1 1 0 1 0 0 
0 0 0 0 0 1 1 1 1 1 0 0 0 0 1 0 1 1 1 1 1 0 0 0 0 1 1 0 2 0 1 1 0 0 0 1 0 0 1 1 1 1 0 0 0 0 0 1 0 1 0 1 
0 0 1 1 1 0 1 0 0 0 1 1 1 0 1 0 1 0 0 1 2 0 1 0 1 0 1 1 3 0 1 1 1 0 1 1 1 1 1 0 0 0 0 1 1 0 0 1 0 0 0 1 
0 0 1 1 2 0 0 0 0 0 1 0 1 0 0 1 1 1 0 0 3 1 0 1 1 1 0 1 2 0 1 0 1 1 0 0 1 1 0 1 0 0 1 1 1 1 1 1 0 0 1 0 
1 1 0 0 0 1 1 1 1 1 1 1 1 0 1 0 1 1 1 1 3 1 1 0 0 0 1 0 3 1 1 0 1 1 1 1 0 0 1 1 1 1 0 0 0 1 0 0 1 1 1 0 
1 0 1 1 2 1 0 1 1 1 1 0 1 0 1 0 0 1 0 0 0 0 0 1 0 1 1 0 3 0 1 1 0 0 1 0 0 0 1 0 0 0 1 0 0 1 1 0 1 0 0 0 
0 0 0 0 0 1 0 1 0 1 0 0 1 1 0 1 1 1 0 0 2 0 0 1 0 1 0 1 1 1 0 1 0 0 0 1 1 1 0 1 1 1 1 1 1 1 1 0 1 0 0 0 
1 1 1 1 2 0 0 0 0 0 0 0 1 0 1 0 1 0 0 0 2 1 1 0 1 0 1 0 0 0 0 1 1 1 0 0 1 1 0 1 0 0 0 0 0 0 0 1 0 1 0 1 
1 0 0 1 2 0 0 1 0 0 1 1 0 1 1 0 0 0 1 0 3 0 0 1 1 0 1 1 1 0 0 1 0 1 0 1 0 1 1 1 1 0 1 0 0 0 0 0 1 0 1 1 
0 1 0 0 0 1 1 0 1 1 1 0 0 1 1 1 1 0 0 0 0 0 0 0 1 1 0 1 0 1 1 1 1 1 1 0 1 1 1 0 0 0 1 1 0 0 1 0 1 1 1 1 
1 1 1 0 1 1 1 0 0 1 0 1 0 1 1 0 0 0 1 0 0 1 1 1 1 1 0 0 1 0 1 0 0 0 0 1 1 0 1 0 1 0 0 1 1 1 1 0 0 1 0 1 
1 1 0 1 1 0 1 1 1 1 1 0 0 1 1 1 0 0 1 0 2 0 1 0 0 1 1 0 2 1 0 0 0 1 1 1 0 0 0 0 1 1 0 0 0 1 1 0 1 0 1 1 
1 0 0 0 2 1 0 1 1 0 1 1 0 1 1 1 0 0 1 1 1 1 1 1 0 0 1 1 0 1 1 0 0 1 1 0 1 0 0 0 1 1 1 1 1 1 1 0 1 1 0 0 
0 0 1 1 0 0 0 1 0 0 0 1 1 0 0 0 0 0 0 1 0 1 1 1 0 0 0 1 2 1 0 0 1 1 0 1 0 0 0 1 1 1 0 0 0 0 0 1 0 0 0 1 
0 1 1 0 1 1 0 0 0 0 0 0 1 1 0 0 1 1 1 0 3 1 0 1 0 1 1 0 0 1 0 0 0 0 0 1 0 1 1 0 0 1 1 1 0 0 0 0 0 0 0 1 

# Size = 16 | Time = 273 ms
1 1 0 0 0 1 0 1 0 0 0 1 1 0 0 0 0 0 1 0 3 1 1 1 0 0 1 0 1 0 1 0 1 0 0 0 0 0 1 0 1 0 0 1 1 1 0 0 1 1 0 0 
0 1 1 1 1 0 1 0 1 1 1 0 1 1 1 0 1 1 0 0 0 0 0 1 1 1 0 1 1 0 0 1 1 0 0 1 1 1 0 0 0 1 1 1 0 0 1 0 1 0 1 1 
1 0 1 1 2 1 0 0 0 0 1 1 1 1 1 1 1 1 1 0 3 1 1 0 1 0 1 0 3 0 1 0 1 1 1 1 1 0 0 0 1 0 1 0 0 0 1 0 0 0 0 1 
0 1 1 0 2 0 0 1 1 0 1 1 0 1 1 1 1 0 0 1 2 1 0 1 1 0 1 1 1 1 0 0 1 1 1 1 0 1 1 1 1 0 1 0 0 1 1 0 1 0 0 0 
1 0 0 0 2 1 1 0 1 1 1 0 0 1 0 1 1 1 0 1 1 0 0 0 0 1 0 0 1 1 1 1 0 1 1 1 1 0 0 1 0 1 0 0 0 1 1 1 0 0 0 0 
0 0 0 1 0 1 0 0 1 0 0 0 0 0 0 1 1 1 0 0 2 0 1 0 1 0 0 0 2 0 1 1 0 0 0 1 0 0 1 0 1 1 0 0 0 0 1 1 0 1 1 1 
1 1 1 1 1 1 1 1 0 0 1 1 1 0 0 1 0 1 0 0 2 0 1 1 0 1 1 1 3 1 0 1 0 0 0 0 0 1 1 1 1 1 1 1 1 0 1 0 1 1 1 1 
1 0 1 0 0 1 0 1 1 0 1 0 0 1 1 0 0 0 0 1 3 0 0 0 1 1 0 1 0 0 0 1 1 1 0 0 0 1 0 1 0 0 1 0 0 1 0 1 0 1 1 0 
0 0 0 0 1 0 1 1 0 1 0 1 0 1 1 0 0 0 1 1 3 0 1 1 1 0 1 1 2 1 1 0 0 1 1 0 1 0 0 1 1 1 1 1 1 0 0 1 0 1 0 1 
1 1 0 1 1 1 1 1 1 1 0 1 0 1 0 1 1 1 1 0 0 1 1 1 0 1 0 0 0 1 1 0 0 1 1 0 1 1 1 1 1 1 0 0 0 1 1 1 0 1 0 0 
0 1 0 1 1 0 0 0 0 1 0 1 1 0 1 0 0 0 1 1 1 1 0 0 0 1 0 1 0 0 0 1 0 1 0 1 1 0 1 0 1 0 1 1 1 0 0 0 1 1 0 1 
1 0 1 1 0 0 1 0 0 1 0 1 0 0 1 0 0 1 0 0 1 0 0 0 1 1 0 0 3 1 0 0 1 1 1 0 0 0 1 0 0 0 0 1 1 0 0 0 0 0 1 1 
0 1 0 0 0 1 1 0 1 0 0 0 1 0 1 0 1 0 0 1 0 1 1 0 0 0 1 1 3 1 1 1 1 1 1 1 0 0 1 1 1 0 0 1 1 1 1 1 0 1 1 0 
1 0 1 1 2 0 0 0 0 0 1 0 1 0 0 0 0 1 1 0 0 1 0 0 0 1 1 0 2 1 0 0 1 0 0 1 0 1 1 1 0 0 1 1 0 1 0 0 1 1 0 1 
0 1 0 1 0 1 1 1 1 0 0 1 0 1 1 0 1 1 0 1 1 0 1 1 1 0 1 0 2 0 1 0 0 0 1 0 1 1 0 1 0 0 0 1 0 1 1 1 0 0 0 0 
1 0 1 1 2 0 0 0 1 1 0 0 1 0 1 0 1 0 1 0 2 1 0 0 1 0 1 1 0 0 0 1 0 0 1 0 1 1 0 1 0 1 0 1 1 1 0 0 1 0 1 1 

# Size = 16 | Time = 154 ms
1 0 1 0 2 0 0 0 1 1 0 1 0 0 1 1 1 1 1 1 3 0 1 1 1 0 1 1 3 1 0 0 0 0 0 1 0 0 0 0 0 0 0 1 0 1 1 0 0 0 0 1 
0 0 0 1 0 0 1 0 0 1 1 0 0 0 1 1 0 1 1 0 3 1 0 0 0 1 0 1 0 0 1 0 1 1 1 1 0 0 1 1 1 1 0 0 0 1 1 1 0 0 0 0 
1 1 0 1 2 0 0 1 1 0 0 0 0 0 0 1 1 1 0 0 0 1 0 0 1 0 0 0 0 1 1 1 0 0 0 0 0 1 0 1 1 0 1 1 1 1 1 0 1 0 0 1 
0 1 1 1 0 0 1 0 0 1 0 1 1 1 1 0 1 0 0 1 2 0 0 0 1 1 0 0 3 0 1 1 1 1 1 1 1 1 0 0 1 0 1 0 0 0 0 0 1 0 1 1 
1 1 1 1 2 1 0 1 0 1 0 0 1 0 1 0 1 1 1 0 1 0 1 0 0 1 0 0 0 1 1 0 0 1 1 1 1 0 1 0 0 1 0 1 0 0 0 0 0 1 1 1 
0 1 0 0 1 0 1 0 1 0 0 1 1 1 1 0 0 1 0 0 1 1 0 1 0 0 1 1 3 0 0 1 1 1 1 0 0 1 1 1 0 1 1 1 0 0 0 0 1 0 0 1 
1 1 0 0 1 1 1 1 1 1 1 0 0 0 0 0 1 1 0 1 3 1 0 0 0 1 0 0 2 0 1 1 0 0 1 1 1 1 1 0 0 0 0 0 0 1 0 0 1 0 1 1 
0 0 0 0 2 1 0 1 1 0 1 1 1 0 0 1 0 1 1 0 2 0 1 1 0 0 1 1 2 0 0 1 0 1 0 0 0 0 0 1 0 1 1 1 1 1 1 0 1 1 0 0 
1 0 1 0 2 0 1 1 0 1 1 0 1 1 0 1 0 0 1 0 2 0 1 0 0 0 1 0 1 0 1 1 0 0 1 0 1 0 1 1 1 1 0 1 0 0 1 1 0 0 0 1 
0 1 1 0 1 0 0 1 0 1 1 1 0 1 0 0 1 0 0 1 2 1 1 1 0 0 1 1 0 1 0 0 1 0 0 0 0 0 1 0 1 1 1 1 0 1 1 0 1 1 0 0 
1 0 0 1 2 1 1 1 1 0 0 0 1 0 1 1 1 0 1 1 1 1 1 0 1 0 1 1 1 1 0 1 1 1 1 1 0 1 0 1 1 0 0 0 0 1 1 1 0 1 1 0 
1 1 0 0 0 1 1 0 1 0 1 0 0 1 1 0 0 1 0 1 0 1 1 1 1 0 1 0 1 0 1 1 1 0 0 1 1 1 1 0 0 1 0 1 1 1 0 0 1 1 1 0 
1 1 1 1 0 1 0 1 0 1 0 1 0 1 1 0 0 0 1 1 0 0 0 1 0 0 0 1 2 1 0 1 1 0 0 0 1 0 0 1 0 0 1 0 0 0 1 1 0 0 1 1 
0 0 0 1 1 1 0 1 0 0 1 0 1 1 0 0 0 0 0 1 0 0 1 1 1 1 1 1 3 0 0 0 0 1 1 1 0 1 0 0 1 0 1 1 1 1 0 1 0 1 1 0 
0 1 1 0 1 0 0 1 1 0 1 1 1 1 1 1 1 0 1 1 3 1 0 1 1 1 0 1 1 0 1 0 1 1 0 0 0 1 0 1 1 1 1 1 1 0 1 0 0 1 0 1 
0 1 0 1 0 0 1 0 0 1 1 0 0 1 0 0 0 1 1 1 1 1 0 0 1 0 0 0 2 0 0 0 0 0 0 0 0 1 0 1 1 1 0 1 1 1 1 0 1 0 1 0 

# Size = 16 | Time = 139 ms
0 1 0 1 2 0 0 0 0 1 0 1 0 1 1 0 1 0 1 0 0 0 1 1 0 0 0 1 0 0 1 0 0 0 1 0 0 1 1 1 1 0 0 0 0 1 0 0 1 0 1 0 
1 0 1 0 0 1 0 1 0 0 0 0 0 0 0 1 0 1 1 0 0 0 1 0 1 0 1 0 3 1 1 1 1 0 1 0 1 1 0 1 0 1 1 0 0 0 1 1 0 1 1 1 
0 0 1 1 2 1 1 1 1 0 1 1 1 0 1 0 0 1 0 1 3 1 0 0 1 1 0 1 0 0 1 1 0 1 0 1 1 1 0 1 0 0 1 1 1 1 1 1 0 0 0 1 
1 0 0 0 1 0 0 0 1 1 1 1 1 0 0 1 0 0 0 0 3 0 1 1 0 1 1 1 2 1 1 0 1 1 0 0 0 1 0 0 0 1 0 0 0 1 1 0 0 1 0 0 
1 1 1 1 0 1 1 0 1 1 1 0 1 0 1 0 0 1 1 1 1 0 0 0 0 0 0 1 1 1 1 1 1 0 1 1 0 0 0 1 1 0 1 0 0 1 0 0 0 1 0 0 
1 1 1 0 1 0 0 0 1 1 0 0 1 1 1 0 1 0 0 1 3 0 1 1 1 0 1 0 3 1 0 1 1 0 1 1 0 0 0 0 0 0 1 0 0 0 0 0 1 0 1 1 
1 0 0 0 0 1 1 1 0 0 1 0 1 1 0 0 1 1 1 1 2 1 0 1 0 1 1 0 0 0 1 0 0 1 1 1 1 0 1 0 0 0 1 0 0 0 0 0 1 1 0 1 
0 1 1 1 2 1 0 1 1 1 0 1 0 1 1 1 0 0 0 1 2 1 0 0 1 1 1 0 2 0 0 0 1 1 0 1 1 1 1 1 1 1 1 0 0 1 1 0 1 1 1 0 
0 1 0 0 1 1 0 0 0 0 0 1 0 0 0 1 0 0 0 1 2 0 0 1 0 0 0 1 3 1 0 0 0 1 0 0 0 0 1 1 1 0 1 1 1 1 1 0 0 1 1 0 
1 1 0 0 0 0 1 1 0 0 1 0 1 1 1 1 1 1 0 1 0 1 0 0 0 1 1 0 2 1 0 1 1 0 0 1 0 0 0 0 0 0 1 1 1 1 1 1 0 1 0 0 
0 0 1 1 2 1 1 1 1 1 1 1 0 1 1 0 0 0 0 1 1 1 1 1 1 1 1 1 3 0 0 1 0 1 0 1 1 0 1 0 1 1 0 1 0 0 0 1 0 1 0 1 
1 0 0 1 1 0 0 1 1 0 1 1 0 0 0 1 1 0 1 0 1 1 0 1 1 0 1 0 0 1 0 0 1 1 1 1 0 0 0 0 1 1 0 1 1 1 1 0 1 0 1 1 
1 1 0 0 1 1 0 0 0 1 0 1 1 0 1 0 0 0 1 1 1 1 0 0 1 0 0 0 2 1 1 0 0 0 1 0 1 1 1 0 0 1 1 1 1 0 0 1 0 0 1 1 
0 0 0 1 0 0 1 0 0 1 0 1 0 1 1 0 0 0 1 1 3 1 1 1 0 1 1 0 1 1 1 0 0 1 0 0 1 0 1 1 1 0 0 0 0 0 0 0 1 0 0 1 
0 0 1 0 1 1 1 1 1 0 1 0 0 1 1 0 1 1 0 0 0 0 0 0 0 0 0 0 1 0 0 1 1 1 1 1 1 1 0 1 1 1 0 1 1 0 0 0 0 1 1 1 
1 0 1 0 2 0 0 1 1 1 0 0 1 0 0 1 1 0 1 0 2 1 1 1 1 1 1 1 1 1 0 1 0 0 1 1 1 0 0 0 0 0 0 1 1 1 1 1 0 0 1 0 

# Size = 16 | Time = 417 ms
0 0 1 1 1 0 0 0 0 0 1 1 0 0 1 1 0 0 0 1 2 1 0 1 0 1 1 0 1 1 0 0 1 0 1 1 1 0 0 1 1 0 1 1 1 1 1 0 1 0 0 0 
1 1 0 1 2 1 1 1 1 1 1 0 1 1 0 0 1 1 1 0 2 1 1 1 0 0 1 0 3 1 1 1 1 1 1 1 0 1 1 0 0 0 1 1 1 0 0 1 0 0 1 1 
0 1 0 1 1 1 0 0 1 1 1 0 1 0 1 0 0 1 0 0 1 1 1 0 0 1 1 0 2 0 0 0 1 1 0 1 0 1 1 0 1 1 1 1 0 1 1 0 1 1 0 0 
1 1 1 0 0 1 0 0 1 0 0 0 0 1 1 0 1 0 1 1 2 0 1 0 1 0 0 1 2 0 0 1 0 1 1 0 1 1 0 0 1 1 0 0 0 1 0 0 1 1 1 1 
1 0 0 1 0 1 1 1 1 1 1 0 0 0 0 1 0 1 0 1 3 0 1 1 1 1 0 1 0 1 0 0 0 1 1 1 0 0 1 1 0 0 1 1 0 1 1 0 1 1 0 0 
1 1 0 1 1 0 1 1 0 0 0 0 1 1 0 1 1 0 1 1 1 0 0 0 1 0 1 1 0 1 1 1 0 0 0 1 1 0 1 1 0 1 0 1 1 0 1 0 1 0 0 1 
0 1 1 0 2 1 0 0 1 1 0 1 0 0 1 0 1 1 1 0 2 1 0 1 0 1 1 0 0 0 1 1 1 1 0 0 0 1 0 0 1 0 1 0 0 0 0 1 0 1 1 1 
0 0 0 0 1 0 0 1 1 0 1 1 1 0 0 1 1 1 0 0 0 1 0 1 1 1 1 0 3 0 0 1 0 0 1 1 1 1 1 0 0 1 1 0 0 0 1 1 0 0 1 1 
1 0 0 0 2 0 0 0 0 0 0 0 0 0 1 1 1 1 0 0 1 0 0 0 0 0 1 1 1 1 0 0 1 1 0 0 1 1 0 1 1 0 0 0 0 1 1 0 1 0 1 1 
1 0 1 1 0 0 1 1 0 0 0 1 0 1 0 0 0 0 1 1 1 0 1 1 0 1 0 1 3 1 1 0 1 1 1 1 0 0 0 0 1 1 0 0 0 1 0 1 0 1 0 0 
0 1 0 1 1 1 1 1 0 0 0 1 1 0 1 0 1 0 0 1 3 0 0 1 1 1 0 0 1 0 1 1 1 0 0 0 0 1 1 0 0 0 1 1 1 1 0 1 0 1 1 0 
0 1 1 1 2 0 0 0 1 1 1 0 1 1 0 0 0 0 0 0 3 1 1 0 0 1 0 0 2 1 0 1 0 1 0 0 1 1 1 0 1 0 1 1 0 0 1 1 0 0 0 1 
1 0 1 0 0 0 1 0 0 1 1 1 1 0 1 0 1 1 1 0 3 0 0 0 1 0 1 0 3 0 1 0 1 1 0 0 0 1 0 1 0 1 0 0 0 1 0 0 1 0 1 0 
0 0 1 0 2 1 1 1 0 1 0 1 0 1 1 1 0 0 1 1 0 0 0 1 0 0 0 0 2 1 1 0 1 0 1 0 0 0 0 1 0 1 1 1 1 1 1 1 0 1 0 0 
0 1 0 1 0 1 1 0 1 1 0 0 1 1 0 0 0 0 1 0 0 1 1 0 0 1 1 1 1 1 1 0 0 0 1 0 1 0 1 1 1 1 0 1 1 0 0 0 0 0 1 1 
1 1 1 1 2 1 1 0 0 0 1 0 0 1 1 0 0 1 1 0 0 0 0 1 1 0 0 1 0 0 1 1 1 1 0 0 0 0 0 0 0 0 1 1 1 0 1 0 1 0 0 1 

