# Size = 19 | Time = 14020 ms
0 1 0 1 1 1 0 0 0 0 0 1 0 0 3 3 3 3 
0 1 0 0 0 1 0 0 1 1 0 1 0 0 2 2 0 0 
0 0 1 0 1 1 0 1 1 1 1 0 0 1 0 1 3 0 
0 1 1 0 1 1 0 1 0 0 1 0 0 3 0 3 0 2 
0 1 1 1 1 1 1 1 0 0 0 1 0 3 1 2 3 1 
1 0 0 0 0 0 1 1 0 0 1 1 0 3 0 0 3 0 
0 1 1 1 1 0 1 1 0 1 0 1 0 3 2 1 2 3 
0 1 1 0 0 1 1 0 1 1 0 1 1 3 3 0 1 0 
0 0 1 0 0 0 1 0 0 1 0 1 0 0 1 1 1 2 
1 0 0 0 0 0 1 1 0 1 1 0 0 2 0 0 1 3 
0 1 0 1 1 1 1 0 0 0 1 1 0 2 3 1 0 1 
0 1 0 1 1 0 0 0 0 0 1 1 1 1 1 0 0 3 
0 1 1 0 0 0 1 1 1 1 1 0 1 2 2 0 3 2 
0 0 0 0 0 0 1 1 0 0 0 0 0 1 2 3 1 1 
1 0 0 1 1 1 1 0 1 0 0 0 0 3 0 0 0 2 
1 0 0 1 1 0 0 1 1 1 1 0 1 0 0 0 2 1 
0 0 1 0 0 0 0 1 1 0 1 0 0 1 3 2 2 2 
0 1 1 1 1 1 0 0 1 1 0 0 0 2 1 3 2 0 
0 1 1 1 1 0 0 1 1 1 0 0 0 2 0 2 1 3 

# Size = 19 | Time = 11189 ms
1 0 0 0 0 1 1 1 0 1 0 0 1 3 0 0 0 1 
1 0 0 1 1 1 0 0 1 0 0 0 1 0 0 0 1 2 
0 1 1 0 0 1 0 0 1 1 1 1 0 3 1 2 3 2 
0 0 0 1 1 1 0 1 0 1 0 0 1 1 1 0 2 3 
0 1 1 0 0 0 1 1 1 0 0 1 1 2 3 0 3 0 
1 0 0 1 1 0 0 0 1 0 1 0 0 2 0 0 3 0 
0 0 0 1 1 0 0 0 0 0 0 1 0 3 3 3 1 3 
0 1 0 0 0 0 0 1 1 0 0 0 0 0 1 3 0 0 
0 0 0 1 1 0 1 1 0 1 1 0 0 2 0 3 2 2 
0 0 0 1 1 0 1 0 0 1 0 1 0 1 0 2 1 0 
0 1 1 1 1 1 0 0 1 1 1 0 0 1 2 3 3 1 
0 1 1 0 1 0 0 1 0 1 0 1 0 0 0 1 3 3 
0 1 0 0 0 1 1 1 0 0 0 1 0 2 1 1 1 1 
1 0 0 0 0 1 1 0 0 1 1 1 0 3 0 0 2 3 
0 1 1 0 1 0 1 1 1 1 1 0 0 0 3 2 2 1 
0 1 1 0 0 0 0 0 0 0 1 1 1 0 2 0 1 2 
0 0 1 1 1 1 1 0 1 0 0 0 0 3 2 1 2 0 
0 0 1 0 0 1 1 0 1 0 1 0 0 1 3 1 0 2 
0 1 0 1 1 1 1 1 1 0 0 1 0 2 2 2 0 3 

# Size = 19 | Time = 14389 ms
1 0 0 0 0 1 1 0 0 0 0 1 1 2 0 0 3 3 
0 1 1 0 1 0 0 0 0 0 0 1 0 0 1 2 3 3 
0 0 0 0 0 1 0 1 1 1 0 0 0 3 0 2 2 1 
0 0 1 0 1 1 1 1 0 0 0 1 0 1 1 1 0 1 
0 1 1 0 0 0 0 0 1 1 1 0 0 0 3 3 1 1 
1 0 0 0 0 1 1 1 1 1 0 0 1 0 0 0 0 2 
1 0 0 1 1 0 1 1 0 1 1 0 0 0 0 0 1 0 
0 0 0 1 1 1 1 1 0 0 1 0 0 2 1 3 2 2 
0 1 0 0 0 1 1 0 0 1 0 0 0 3 2 3 0 3 
0 1 0 0 0 1 1 0 1 0 0 0 1 1 3 0 2 3 
0 0 1 1 1 0 1 1 0 0 1 0 1 2 2 0 3 1 
0 1 1 1 1 0 1 1 0 0 1 1 0 1 2 2 1 2 
1 0 0 1 1 0 0 0 1 1 1 1 1 3 0 0 2 1 
0 0 1 0 0 1 0 0 0 0 0 1 0 3 3 1 3 2 
0 0 0 1 1 1 1 1 1 1 1 0 0 2 0 1 1 3 
0 1 1 1 1 1 0 0 1 1 0 1 0 1 0 3 3 0 
0 0 1 0 0 0 0 0 1 1 0 0 1 3 1 0 1 0 
0 1 1 1 1 0 0 1 1 0 1 1 0 0 2 1 2 0 
0 1 0 1 1 0 0 1 0 0 1 0 0 2 3 2 0 0 

# Size = 19 | Time = 15476 ms
0 0 0 1 1 1 1 1 1 0 0 0 0 0 3 3 1 3 
1 0 0 0 1 0 0 0 0 1 1 1 1 3 0 0 1 1 
0 1 0 1 1 0 0 1 0 1 0 0 0 3 2 2 0 3 
0 1 1 0 1 1 0 1 0 0 1 1 1 0 2 0 2 2 
0 0 1 1 1 1 0 0 1 0 1 0 0 1 3 2 2 1 
1 0 0 0 0 0 1 1 0 1 0 1 1 3 0 0 2 0 
1 0 0 1 1 1 1 1 1 1 0 0 1 2 0 0 3 2 
1 0 0 0 1 0 0 0 0 0 1 0 0 0 0 0 0 3 
0 0 1 0 0 0 0 1 1 1 0 1 0 2 1 2 1 2 
0 0 0 0 0 1 1 0 0 0 0 1 1 1 1 0 3 3 
0 0 1 0 1 1 0 1 1 0 0 0 0 2 0 1 2 3 
0 0 1 0 0 0 1 1 1 1 1 0 0 0 0 2 3 0 
0 1 1 0 0 1 0 0 0 1 1 1 1 2 3 0 0 0 
0 1 1 1 1 0 1 1 1 1 1 1 0 1 0 3 0 2 
0 1 1 0 0 0 1 1 0 0 1 1 0 1 2 1 1 0 
0 1 0 1 1 0 0 0 1 0 0 0 0 3 3 1 3 2 
0 0 0 0 0 0 0 0 1 1 0 1 0 2 2 3 3 1 
0 1 1 1 1 1 1 1 0 1 0 0 0 3 1 3 2 0 
0 1 0 0 0 0 1 1 0 1 1 1 0 0 1 1 0 1 

# Size = 19 | Time = 11657 ms
0 1 1 0 0 1 1 1 0 0 1 1 0 0 2 3 2 0 
0 0 1 1 1 0 0 0 0 1 0 0 1 0 1 0 0 2 
0 0 1 0 0 1 0 0 1 1 1 0 0 1 0 3 3 2 
1 0 0 0 0 0 1 0 0 1 1 0 0 2 0 0 3 2 
1 0 0 0 0 1 0 1 1 1 1 0 1 0 0 0 0 0 
0 1 0 0 0 1 1 1 1 1 0 1 0 0 3 1 3 1 
0 1 1 0 0 0 0 0 1 0 1 1 0 3 3 2 2 2 
0 1 0 0 1 0 1 0 0 0 0 0 0 3 0 1 0 0 
0 0 1 1 1 0 1 0 0 1 1 0 1 1 3 0 1 0 
0 0 0 1 1 0 1 1 1 0 0 1 0 1 1 1 2 3 
0 0 0 1 1 1 1 1 1 0 0 1 0 2 3 3 0 3 
0 0 1 1 1 1 0 1 1 0 1 1 0 2 2 1 1 2 
0 1 1 0 0 1 1 0 0 0 0 0 0 2 1 2 3 0 
1 0 0 1 1 0 0 1 0 1 1 0 1 2 0 0 2 1 
0 1 1 0 1 0 1 0 0 0 1 1 0 3 1 3 1 1 
0 0 0 0 0 1 1 1 1 1 1 0 0 0 0 2 1 3 
1 0 0 1 1 1 0 1 1 0 0 1 1 3 0 0 1 3 
0 1 1 1 1 0 0 0 0 1 0 0 1 3 2 0 3 3 
0 1 0 1 1 1 0 1 0 1 1 1 0 1 2 2 0 1 

# Size = 19 | Time = 15024 ms
0 0 1 1 1 1 1 1 0 1 0 1 1 3 2 0 0 3 
0 1 0 0 0 1 1 0 0 0 1 0 0 2 1 3 0 1 
0 0 1 1 1 0 0 0 0 1 0 1 0 3 1 2 3 0 
0 1 1 0 0 1 0 0 0 0 0 0 0 3 3 3 1 2 
1 0 0 1 1 0 0 1 1 0 1 1 0 3 0 0 2 1 
0 0 0 1 1 0 0 1 0 1 0 1 1 1 1 0 2 2 
0 0 0 1 1 0 1 0 1 1 0 1 0 2 3 2 2 3 
0 1 1 0 0 0 1 0 0 1 1 0 1 0 3 0 3 1 
0 1 1 0 0 0 1 1 0 1 0 1 0 1 3 1 0 0 
1 0 0 0 0 1 1 1 0 0 1 0 0 0 0 0 0 2 
0 0 1 0 0 1 0 1 1 1 1 0 0 0 0 2 0 2 
0 1 0 1 1 0 1 0 1 0 0 1 0 0 1 1 1 3 
0 1 1 1 1 1 0 0 0 0 0 0 0 1 2 2 1 1 
0 1 1 1 1 0 0 1 1 1 1 1 0 1 0 3 3 3 
0 0 1 0 0 0 0 0 1 0 1 0 0 2 2 1 3 2 
0 0 0 0 0 1 0 0 0 0 1 1 0 0 2 3 2 0 
1 0 0 1 1 0 1 1 1 1 1 0 1 2 0 0 1 0 
1 0 0 0 0 1 0 0 0 0 0 0 1 3 0 0 3 3 
0 1 1 0 1 1 1 0 1 1 0 0 0 3 0 1 2 1 

# Size = 19 | Time = 16503 ms
0 0 1 0 0 0 1 1 0 0 1 1 0 3 2 1 2 0 
0 0 1 0 0 1 1 0 0 1 1 1 1 1 3 0 1 0 
1 0 0 1 1 1 0 1 0 0 0 1 0 3 0 0 3 2 
0 1 0 0 0 1 1 0 1 0 1 0 0 0 0 2 3 0 
0 1 1 0 1 0 1 0 0 0 1 1 0 0 2 3 1 1 
0 1 1 1 1 1 1 0 1 1 0 0 0 3 3 3 3 2 
0 0 1 0 0 0 0 1 1 0 0 1 0 1 0 3 2 3 
0 1 1 1 1 1 0 0 0 0 0 1 0 2 3 2 2 1 
1 0 0 0 0 0 1 1 1 1 1 1 1 3 0 0 0 1 
0 1 0 1 1 0 0 0 0 0 1 0 0 1 1 1 3 1 
0 1 0 0 0 1 0 0 0 1 1 0 0 2 1 3 0 0 
0 0 1 1 1 0 1 1 1 0 1 0 0 1 2 2 0 2 
1 0 0 1 1 1 0 0 0 0 0 0 0 0 0 0 1 0 
0 0 1 0 0 0 0 1 0 1 0 0 1 0 1 0 2 2 
0 1 0 1 1 1 1 0 1 1 1 1 0 3 1 2 1 3 
0 1 0 0 1 0 0 1 1 1 0 0 0 0 3 1 0 3 
1 0 0 1 1 0 1 0 1 0 0 1 1 2 0 0 2 3 
0 1 0 1 1 1 0 1 0 0 0 0 0 2 0 1 1 2 
0 1 0 0 0 1 0 1 0 1 0 0 1 2 2 0 3 3 

# Size = 19 | Time = 14285 ms
0 1 0 0 0 0 1 0 0 0 0 0 0 2 1 2 2 0 
0 1 1 1 1 0 1 1 1 0 1 1 1 1 1 0 1 3 
0 0 0 1 1 0 1 1 0 1 1 1 0 3 2 2 0 3 
0 0 1 1 1 1 0 1 1 0 0 0 0 0 3 2 1 1 
0 0 1 0 1 1 0 1 1 1 1 1 0 0 1 1 0 2 
0 0 1 1 1 0 0 0 1 0 0 1 1 3 3 0 2 2 
0 0 0 0 1 0 1 1 1 1 1 0 0 1 0 2 3 2 
0 0 0 0 0 0 0 1 1 1 1 1 0 3 1 3 3 1 
0 1 1 0 0 0 1 1 0 0 1 0 0 3 0 1 1 0 
0 1 0 0 0 1 0 0 1 1 0 1 0 1 2 1 2 1 
0 1 1 0 0 1 0 1 0 0 0 1 0 2 2 3 1 2 
1 0 0 0 0 1 1 1 1 1 1 0 0 0 0 0 2 2 
1 0 0 1 1 1 1 0 1 1 0 1 1 3 0 0 1 0 
1 0 0 0 0 0 0 0 0 1 1 0 1 2 0 0 3 3 
1 0 0 1 1 1 1 0 0 0 0 1 1 2 0 0 0 1 
0 1 1 0 1 1 0 1 1 0 1 0 1 0 2 0 3 0 
0 1 0 1 1 1 1 0 1 0 0 0 0 2 3 1 3 3 
0 1 1 0 0 0 1 0 0 1 1 0 0 1 3 3 0 0 
0 1 1 1 1 0 1 0 0 0 0 0 0 0 0 3 2 3 

# Size = 19 | Time = 13723 ms
0 0 1 1 1 0 0 1 0 0 0 0 0 2 0 1 0 3 
0 1 1 0 0 1 0 1 1 1 0 1 0 1 0 3 2 0 
0 1 0 0 0 1 1 0 1 0 0 1 0 3 0 2 1 1 
0 0 1 0 0 1 0 1 1 1 1 0 0 0 2 1 1 0 
0 0 0 0 0 0 1 0 0 0 1 0 0 1 2 2 0 2 
0 1 0 1 1 1 1 0 1 0 0 1 1 1 1 0 1 3 
0 0 1 1 1 1 1 0 1 0 1 1 0 0 1 3 0 1 
1 0 0 1 1 0 0 0 0 1 1 0 0 3 0 0 1 3 
1 0 0 0 0 0 0 1 1 0 1 0 0 2 0 0 2 1 
0 1 1 0 0 1 0 0 0 1 1 0 0 3 1 1 2 2 
1 0 0 0 1 1 1 1 0 0 0 1 1 0 0 0 3 2 
0 0 1 1 1 1 1 0 1 0 1 0 0 2 3 3 1 2 
0 0 1 1 1 0 1 0 0 1 0 0 1 2 2 0 2 1 
0 0 0 1 1 0 1 0 1 1 0 1 0 1 3 1 3 1 
0 1 1 0 1 0 0 1 0 1 1 0 0 2 1 2 3 0 
0 1 0 1 1 0 0 1 0 1 0 0 0 0 3 2 2 3 
0 1 0 0 0 0 0 0 0 1 1 0 1 3 3 0 0 0 
0 1 0 0 0 0 0 1 0 1 1 1 0 3 2 3 3 3 
1 0 0 1 1 1 1 1 1 0 0 1 1 2 0 0 0 0 

# Size = 19 | Time = 12371 ms
0 0 1 0 1 0 0 0 0 0 1 1 0 2 2 2 2 3 
1 0 0 1 1 1 1 0 0 1 0 1 0 0 0 0 0 1 
0 0 1 0 0 1 0 1 0 0 1 1 0 2 1 1 3 1 
0 1 1 1 1 0 1 0 1 0 1 0 0 0 0 1 2 0 
0 1 1 1 1 1 1 0 1 1 1 1 1 2 3 0 1 0 
0 1 0 1 1 0 1 0 1 1 1 0 0 3 1 2 0 0 
0 1 1 1 1 0 1 1 1 1 1 0 0 2 0 3 0 2 
0 1 0 0 0 0 0 1 1 1 0 1 1 0 2 0 0 1 
1 0 0 0 1 0 0 1 1 0 0 0 1 2 0 0 1 2 
0 1 0 1 1 0 0 0 0 1 1 1 0 1 2 3 3 0 
0 0 1 1 1 1 0 1 0 1 0 1 1 1 1 0 2 2 
1 0 0 0 0 1 1 1 1 1 1 0 1 3 0 0 3 3 
0 0 0 0 0 1 0 1 1 0 1 0 0 1 0 2 1 1 
0 1 1 0 0 1 1 0 1 1 1 0 0 3 2 1 1 2 
0 1 0 0 1 1 1 1 1 1 0 0 0 0 3 2 3 2 
1 0 0 0 0 0 1 1 1 0 0 0 0 0 0 0 2 0 
0 0 1 1 1 0 1 0 0 0 1 0 0 0 1 3 1 3 
0 0 0 0 0 1 0 0 0 0 0 1 0 3 3 3 2 1 
0 1 0 1 1 0 1 1 1 0 0 1 0 1 3 1 0 3 

# Size = 19 | Time = 10398 ms
0 1 0 1 1 1 1 1 1 1 0 0 0 3 1 1 1 3 
1 0 0 1 1 1 1 0 1 0 0 0 0 2 0 0 1 0 
0 1 1 0 0 1 0 0 1 1 1 1 0 2 1 2 3 1 
0 1 1 0 1 0 1 1 0 1 0 1 1 0 1 0 2 0 
0 0 0 0 0 1 1 1 0 1 1 0 0 0 3 3 1 1 
0 0 1 1 1 1 1 0 0 0 0 0 0 1 1 3 0 2 
0 0 0 1 1 0 0 0 0 0 0 1 0 0 2 2 0 3 
0 1 0 0 0 1 0 1 1 0 0 1 0 0 0 1 3 2 
0 1 1 0 0 1 1 0 1 1 1 0 1 2 2 0 1 2 
0 1 0 1 1 0 1 0 0 1 0 0 0 3 3 2 2 2 
0 1 1 0 0 0 0 1 1 1 1 0 0 2 3 1 0 0 
1 0 0 1 1 0 0 0 0 0 0 1 1 3 0 0 0 1 
1 0 0 0 0 0 1 0 1 0 0 0 1 0 0 0 2 3 
0 1 1 0 1 0 0 1 1 1 1 1 0 1 0 2 1 0 
0 1 0 0 0 1 1 1 1 0 0 1 1 1 3 0 3 3 
0 0 1 0 0 0 1 0 0 0 1 1 0 1 2 1 2 1 
1 0 0 1 1 0 1 1 0 1 1 0 1 2 0 0 3 2 
0 1 1 0 0 0 0 1 0 1 1 1 0 3 2 3 3 0 
0 0 1 1 1 1 0 1 1 1 1 1 0 2 0 3 2 3 

# Size = 19 | Time = 12662 ms
0 1 1 1 1 0 0 0 0 0 1 1 0 0 1 2 1 2 
0 1 1 1 1 0 0 0 0 1 0 0 0 1 1 1 2 1 
0 1 0 0 0 1 0 1 0 0 0 0 0 3 2 2 3 1 
1 0 0 1 1 0 0 0 0 1 0 1 1 2 0 0 3 0 
1 0 0 0 1 0 1 0 1 0 0 0 1 2 0 0 1 1 
0 0 1 0 0 0 1 0 1 1 1 1 0 2 3 2 2 3 
0 0 0 0 0 1 0 1 1 1 1 0 0 1 2 3 1 3 
1 0 0 1 1 1 1 0 0 1 0 0 1 3 0 0 0 3 
0 1 0 0 0 0 1 1 0 1 1 1 0 0 3 3 0 1 
1 0 0 0 0 1 0 1 1 0 1 0 0 0 0 0 2 2 
0 0 0 1 1 0 0 1 1 0 1 1 0 3 3 1 1 0 
0 0 0 0 0 1 0 1 1 0 1 0 1 3 1 0 0 3 
0 1 1 0 1 1 1 1 1 1 0 0 0 2 1 3 3 0 
0 0 1 1 1 1 1 1 0 0 0 1 0 1 0 2 0 0 
0 1 0 1 1 0 1 0 0 0 1 1 0 2 2 1 0 2 
0 0 1 1 1 0 0 0 0 0 1 1 0 3 0 3 2 2 
0 1 0 1 1 1 0 0 0 1 0 0 1 1 3 0 3 2 
0 1 1 0 0 1 0 0 1 0 1 0 0 0 0 1 3 3 
0 0 1 0 0 0 1 0 0 1 0 1 1 0 2 0 2 0 

# Size = 19 | Time = 13744 ms
0 0 1 0 1 1 0 1 1 0 1 1 0 0 1 1 0 1 
0 1 0 1 1 0 1 0 1 1 0 1 1 2 1 0 1 0 
0 0 1 0 0 1 0 1 1 1 0 1 0 0 0 2 2 0 
1 0 0 1 1 0 0 1 1 1 0 0 1 3 0 0 0 2 
0 1 0 1 1 1 1 1 1 1 0 1 0 0 2 3 1 2 
0 1 0 0 0 0 0 0 0 1 1 1 0 2 0 3 3 1 
0 1 1 0 1 0 0 0 0 1 1 1 0 1 0 1 1 3 
0 1 0 0 0 0 1 1 0 0 1 0 0 2 2 2 0 3 
0 0 1 1 1 0 0 1 0 0 0 1 1 1 2 0 2 1 
0 1 1 0 0 0 1 0 1 0 0 0 0 1 1 2 3 2 
0 0 0 0 1 1 0 0 1 1 1 1 0 1 3 3 0 0 
0 1 1 0 0 1 0 1 0 0 0 0 0 3 1 3 2 3 
1 0 0 0 0 1 1 1 0 0 1 0 1 0 0 0 1 0 
0 1 1 0 0 0 0 1 0 1 1 0 0 2 3 1 2 2 
0 1 1 1 1 0 0 1 1 1 1 0 0 3 3 2 1 1 
0 1 0 1 1 1 1 0 0 0 0 1 0 3 2 1 3 0 
1 0 0 1 1 0 1 1 1 1 0 0 1 0 0 0 3 3 
1 0 0 0 1 1 1 0 0 1 1 1 0 2 0 0 2 1 
0 1 0 0 0 1 1 0 0 0 0 1 1 0 3 0 3 3 

# Size = 19 | Time = 14715 ms
0 1 1 0 0 1 0 0 1 1 1 0 0 1 0 2 2 2 
0 1 1 1 1 0 0 1 0 0 0 0 1 0 3 0 2 0 
0 0 1 0 0 0 0 1 1 1 0 1 0 0 0 3 1 3 
1 0 0 0 0 0 1 1 0 1 1 1 1 3 0 0 0 0 
0 1 0 1 1 0 1 1 1 0 0 1 0 3 3 2 3 3 
1 0 0 0 1 1 1 0 0 1 1 0 0 0 0 0 1 2 
0 1 1 0 1 0 1 0 0 1 1 1 0 2 2 1 2 3 
0 0 1 1 1 1 1 1 0 1 1 1 0 1 2 3 3 0 
1 0 0 1 1 1 1 1 0 0 1 0 0 0 0 0 2 3 
0 1 0 0 0 0 0 1 0 0 1 0 0 1 3 1 1 1 
1 0 0 0 0 0 0 1 1 1 0 0 1 2 0 0 3 1 
0 1 0 0 0 0 1 0 0 1 0 1 1 1 1 0 0 3 
0 0 0 1 1 0 0 0 1 0 1 0 0 2 1 2 1 0 
0 0 1 1 1 0 1 0 0 1 0 1 0 0 1 1 3 2 
0 1 0 0 0 1 0 0 0 0 0 0 0 0 2 2 0 1 
0 0 1 0 1 1 0 0 1 0 1 0 0 3 0 1 0 0 
0 0 0 1 1 1 0 0 1 1 1 0 0 2 3 3 0 2 
0 0 1 0 1 1 1 1 1 0 0 0 1 3 2 0 1 2 
0 1 1 1 1 1 1 1 0 0 1 1 0 3 1 3 2 1 

# Size = 19 | Time = 13766 ms
0 1 0 1 1 0 1 1 0 1 1 0 1 0 1 0 2 1 
0 1 0 1 1 0 1 1 0 1 0 0 0 1 0 1 2 2 
0 1 1 1 1 1 0 1 1 1 1 1 0 0 3 2 0 2 
0 1 0 0 0 1 0 1 0 0 1 0 0 2 1 3 1 2 
0 0 0 0 0 1 0 0 1 0 0 1 0 2 2 2 2 0 
0 0 0 0 0 1 1 0 1 0 0 1 0 3 1 1 0 0 
0 0 1 1 1 0 0 1 0 0 0 1 0 3 3 3 2 3 
0 0 0 0 0 0 1 0 0 1 0 0 0 3 0 2 1 1 
0 1 1 1 1 0 0 0 1 1 0 0 0 2 3 1 3 1 
1 0 0 0 1 1 0 0 0 0 1 1 0 3 0 0 3 2 
0 1 1 1 1 0 1 0 1 1 1 1 0 0 2 1 1 3 
0 1 0 0 0 0 1 0 1 0 0 0 1 1 3 0 1 0 
1 0 0 0 0 1 0 1 0 0 0 1 1 0 0 0 1 0 
0 1 1 1 1 1 1 1 1 1 1 0 1 3 2 0 3 2 
1 0 0 0 1 0 0 1 1 0 1 1 1 0 0 0 2 1 
0 0 1 0 0 1 0 0 1 0 0 0 0 1 1 2 3 3 
0 0 1 1 1 0 1 0 1 1 1 0 0 0 0 3 3 0 
1 0 0 1 1 0 1 0 1 1 1 0 1 2 0 0 0 3 
0 1 1 0 0 1 0 1 0 1 1 1 0 1 2 3 0 1 

# Size = 19 | Time = 15749 ms
0 1 1 0 0 0 0 1 0 0 0 0 0 0 3 3 3 0 
0 1 1 0 1 1 0 0 0 0 1 1 0 2 2 2 3 2 
1 0 0 1 1 1 0 0 0 1 0 1 1 3 0 0 1 2 
0 0 0 1 1 0 1 1 1 1 1 1 0 1 1 1 3 1 
0 1 0 0 0 0 1 0 1 0 1 0 0 3 2 1 1 0 
0 1 0 0 1 1 1 0 1 1 0 0 0 1 0 2 2 0 
0 1 0 1 1 1 0 1 0 0 0 0 0 2 3 1 2 3 
0 0 0 0 0 0 1 0 0 1 1 0 0 2 0 3 1 1 
0 0 1 1 1 1 0 0 0 0 0 1 0 1 2 3 0 3 
0 1 1 0 0 1 0 1 0 1 0 1 0 0 0 1 0 2 
0 1 1 0 0 0 1 0 1 1 0 0 1 2 1 0 0 0 
0 0 0 0 0 0 1 1 0 1 1 1 1 0 2 0 2 1 
0 0 1 0 0 0 1 0 1 1 0 0 1 1 3 0 1 2 
0 0 1 1 1 1 0 1 1 0 1 1 0 3 1 3 2 2 
1 0 0 0 1 1 1 1 0 1 0 1 0 2 0 0 2 1 
1 0 0 1 1 0 1 0 1 1 1 1 1 0 0 0 0 0 
0 0 0 1 1 1 1 1 0 1 0 1 0 0 1 2 1 3 
0 1 1 0 0 0 0 0 1 0 1 1 0 3 3 2 0 1 
1 0 0 0 0 0 0 0 1 0 1 0 1 3 0 0 3 3 

# Size = 19 | Time = 11977 ms
0 1 1 1 1 1 1 1 0 1 1 1 0 2 1 1 1 2 
0 1 1 1 1 1 0 0 1 1 0 0 0 2 3 3 2 3 
0 0 0 1 1 0 0 0 0 0 0 1 0 1 2 1 3 3 
0 0 1 0 0 1 0 1 0 0 0 0 0 3 1 3 3 0 
0 1 1 1 1 0 1 0 0 1 1 1 0 1 0 3 0 2 
0 1 0 1 1 1 1 1 1 0 1 0 1 2 2 0 0 0 
1 0 0 0 0 0 0 1 1 1 0 0 1 2 0 0 0 2 
0 1 1 0 0 0 0 0 0 0 1 1 0 3 2 2 2 2 
1 0 0 1 1 0 1 0 1 1 1 1 0 3 0 0 3 1 
0 0 0 1 1 1 0 1 1 1 0 1 0 3 3 1 0 1 
0 1 1 0 1 0 1 1 0 1 0 1 0 2 0 2 3 1 
0 1 1 0 1 0 1 1 0 0 1 1 1 0 3 0 3 2 
0 0 1 1 1 1 0 0 0 0 1 0 0 0 1 2 0 3 
0 0 0 1 1 0 0 0 1 1 0 0 0 0 2 3 1 1 
0 0 0 0 0 1 0 1 1 0 0 1 0 1 3 2 1 0 
0 1 0 0 0 0 0 0 1 0 0 0 1 1 1 0 2 1 
1 0 0 0 0 1 1 1 1 0 1 0 1 3 0 0 1 3 
0 0 0 0 0 0 1 1 0 1 1 0 0 0 0 1 2 0 
1 0 0 0 0 0 1 0 0 1 0 0 1 0 0 0 2 0 

# Size = 19 | Time = 14226 ms
0 0 1 1 1 0 1 1 0 1 1 0 0 0 1 2 2 1 
0 1 1 1 1 1 1 0 1 1 1 0 0 1 0 1 0 1 
0 1 1 0 0 0 1 1 1 1 1 0 1 0 3 0 0 3 
0 1 0 0 0 0 0 0 1 0 0 0 1 1 1 0 3 2 
0 1 1 0 0 0 1 0 0 0 1 0 1 3 2 0 1 1 
0 1 1 1 1 0 1 0 0 1 1 0 0 2 3 3 3 1 
0 0 0 0 0 0 1 1 0 1 0 0 0 0 2 1 3 0 
0 0 0 1 1 0 0 1 0 1 0 1 0 1 2 3 2 3 
0 0 0 0 1 0 0 0 0 0 0 0 0 1 3 2 1 0 
0 1 0 0 0 1 0 0 1 0 1 1 0 3 3 1 2 2 
1 0 0 0 0 1 0 0 1 1 0 1 0 3 0 0 3 1 
0 0 1 0 0 1 0 0 1 1 0 0 0 2 2 2 0 2 
0 0 0 0 0 0 0 0 1 0 1 1 0 2 1 1 1 3 
0 0 0 1 1 0 0 1 1 0 0 1 0 0 0 3 1 2 
1 0 0 1 1 1 1 1 0 1 0 1 0 0 0 0 1 2 
0 1 1 0 0 1 1 1 0 0 1 1 0 3 1 3 0 0 
1 0 0 1 1 0 0 0 1 0 0 1 1 0 0 0 0 3 
0 1 1 1 1 1 0 0 0 1 0 1 0 3 0 2 3 3 
1 0 0 1 1 1 0 1 1 1 1 0 1 2 0 0 2 0 

# Size = 19 | Time = 12989 ms
0 1 0 0 1 1 0 1 1 0 0 0 0 0 2 3 2 1 
0 0 0 0 0 1 0 0 0 1 1 0 0 3 2 2 3 0 
0 1 1 1 1 1 0 1 1 0 1 0 0 0 3 2 1 3 
1 0 0 0 0 1 0 1 1 1 0 1 0 2 0 0 1 1 
0 1 1 0 0 0 1 0 0 1 0 1 0 2 3 1 2 0 
0 0 1 1 1 0 0 0 1 1 0 0 0 1 2 1 0 3 
0 0 1 0 0 1 1 0 0 1 1 0 0 2 1 3 3 3 
0 0 0 1 1 1 1 0 1 0 1 1 0 2 0 2 0 1 
0 1 0 0 0 1 0 1 0 1 0 1 0 0 0 1 3 2 
1 0 0 0 0 0 1 0 1 0 0 0 1 0 0 0 0 2 
0 1 1 1 1 1 1 0 0 1 1 1 1 2 2 0 1 2 
0 1 1 0 1 0 1 1 1 0 1 0 0 3 1 1 1 1 
1 0 0 1 1 0 1 1 1 1 0 1 0 0 0 0 3 0 
0 0 0 1 1 1 1 1 0 0 0 0 1 1 3 0 3 1 
0 1 0 0 1 0 1 0 1 1 0 1 0 3 3 3 0 2 
0 0 0 1 1 0 0 1 0 0 1 1 1 0 1 0 0 0 
0 1 0 0 0 0 0 1 1 0 0 1 0 1 1 2 2 2 
1 0 0 1 1 0 1 0 0 1 1 1 1 3 0 0 2 3 
0 1 1 1 1 0 1 0 0 1 1 0 0 1 0 3 1 0 

# Size = 19 | Time = 12800 ms
0 1 1 0 1 0 0 1 0 1 0 0 1 0 2 0 2 3 
0 1 1 1 1 1 0 1 0 0 1 0 0 0 1 2 3 0 
0 1 1 0 0 0 0 1 1 1 1 1 0 2 1 3 0 3 
1 0 0 0 0 0 0 1 0 0 0 1 1 0 0 0 1 1 
0 1 0 0 0 0 0 0 1 1 1 0 1 2 3 0 3 2 
1 0 0 0 0 0 1 0 1 1 1 0 0 0 0 0 2 3 
0 1 0 1 1 1 1 1 0 1 0 0 0 0 3 1 0 1 
0 1 1 1 1 1 1 0 1 1 0 0 0 2 0 2 2 1 
1 0 0 1 1 1 1 1 1 1 1 0 1 2 0 0 3 2 
0 1 1 0 1 1 0 1 1 0 0 0 0 1 0 1 3 3 
0 1 1 0 1 0 1 1 1 1 1 1 0 3 2 3 3 1 
0 0 0 1 1 0 1 0 0 0 1 1 0 2 2 1 1 0 
0 0 1 1 1 1 0 0 0 1 0 0 0 0 0 3 1 2 
1 0 0 1 1 1 1 1 0 1 1 1 1 3 0 0 0 0 
0 0 0 1 1 1 1 1 0 1 0 0 1 1 1 0 1 1 
0 0 0 0 0 1 0 0 1 0 1 1 0 1 2 2 0 2 
0 0 0 0 0 0 1 0 1 1 1 0 0 3 1 1 2 2 
0 0 0 0 0 0 1 1 1 0 0 1 0 1 3 3 2 0 
0 1 1 1 1 0 0 1 1 0 0 1 0 3 3 2 1 3 

# Size = 19 | Time = 12006 ms
0 0 1 1 1 1 1 1 1 0 1 0 0 1 2 3 3 0 
0 0 0 0 0 0 0 0 0 1 0 0 0 2 3 2 3 1 
1 0 0 0 0 1 1 1 1 1 1 0 0 2 0 0 1 1 
1 0 0 1 1 1 1 1 1 0 0 1 1 3 0 0 3 3 
1 0 0 1 1 1 0 1 0 1 0 1 1 3 0 0 0 0 
0 1 1 1 1 0 0 1 0 0 1 1 0 1 0 2 2 2 
0 1 1 0 0 0 0 0 0 1 0 0 0 1 3 1 0 3 
0 0 1 0 0 1 0 1 0 1 1 1 0 2 1 3 2 3 
0 1 0 0 0 0 1 0 0 0 0 0 1 2 2 0 0 2 
0 1 0 0 1 0 0 1 0 0 0 1 1 1 1 0 1 1 
0 1 0 1 1 1 1 1 0 1 0 1 0 2 0 1 1 0 
0 0 1 1 1 1 0 1 1 0 1 1 0 3 2 1 2 1 
0 1 1 1 1 0 1 0 1 1 0 1 0 3 3 3 1 2 
1 0 0 0 1 0 1 0 1 0 0 1 0 0 0 0 2 2 
0 0 1 0 0 1 1 0 0 1 1 0 0 0 2 2 1 3 
0 1 0 1 1 1 1 1 0 0 0 1 0 0 0 3 0 1 
0 0 1 0 0 0 1 0 1 1 1 0 0 3 1 2 0 0 
0 0 1 1 1 1 0 1 0 0 1 0 1 0 3 0 2 0 
0 1 0 1 1 1 0 1 0 1 0 1 0 0 1 1 3 2 

# Size = 19 | Time = 14021 ms
0 1 1 1 1 0 0 0 1 0 1 0 0 2 2 2 1 2 
1 0 0 0 0 0 1 0 0 0 1 0 0 2 0 0 3 3 
0 0 1 1 1 1 0 0 0 1 0 0 1 1 1 0 3 2 
1 0 0 1 1 1 0 0 0 1 0 1 1 0 0 0 1 1 
0 0 0 1 1 0 1 1 1 1 0 1 0 1 0 2 2 0 
1 0 0 0 0 0 0 0 0 0 1 1 1 0 0 0 2 0 
0 0 0 0 0 1 1 1 0 1 1 1 0 1 3 1 1 3 
0 1 0 0 0 0 1 1 0 1 1 0 0 3 1 3 1 0 
0 0 1 1 1 1 1 1 1 0 0 0 1 3 2 0 2 3 
1 0 0 0 1 1 1 1 1 1 1 1 0 3 0 0 0 2 
0 1 1 0 1 1 0 1 1 1 0 1 0 2 0 3 3 3 
0 1 1 1 1 1 0 0 0 0 0 1 1 2 3 0 0 0 
0 0 1 1 1 0 0 0 1 1 0 0 0 0 3 3 2 2 
0 1 1 0 0 0 1 0 1 0 1 0 0 3 0 1 0 2 
0 1 0 0 0 0 1 1 1 1 0 1 0 0 2 1 3 0 
0 1 0 0 1 1 0 0 0 0 1 0 0 0 1 2 0 3 
0 1 1 0 0 1 0 1 0 0 1 0 0 3 3 2 3 1 
0 1 1 1 1 0 0 0 1 1 1 1 0 2 1 1 2 1 
0 1 0 1 1 1 1 0 0 0 1 0 0 1 2 3 0 1 

# Size = 19 | Time = 12101 ms
0 0 1 0 0 1 0 0 1 1 0 0 0 3 2 3 3 2 
1 0 0 1 1 0 1 1 0 1 0 0 0 2 0 0 1 1 
0 1 1 1 1 1 1 1 1 0 1 1 0 2 2 1 0 0 
0 0 0 0 0 1 1 0 0 0 1 0 0 1 2 2 2 3 
0 1 0 1 1 0 0 1 0 0 0 1 0 2 3 3 1 3 
0 1 1 1 1 1 0 1 1 1 0 1 0 0 1 1 3 3 
0 1 0 1 1 0 0 1 1 0 1 0 0 3 1 2 1 0 
0 1 1 0 0 1 1 1 1 0 0 1 0 2 0 2 3 1 
0 1 1 1 1 0 1 0 0 1 0 1 1 2 1 0 2 2 
0 0 0 0 0 0 0 0 0 1 1 0 0 3 3 1 2 1 
0 0 1 0 0 1 0 1 0 1 0 0 0 0 3 2 0 2 
0 0 0 0 0 0 1 0 1 1 1 1 1 0 2 0 1 1 
0 1 1 1 1 1 0 1 1 1 0 0 0 1 0 1 1 2 
0 1 0 0 1 0 1 1 1 1 1 1 1 1 3 0 3 0 
1 0 0 1 1 0 0 1 0 0 1 0 1 0 0 0 3 2 
0 0 1 0 0 0 0 1 0 0 1 1 0 1 1 3 0 1 
1 0 0 0 0 1 1 0 1 1 1 1 1 3 0 0 0 3 
1 0 0 0 0 0 1 0 0 0 0 1 0 0 0 0 2 0 
0 1 0 1 1 0 1 1 1 0 0 0 0 0 0 3 2 0 

# Size = 19 | Time = 12646 ms
1 0 0 1 1 1 1 0 1 1 1 0 0 2 0 0 0 2 
0 1 1 0 1 0 0 1 0 1 1 0 1 2 2 0 0 1 
1 0 0 1 1 0 1 1 0 0 1 0 1 0 0 0 1 0 
0 0 0 0 1 0 0 0 0 1 0 1 0 0 2 2 2 2 
0 1 0 1 1 1 0 1 0 1 1 0 0 3 1 2 1 1 
1 0 0 0 0 0 0 1 1 0 0 1 1 3 0 0 2 1 
0 0 1 1 1 1 1 0 0 1 1 0 0 1 0 3 2 1 
0 1 0 1 1 1 0 1 1 1 0 1 0 1 3 2 0 0 
0 1 1 1 1 0 1 1 0 1 1 0 1 3 3 0 2 3 
0 0 1 0 0 1 1 0 0 0 0 1 0 3 0 1 0 2 
0 1 1 0 0 0 1 1 0 0 1 0 0 2 0 2 3 3 
1 0 0 0 0 1 0 0 1 0 1 1 1 3 0 0 3 3 
0 1 1 1 1 0 1 1 0 0 0 1 0 3 2 3 3 0 
0 0 1 0 0 1 1 1 1 0 1 0 0 1 2 1 1 3 
0 1 1 1 1 1 0 0 0 0 1 0 0 0 3 1 3 1 
0 1 0 0 0 0 1 0 0 1 0 0 0 2 1 1 2 0 
0 0 0 0 0 1 0 0 1 1 0 1 0 2 3 3 1 2 
0 1 0 0 0 0 1 1 0 1 1 0 1 1 1 0 3 2 
0 0 1 0 0 1 1 0 1 0 0 1 0 0 1 3 0 3 

# Size = 19 | Time = 11828 ms
0 0 0 1 1 1 0 0 0 1 0 1 0 3 3 1 3 3 
0 0 0 1 1 0 1 0 0 0 0 0 0 2 0 1 0 1 
0 0 1 0 0 0 0 1 0 1 1 1 0 0 2 3 0 3 
0 1 1 1 1 0 1 1 0 1 1 1 0 0 1 1 2 2 
0 1 0 1 1 1 0 0 1 1 0 1 1 1 3 0 0 2 
0 1 1 1 1 1 1 1 0 0 1 0 0 1 0 2 2 3 
1 0 0 1 1 1 0 1 1 1 1 1 1 2 0 0 1 3 
1 0 0 0 1 0 1 0 1 0 1 0 1 0 0 0 3 0 
0 1 0 0 0 1 1 1 0 0 0 0 0 0 3 2 1 1 
0 0 0 0 0 0 1 0 1 1 0 0 1 2 1 0 1 3 
0 1 0 0 1 1 1 0 1 0 1 0 0 3 0 3 1 2 
0 1 1 1 1 1 0 0 0 0 0 0 0 1 1 3 3 1 
1 0 0 0 1 0 1 0 0 1 0 0 0 3 0 0 0 2 
0 0 1 0 0 0 0 1 1 0 0 1 0 1 2 1 1 0 
0 1 1 0 1 0 1 1 0 1 1 0 0 2 3 3 2 0 
0 1 1 1 1 1 1 0 0 1 0 1 1 3 2 0 2 1 
0 0 1 1 1 1 0 0 0 1 0 1 0 3 1 2 0 0 
1 0 0 0 0 0 0 1 1 1 1 1 1 3 0 0 2 1 
0 1 0 0 0 0 0 1 1 1 1 0 0 2 2 2 3 2 

# Size = 19 | Time = 14061 ms
0 0 0 0 1 0 0 1 0 0 1 1 0 0 3 2 1 0 
0 1 0 1 1 1 1 1 1 0 1 0 0 1 3 3 0 3 
0 1 1 0 0 1 1 1 1 0 1 0 0 2 2 3 1 2 
1 0 0 1 1 0 1 0 0 0 1 0 0 0 0 0 2 0 
0 0 1 1 1 0 1 0 0 1 1 0 0 3 3 1 3 2 
0 1 1 1 1 1 1 0 1 0 1 1 0 2 0 2 3 3 
0 1 1 1 1 0 1 0 0 1 0 0 0 3 2 2 0 1 
0 0 0 0 0 0 1 0 0 1 1 1 1 1 2 0 3 0 
1 0 0 0 0 1 1 1 1 1 0 1 1 3 0 0 1 3 
1 0 0 1 1 1 0 1 0 1 1 1 0 2 0 0 3 1 
0 1 0 1 1 1 1 0 0 1 1 0 1 3 1 0 1 3 
0 0 1 1 1 1 0 0 1 1 0 1 0 1 0 1 1 1 
0 1 0 0 0 0 0 0 1 0 1 0 0 0 2 1 2 3 
1 0 0 0 0 1 0 1 1 0 0 1 1 0 0 0 0 2 
0 1 0 0 0 0 0 1 0 1 0 0 0 1 1 2 2 2 
0 1 0 0 0 0 0 1 1 0 0 0 0 2 1 1 0 0 
0 0 1 0 0 0 0 0 0 1 0 1 0 0 1 3 3 1 
0 1 1 0 0 1 1 0 0 0 0 1 1 2 3 0 2 1 
0 1 1 0 1 1 0 0 1 0 0 1 0 3 0 3 2 0 

# Size = 19 | Time = 12724 ms
0 0 1 1 1 1 1 0 0 1 0 0 1 2 2 0 0 2 
0 0 1 0 0 1 1 1 0 0 0 1 0 0 2 2 1 0 
0 0 0 1 1 0 0 0 1 0 0 0 0 0 0 3 0 1 
0 1 0 1 1 1 0 1 1 1 1 0 1 0 3 0 2 3 
0 1 0 1 1 0 0 0 1 0 0 1 1 1 1 0 1 1 
0 0 1 1 1 1 0 0 1 1 0 0 0 1 0 2 2 2 
1 0 0 0 0 1 1 0 0 0 1 1 1 0 0 0 2 1 
1 0 0 0 0 1 0 1 1 1 0 0 0 2 0 0 1 3 
0 1 0 1 1 1 0 1 1 0 1 1 0 1 2 3 3 3 
0 1 1 0 0 0 1 0 0 1 0 0 0 3 1 2 0 3 
1 0 0 1 1 0 0 1 0 0 1 1 1 3 0 0 0 2 
0 0 1 1 1 0 1 1 1 1 1 1 0 2 1 3 2 0 
0 0 0 1 1 0 0 0 1 1 1 1 0 2 3 2 3 1 
0 1 1 0 0 0 1 0 0 0 0 1 0 1 3 1 0 0 
0 0 0 0 0 1 1 1 0 0 0 1 0 3 3 3 1 2 
1 0 0 0 0 1 0 0 1 0 0 0 1 3 0 0 3 0 
0 1 1 1 1 1 1 1 0 1 0 0 0 0 1 1 3 2 
0 1 0 1 1 1 0 1 0 0 1 1 0 2 0 1 1 3 
0 0 1 0 1 0 1 1 1 0 1 0 0 3 2 1 2 1 

# Size = 19 | Time = 13557 ms
0 0 0 1 1 0 0 1 1 1 0 1 0 2 2 3 3 0 
0 0 1 1 1 0 1 1 1 1 1 1 0 1 0 2 3 3 
0 0 0 1 1 0 1 0 0 0 0 0 0 2 1 2 2 2 
1 0 0 1 1 1 1 1 0 0 1 0 0 2 0 0 1 1 
1 0 0 0 0 0 1 0 0 1 0 0 1 3 0 0 0 3 
0 1 0 1 1 1 0 1 0 1 0 1 1 3 1 0 3 1 
0 0 0 0 0 0 0 0 1 0 0 0 0 0 3 1 3 2 
0 1 0 0 0 0 1 0 1 0 0 1 0 2 0 1 1 1 
0 1 1 0 1 0 0 1 0 1 1 1 0 3 3 2 1 0 
0 1 1 0 0 1 1 0 1 0 0 0 0 0 1 3 1 3 
0 1 1 1 1 0 0 1 0 1 1 0 1 1 2 0 1 2 
0 0 1 0 0 1 0 0 1 0 1 1 0 0 2 2 0 1 
0 1 1 0 1 1 1 1 0 0 1 0 0 3 0 3 0 2 
0 1 0 0 0 1 1 0 0 0 1 0 0 1 1 1 0 0 
0 1 0 0 0 1 1 1 1 0 0 1 0 1 3 3 2 1 
1 0 0 0 0 1 0 1 1 0 0 1 0 0 0 0 3 2 
1 0 0 1 1 1 0 0 0 1 0 0 1 0 0 0 2 0 
0 1 1 1 1 0 1 1 1 1 1 1 0 3 2 1 2 3 
0 0 1 1 1 0 0 0 1 0 1 0 1 2 3 0 0 3 

# Size = 19 | Time = 14579 ms
0 1 1 1 1 0 0 1 0 1 0 1 0 1 3 2 0 0 
0 1 0 1 1 1 1 0 0 0 0 1 0 0 2 1 3 0 
1 0 0 0 0 1 1 1 1 1 0 1 0 3 0 0 0 1 
1 0 0 1 1 0 0 1 0 1 1 0 0 0 0 0 3 2 
0 0 0 1 1 0 0 0 0 0 1 1 0 1 1 1 2 3 
0 1 1 1 1 0 1 1 1 0 1 0 1 3 3 0 3 3 
0 1 1 0 0 1 1 0 0 0 1 1 0 2 3 1 1 2 
0 1 0 0 0 0 0 0 1 0 0 1 1 0 1 0 0 2 
1 0 0 1 1 0 0 0 1 0 1 1 1 2 0 0 2 0 
0 1 1 0 0 1 0 0 1 1 1 0 0 3 2 2 2 2 
0 0 1 0 0 1 1 1 0 0 1 1 0 0 0 2 1 3 
0 1 1 0 0 1 1 1 0 0 1 0 0 3 1 3 1 0 
0 0 1 0 0 1 1 1 1 1 1 0 0 3 0 1 0 1 
0 1 1 0 1 0 1 0 1 1 0 1 0 1 0 3 3 2 
0 1 0 0 0 0 0 1 0 1 0 0 0 2 1 2 3 1 
0 0 1 1 1 0 0 1 1 1 1 0 0 2 2 3 0 3 
0 1 1 0 0 1 0 0 0 1 0 0 1 1 2 0 1 1 
1 0 0 1 1 0 0 1 1 0 0 1 0 0 0 0 1 3 
0 0 0 1 1 1 1 1 1 0 0 0 0 0 3 3 2 1 

# Size = 19 | Time = 13575 ms
1 0 0 0 0 1 0 0 1 0 0 1 1 2 0 0 3 2 
1 0 0 0 0 0 1 0 0 0 0 1 1 3 0 0 1 1 
0 1 0 0 1 0 1 1 1 0 1 1 0 1 2 3 2 2 
0 1 1 0 0 0 0 1 0 1 1 1 0 0 2 2 3 3 
0 1 1 0 0 1 0 0 0 1 1 0 1 1 3 0 3 0 
0 1 1 1 1 0 0 1 1 1 1 0 1 2 2 0 1 1 
0 1 0 0 0 1 0 1 0 0 1 0 0 3 3 2 1 2 
1 0 0 0 0 1 1 1 0 1 1 0 0 0 0 0 0 0 
0 0 1 0 0 1 1 0 1 0 0 0 0 3 2 1 0 0 
0 0 0 0 1 0 0 0 1 1 0 0 0 1 0 2 0 1 
0 1 0 1 1 1 1 1 1 0 0 0 0 1 1 1 1 3 
1 0 0 1 1 0 1 0 0 1 0 0 1 3 0 0 2 3 
0 1 0 1 1 1 1 1 0 1 0 1 1 0 1 0 0 2 
0 0 1 1 1 0 1 1 0 1 1 1 0 2 0 1 3 2 
0 1 1 0 1 1 1 1 1 0 0 0 0 0 0 3 1 0 
0 0 1 0 0 1 0 0 0 1 0 1 0 3 1 3 3 1 
0 0 0 1 1 0 1 0 1 0 1 1 0 2 3 3 0 3 
0 0 0 1 1 0 1 1 1 1 1 1 0 2 1 2 2 0 
0 1 1 0 0 1 0 0 1 1 0 1 0 0 3 1 2 1 

