# Size = 19 | Time = 11665 ms
1 0 0 1 1 1 1 0 1 0 0 1 1 0 0 0 2 2 
0 0 0 0 0 0 1 1 1 0 1 0 0 2 1 3 3 1 
0 1 0 0 1 1 0 1 1 0 1 0 0 0 2 3 2 2 
1 0 0 0 0 1 1 1 1 0 1 0 0 3 0 0 1 0 
0 0 0 1 1 1 0 0 0 1 0 1 1 2 3 0 2 0 
0 0 0 1 1 1 1 1 0 0 0 1 1 3 2 0 0 1 
1 0 0 0 0 1 0 1 1 1 1 0 1 0 0 0 3 3 
0 1 1 0 0 0 1 0 0 0 0 1 0 2 0 2 0 2 
0 1 1 0 0 0 1 0 0 0 0 1 0 1 0 1 2 1 
1 0 0 0 0 0 0 1 0 0 1 1 1 2 0 0 0 1 
0 1 1 0 1 1 1 1 0 0 1 0 1 1 1 0 1 2 
0 1 1 1 1 0 0 0 0 1 1 0 0 3 0 3 1 0 
0 0 1 1 1 1 0 1 1 0 0 1 0 1 3 3 0 3 
0 0 1 1 1 0 0 1 1 1 1 0 0 0 3 2 1 1 
0 1 1 0 0 1 1 1 1 1 1 1 0 3 3 1 3 2 
0 1 0 1 1 0 1 0 0 1 0 0 0 1 2 2 3 0 
0 1 0 1 1 0 0 0 0 1 0 0 0 0 1 1 0 0 
0 1 1 0 0 1 1 0 1 0 1 1 0 3 1 2 2 3 
0 0 1 0 0 0 0 0 0 1 0 1 0 2 2 1 1 3 

# Size = 19 | Time = 11939 ms
0 1 1 1 1 1 0 1 0 1 0 1 0 0 2 3 0 0 
0 1 0 1 1 1 1 1 0 0 1 0 0 1 0 3 3 1 
0 1 1 0 0 0 0 0 0 1 0 1 0 3 0 2 2 0 
1 0 0 0 1 0 1 0 1 0 1 0 0 0 0 0 2 0 
1 0 0 0 0 1 1 1 1 1 1 0 1 2 0 0 0 3 
0 0 0 0 0 1 1 1 1 0 0 1 0 0 1 2 3 3 
0 0 1 1 1 1 1 1 1 0 1 1 1 0 3 0 2 1 
1 0 0 0 1 1 1 1 1 0 0 1 1 3 0 0 3 2 
1 0 0 1 1 0 0 1 0 0 0 1 1 2 0 0 1 1 
0 1 1 0 0 0 0 0 0 0 1 1 0 1 2 1 2 3 
0 0 0 0 1 0 0 0 1 1 1 0 1 3 2 0 3 2 
0 1 1 0 0 1 0 0 0 0 0 1 0 2 3 1 3 0 
0 1 0 0 0 0 0 0 1 0 0 1 1 1 1 0 1 0 
0 1 1 0 0 0 1 0 1 1 1 1 0 2 2 2 1 1 
0 0 1 1 1 0 0 1 0 1 0 0 0 1 3 2 0 2 
0 0 0 1 1 1 1 1 1 1 0 0 0 3 3 3 1 3 
0 0 1 0 0 0 1 1 1 1 1 1 0 0 0 1 1 2 
0 1 1 0 0 0 0 0 1 1 1 0 0 2 1 3 2 2 
0 0 0 1 1 0 0 0 0 0 0 0 0 3 1 1 0 1 

# Size = 19 | Time = 11559 ms
1 0 0 0 0 0 0 1 1 1 1 0 1 2 0 0 3 0 
0 1 1 0 0 1 0 1 1 0 1 1 0 0 0 1 0 2 
0 1 1 0 0 0 0 1 1 0 0 0 1 1 2 0 0 1 
1 0 0 1 1 1 0 0 0 1 0 0 1 3 0 0 2 1 
0 1 0 0 1 0 0 1 0 0 0 1 0 1 3 1 2 0 
0 1 0 0 0 1 1 1 1 0 0 1 0 2 2 2 2 2 
1 0 0 0 1 0 0 1 0 0 1 0 0 3 0 0 0 2 
0 1 0 0 0 1 1 0 0 0 0 0 0 3 1 2 0 0 
0 0 1 1 1 0 0 1 0 1 1 1 0 0 2 3 1 0 
0 0 1 1 1 0 1 0 1 1 1 0 0 2 1 1 1 1 
0 1 0 1 1 1 1 0 1 0 1 1 0 3 2 1 3 3 
0 0 1 1 1 1 1 0 0 1 0 1 0 0 3 2 3 1 
0 0 1 0 1 0 0 1 0 1 1 0 1 0 1 0 2 3 
0 1 1 1 1 0 1 1 0 1 0 0 0 2 3 3 0 3 
1 0 0 0 1 0 1 1 0 0 0 1 1 0 0 0 1 3 
0 1 1 0 0 1 0 0 1 0 0 1 0 3 0 3 2 1 
0 0 0 0 0 0 0 0 0 0 1 0 0 1 0 2 1 3 
0 0 0 1 1 1 1 0 0 1 1 1 0 1 1 3 3 2 
0 1 1 0 0 1 1 1 1 0 1 1 1 3 3 0 1 2 

# Size = 19 | Time = 11563 ms
0 0 1 1 1 0 0 0 1 1 1 0 0 2 3 2 0 3 
1 0 0 0 0 1 1 0 0 0 0 0 0 0 0 0 3 1 
0 1 1 0 0 0 1 0 0 1 0 0 0 1 1 3 3 3 
0 0 1 1 1 1 1 0 1 0 0 0 0 0 1 2 2 2 
1 0 0 1 1 1 0 0 0 0 1 1 1 3 0 0 2 3 
0 1 0 0 0 0 0 1 0 1 1 0 0 0 2 1 1 3 
0 1 0 0 1 1 1 1 0 0 1 1 0 1 0 2 1 0 
0 1 1 1 1 1 0 0 0 0 1 1 0 3 3 3 1 2 
1 0 0 0 0 0 1 1 1 1 0 0 0 3 0 0 1 2 
1 0 0 0 0 1 0 1 0 1 1 0 1 2 0 0 0 0 
0 0 1 0 0 0 1 1 1 0 0 1 0 1 3 1 2 1 
0 0 1 1 1 1 0 1 0 1 0 1 1 1 2 0 0 2 
0 0 0 0 0 1 0 1 1 0 0 1 0 0 0 3 0 1 
0 1 0 1 1 0 0 0 1 1 0 1 1 2 1 0 1 1 
0 1 0 1 1 0 1 1 0 1 1 0 0 3 1 1 0 0 
0 1 1 1 1 1 1 0 0 0 0 0 0 2 0 1 3 2 
0 1 0 0 0 1 1 0 0 1 0 0 1 0 3 0 3 0 
0 1 1 1 1 1 1 0 1 1 1 1 0 2 2 3 2 0 
0 1 0 0 0 1 0 1 1 0 1 1 0 3 2 2 3 1 

# Size = 19 | Time = 11677 ms
1 0 0 1 1 0 1 1 0 0 1 1 1 3 0 0 0 1 
0 1 0 1 1 0 1 0 0 1 1 0 0 1 3 2 3 1 
0 1 0 0 1 1 0 0 1 0 1 1 0 1 0 3 1 2 
1 0 0 0 0 1 0 1 0 1 0 1 1 3 0 0 3 3 
0 0 1 0 0 1 1 0 0 1 1 1 0 0 3 3 0 3 
1 0 0 1 1 0 1 0 1 1 0 0 1 0 0 0 1 2 
0 0 1 0 0 0 0 1 0 1 1 0 0 0 1 1 1 1 
0 1 0 0 0 1 0 0 1 1 0 0 0 2 2 3 2 1 
0 1 1 1 1 1 0 0 0 0 1 0 0 2 0 1 3 3 
0 0 1 0 0 0 0 1 0 0 0 1 1 2 3 0 1 0 
0 0 1 0 0 1 0 0 0 0 0 1 0 1 2 1 0 0 
0 1 1 0 0 0 0 1 0 0 1 1 0 0 0 2 2 0 
0 1 1 0 1 1 1 1 1 0 0 1 1 1 1 0 2 3 
0 1 0 1 1 0 1 0 1 0 1 1 0 3 3 1 2 2 
0 0 1 1 1 0 1 1 1 1 0 1 0 3 2 2 1 3 
0 1 0 1 1 0 0 1 1 1 1 0 0 3 1 3 3 0 
1 0 0 0 0 0 1 1 1 0 1 0 0 2 0 0 2 0 
0 0 0 0 1 1 0 1 0 1 1 0 1 0 2 0 3 2 
0 1 1 0 0 1 1 0 1 1 0 0 0 2 1 2 0 2 

# Size = 19 | Time = 11927 ms
1 0 0 0 0 0 0 1 0 1 1 0 1 3 0 0 1 1 
0 1 0 0 0 1 0 0 0 0 0 0 0 3 1 2 0 0 
0 0 0 0 0 0 0 0 1 1 1 0 0 0 1 1 3 2 
0 0 1 1 1 1 1 1 0 1 0 0 0 1 2 2 3 1 
0 0 0 0 1 0 1 0 0 1 0 1 1 3 2 0 2 2 
1 0 0 0 1 0 0 1 0 0 0 1 0 3 0 0 2 2 
0 1 1 1 1 0 1 0 0 1 0 1 0 3 0 1 1 1 
0 1 1 0 0 1 0 0 1 0 0 1 1 1 1 0 1 3 
0 1 1 0 0 1 0 1 0 0 1 1 0 2 2 1 0 3 
0 1 1 1 1 0 0 1 0 1 0 1 0 1 3 1 2 0 
0 1 0 1 1 1 1 0 1 0 0 0 1 0 3 0 0 1 
0 1 0 0 0 0 0 0 0 1 1 0 0 1 0 3 0 2 
0 0 1 1 1 0 1 0 1 0 1 1 0 0 2 3 1 0 
0 0 0 1 1 1 1 1 1 0 1 0 0 2 1 3 2 1 
1 0 0 0 0 0 0 1 1 0 0 1 1 2 0 0 3 0 
0 1 1 0 0 0 1 1 1 0 0 0 0 3 3 3 3 3 
0 0 1 0 0 0 0 1 0 1 0 1 0 0 0 2 2 3 
0 0 1 1 1 1 1 0 1 1 1 0 0 2 3 2 1 2 
1 0 0 1 1 1 1 0 1 1 1 1 1 0 0 0 0 3 

# Size = 19 | Time = 11755 ms
0 1 1 0 1 0 1 0 1 0 0 1 1 0 3 0 2 2 
1 0 0 0 0 0 0 1 0 0 0 0 1 2 0 0 3 3 
1 0 0 1 1 0 0 0 0 0 1 1 0 3 0 0 0 2 
0 1 0 0 1 0 0 0 1 1 1 1 0 0 2 1 0 3 
0 0 0 0 1 1 1 0 1 1 0 1 0 0 1 2 3 0 
0 0 0 0 0 1 0 0 0 0 1 0 0 1 0 1 2 0 
1 0 0 0 0 0 1 1 1 1 1 0 1 3 0 0 1 0 
0 0 1 1 1 1 0 1 0 1 0 0 0 2 3 3 0 0 
0 1 0 1 1 1 1 1 0 0 1 0 0 1 3 2 1 3 
0 0 1 0 0 1 1 1 1 1 1 1 1 1 1 0 0 1 
0 1 1 1 1 0 1 1 1 0 0 0 0 3 1 3 2 3 
1 0 0 1 1 1 0 1 1 0 0 0 1 0 0 0 2 1 
0 1 0 1 1 1 0 0 0 0 0 0 0 2 1 1 1 2 
0 1 0 0 0 1 0 0 1 0 1 0 1 3 2 0 1 0 
0 0 0 0 0 0 0 0 1 1 0 1 0 3 0 2 0 2 
0 1 1 0 0 0 1 1 0 0 1 1 0 3 3 1 3 1 
0 1 1 0 0 1 1 0 0 0 1 1 0 0 0 3 1 1 
0 0 1 1 1 0 1 1 1 1 1 1 0 2 2 2 2 1 
0 0 0 1 1 0 1 1 0 0 0 1 0 1 2 3 3 2 

# Size = 19 | Time = 11567 ms
0 0 0 0 0 1 0 1 1 0 0 0 0 2 2 2 0 0 
0 0 0 1 1 0 1 0 1 0 0 0 1 1 1 0 2 0 
1 0 0 1 1 0 1 1 1 0 0 0 1 0 0 0 1 3 
1 0 0 0 1 0 0 0 0 1 1 1 1 3 0 0 0 2 
0 1 0 0 0 1 0 1 0 0 1 1 0 1 2 3 1 2 
0 0 1 1 1 1 0 0 0 1 0 0 0 0 1 3 0 3 
0 0 1 0 0 0 0 0 0 0 1 1 0 0 0 1 1 0 
0 1 0 0 0 1 1 1 1 0 1 1 0 2 1 1 3 2 
0 1 1 1 1 0 1 1 0 0 1 0 1 0 2 0 3 1 
0 1 1 1 1 0 1 0 0 0 0 0 0 3 3 3 3 0 
0 1 1 0 0 1 1 0 1 1 0 0 0 2 0 3 2 1 
0 1 0 1 1 1 1 0 1 1 0 1 0 1 3 1 0 1 
0 0 1 1 1 0 0 1 0 0 0 0 0 0 3 2 2 2 
0 1 1 0 0 1 1 1 0 1 1 0 1 2 3 0 1 3 
1 0 0 0 0 1 1 0 1 1 0 1 0 3 0 0 2 0 
0 0 0 0 1 0 1 0 0 1 1 0 0 3 2 1 2 3 
0 1 1 0 1 1 0 0 1 1 0 1 0 1 0 2 3 3 
1 0 0 1 1 0 0 1 1 1 0 1 1 2 0 0 3 1 
0 1 0 0 0 0 1 1 0 0 1 0 0 3 1 2 1 1 

# Size = 19 | Time = 11980 ms
0 0 0 0 0 1 0 1 0 0 1 0 0 0 2 1 3 0 
0 1 0 1 1 1 1 1 1 1 1 0 0 3 2 2 2 1 
1 0 0 0 0 1 1 0 0 0 0 0 0 2 0 0 1 1 
0 1 1 1 1 1 0 1 1 1 1 0 1 0 3 0 0 1 
1 0 0 0 0 1 0 0 1 1 0 1 0 3 0 0 0 2 
0 1 1 0 0 1 0 0 1 0 0 1 1 2 1 0 2 0 
0 1 1 1 1 0 0 1 1 1 1 1 0 2 0 1 1 1 
1 0 0 1 1 1 1 1 0 1 1 1 1 3 0 0 3 3 
0 0 0 1 1 0 1 1 0 1 0 1 0 1 1 3 3 1 
0 1 1 0 1 1 0 1 0 0 0 0 0 1 0 2 0 0 
0 1 1 0 1 0 1 1 1 0 1 1 1 1 2 0 1 2 
0 1 0 0 1 0 0 0 0 0 1 0 0 0 0 3 2 2 
1 0 0 1 1 0 1 0 1 1 0 1 0 0 0 0 2 0 
0 1 1 1 1 0 1 0 1 1 1 1 0 2 3 2 3 2 
0 0 1 0 0 0 1 0 0 1 0 1 0 2 2 3 0 3 
0 0 0 1 1 0 0 0 1 0 1 1 0 3 1 1 0 2 
0 0 1 0 0 1 0 1 1 1 0 1 0 3 3 3 1 0 
0 0 1 0 0 0 0 0 1 1 0 0 0 0 1 2 1 3 
0 1 0 0 0 1 1 0 0 0 0 0 0 1 3 1 2 3 

# Size = 19 | Time = 12308 ms
0 0 0 0 0 0 1 1 1 0 1 0 0 0 0 1 2 0 
1 0 0 0 0 0 0 0 1 1 0 0 1 3 0 0 1 2 
0 1 0 0 1 1 1 1 0 1 1 1 0 0 3 3 1 3 
0 1 1 0 0 0 0 0 0 1 1 1 0 3 2 3 3 0 
0 0 1 1 1 0 1 0 0 1 0 1 0 2 1 2 1 0 
1 0 0 1 1 1 1 0 0 1 0 0 1 3 0 0 2 0 
1 0 0 0 0 1 1 1 1 0 1 0 1 0 0 0 3 1 
0 0 1 0 0 0 0 0 1 1 1 1 1 1 3 0 0 0 
0 1 1 0 0 0 1 1 1 1 0 0 1 2 2 0 2 3 
0 1 0 0 1 1 0 0 1 0 1 1 0 3 3 2 2 1 
0 1 0 1 1 0 0 1 0 1 1 0 0 3 1 1 0 3 
0 0 1 1 1 1 0 0 0 0 1 1 0 0 2 2 0 2 
1 0 0 0 1 0 0 0 0 0 1 1 0 2 0 0 0 3 
0 0 1 1 1 1 1 1 1 1 0 0 0 2 0 3 0 1 
0 0 0 0 0 1 1 0 1 0 0 1 1 0 1 0 3 1 
0 0 1 1 1 1 1 0 1 1 0 0 0 2 3 1 3 2 
0 1 1 1 1 1 0 1 0 0 1 1 0 1 1 3 2 2 
0 1 0 1 1 0 1 0 0 0 1 1 0 1 2 1 1 1 
0 1 1 0 0 0 0 1 1 0 0 0 0 1 0 2 3 3 

# Size = 19 | Time = 11261 ms
0 1 1 1 1 1 0 0 1 1 0 0 0 0 3 1 1 1 
0 0 1 0 0 0 1 1 0 0 0 1 0 2 3 2 0 3 
1 0 0 0 0 0 1 0 1 1 1 1 0 0 0 0 0 3 
0 1 0 1 1 0 1 0 1 1 0 1 0 0 0 3 0 0 
0 0 1 0 1 0 1 0 1 1 1 1 0 1 0 1 2 3 
1 0 0 0 1 1 0 1 0 0 0 1 1 3 0 0 3 1 
0 1 1 1 1 1 0 1 0 0 1 0 0 1 1 2 1 0 
0 0 0 0 1 1 0 1 1 1 1 1 0 3 1 1 0 2 
0 0 0 0 0 1 0 1 0 1 1 1 0 3 2 3 1 3 
0 1 0 0 0 1 1 1 1 1 1 0 1 1 2 0 0 1 
1 0 0 1 1 0 1 0 1 1 1 1 1 2 0 0 1 2 
0 1 0 1 1 1 1 0 0 1 0 0 0 0 2 2 2 2 
1 0 0 0 1 0 0 1 1 0 1 0 1 0 0 0 2 0 
0 0 0 1 1 1 1 1 0 0 1 0 1 3 3 0 2 0 
0 1 1 0 0 1 0 0 0 0 0 1 0 1 3 3 3 2 
0 1 1 0 0 1 0 0 0 1 1 0 0 2 1 3 2 1 
0 0 1 0 0 0 0 0 0 0 1 0 0 2 2 1 3 0 
0 1 1 1 1 0 1 0 0 0 0 0 1 0 1 0 3 3 
0 1 1 0 1 0 1 0 1 1 1 1 0 3 0 2 3 1 

# Size = 19 | Time = 11396 ms
0 0 1 0 0 0 0 1 1 1 1 1 0 1 2 3 2 0 
0 1 1 0 0 0 0 0 1 1 1 0 1 0 1 0 2 1 
1 0 0 1 1 1 1 1 1 0 1 1 1 2 0 0 1 1 
0 1 1 0 0 1 1 1 0 0 1 0 0 0 3 2 1 0 
0 1 1 1 1 0 0 0 1 1 0 0 0 3 3 1 2 3 
0 1 0 1 1 1 0 0 0 0 0 1 0 1 1 2 0 3 
0 1 1 1 1 0 0 0 0 1 1 0 0 3 1 3 1 2 
0 1 1 0 0 0 1 1 1 0 1 1 0 0 2 1 0 2 
0 0 1 1 1 0 1 1 0 0 0 0 0 2 1 1 3 0 
0 0 0 0 1 1 1 1 1 1 0 0 0 1 0 1 1 1 
0 1 1 0 0 1 1 1 0 1 1 1 0 0 0 3 3 3 
1 0 0 0 0 0 0 0 0 1 0 0 1 3 0 0 0 0 
0 1 0 0 0 0 1 1 0 0 0 0 0 2 0 2 2 2 
1 0 0 1 1 1 0 1 1 1 0 0 1 0 0 0 2 2 
0 0 0 1 1 1 1 1 1 1 0 0 0 3 2 2 3 1 
0 0 0 0 1 1 0 0 0 0 0 1 0 2 3 3 0 1 
1 0 0 0 1 0 0 0 0 0 0 1 0 3 0 0 3 3 
0 1 0 0 1 0 0 1 1 0 1 1 1 1 3 0 3 2 
0 0 0 1 1 0 1 0 0 1 0 0 1 2 2 0 1 3 

# Size = 19 | Time = 11925 ms
1 0 0 0 0 1 1 0 0 1 1 1 1 2 0 0 1 2 
0 1 1 0 0 0 1 1 0 1 0 0 0 2 1 1 2 3 
0 0 0 0 1 0 1 0 0 0 1 1 0 3 0 3 3 3 
0 1 0 1 1 1 1 1 0 1 1 0 0 2 2 3 1 2 
0 0 1 0 0 0 0 0 1 0 0 0 0 0 1 3 0 0 
0 1 0 0 1 0 1 0 1 1 0 0 0 1 0 1 1 0 
0 1 1 1 1 1 1 1 0 1 1 1 0 3 1 2 1 1 
0 1 0 1 1 1 0 1 1 0 0 0 1 1 1 0 3 2 
1 0 0 1 1 1 1 0 0 1 1 1 1 0 0 0 2 0 
1 0 0 0 0 0 1 1 0 1 1 0 0 3 0 0 3 3 
0 0 1 0 0 0 0 1 0 0 1 1 0 1 3 3 2 1 
0 1 1 0 0 0 0 0 1 1 0 1 0 2 3 2 3 0 
0 0 0 0 0 0 1 0 1 0 1 1 0 1 2 2 0 3 
0 1 0 1 1 1 0 1 0 0 0 0 1 0 3 0 1 3 
0 1 0 1 1 0 1 1 0 1 1 1 0 3 3 1 0 2 
0 0 0 1 1 1 0 1 0 0 0 1 0 0 2 1 3 1 
0 0 1 0 1 1 1 1 1 1 1 0 0 0 0 2 2 2 
0 0 1 1 1 0 0 1 1 1 0 0 1 3 2 0 2 0 
1 0 0 1 1 1 0 0 1 0 0 0 1 2 0 0 0 1 

# Size = 19 | Time = 11792 ms
1 0 0 1 1 1 1 0 0 1 1 1 1 3 0 0 3 3 
0 1 1 1 1 0 0 1 0 1 1 1 0 1 0 2 3 2 
0 1 1 1 1 0 0 1 0 1 0 1 0 0 1 1 0 2 
1 0 0 1 1 0 0 0 1 0 1 0 1 0 0 0 1 1 
0 0 0 0 0 1 1 0 1 1 0 0 0 1 3 1 1 3 
0 1 0 0 0 0 1 1 1 0 0 0 0 3 2 1 3 1 
0 0 0 1 1 1 0 1 1 1 0 0 0 0 3 3 3 0 
0 0 1 1 1 1 0 0 1 1 0 0 0 3 1 2 1 0 
0 0 1 1 1 1 0 0 0 0 0 1 1 3 3 0 2 2 
0 1 1 0 0 1 1 0 0 1 1 1 0 1 1 3 2 1 
0 1 1 1 1 0 0 1 0 0 0 1 0 2 2 3 1 2 
0 0 0 0 0 0 0 1 0 0 0 0 1 2 1 0 3 3 
0 1 1 0 1 0 0 1 1 1 1 1 0 3 0 3 0 3 
0 1 0 0 1 0 0 1 0 0 1 0 0 2 3 2 0 1 
1 0 0 0 0 1 1 0 1 1 0 0 1 0 0 0 0 2 
1 0 0 0 0 0 1 1 1 0 1 1 0 2 0 0 2 0 
0 0 1 0 0 1 1 0 0 1 1 0 0 2 0 1 2 0 
0 1 0 1 1 1 1 0 1 0 1 1 1 1 2 0 0 0 
0 0 0 0 0 1 1 0 0 1 1 0 0 0 2 2 2 3 

# Size = 19 | Time = 11299 ms
1 0 0 0 0 1 1 1 0 1 0 1 1 3 0 0 3 0 
0 1 0 1 1 0 1 0 1 1 1 1 0 3 2 1 2 2 
0 0 1 1 1 0 1 1 0 0 1 1 1 0 1 0 3 2 
1 0 0 1 1 0 1 0 1 0 1 1 0 2 0 0 0 1 
0 1 0 0 1 1 0 0 0 0 0 0 0 3 0 3 3 1 
0 0 0 0 0 1 1 1 0 1 1 0 0 2 3 3 0 2 
0 0 0 1 1 0 1 0 1 1 0 0 0 1 3 1 3 3 
0 0 1 0 0 0 0 1 1 1 0 1 0 1 0 2 1 2 
0 0 1 1 1 0 0 1 1 1 0 1 0 1 1 3 2 0 
1 0 0 0 1 0 1 0 0 1 0 0 1 0 0 0 1 2 
1 0 0 1 1 1 0 1 1 0 0 0 1 2 0 0 2 3 
0 1 1 1 1 0 1 0 1 0 1 1 1 3 3 0 1 0 
0 1 1 1 1 1 0 1 0 0 1 0 1 1 2 0 0 1 
0 1 1 0 0 0 1 1 1 1 0 1 0 0 2 3 1 3 
0 1 1 0 0 1 0 0 0 0 0 0 0 0 3 2 2 1 
0 0 1 1 1 1 0 0 1 0 0 1 0 0 0 1 0 0 
0 0 1 0 1 1 0 0 0 0 1 0 0 2 2 2 3 0 
0 1 0 0 0 1 0 1 0 1 0 0 0 2 1 1 1 1 
0 1 0 1 1 0 1 0 0 0 1 0 0 3 1 2 0 3 

# Size = 19 | Time = 11381 ms
0 0 1 0 0 1 0 0 1 0 0 0 0 3 1 3 3 2 
1 0 0 0 1 1 1 1 1 1 0 0 1 3 0 0 2 0 
0 1 1 0 0 0 0 0 0 0 1 0 0 0 2 3 0 0 
0 1 1 0 0 1 0 0 1 1 0 0 1 0 3 0 1 2 
0 1 0 0 0 0 1 0 0 1 1 1 0 0 1 2 2 1 
0 1 0 1 1 1 1 1 0 0 1 1 0 1 3 3 2 3 
0 1 1 1 1 0 1 1 1 0 0 0 1 2 1 0 0 3 
1 0 0 1 1 1 1 0 0 0 1 0 1 0 0 0 0 1 
0 1 1 0 0 1 1 1 1 1 1 1 0 2 0 3 1 1 
0 0 1 0 1 1 0 0 0 0 0 1 0 1 0 2 0 2 
0 1 0 1 1 1 1 1 1 1 1 0 0 3 2 2 1 3 
0 0 0 1 1 0 1 0 0 1 0 0 0 3 3 1 0 1 
0 1 0 1 1 0 0 0 0 1 0 1 0 2 3 2 3 0 
0 0 1 0 1 1 0 0 1 1 0 0 0 1 1 1 1 0 
1 0 0 0 0 0 0 0 0 0 1 1 0 2 0 0 1 3 
0 0 0 0 0 0 0 0 0 0 0 1 1 1 2 0 3 1 
0 1 1 0 1 1 0 0 0 0 0 1 0 2 2 1 2 2 
0 1 1 0 0 1 0 1 1 0 1 0 0 0 0 1 3 3 
1 0 0 1 1 0 1 1 1 0 1 1 0 3 0 0 3 2 

# Size = 20 | Time = 6333 ms
1 0 0 0 0 1 0 0 1 1 1 1 1 0 0 0 1 1 
0 1 0 0 0 1 0 0 0 0 0 1 0 2 1 2 0 0 
0 0 0 0 0 1 1 1 1 1 0 0 0 1 0 1 1 0 
0 1 0 1 1 0 0 1 1 1 0 1 0 3 3 1 3 3 
0 1 0 0 1 1 1 0 1 0 1 0 1 3 1 0 1 3 
0 1 1 1 1 1 0 0 0 0 0 0 0 1 1 3 0 3 
1 0 0 0 1 1 1 1 0 0 1 0 0 2 0 0 3 0 
0 1 1 1 1 1 0 1 0 1 1 1 0 3 0 2 3 2 
0 0 1 1 1 0 1 1 0 1 1 0 1 0 3 0 0 0 
0 1 0 0 1 0 0 0 0 1 0 1 1 1 2 0 3 2 
1 0 0 1 1 0 1 1 1 0 1 1 1 2 0 0 2 3 
0 1 0 1 1 0 1 0 0 1 1 1 0 2 3 3 1 2 
1 0 0 0 0 1 1 0 1 0 0 1 1 3 0 0 0 2 
0 0 0 0 1 1 0 1 1 0 1 1 0 3 0 3 0 1 
0 0 1 1 1 1 1 0 1 0 0 1 0 3 2 3 2 0 
0 0 1 0 0 0 0 1 0 1 0 1 0 0 1 3 3 1 
0 1 1 1 1 1 0 0 1 1 1 0 0 0 1 1 2 2 
0 0 1 0 0 0 1 1 1 0 1 1 0 0 2 2 1 3 
0 0 0 0 0 1 0 1 0 0 1 0 0 1 3 2 2 1 
0 1 1 1 1 1 1 0 0 0 0 0 0 2 2 1 0 1 

# Size = 19 | Time = 11157 ms
0 1 0 1 1 1 1 0 1 0 0 0 0 0 3 2 3 3 
0 0 1 0 0 1 1 0 1 1 0 0 0 3 2 1 3 0 
0 1 1 0 0 1 1 0 0 1 1 1 0 0 0 1 0 2 
0 0 1 1 1 1 1 1 0 0 0 1 0 3 3 3 1 2 
1 0 0 0 0 0 0 1 1 1 0 1 1 3 0 0 2 3 
0 1 1 0 0 0 0 0 0 0 0 0 0 0 1 3 2 0 
0 1 0 0 0 1 0 1 1 1 1 0 1 1 3 0 0 0 
0 1 0 0 0 1 1 1 1 0 0 0 1 0 2 0 1 1 
1 0 0 1 1 1 0 0 0 1 1 1 1 2 0 0 1 0 
0 0 1 0 0 1 1 1 0 0 1 1 0 1 2 2 2 2 
0 0 0 1 1 0 1 1 0 0 1 1 0 1 1 1 1 3 
0 1 0 1 1 1 1 0 0 1 0 1 0 1 0 3 3 1 
0 0 1 1 1 0 0 1 0 1 1 1 0 2 3 1 2 1 
1 0 0 0 1 0 0 1 1 0 1 0 0 0 0 0 3 2 
0 1 0 1 1 0 0 0 1 1 0 0 0 2 0 2 1 0 
0 1 1 1 1 0 0 0 1 0 0 0 0 3 1 2 0 1 
0 1 1 0 0 1 1 1 0 1 0 0 1 2 1 0 3 2 
0 1 1 1 1 0 0 1 1 0 1 0 0 2 2 3 0 3 
1 0 0 1 1 1 1 1 0 0 1 0 1 3 0 0 0 1 

# Size = 19 | Time = 11683 ms
0 1 1 0 1 0 0 0 1 1 1 0 1 0 2 0 3 0 
0 1 1 0 0 0 0 0 0 1 1 1 0 1 1 1 2 0 
0 0 1 0 0 1 0 0 0 1 0 1 0 3 3 1 3 3 
0 1 1 1 1 0 0 0 0 0 0 0 0 2 2 1 0 1 
0 0 1 0 0 1 0 1 1 1 0 1 0 2 3 2 1 0 
0 1 1 1 1 1 0 0 0 1 0 0 1 3 1 0 1 1 
0 0 1 1 1 1 1 0 0 0 0 0 0 1 0 2 3 1 
0 1 0 0 0 1 0 0 0 0 1 0 0 0 3 3 2 1 
0 0 0 0 0 0 1 1 1 0 0 1 0 3 2 2 2 2 
1 0 0 0 1 1 0 0 1 1 0 0 0 0 0 0 3 2 
0 0 0 1 1 0 1 1 0 1 0 1 1 1 3 0 0 2 
0 1 0 0 1 1 0 1 1 0 0 0 0 3 0 3 0 0 
1 0 0 1 1 0 1 0 0 0 1 1 1 3 0 0 0 0 
0 0 1 1 1 0 1 1 0 0 0 0 0 2 1 3 3 2 
1 0 0 0 0 1 1 1 1 1 0 1 1 3 0 0 1 1 
1 0 0 1 1 0 1 0 0 0 1 0 1 2 0 0 2 3 
0 1 0 1 1 0 1 1 1 0 1 1 0 0 0 1 1 2 
0 0 0 1 1 1 0 1 1 1 1 1 0 1 2 3 1 3 
0 1 0 0 0 1 1 1 1 1 1 0 0 0 1 2 0 3 

# Size = 19 | Time = 11395 ms
0 0 0 1 1 0 0 1 0 1 1 1 1 1 1 0 2 1 
0 1 0 0 0 0 0 1 0 0 1 0 0 3 0 2 3 1 
0 1 1 0 0 1 0 0 1 1 0 0 0 2 2 3 0 1 
0 0 1 1 1 0 1 0 0 0 1 0 0 1 3 2 0 0 
0 1 1 0 0 0 1 1 1 0 0 0 0 0 1 3 3 0 
0 1 1 0 0 0 1 1 0 1 1 0 0 2 0 1 2 0 
1 0 0 0 1 1 1 1 1 1 1 0 1 0 0 0 0 3 
1 0 0 1 1 1 1 1 1 0 1 0 0 2 0 0 3 1 
1 0 0 1 1 0 1 0 0 0 0 1 1 0 0 0 2 2 
0 0 0 1 1 1 0 1 0 0 0 1 0 3 1 1 0 2 
0 1 0 0 1 0 1 0 1 0 0 0 0 0 3 1 1 1 
1 0 0 0 0 1 0 1 1 1 1 1 1 3 0 0 1 0 
0 0 0 0 0 0 1 1 0 1 0 1 0 1 2 1 3 3 
0 0 1 0 0 0 0 0 1 1 1 0 0 0 2 2 2 2 
0 1 0 0 1 1 0 0 0 0 0 1 0 2 1 2 1 3 
0 0 1 1 1 1 0 1 0 1 0 1 0 3 3 3 2 3 
0 1 1 1 1 1 1 0 0 0 1 1 1 3 2 0 1 0 
0 1 0 0 0 0 0 0 0 0 1 0 1 2 3 0 3 2 
0 1 0 0 1 1 0 1 1 1 1 0 0 1 0 3 1 2 

# Size = 19 | Time = 11904 ms
1 0 0 0 0 1 0 0 1 1 1 1 0 3 0 0 1 2 
0 0 1 0 0 1 1 1 1 1 0 0 0 1 1 3 0 0 
0 1 0 1 1 1 0 0 1 0 0 1 1 1 3 0 3 1 
1 0 0 0 0 1 1 1 0 1 0 1 1 3 0 0 3 3 
0 0 1 1 1 0 1 1 1 1 0 0 0 3 3 2 1 0 
0 1 1 0 1 1 0 1 0 1 0 1 1 2 1 0 1 2 
0 1 0 1 1 1 0 1 1 0 1 1 0 0 1 2 3 3 
0 1 1 0 0 1 1 0 0 0 1 1 0 2 2 1 3 0 
0 1 0 0 0 0 0 0 1 1 0 0 0 3 1 1 2 1 
0 0 1 0 0 0 1 1 0 0 0 1 0 2 0 2 0 1 
1 0 0 0 0 0 0 1 0 1 0 0 1 0 0 0 2 0 
0 0 0 1 1 1 1 0 0 1 0 1 0 1 2 2 2 2 
0 1 1 0 0 0 0 0 0 1 1 0 0 3 0 3 3 2 
0 0 1 1 1 0 1 1 1 0 1 0 0 1 0 1 1 3 
0 0 0 1 1 0 0 1 1 1 0 1 0 0 2 3 1 1 
1 0 0 1 1 1 1 0 0 0 1 1 0 2 0 0 0 1 
0 1 0 1 1 1 0 0 1 0 1 0 1 3 2 0 0 3 
0 0 1 1 1 1 1 0 0 0 0 0 0 0 3 1 0 2 
0 1 1 0 0 1 1 1 1 0 1 0 0 2 3 3 2 3 

# Size = 19 | Time = 11686 ms
0 0 1 0 1 1 0 1 0 0 0 0 0 1 3 3 1 0 
1 0 0 1 1 0 0 1 0 1 1 0 1 2 0 0 0 2 
0 1 1 0 1 1 1 1 0 0 1 0 0 0 0 3 3 2 
1 0 0 0 0 1 0 1 1 0 1 1 0 0 0 0 3 3 
0 1 0 0 0 0 1 0 0 1 1 1 1 1 1 0 3 1 
0 1 0 0 0 0 0 1 1 0 1 0 0 3 2 3 0 1 
0 1 0 0 1 1 1 0 0 1 0 1 0 2 2 1 3 0 
0 1 1 1 1 1 1 0 1 1 0 1 0 2 1 3 2 3 
0 0 1 0 0 0 1 0 1 0 1 1 0 0 3 1 2 1 
0 1 1 0 0 1 0 0 0 0 1 1 0 2 0 2 1 1 
0 1 0 1 1 0 1 1 0 1 0 1 0 3 3 2 3 3 
1 0 0 1 1 0 1 1 1 0 0 1 1 0 0 0 1 1 
0 0 1 0 0 1 0 1 0 1 0 0 0 1 2 2 2 2 
0 0 1 0 1 1 0 1 0 0 0 0 0 3 1 1 1 2 
0 0 1 0 1 1 0 0 1 0 0 1 1 2 3 0 0 2 
0 0 0 1 1 1 1 1 1 1 1 1 0 1 0 1 0 3 
0 0 0 1 1 0 0 1 1 1 1 0 1 0 2 0 1 3 
0 0 1 1 1 0 0 0 1 1 1 0 0 0 1 2 0 0 
1 0 0 0 0 1 0 0 0 0 1 1 1 3 0 0 2 0 

# Size = 19 | Time = 12985 ms
0 0 1 0 1 1 0 1 0 0 1 1 0 1 3 3 0 3 
0 1 1 0 0 1 0 0 0 1 0 1 1 1 1 0 3 1 
1 0 0 0 1 0 1 0 1 0 1 0 0 0 0 0 3 2 
0 1 1 0 1 0 0 1 1 1 1 0 0 2 1 2 0 2 
0 0 1 1 1 0 0 1 1 0 0 0 0 1 2 1 2 2 
1 0 0 1 1 1 1 1 0 0 0 1 1 2 0 0 1 0 
0 1 0 0 1 1 0 1 1 1 0 1 1 0 2 0 0 0 
0 0 0 0 0 0 1 0 0 1 0 1 0 1 0 2 1 0 
1 0 0 1 1 1 1 0 0 1 0 1 0 3 0 0 0 1 
1 0 0 0 0 0 0 0 0 1 1 1 1 2 0 0 2 3 
0 1 0 0 0 1 0 0 1 1 1 0 1 3 3 0 1 2 
0 0 1 1 1 1 1 0 0 0 1 0 0 3 2 2 3 3 
0 1 1 1 1 0 1 1 0 1 0 1 0 0 0 3 3 2 
0 1 0 0 0 0 1 1 1 1 0 0 0 0 3 2 2 1 
0 0 0 0 1 1 0 1 0 0 1 0 0 3 1 3 2 0 
0 1 1 1 1 1 0 1 0 1 0 1 0 2 3 1 3 0 
0 0 1 0 0 0 1 0 1 0 1 0 0 2 2 3 1 1 
0 1 0 0 0 0 0 0 1 0 1 0 0 3 0 1 0 1 
0 1 1 1 1 0 1 0 1 1 0 1 0 0 1 1 1 3 

# Size = 19 | Time = 11986 ms
0 1 0 0 0 1 1 0 0 1 1 0 0 3 0 2 3 1 
1 0 0 0 0 0 1 1 1 1 1 1 1 0 0 0 3 0 
0 1 1 1 1 1 1 1 1 0 1 1 0 2 1 3 1 1 
0 1 0 1 1 1 0 0 0 0 1 1 1 3 3 0 1 0 
0 1 0 1 1 1 0 0 1 1 1 1 0 0 2 2 1 2 
0 1 1 1 1 1 0 1 0 1 1 1 0 0 3 1 2 1 
0 0 1 0 0 0 0 1 0 1 0 0 0 3 2 3 2 3 
0 0 0 0 0 1 1 0 1 1 1 1 0 1 0 1 1 3 
0 0 1 0 0 1 1 1 0 1 1 0 0 3 1 1 0 2 
0 1 1 0 1 0 1 0 1 0 1 1 0 0 0 3 0 0 
1 0 0 0 0 0 1 1 0 1 0 0 0 0 0 0 1 1 
0 0 0 0 0 0 1 1 0 1 1 0 0 2 3 2 0 3 
0 0 1 0 0 0 0 0 1 0 0 0 0 2 2 1 3 0 
0 1 0 0 1 0 0 0 0 0 0 0 1 0 1 0 3 3 
1 0 0 1 1 1 0 0 1 1 0 1 1 3 0 0 0 3 
0 0 1 1 1 1 1 0 0 0 0 0 0 1 1 2 2 0 
1 0 0 0 0 1 1 1 1 0 1 1 1 2 0 0 2 2 
0 1 1 0 0 1 1 1 1 1 0 0 1 1 2 0 0 1 
0 1 0 1 1 0 0 1 1 1 0 0 0 1 3 3 3 2 

# Size = 19 | Time = 11715 ms
1 0 0 1 1 0 0 1 1 1 1 1 0 0 0 0 0 0 
0 0 0 1 1 0 0 1 0 1 1 0 0 1 2 3 3 3 
0 1 0 0 0 1 1 1 0 0 1 0 0 0 3 1 1 3 
0 1 1 1 1 0 1 0 0 1 1 0 1 2 1 0 2 3 
0 1 0 0 0 1 1 1 1 1 0 0 0 0 1 3 0 0 
0 1 1 1 1 1 1 0 0 1 0 0 0 2 0 3 1 2 
0 1 0 1 1 0 0 0 0 0 0 1 0 3 0 2 0 3 
1 0 0 0 0 0 0 1 1 0 0 0 1 2 0 0 1 2 
0 1 0 0 0 0 1 0 1 0 0 1 0 1 0 1 2 0 
0 1 1 0 0 0 0 1 1 0 0 1 1 3 2 0 1 0 
0 1 1 1 1 1 0 0 0 0 1 1 0 0 2 2 2 2 
1 0 0 0 0 1 1 0 0 0 1 1 1 0 0 0 3 1 
0 0 1 0 0 0 0 0 0 0 0 0 1 1 3 0 0 2 
0 0 0 1 1 0 0 1 1 1 0 1 0 3 1 1 3 2 
0 0 0 0 0 1 0 1 1 0 1 0 0 1 1 2 1 1 
1 0 0 0 1 0 1 1 1 1 1 0 1 3 0 0 2 3 
0 0 0 1 1 1 1 1 1 0 0 1 0 3 3 3 2 1 
0 1 1 0 1 1 1 0 0 1 1 1 0 2 3 2 3 0 
0 1 1 1 1 0 1 1 1 1 0 0 0 2 2 1 0 1 

# Size = 19 | Time = 12223 ms
0 1 0 0 0 1 0 0 1 1 1 0 0 2 3 1 2 2 
1 0 0 0 0 0 1 1 0 1 0 0 0 0 0 0 0 1 
0 1 0 0 0 0 1 1 0 1 1 0 0 3 3 2 0 3 
1 0 0 1 1 1 0 1 1 0 0 1 1 3 0 0 3 2 
0 1 0 1 1 1 1 1 1 0 1 1 0 0 2 3 0 2 
0 0 1 1 1 1 1 0 1 1 1 1 0 0 0 2 2 1 
0 1 1 0 0 0 0 0 0 1 0 0 0 2 0 3 1 3 
0 0 1 0 1 1 1 1 1 0 1 0 0 0 1 1 3 3 
0 1 1 0 0 0 0 1 0 0 0 1 0 2 2 2 3 0 
1 0 0 0 0 0 0 0 1 1 0 1 1 2 0 0 1 3 
0 1 1 0 0 0 1 0 0 1 0 1 0 1 1 2 1 2 
0 1 0 0 0 1 1 0 1 1 1 1 0 1 3 3 3 1 
0 0 1 1 1 0 0 0 0 0 0 1 0 1 0 1 0 0 
0 0 0 0 1 0 0 1 0 1 0 1 0 3 1 3 2 0 
0 0 1 1 1 1 0 1 0 0 0 0 1 0 3 0 1 0 
0 0 1 0 0 1 0 0 1 1 1 0 0 3 2 1 1 1 
1 0 0 1 1 0 1 0 1 0 1 1 1 0 0 0 2 0 
0 1 1 1 1 0 0 1 1 1 1 0 1 1 2 0 2 3 
0 1 0 1 1 1 1 1 1 0 0 0 1 2 1 0 0 1 

# Size = 19 | Time = 12252 ms
1 0 0 0 0 0 1 0 0 0 0 1 0 2 0 0 3 3 
0 0 1 0 0 1 0 0 0 0 0 1 0 1 0 1 0 2 
0 0 0 0 0 0 0 0 1 1 0 1 0 1 2 2 2 1 
0 1 0 0 1 1 0 1 1 1 1 1 0 2 2 1 1 3 
0 1 0 0 0 1 1 1 1 1 1 1 0 3 0 3 2 3 
0 1 0 0 0 0 1 1 1 0 0 0 1 3 2 0 0 0 
1 0 0 0 1 0 0 1 1 1 0 0 1 3 0 0 0 0 
0 1 0 0 0 0 1 1 1 1 1 0 1 1 3 0 3 3 
0 1 0 1 1 1 1 1 1 0 1 0 0 3 1 1 3 1 
1 0 0 1 1 1 1 1 1 1 1 0 1 2 0 0 2 2 
0 0 1 1 1 0 0 0 0 0 0 0 0 0 2 3 3 2 
0 1 1 0 0 0 0 0 0 0 0 0 0 3 3 2 1 2 
0 1 1 1 1 1 1 1 1 1 1 1 0 0 1 2 0 3 
0 0 1 0 0 0 1 0 1 0 1 0 0 0 3 1 2 0 
0 0 1 0 0 0 0 0 0 0 1 1 1 2 1 0 2 2 
0 1 1 1 1 1 0 1 1 0 0 1 0 1 1 3 1 0 
0 0 1 0 0 0 1 1 0 1 1 1 0 2 0 2 3 0 
0 1 1 1 1 1 1 1 0 1 1 1 0 2 3 3 0 1 
1 0 0 1 1 1 1 1 1 0 0 1 1 0 0 0 1 1 

# Size = 19 | Time = 11896 ms
0 1 1 0 1 0 1 0 1 1 1 0 1 1 2 0 2 3 
0 1 0 0 0 0 1 1 0 1 0 1 0 0 2 3 1 1 
0 1 1 0 0 0 1 0 0 1 1 1 0 3 1 1 1 3 
1 0 0 0 0 0 1 0 1 1 1 0 1 2 0 0 1 0 
0 0 1 1 1 0 1 1 0 1 0 1 0 2 1 2 2 1 
0 0 0 0 0 1 1 1 1 1 1 0 0 1 3 1 3 1 
0 1 1 1 1 0 0 0 1 1 0 1 0 0 0 1 2 0 
0 1 1 1 1 1 0 0 0 0 1 1 0 1 0 2 1 2 
0 0 0 1 1 0 0 1 1 1 1 1 0 3 3 3 2 2 
0 0 0 1 1 1 1 1 1 0 1 0 0 3 2 2 3 0 
0 1 1 0 1 0 0 1 0 0 0 0 1 0 1 0 3 2 
1 0 0 0 0 1 1 1 0 0 1 1 0 0 0 0 2 2 
0 1 0 0 0 1 0 1 1 1 0 1 0 0 3 2 0 3 
0 0 1 0 0 0 0 0 0 0 1 0 0 2 2 1 0 2 
0 0 0 0 0 1 1 1 1 1 0 0 0 1 1 3 0 0 
1 0 0 1 1 0 0 1 1 0 0 0 0 0 0 0 3 3 
0 0 1 0 1 1 0 0 0 0 1 0 1 2 3 0 1 0 
1 0 0 1 1 1 0 0 0 0 0 1 1 3 0 0 0 1 
0 1 1 1 1 1 0 0 1 0 1 1 0 2 0 3 3 3 

# Size = 20 | Time = 6869 ms
0 0 1 1 1 1 1 1 0 0 0 0 0 2 2 1 3 0 
0 0 1 1 1 1 0 0 1 0 0 1 0 1 3 1 0 2 
0 1 1 0 0 0 0 0 1 0 1 0 1 2 2 0 3 0 
1 0 0 1 1 0 1 1 0 0 0 0 1 2 0 0 3 3 
0 1 1 0 0 1 0 1 0 1 1 0 0 0 0 2 0 0 
0 0 0 0 0 0 1 0 1 0 1 0 0 2 3 2 2 3 
1 0 0 0 0 1 1 0 1 0 0 0 0 0 0 0 0 0 
0 0 0 0 1 0 0 0 1 1 0 1 1 3 2 0 0 3 
1 0 0 0 0 0 0 1 0 1 1 1 1 2 0 0 1 2 
0 1 0 1 1 0 1 1 1 1 1 1 0 3 1 2 3 2 
0 1 1 0 1 0 1 0 0 1 0 0 1 1 1 0 2 0 
0 0 1 1 1 0 1 1 1 1 1 0 0 0 2 3 2 2 
0 0 0 0 0 1 1 0 0 0 1 1 0 1 0 3 3 3 
1 0 0 0 1 1 0 1 0 1 1 1 1 3 0 0 2 1 
0 1 0 0 0 0 0 1 1 0 1 0 0 3 0 1 2 1 
0 0 0 0 0 1 0 0 0 0 1 0 0 2 1 3 0 1 
0 1 0 1 1 1 1 1 0 0 0 1 0 1 2 2 1 1 
0 1 1 0 1 1 1 0 1 1 0 1 0 3 3 3 1 0 
0 1 1 1 1 1 0 1 0 1 1 1 1 0 3 0 3 1 
0 1 1 1 1 0 0 0 1 1 1 0 0 0 1 1 1 3 

# Size = 19 | Time = 12136 ms
1 0 0 0 0 0 0 0 0 0 0 1 0 0 0 0 1 3 
0 1 1 1 1 1 0 1 1 0 1 0 0 2 1 1 1 3 
0 0 1 0 0 1 1 1 0 0 1 1 0 1 0 2 1 1 
0 0 1 0 1 0 1 0 1 0 1 0 0 3 2 1 2 1 
0 0 1 0 0 0 0 0 0 0 0 1 0 2 2 2 3 0 
0 1 0 0 0 0 0 0 1 0 0 0 0 0 3 2 2 3 
1 0 0 1 1 1 1 1 1 1 1 0 1 0 0 0 3 1 
0 1 0 0 0 1 1 1 1 1 0 1 0 2 3 3 0 1 
0 0 1 1 1 1 1 0 0 0 1 1 1 3 3 0 1 0 
0 1 0 1 1 1 1 1 0 1 0 1 1 1 2 0 0 3 
0 0 0 0 0 0 1 1 1 0 0 1 0 3 0 3 3 3 
1 0 0 1 1 1 0 0 0 0 1 1 0 3 0 0 0 0 
0 0 0 0 0 0 0 0 0 1 1 1 1 0 1 0 3 1 
0 0 0 1 1 0 0 0 1 1 1 0 0 1 1 3 2 0 
1 0 0 0 0 1 0 1 0 0 1 1 1 2 0 0 2 2 
0 1 1 1 1 0 1 1 1 1 0 0 0 3 1 2 0 2 
0 1 0 0 0 0 0 0 0 0 0 0 0 1 3 1 3 2 
0 1 0 1 1 1 0 1 0 1 0 1 0 0 0 1 0 0 
0 0 1 1 1 1 0 1 0 1 0 1 0 0 2 3 1 2 

