# Size = 16 | Time = 267 ms
0 0 0 0 2 0 1 0 0 0 1 0 0 1 1 1 1 1 0 1 0 0 0 1 1 1 0 1 0 1 0 1 0 0 1 1 0 1 0 0 0 1 0 0 0 1 1 0 1 1 0 0 
0 0 0 1 1 1 1 1 1 1 1 0 1 0 0 0 0 1 1 1 1 1 0 1 0 0 1 1 3 1 0 0 1 1 1 1 0 1 0 1 0 0 1 1 1 1 0 0 1 0 0 0 
0 1 0 0 0 0 0 0 1 0 1 1 0 1 1 0 0 1 0 0 1 0 1 0 1 1 0 0 1 1 0 1 0 1 0 0 0 0 0 1 1 0 0 0 0 0 1 0 1 1 0 1 
1 1 1 1 2 1 0 1 0 0 0 0 0 0 0 1 1 0 1 0 1 1 1 0 1 0 0 1 0 0 1 0 1 0 0 0 1 0 1 0 0 1 1 0 0 1 1 1 0 0 1 0 
1 1 1 1 0 0 1 1 0 0 0 0 0 0 0 0 1 0 0 1 1 0 0 0 1 1 1 0 2 0 1 0 1 1 0 1 0 1 0 0 0 0 0 0 0 0 0 1 0 0 1 1 
1 0 1 0 1 1 1 0 0 0 1 0 1 1 0 0 0 0 0 1 0 0 0 1 0 1 0 0 1 0 0 0 1 1 1 0 1 0 0 1 1 1 1 1 1 0 1 0 0 0 0 1 
1 0 1 1 1 0 0 1 1 0 1 1 1 0 0 0 0 1 0 1 2 1 0 1 1 0 1 0 0 0 1 1 1 1 0 0 0 1 0 1 0 0 0 0 0 0 0 1 0 1 0 1 
0 1 1 1 1 1 1 1 1 1 1 0 0 1 0 0 1 1 0 0 3 1 1 0 1 1 0 1 3 0 0 0 0 0 1 0 1 0 0 1 1 0 1 0 0 1 0 1 0 0 1 1 
0 1 1 0 0 0 0 0 1 1 0 1 1 0 0 0 1 1 1 0 0 1 1 1 0 0 1 0 3 1 1 1 1 0 0 1 1 0 0 1 1 0 0 1 1 0 0 1 0 1 0 1 
1 0 0 0 2 0 1 1 0 0 0 1 0 1 1 1 0 0 1 1 2 0 0 1 0 1 1 1 3 0 0 0 0 0 1 1 0 0 1 0 1 1 0 1 1 0 1 0 1 0 1 1 
1 0 1 0 2 0 0 1 0 1 0 1 1 0 1 0 0 1 0 0 2 1 1 0 0 0 0 1 2 1 0 0 0 0 1 1 1 1 0 0 1 0 1 0 0 1 0 0 1 0 1 1 
0 1 1 0 0 1 1 0 1 0 0 0 1 0 0 1 1 0 1 0 2 1 1 0 1 1 0 1 1 0 1 1 0 0 1 1 0 1 1 0 1 0 0 0 0 1 1 0 1 1 1 0 
1 0 0 1 2 0 0 1 0 1 0 1 0 0 1 0 1 1 1 0 3 0 0 0 1 0 1 0 1 1 0 1 0 0 0 0 1 0 1 0 0 1 0 1 1 0 0 1 0 0 1 1 
0 0 0 0 0 0 1 0 0 1 1 1 0 1 1 1 1 1 1 0 3 0 0 1 0 0 1 0 0 1 1 1 0 1 1 1 1 1 1 0 1 1 1 1 1 0 1 0 1 0 1 1 
0 0 0 1 1 1 1 0 0 0 0 1 1 1 1 1 0 0 1 1 3 1 1 1 1 1 1 0 2 1 0 0 1 1 0 0 0 0 1 0 1 0 1 1 1 1 1 1 0 1 0 0 
1 0 1 1 2 1 1 1 1 1 1 0 0 1 1 1 0 0 0 0 0 1 0 0 1 0 0 1 2 1 0 1 1 1 0 0 0 1 1 1 1 1 1 1 0 1 1 0 0 0 1 1 

# Size = 16 | Time = 147 ms
1 0 1 1 1 0 0 0 0 1 1 1 0 0 0 1 1 0 0 0 1 1 0 1 1 1 1 0 1 0 0 0 1 1 1 1 0 0 0 0 1 1 1 1 1 1 1 1 0 0 0 1 
1 0 0 0 0 1 1 0 1 1 0 0 1 0 1 0 0 0 1 0 1 1 1 0 0 0 0 1 3 1 1 1 0 0 0 1 1 1 1 1 0 0 0 0 0 1 1 1 0 0 1 0 
0 1 1 0 1 0 0 1 0 1 1 1 1 1 1 1 0 0 1 1 3 0 1 1 1 0 0 0 1 0 0 1 0 0 0 0 0 1 0 0 0 1 0 1 1 1 1 0 0 0 1 0 
1 1 0 0 1 0 0 0 1 1 1 0 0 0 0 1 0 1 1 1 0 1 0 0 1 0 0 0 3 0 0 0 0 1 1 0 0 0 1 0 1 0 0 1 0 0 1 0 1 1 0 1 
1 0 1 1 0 0 1 1 1 0 1 0 1 0 0 0 1 1 1 1 3 0 0 0 1 0 1 1 0 1 1 0 1 0 1 1 0 1 0 0 1 0 1 0 0 0 0 1 0 0 0 1 
1 0 0 0 1 1 1 1 0 0 0 1 0 0 1 0 1 1 1 1 0 0 1 1 1 1 0 1 2 1 1 1 0 1 1 0 1 0 0 0 1 1 1 1 1 1 1 0 1 0 1 0 
1 1 0 1 0 1 0 0 0 0 1 1 1 1 1 0 1 1 1 0 3 1 1 1 0 1 1 1 2 0 1 1 1 1 1 0 0 0 0 1 1 1 0 1 1 1 0 0 1 1 0 0 
0 1 0 1 1 1 1 1 0 0 0 1 0 1 1 0 1 0 0 0 1 0 1 1 0 0 0 1 0 0 0 0 1 1 0 0 0 0 1 0 0 1 1 1 1 0 0 0 1 1 0 1 
0 1 0 0 0 0 0 0 0 1 1 0 0 0 1 1 0 0 0 0 2 1 1 0 0 1 0 1 2 1 1 0 0 0 0 1 1 1 1 0 1 0 1 1 1 1 1 1 0 1 0 0 
0 1 0 1 2 0 1 1 0 0 0 1 0 1 1 0 1 0 0 1 3 0 1 0 0 1 1 0 3 0 1 0 0 1 0 0 1 1 1 0 1 0 0 0 0 1 1 1 0 0 1 0 
0 0 1 0 1 1 0 1 0 1 0 0 1 0 0 0 0 0 0 0 2 0 0 0 1 0 1 0 0 0 1 1 0 1 1 0 1 0 0 1 0 0 1 0 0 1 0 0 1 1 1 0 
0 0 0 0 2 0 1 0 1 0 1 1 0 1 1 1 1 1 0 1 2 0 1 0 0 1 0 1 1 1 1 0 1 0 1 1 0 1 1 1 1 0 0 1 1 0 1 0 1 1 0 1 
1 0 1 1 2 1 1 0 0 1 0 0 1 1 1 1 1 1 0 0 0 1 0 1 0 1 1 1 0 1 0 1 1 1 0 1 0 1 0 1 0 0 0 0 0 0 1 0 0 1 0 1 
0 1 1 0 0 1 0 1 1 0 0 0 0 0 1 0 1 0 1 0 0 1 1 0 1 1 0 0 1 0 0 0 1 0 0 1 1 1 0 0 0 1 0 0 0 0 0 1 0 0 0 1 
1 1 1 1 2 0 0 0 1 0 1 0 1 1 0 0 0 1 1 1 2 1 1 1 1 1 1 0 3 1 0 0 1 1 0 0 1 1 0 0 1 1 1 1 1 0 0 1 0 0 0 1 
0 1 1 0 2 0 0 0 1 0 0 1 0 0 0 0 1 1 0 1 1 0 0 1 0 0 0 0 2 0 0 0 1 0 1 0 1 0 1 0 0 1 1 0 0 0 1 0 1 0 1 1 

# Size = 16 | Time = 201 ms
0 1 1 1 2 1 0 1 1 0 0 1 0 1 1 1 1 0 1 1 2 1 0 0 0 0 0 1 0 0 1 0 0 1 1 0 0 0 0 0 0 0 1 1 1 1 1 0 1 1 0 0 
0 1 0 1 0 0 0 0 0 1 1 1 0 0 0 1 0 0 1 1 2 0 0 1 0 0 1 1 1 1 1 1 1 1 1 0 0 1 1 0 1 1 0 1 1 0 1 1 0 0 1 1 
1 1 0 1 1 1 1 1 0 0 0 0 0 0 1 1 1 1 0 1 1 1 0 0 0 0 0 0 2 0 0 0 1 1 0 1 0 1 1 1 0 1 0 1 1 0 1 0 1 0 1 1 
1 0 0 1 1 1 1 1 0 1 0 1 0 0 0 0 1 1 1 0 3 1 0 1 0 1 0 1 1 0 0 0 0 1 0 1 1 1 0 1 0 0 0 1 0 1 0 1 0 1 0 1 
1 0 1 0 0 1 0 1 1 1 1 1 1 1 0 0 0 1 1 0 2 0 1 0 0 1 1 0 2 0 1 1 0 0 0 1 1 0 1 1 1 0 0 0 0 1 0 0 1 1 0 0 
0 1 1 1 1 0 1 0 1 0 0 0 0 0 0 1 1 0 0 1 2 1 0 1 1 0 0 0 3 1 0 1 1 1 1 1 1 0 1 1 1 1 1 1 1 0 1 0 1 1 0 1 
0 0 0 0 2 1 1 0 1 0 1 1 1 0 1 0 0 0 1 1 3 0 1 1 1 0 1 0 3 1 1 0 0 0 0 0 0 1 1 0 1 0 1 0 0 0 0 1 0 0 1 1 
1 1 0 1 0 0 1 1 0 1 0 0 0 1 1 1 1 0 0 0 0 0 0 1 0 0 1 1 3 0 0 0 0 0 0 1 1 1 1 0 0 1 1 0 0 1 1 1 0 0 0 0 
0 0 1 0 2 0 0 0 1 0 1 0 1 1 1 0 1 0 0 1 0 1 1 0 1 0 1 1 1 1 1 1 0 1 1 0 0 0 0 1 0 0 0 1 1 0 0 0 1 0 0 1 
1 1 1 1 0 0 0 1 0 0 0 0 1 1 0 1 0 0 0 1 3 0 1 1 1 1 0 1 2 1 0 1 0 0 1 0 0 0 0 0 0 0 1 1 1 1 1 0 1 0 1 0 
1 0 1 1 0 1 1 0 0 0 1 0 0 1 1 1 0 0 0 0 1 1 0 0 0 1 1 0 0 1 0 0 1 1 1 1 1 0 1 0 1 0 0 0 0 1 1 1 0 0 0 1 
0 0 0 0 2 0 0 0 0 1 1 1 1 1 0 0 1 1 1 0 1 1 0 1 0 0 0 0 1 1 1 1 0 0 0 1 1 0 0 0 1 1 1 0 0 1 0 1 0 1 0 0 
1 1 1 0 2 1 1 0 0 0 1 0 1 0 1 0 1 1 1 0 3 0 0 0 1 1 1 0 0 0 0 0 1 1 0 1 1 1 0 1 0 1 0 1 1 1 0 0 0 0 0 0 
0 0 0 0 2 1 1 0 1 0 0 1 1 0 1 1 0 1 1 1 0 1 0 1 1 1 0 0 2 0 0 1 1 1 1 1 0 1 0 1 1 0 1 1 1 1 1 1 0 1 1 1 
1 1 1 0 1 0 0 0 1 1 1 1 1 0 1 0 1 1 1 0 1 0 1 0 1 1 1 1 3 0 1 0 1 0 1 0 0 1 0 0 0 1 0 0 0 1 1 1 0 0 1 0 
1 0 0 0 1 0 0 1 0 1 0 1 0 1 0 1 0 1 0 0 0 1 1 1 0 1 1 0 0 1 1 1 1 0 0 0 1 1 1 1 1 1 1 1 0 0 1 1 0 0 1 1 

# Size = 16 | Time = 233 ms
1 0 0 1 0 0 1 0 1 1 1 1 0 0 1 0 1 1 1 1 0 0 1 0 0 1 1 1 3 1 0 1 0 1 0 0 0 1 0 1 0 1 1 1 1 0 1 1 0 1 0 1 
1 1 0 0 1 1 0 1 0 0 1 0 0 0 1 0 0 0 0 1 0 1 0 1 0 0 0 0 0 0 1 1 1 0 0 0 0 1 0 0 1 0 0 1 0 1 0 0 1 0 0 0 
0 0 1 1 1 1 1 1 0 1 0 1 0 1 0 0 1 0 1 0 2 0 0 0 0 1 0 1 3 1 1 1 1 0 1 1 1 0 1 1 1 1 1 1 1 1 0 1 0 0 1 0 
1 1 1 1 0 0 1 1 1 0 0 1 1 0 0 1 0 0 1 0 3 1 0 1 1 1 0 0 0 1 1 1 0 0 1 0 1 1 1 1 1 1 0 1 1 0 1 1 0 0 0 1 
0 1 1 1 1 1 1 0 1 1 1 1 1 1 0 1 0 0 0 1 1 0 0 0 0 1 1 0 1 1 0 1 0 1 1 1 0 1 0 0 0 0 1 1 1 0 1 0 1 1 0 1 
1 1 0 0 2 0 0 0 1 0 0 0 0 0 0 0 0 1 1 0 1 1 0 1 1 0 0 0 3 1 0 0 0 1 0 1 1 0 0 1 1 1 0 0 0 1 0 1 0 1 0 0 
1 0 1 0 0 0 0 1 1 1 1 0 0 0 1 1 1 1 0 1 2 0 0 1 0 1 1 1 0 1 0 0 0 1 0 1 0 0 0 1 0 0 1 0 0 0 1 0 1 0 1 1 
0 0 1 0 2 1 0 0 0 1 0 1 1 1 0 1 1 1 0 1 1 1 1 0 1 0 0 1 0 0 0 0 1 1 1 0 1 1 0 1 1 0 0 0 0 1 1 1 0 1 1 1 
0 0 0 1 2 0 0 0 0 1 0 0 1 0 0 0 1 0 0 0 0 1 0 1 0 0 1 0 1 1 1 0 1 1 1 1 1 0 1 0 0 1 1 1 1 1 0 0 1 0 1 1 
1 0 1 0 2 0 1 1 0 0 1 1 0 1 1 1 0 1 1 1 3 1 1 1 0 0 1 1 1 1 0 1 0 0 0 0 0 0 1 0 1 1 0 0 0 0 1 1 0 1 0 1 
0 1 1 1 1 1 0 0 0 0 1 1 0 1 0 1 1 0 0 0 0 0 0 0 1 1 1 0 2 1 0 0 0 1 0 0 1 0 1 0 0 1 0 0 0 1 1 0 1 1 0 0 
1 0 1 0 0 0 1 0 0 0 1 0 0 1 0 0 0 1 0 1 2 1 0 1 1 0 0 0 1 0 1 0 0 1 0 0 0 1 0 1 1 1 0 0 0 1 0 0 1 1 0 0 
0 1 0 0 2 0 1 1 1 0 1 0 1 0 1 1 1 1 1 0 2 0 1 0 0 1 0 0 2 0 0 0 1 1 1 0 1 0 1 0 0 0 0 1 1 1 1 1 0 0 1 0 
0 0 0 1 0 1 1 1 0 0 1 1 0 1 1 0 1 1 0 0 1 1 1 0 0 0 1 1 2 0 1 1 0 0 0 0 0 0 1 1 0 1 1 0 0 1 1 0 0 0 1 0 
1 1 0 1 1 0 0 0 1 1 0 0 1 0 1 0 0 1 1 1 3 0 1 1 1 0 1 1 2 0 0 0 1 0 0 1 0 1 0 1 1 1 1 1 1 0 0 0 1 0 1 1 
0 0 1 1 0 1 0 0 0 0 1 0 1 1 0 1 1 0 0 1 3 1 1 0 1 0 1 1 3 0 0 1 1 1 0 0 0 1 1 0 0 0 1 1 0 1 1 0 1 1 1 0 

# Size = 16 | Time = 140 ms
0 1 0 1 2 1 1 0 0 0 1 0 0 1 1 1 0 0 0 0 3 1 0 1 1 0 0 1 1 1 0 1 0 1 0 0 1 0 1 1 0 0 1 1 0 1 1 1 0 0 0 1 
0 1 1 1 1 1 0 1 0 0 0 1 1 0 0 1 0 1 1 1 0 0 0 1 0 1 0 1 1 1 1 1 1 0 0 1 0 1 0 0 1 0 1 0 0 0 1 0 1 1 1 1 
1 0 1 0 0 1 1 0 1 1 0 1 0 1 0 0 1 0 1 1 3 0 1 0 0 1 1 0 2 1 1 0 0 1 1 0 1 0 0 0 1 1 0 0 0 0 1 0 1 0 1 1 
0 0 1 1 0 0 0 1 0 1 1 0 1 0 1 0 1 0 0 0 0 1 1 0 0 0 1 1 3 1 0 0 1 0 0 0 1 1 1 1 1 0 0 0 0 1 0 1 0 1 0 0 
0 1 0 1 2 0 0 0 1 1 0 1 1 1 0 1 0 1 0 1 2 1 1 1 1 1 0 0 3 1 0 1 0 1 1 1 0 1 1 1 0 1 0 0 0 0 1 1 0 1 0 1 
1 1 1 1 1 0 0 1 1 1 1 0 1 0 0 0 1 1 0 0 1 0 1 0 0 1 1 1 1 0 0 1 0 1 1 1 0 0 0 1 1 0 1 1 1 1 0 1 0 0 0 1 
0 0 1 0 1 1 1 1 0 1 1 0 0 1 1 1 1 0 0 1 2 0 1 0 1 0 1 1 0 1 1 0 0 1 0 1 0 1 1 0 1 1 0 1 0 0 1 1 0 0 1 1 
1 0 0 0 1 1 0 0 1 0 1 1 1 1 0 1 0 1 0 0 2 0 1 1 0 1 1 1 2 0 0 1 0 1 1 0 1 0 0 0 0 0 1 1 0 1 1 0 1 0 1 0 
1 1 0 0 1 1 0 0 1 1 1 0 1 0 1 0 1 1 0 0 3 1 0 1 1 1 0 0 3 1 0 1 1 0 0 1 0 1 0 0 0 1 0 1 1 0 0 0 1 1 1 1 
1 0 0 0 0 0 1 1 0 0 1 1 0 1 0 1 1 0 1 0 0 0 1 0 1 1 0 0 0 0 0 0 0 1 1 0 1 0 0 1 1 0 1 1 1 0 1 0 0 0 1 1 
1 1 0 1 2 0 1 0 1 1 0 1 1 1 1 1 1 1 1 1 1 1 0 1 1 1 0 1 0 1 1 0 1 0 0 0 0 1 0 1 1 1 0 0 0 0 1 0 1 0 1 1 
0 0 0 0 0 1 1 0 0 1 0 0 0 0 1 0 0 1 1 1 2 0 0 1 0 0 1 0 1 0 1 0 1 0 0 1 0 0 1 0 0 1 0 1 1 1 0 0 0 1 1 0 
0 0 0 0 0 1 1 1 1 0 1 0 0 1 0 0 0 0 1 0 1 0 0 0 0 0 0 0 3 0 1 1 1 0 0 0 1 0 1 0 0 1 1 0 0 0 0 1 0 0 1 1 
0 0 1 0 2 0 0 0 1 0 1 1 1 0 0 0 1 1 1 0 0 1 0 1 0 1 1 0 2 0 1 1 1 1 0 0 0 1 0 0 0 1 0 0 0 1 0 1 0 0 0 1 
1 1 0 1 2 0 1 1 0 0 0 0 0 1 1 0 1 1 0 0 1 0 1 0 1 0 0 0 2 0 0 1 0 0 1 1 1 1 1 1 0 1 1 1 1 1 1 0 1 1 0 0 
1 1 0 0 0 0 0 1 0 0 0 1 0 0 1 0 0 0 0 1 3 1 0 0 0 0 0 0 0 0 1 1 1 0 1 1 0 0 0 1 0 0 0 0 0 1 0 1 0 1 0 0 

# Size = 16 | Time = 327 ms
1 1 1 1 1 1 1 1 0 0 1 1 0 0 1 0 1 0 1 1 2 1 0 1 0 0 1 1 0 0 1 0 0 0 0 0 1 0 0 0 1 1 1 0 0 0 0 1 0 1 1 1 
0 0 1 1 1 0 0 0 0 0 0 1 0 0 0 0 0 1 1 1 1 1 1 0 1 1 0 0 3 0 0 1 0 0 0 0 0 1 1 0 1 0 1 0 0 0 0 0 1 1 0 1 
1 0 0 1 0 1 0 1 0 0 0 1 1 0 1 1 0 1 1 1 3 0 1 1 1 1 0 1 0 1 0 1 0 1 1 1 0 1 1 1 0 0 0 0 0 0 1 1 0 0 0 1 
1 0 1 0 2 1 1 0 0 1 1 1 1 1 0 0 1 1 0 1 0 0 1 1 0 0 1 1 1 0 0 1 1 0 0 1 1 0 0 0 1 0 0 1 1 0 0 1 0 1 1 1 
1 0 1 1 1 1 1 0 0 1 1 1 0 0 1 0 0 0 0 0 3 0 0 0 1 1 0 1 2 1 1 0 0 1 0 0 0 0 1 1 1 0 1 0 0 0 0 0 1 1 0 1 
1 1 0 0 1 1 1 0 1 1 1 0 1 0 1 0 0 0 0 0 1 0 1 1 0 0 1 0 1 0 1 0 0 0 1 0 0 1 1 0 1 1 1 0 0 0 0 1 0 1 0 1 
0 1 0 1 0 1 0 1 0 0 0 0 1 1 0 1 0 0 0 0 2 0 1 1 0 0 0 0 1 1 1 1 0 1 1 1 1 1 0 1 1 1 0 1 1 0 1 0 1 1 1 1 
1 1 0 1 0 0 0 0 0 1 0 1 1 1 1 1 1 1 0 0 2 0 0 1 0 1 1 1 3 0 0 1 0 0 0 0 0 0 1 1 1 0 0 1 1 1 1 1 0 0 1 0 
1 1 1 1 1 1 0 1 1 0 1 1 1 1 1 1 1 0 1 1 0 1 0 1 1 1 0 1 3 1 1 0 1 1 1 1 1 1 1 1 0 0 0 1 1 0 1 0 1 1 0 1 
0 0 0 0 2 0 0 0 1 1 0 0 0 0 0 0 0 1 1 0 0 0 1 0 0 0 0 1 0 1 1 0 0 1 1 0 0 1 0 0 1 0 1 0 0 1 1 0 1 0 0 0 
1 0 1 1 2 0 0 1 1 1 0 0 1 1 0 1 1 1 1 0 1 1 0 1 0 1 1 1 2 0 0 1 1 1 0 0 0 0 1 1 1 1 1 1 0 1 1 1 0 0 1 0 
1 0 0 0 0 1 0 1 1 1 0 0 1 1 1 1 0 0 0 0 1 0 0 0 1 0 1 0 0 1 0 1 1 0 0 1 1 0 0 1 0 0 0 1 1 1 1 1 0 0 0 0 
1 1 1 0 0 1 1 1 0 1 1 0 0 0 0 0 1 1 0 1 0 1 1 1 1 0 1 0 2 1 0 0 0 0 0 1 0 1 1 0 1 1 1 1 1 1 0 0 0 1 1 0 
1 1 0 0 2 0 1 0 0 1 0 0 1 1 0 1 1 0 0 1 3 0 0 0 0 0 1 0 3 1 1 1 0 0 0 0 0 1 0 0 0 1 1 0 0 1 1 0 1 1 0 1 
0 0 1 1 1 0 0 1 1 0 1 0 0 1 1 1 1 0 1 1 3 1 0 0 1 1 1 1 1 0 1 0 1 1 0 1 1 0 0 0 0 0 0 1 1 1 1 1 0 0 1 0 
0 0 0 0 2 0 1 0 1 0 0 1 0 0 1 0 0 0 0 1 2 1 1 0 1 1 1 1 2 1 1 1 1 1 1 1 1 0 0 1 0 1 0 0 0 1 0 0 0 0 0 0 

# Size = 16 | Time = 659 ms
0 0 1 0 0 1 0 0 0 1 1 0 1 1 1 0 1 0 1 1 0 1 1 1 1 1 1 1 1 1 0 1 1 1 0 0 0 0 1 0 1 0 1 0 0 1 0 0 1 1 0 1 
0 0 0 0 2 1 1 0 0 0 1 0 0 1 0 0 1 1 1 1 2 0 1 1 1 0 0 0 0 1 0 0 1 0 1 0 1 1 0 0 1 1 1 1 1 0 0 0 1 0 1 1 
1 0 0 1 2 1 0 1 1 0 0 1 1 0 1 0 0 1 1 0 3 1 1 0 1 1 0 0 1 0 1 0 0 0 1 1 1 1 1 0 0 1 1 0 0 0 0 1 0 1 1 1 
1 1 0 1 1 1 0 1 1 0 1 0 1 1 0 1 1 0 0 0 2 0 0 0 0 0 1 0 1 1 1 0 0 0 0 1 0 1 0 1 0 0 1 1 1 0 1 0 1 0 1 1 
0 1 0 1 0 1 0 1 1 0 1 0 1 1 0 1 1 0 0 0 3 0 1 1 1 1 1 0 0 0 0 1 1 1 1 1 0 0 0 0 1 0 1 1 0 1 1 0 0 0 0 1 
0 1 1 0 2 0 0 1 1 0 1 1 1 0 0 1 0 0 0 0 0 0 0 0 1 1 1 0 0 0 0 1 0 0 0 0 1 1 1 1 1 1 0 1 0 1 1 1 0 0 1 0 
0 1 1 1 1 0 0 1 1 1 1 1 0 1 0 0 1 0 1 1 3 1 0 0 0 0 1 1 2 1 1 1 1 1 0 0 0 0 1 1 1 1 0 1 1 0 1 1 0 0 0 1 
1 1 1 1 2 1 0 1 1 1 0 1 1 0 0 0 0 0 1 1 1 1 1 0 1 0 1 0 3 0 0 0 1 1 0 1 1 1 1 0 1 0 0 0 0 0 0 0 1 0 0 1 
1 1 0 1 1 0 1 0 0 0 1 0 0 1 0 0 1 0 1 1 0 0 1 1 1 1 0 0 2 1 0 1 1 0 1 1 1 1 1 0 0 1 1 1 1 1 0 0 1 0 0 0 
1 0 1 0 1 0 1 1 0 0 0 0 0 1 1 0 0 1 0 0 1 0 0 0 0 1 0 0 1 1 1 0 0 0 1 1 1 0 0 0 0 0 0 1 1 1 1 1 0 0 0 0 
1 0 0 1 0 0 0 0 1 1 0 1 0 0 1 0 0 0 0 1 2 1 1 0 0 0 0 1 3 0 0 1 0 0 1 0 1 1 0 0 1 0 0 0 0 0 0 1 0 1 0 1 
1 1 0 0 1 1 1 0 0 1 1 1 1 0 1 1 1 1 1 0 3 0 0 1 0 1 1 0 3 0 0 1 0 1 1 1 0 0 1 1 0 1 1 0 0 1 1 0 1 1 1 0 
0 0 1 0 0 0 1 0 0 0 0 0 0 1 0 0 1 1 0 1 0 0 0 1 0 0 0 0 3 1 1 0 1 1 1 0 1 0 0 1 0 1 1 1 1 0 0 0 1 1 0 1 
0 0 0 1 0 1 1 0 0 1 1 1 0 1 1 1 1 1 0 0 1 0 1 1 1 0 0 1 2 0 0 1 0 0 0 1 0 1 0 1 0 1 1 0 0 1 1 1 0 0 1 0 
1 0 1 1 1 0 1 0 1 1 0 1 0 0 1 1 0 0 0 0 1 1 0 0 0 1 0 1 0 1 1 0 0 0 0 0 0 1 1 1 0 0 0 0 0 1 1 1 0 1 0 0 
1 0 1 0 2 1 0 0 0 0 0 0 1 0 1 1 0 0 1 1 2 1 0 1 0 1 0 1 2 0 1 0 0 1 1 1 0 0 1 1 1 0 0 1 1 1 1 1 0 1 1 0 

# Size = 16 | Time = 258 ms
1 0 1 0 0 0 0 0 0 0 0 1 0 1 1 0 0 1 1 1 1 1 0 0 0 1 0 1 2 1 1 1 1 0 1 0 1 0 1 1 1 0 0 0 0 0 0 0 1 1 0 1 
1 1 1 1 1 0 0 1 1 0 1 0 0 0 0 1 1 0 0 0 1 1 1 0 0 0 0 1 3 0 0 0 1 1 1 1 0 0 1 0 1 1 1 1 1 1 1 0 1 0 0 0 
0 0 0 0 1 1 0 1 1 1 0 1 1 1 0 0 0 1 1 1 2 1 0 1 1 1 1 0 3 1 1 1 0 0 1 1 1 1 0 1 0 1 0 1 1 0 0 1 0 1 1 1 
0 0 1 0 1 1 0 0 1 0 0 1 0 1 1 0 0 0 1 0 3 1 0 1 1 0 1 0 1 0 1 0 1 1 1 0 1 0 0 0 1 1 0 1 1 1 0 1 0 1 0 0 
1 1 1 0 2 1 1 0 1 0 1 1 1 0 0 1 1 1 0 1 0 1 0 1 1 0 0 1 3 1 1 1 1 0 1 0 0 0 1 0 1 1 0 1 1 1 1 0 1 0 1 1 
0 1 1 1 2 0 1 0 1 0 0 1 1 0 0 0 0 1 0 0 2 0 1 0 1 1 0 1 2 1 0 1 0 0 0 1 0 0 1 0 1 0 0 1 1 0 0 0 1 0 0 1 
0 0 0 1 2 0 0 1 0 0 0 0 0 1 1 1 1 1 0 1 3 1 0 0 1 0 0 1 0 1 0 0 0 1 1 1 1 1 0 1 0 1 0 0 0 0 1 0 1 1 0 1 
1 0 0 1 0 1 1 1 0 1 1 1 0 1 0 1 1 1 0 0 2 1 1 1 0 0 1 1 1 1 1 1 0 0 0 1 0 0 1 1 1 0 0 1 0 1 1 0 1 1 1 0 
1 1 0 1 0 0 1 0 0 1 0 0 0 1 0 0 0 1 0 1 0 1 0 0 0 1 1 0 1 1 0 1 1 0 0 0 0 0 1 0 1 1 1 0 0 0 0 1 0 0 0 1 
0 0 1 1 1 0 1 0 0 0 1 0 1 1 0 1 0 1 1 1 0 1 1 1 1 1 1 1 0 0 1 0 0 0 0 0 1 1 1 0 0 0 0 0 0 1 1 1 0 1 0 0 
0 0 0 0 1 1 0 1 0 1 1 1 0 0 1 1 0 0 1 0 0 0 1 1 0 0 1 0 2 1 1 0 1 1 0 1 1 1 0 1 0 1 1 1 0 0 1 1 0 1 1 1 
0 1 1 0 2 0 0 0 0 1 1 1 1 1 1 0 1 0 1 1 1 0 0 0 0 1 1 0 0 0 0 1 1 1 1 0 1 0 1 1 1 0 1 1 1 1 0 0 1 0 1 0 
1 1 0 0 0 0 1 1 0 0 0 1 1 1 1 0 1 0 1 1 3 0 1 0 0 0 1 0 3 0 0 1 0 1 0 0 0 1 1 1 0 0 1 0 0 0 0 1 0 1 0 1 
1 1 0 0 2 1 1 0 0 1 1 0 1 0 0 0 1 0 0 1 1 0 0 1 1 0 0 0 1 0 0 0 0 1 0 1 1 1 0 1 0 1 0 0 0 0 1 1 0 0 0 1 
0 0 0 1 0 1 0 1 1 1 1 0 1 0 0 1 1 0 1 0 3 0 1 0 1 1 0 0 2 0 1 1 1 0 0 1 0 0 0 0 0 0 1 1 1 1 1 1 0 0 1 0 
1 1 0 0 0 1 1 0 1 0 1 0 0 0 1 0 1 0 1 0 2 1 1 0 1 0 0 1 0 0 1 0 1 1 0 0 0 1 1 1 1 1 1 0 0 1 1 0 0 0 1 0 

# Size = 16 | Time = 390 ms
1 0 0 1 2 1 0 0 0 0 1 0 0 1 1 1 0 0 1 0 3 0 1 0 0 0 1 0 2 1 1 0 0 1 0 1 1 0 0 0 0 1 0 0 0 0 1 1 0 0 0 1 
1 1 1 0 2 0 1 1 0 1 0 1 0 0 1 0 1 1 1 0 2 1 0 1 0 1 0 0 3 1 0 0 1 0 0 0 1 1 1 1 1 0 1 1 1 1 0 0 1 0 0 1 
0 0 1 1 2 1 1 0 1 1 0 0 0 1 0 1 0 0 0 1 0 0 0 1 1 1 0 0 3 0 1 1 0 1 0 1 0 0 1 1 0 0 0 1 1 1 1 1 0 1 1 1 
1 1 0 1 1 1 0 1 0 1 0 0 1 0 1 1 0 0 0 0 2 0 0 1 1 1 1 1 1 1 1 0 0 1 1 1 1 1 0 0 1 0 0 1 1 0 1 0 0 0 1 1 
0 0 1 1 1 0 0 0 0 0 1 1 1 0 0 0 0 1 0 1 2 0 0 0 0 0 0 0 2 0 1 0 1 0 1 1 0 0 1 0 1 0 0 1 1 0 1 1 0 1 0 1 
1 1 0 0 1 0 1 0 1 1 1 1 1 0 1 0 1 0 1 1 3 0 0 0 1 0 0 1 3 0 1 0 1 1 1 0 1 0 0 1 1 1 1 0 0 1 0 0 1 1 0 0 
0 0 0 0 0 0 0 1 0 0 0 1 1 0 0 1 1 0 0 0 1 1 1 1 1 0 1 0 3 0 1 1 0 1 0 0 1 0 1 0 1 1 0 0 0 0 1 1 0 1 0 1 
0 1 0 0 2 0 0 1 0 1 0 0 0 0 0 0 1 1 1 0 0 0 1 1 0 0 1 0 0 1 1 0 1 1 0 0 1 0 1 1 1 1 1 1 1 1 1 0 1 1 0 0 
1 1 1 0 2 1 0 0 0 1 0 1 1 0 0 1 1 1 1 0 1 0 0 0 0 0 0 1 2 1 0 1 1 1 1 0 1 0 0 1 1 1 1 1 1 1 1 0 1 1 1 0 
0 0 1 1 1 1 1 1 0 1 1 1 0 0 1 1 0 0 0 1 1 0 0 0 0 1 0 1 0 1 0 0 0 0 0 1 1 1 0 0 0 0 1 0 0 0 1 0 1 0 0 1 
1 1 1 1 0 0 1 1 1 0 1 1 1 0 0 0 1 1 1 0 0 1 1 1 1 1 1 1 2 0 0 1 1 0 1 0 0 1 0 0 1 0 0 1 1 0 0 1 0 1 0 1 
0 0 1 0 2 1 0 1 0 0 0 0 0 1 0 0 0 1 1 0 3 1 0 1 0 0 0 1 1 1 0 1 1 0 1 0 1 0 1 1 0 0 0 1 1 0 0 0 1 1 1 1 
1 0 0 1 0 0 1 0 0 0 1 1 1 1 1 0 0 0 0 1 3 1 0 1 1 1 1 0 0 1 1 0 1 0 1 0 0 1 0 1 1 0 0 0 0 0 1 0 0 0 1 1 
0 1 1 1 1 0 1 0 0 0 1 1 1 1 1 0 1 1 0 0 0 1 1 0 0 0 1 0 1 0 1 1 0 0 0 0 0 0 1 1 0 0 1 0 0 1 0 1 0 0 1 0 
0 0 0 0 0 1 1 0 1 1 1 0 1 1 1 0 1 0 1 1 1 1 1 1 1 1 1 0 1 1 0 1 0 1 0 1 0 0 0 0 0 1 1 1 0 1 0 0 1 0 0 0 
1 0 0 0 0 1 0 1 1 0 1 1 0 1 0 0 0 0 1 1 2 0 1 0 0 0 0 1 0 0 0 1 0 0 0 0 1 1 0 0 0 1 0 0 0 1 0 1 0 0 1 0 

# Size = 16 | Time = 144 ms
1 0 1 0 1 1 0 0 1 0 0 0 1 0 1 0 0 0 0 1 0 0 1 0 1 1 0 1 3 0 1 1 1 1 0 1 0 0 1 1 0 1 0 0 0 0 0 0 1 1 0 1 
0 1 0 0 1 1 1 1 0 1 1 0 0 1 1 0 1 0 1 0 1 0 1 1 1 0 0 0 2 1 0 0 1 0 1 1 0 0 0 0 0 0 0 0 0 1 0 0 1 1 1 1 
1 1 1 1 0 0 0 1 0 0 1 1 1 0 1 0 0 0 0 1 2 0 1 1 0 1 1 0 2 0 1 1 0 1 1 0 0 1 0 1 1 0 0 1 1 0 0 1 0 0 1 1 
1 1 0 1 0 0 1 0 0 0 0 0 0 1 1 1 1 1 0 1 1 0 0 0 0 1 1 1 3 1 1 0 1 1 0 0 1 1 1 0 1 1 0 1 1 1 1 0 0 1 0 0 
0 1 1 1 1 1 1 1 1 1 0 1 1 0 0 1 0 0 0 0 3 0 0 0 1 1 1 0 0 0 1 0 1 1 1 1 1 1 1 1 0 1 1 0 0 1 1 1 0 1 0 0 
0 0 1 1 1 0 0 1 1 0 1 0 0 1 0 0 0 1 1 0 2 1 0 0 1 0 0 1 0 1 1 0 1 0 0 0 0 1 0 0 1 0 0 0 0 0 0 1 0 0 1 1 
0 0 0 0 1 1 0 1 1 0 0 0 1 1 0 1 0 1 0 0 1 0 0 0 0 1 1 1 1 0 1 1 1 0 1 0 1 0 1 1 1 0 0 1 1 1 1 0 1 0 1 1 
0 1 1 0 1 0 1 0 1 1 0 0 0 1 0 0 1 1 0 1 3 1 0 1 0 1 1 1 2 0 0 1 0 0 0 0 1 0 1 0 0 0 0 0 0 1 0 1 0 0 0 0 
1 0 1 0 2 1 1 1 1 1 1 1 0 0 0 1 1 1 1 1 0 1 1 0 0 1 1 0 2 1 1 1 1 0 0 1 0 1 0 1 0 1 1 1 1 1 1 1 0 0 0 0 
1 0 1 1 2 0 1 1 1 0 1 1 1 1 1 1 0 0 0 1 3 1 1 1 1 0 0 0 1 1 0 1 0 1 1 0 0 0 0 1 0 1 1 0 0 1 1 0 1 0 1 0 
0 1 0 1 0 0 0 0 0 0 0 0 0 0 1 1 0 1 0 1 0 0 1 0 1 0 0 0 0 0 1 0 0 1 1 1 1 1 0 0 1 0 0 1 1 0 1 0 1 0 1 1 
0 1 1 1 2 0 1 0 0 1 1 1 1 1 1 1 1 1 1 0 0 0 0 1 0 1 1 1 1 0 0 0 1 0 0 0 0 1 1 0 1 0 0 1 1 0 1 1 0 1 0 1 
0 0 1 0 0 1 1 0 1 1 1 0 0 0 1 0 0 1 1 0 2 1 1 0 0 0 1 1 1 0 0 0 0 1 1 1 0 1 1 1 0 0 1 0 0 0 0 0 1 0 0 1 
1 0 0 0 2 1 0 1 0 1 0 0 0 0 1 1 1 0 1 1 2 1 0 0 0 0 1 0 3 0 0 1 0 0 1 0 1 0 1 1 1 1 1 1 0 1 1 0 0 1 0 0 
1 0 1 0 2 1 0 1 1 0 0 1 1 0 0 0 1 1 1 0 1 1 1 1 0 0 0 0 0 0 0 1 0 1 1 1 0 0 0 1 1 1 1 0 0 0 0 1 0 0 0 1 
0 0 0 1 0 0 0 1 0 1 1 1 0 0 0 0 0 1 1 0 3 1 1 1 0 0 1 1 3 1 0 1 0 0 1 1 1 0 0 0 1 0 1 1 1 0 1 1 0 0 1 1 

# Size = 16 | Time = 346 ms
0 1 0 0 1 1 0 1 1 0 0 1 1 1 0 1 1 0 0 1 2 1 1 0 0 0 0 1 2 0 0 0 1 1 1 1 1 1 1 1 0 0 1 0 0 1 1 1 0 0 1 0 
0 0 0 1 1 0 1 1 0 0 0 1 0 1 0 1 1 0 1 1 3 1 0 1 1 1 1 0 0 1 1 0 0 0 0 1 1 0 0 0 0 1 0 0 0 0 1 0 1 0 0 1 
0 1 0 1 0 1 0 0 1 0 1 0 1 0 0 0 0 1 0 0 3 0 1 1 1 0 1 1 3 1 1 1 1 0 0 0 1 0 1 1 1 1 1 1 1 0 0 1 0 1 0 1 
0 0 1 0 2 0 1 1 0 1 1 0 0 1 1 0 0 1 0 0 3 0 1 0 0 0 0 1 1 0 0 1 0 1 1 1 0 1 1 0 1 0 0 0 0 1 0 0 1 0 0 0 
0 1 0 1 2 0 0 1 1 0 0 1 1 0 1 1 0 0 0 1 0 1 0 0 1 1 0 0 1 1 0 0 0 0 0 1 0 0 0 1 0 1 1 1 1 0 1 0 0 1 0 1 
1 0 1 0 2 1 1 0 0 1 1 0 1 0 1 1 1 1 0 1 2 0 0 0 0 0 1 1 0 1 0 0 1 0 1 1 0 1 1 0 1 0 1 1 1 0 1 1 0 1 1 1 
1 0 1 0 0 1 0 0 1 1 1 0 1 1 1 0 0 1 1 0 0 1 1 0 0 0 0 0 0 1 1 1 0 1 0 1 0 0 1 1 1 0 0 0 0 1 0 0 0 0 1 1 
0 1 1 1 1 1 0 0 0 0 1 1 0 1 1 0 1 0 0 0 0 1 0 0 0 1 1 0 3 0 0 1 1 0 1 0 1 1 1 0 1 1 0 1 0 1 1 1 0 1 1 1 
0 0 0 1 0 0 1 1 0 1 0 0 0 0 0 1 1 0 1 1 2 1 0 0 1 0 1 0 3 0 1 0 0 1 0 1 1 1 0 1 1 1 0 1 1 0 1 0 1 0 0 1 
1 1 0 0 2 0 1 1 1 0 1 0 1 1 0 0 1 0 0 0 1 1 1 0 1 1 0 0 3 1 1 0 1 1 0 0 0 1 0 1 0 0 1 0 0 1 0 0 1 0 1 0 
1 0 0 0 0 1 0 1 1 0 1 1 1 0 1 0 1 1 1 1 3 0 1 0 1 1 1 1 2 1 1 1 0 0 0 0 1 0 0 0 0 0 1 0 0 1 0 1 0 1 1 0 
0 0 1 0 1 0 0 0 1 1 0 1 0 1 1 1 0 0 1 1 1 0 0 1 1 1 0 0 2 1 1 0 0 1 1 0 0 1 0 1 1 1 0 1 1 0 1 1 0 1 0 1 
1 1 1 1 2 1 1 0 0 1 0 0 0 0 0 1 0 1 1 0 0 0 1 1 0 1 1 1 2 0 1 1 1 0 0 0 1 0 1 1 1 0 1 0 0 1 1 0 1 1 0 0 
0 1 0 0 1 0 0 0 1 1 0 1 0 0 0 0 0 1 0 1 1 0 0 1 0 1 0 0 0 0 0 0 1 0 0 0 1 1 0 0 1 1 0 1 1 1 0 1 0 1 0 0 
1 0 0 1 0 1 0 0 0 1 0 1 1 0 0 1 1 1 1 1 1 0 1 0 0 0 1 1 1 0 0 1 1 0 1 1 1 0 1 0 1 0 0 0 0 1 1 0 1 0 0 1 
1 1 1 0 1 1 0 0 0 1 0 0 1 0 1 0 0 0 0 0 2 1 1 1 1 1 0 0 1 0 1 1 0 1 0 0 0 0 1 1 0 1 0 1 0 0 0 1 0 0 1 1 

# Size = 16 | Time = 169 ms
1 1 1 0 0 1 1 0 0 1 1 0 0 0 1 1 0 0 0 0 2 1 0 1 1 1 0 1 3 0 1 1 1 1 1 1 1 1 1 1 1 1 0 1 0 1 1 0 1 0 0 0 
0 0 1 0 0 0 0 0 0 0 1 0 1 0 1 1 0 1 1 1 0 0 1 0 0 0 1 1 0 1 1 1 1 0 0 0 0 0 1 0 0 0 1 0 0 1 1 0 1 1 0 0 
1 0 0 1 2 0 0 1 0 0 1 0 0 0 1 0 0 1 0 1 2 1 1 0 1 0 0 0 1 1 0 0 0 0 1 1 0 1 1 1 1 0 1 1 0 0 0 1 0 1 0 1 
0 0 1 1 1 0 0 1 0 1 0 1 1 0 0 1 1 0 0 0 2 0 0 1 0 1 1 0 0 0 1 0 1 1 0 0 1 0 0 0 1 1 1 1 1 0 1 0 0 0 1 1 
0 1 1 0 2 1 1 0 0 1 1 1 0 1 0 0 0 1 1 0 1 1 1 0 0 0 0 1 0 0 0 0 0 1 0 1 0 1 0 1 0 1 0 1 1 0 0 0 1 1 0 1 
1 1 0 1 2 0 1 0 0 1 1 0 0 0 1 1 0 1 1 1 3 1 0 1 0 0 0 0 2 0 0 0 1 1 1 1 0 1 1 0 1 0 1 1 1 0 1 0 1 0 1 1 
1 0 0 0 1 1 0 1 1 0 0 0 1 1 0 0 1 0 0 1 1 0 1 1 1 1 1 0 2 1 1 1 0 0 0 1 0 1 0 1 1 1 1 0 0 1 1 1 0 0 1 0 
0 1 0 1 0 1 0 0 1 1 1 0 0 0 0 1 1 0 1 1 1 1 1 0 0 1 0 1 1 1 1 1 1 1 0 1 1 1 0 0 1 0 0 1 1 0 1 1 0 0 0 1 
0 1 1 0 1 1 0 1 1 1 0 1 1 1 1 0 0 0 0 0 3 0 1 0 1 1 0 0 3 1 1 0 0 0 0 1 1 0 0 0 1 0 0 1 1 1 0 1 0 1 0 0 
1 1 0 1 1 0 1 0 1 1 1 1 0 1 1 0 1 1 0 0 0 1 0 1 0 0 1 0 1 0 1 0 0 0 0 0 1 0 1 0 1 1 0 0 0 1 1 0 1 0 1 0 
1 0 0 1 1 0 1 0 1 0 1 0 1 0 1 0 1 0 1 1 1 1 0 0 1 0 1 1 3 1 0 1 1 1 1 0 0 0 1 0 0 0 0 1 0 1 1 1 0 0 0 0 
1 1 1 0 2 1 1 0 1 1 0 1 0 1 0 0 1 1 1 1 0 0 0 1 0 1 1 1 3 1 0 0 1 1 1 0 1 1 0 1 1 0 1 0 0 0 0 1 0 0 1 1 
0 1 1 0 0 1 1 1 0 0 0 0 1 1 0 1 1 1 0 0 3 0 1 0 0 1 1 0 1 0 0 0 0 0 0 1 1 0 1 1 0 0 1 0 0 1 1 1 0 0 0 1 
1 0 0 0 0 0 1 0 1 0 0 0 1 1 0 1 1 1 0 0 3 1 0 0 1 0 0 1 0 0 0 1 1 1 1 0 1 1 0 1 1 1 1 1 1 0 1 1 0 1 0 1 
0 0 1 1 0 1 1 0 1 0 0 1 0 1 0 0 0 1 1 0 2 1 0 0 0 0 0 0 2 0 0 0 1 0 1 0 1 0 1 0 0 1 0 0 0 0 0 0 1 1 1 1 
0 0 1 0 2 0 0 1 0 0 0 1 1 0 1 0 0 0 1 1 0 1 1 1 1 0 0 1 2 0 1 1 1 1 0 1 1 0 0 0 0 1 1 1 1 1 0 0 1 1 0 0 

# Size = 16 | Time = 472 ms
0 1 0 0 0 0 0 0 0 0 1 0 0 1 1 1 0 1 0 0 0 1 0 1 1 1 1 0 2 0 0 1 1 1 0 1 1 1 0 1 0 0 1 1 0 1 1 0 1 0 0 0 
0 1 0 0 2 1 1 1 1 1 0 0 0 1 0 0 0 1 1 0 3 1 1 1 1 0 0 0 0 1 0 0 1 1 1 0 1 0 0 0 1 0 0 1 1 0 1 1 0 1 0 1 
1 0 0 0 1 1 1 1 0 0 1 1 1 0 1 1 1 1 1 1 1 1 0 0 0 1 0 0 0 1 1 1 0 1 1 0 0 1 0 1 1 1 1 0 0 0 1 1 0 1 1 1 
0 0 0 1 1 1 0 1 0 0 0 1 1 0 0 0 0 0 1 1 3 1 1 0 1 0 1 0 2 1 1 1 0 0 0 0 1 1 1 1 0 0 1 1 0 1 0 0 1 0 1 0 
1 0 1 0 0 0 1 0 1 1 0 1 1 1 1 0 1 0 1 0 3 1 0 0 0 0 0 1 1 0 0 1 0 0 1 0 1 0 0 1 1 1 1 1 1 0 0 1 0 0 1 1 
0 0 1 0 2 0 0 1 1 1 0 0 1 0 0 0 0 1 0 1 0 1 0 1 0 1 0 0 0 1 1 0 0 0 1 1 1 0 1 1 0 1 0 0 0 0 0 1 0 0 1 1 
0 0 1 0 0 1 1 0 0 0 0 1 1 1 1 0 1 0 1 0 0 0 1 0 0 0 1 1 3 0 1 0 0 0 1 0 0 0 0 0 1 0 1 1 1 1 0 1 0 1 1 0 
0 1 1 1 1 0 1 1 0 1 1 0 0 0 1 0 0 1 1 0 2 1 1 1 0 1 0 1 3 1 0 1 1 0 0 0 0 1 1 1 0 1 1 1 1 1 0 1 0 1 0 1 
1 1 0 1 2 1 0 1 1 0 1 0 0 0 0 1 1 0 0 0 3 0 0 0 1 1 1 0 3 0 1 1 0 0 1 1 0 1 0 0 0 1 1 0 0 0 1 0 1 1 1 1 
1 1 0 1 0 1 1 0 1 1 0 1 0 0 0 0 1 0 1 1 2 0 1 1 1 0 1 1 0 0 1 1 1 1 0 1 0 1 0 0 1 0 1 0 0 1 0 0 1 0 1 0 
0 0 0 1 2 0 0 0 1 1 0 0 0 1 1 1 1 1 0 1 1 0 1 0 0 0 1 0 3 0 0 0 1 1 0 0 1 0 0 1 1 1 0 0 0 1 1 0 0 0 1 1 
1 0 1 1 1 0 0 0 0 1 1 1 0 0 1 1 0 0 1 0 0 1 0 1 1 1 1 1 1 0 1 1 0 1 0 0 0 0 0 0 1 1 0 1 0 0 1 0 0 0 0 1 
0 1 1 0 2 1 0 0 0 1 1 0 1 0 1 0 1 1 1 1 2 1 1 0 0 0 1 1 1 1 1 0 0 0 1 0 1 0 1 0 1 1 0 0 0 1 0 0 1 0 0 0 
0 0 0 1 0 0 0 1 1 0 0 0 1 1 0 0 0 0 0 0 1 0 1 1 1 1 0 0 1 1 0 0 1 0 1 1 0 1 1 0 0 0 0 1 1 1 0 0 1 1 0 0 
0 1 1 1 2 1 0 0 0 1 1 1 1 0 0 1 0 0 0 1 1 0 1 0 0 0 0 1 2 0 1 0 1 0 1 0 0 0 0 0 1 0 0 0 0 1 1 1 0 1 1 1 
1 0 0 1 1 0 1 0 1 0 1 0 0 1 0 1 1 0 0 1 2 0 0 0 0 0 1 0 2 0 1 0 0 1 0 1 1 1 1 0 1 1 0 1 1 0 1 1 0 1 0 1 

# Size = 16 | Time = 204 ms
1 0 1 0 1 0 1 1 1 1 0 1 1 0 0 0 0 0 1 0 3 0 0 0 1 1 1 0 1 0 1 1 0 1 1 0 1 0 1 1 1 1 0 1 1 0 0 0 0 0 0 1 
0 1 0 0 0 1 1 0 1 0 0 1 1 1 1 0 1 0 1 0 2 1 0 1 0 0 0 1 3 1 1 0 0 1 1 1 1 0 0 0 0 0 1 0 0 1 0 1 0 1 0 0 
1 0 0 0 1 0 1 0 0 0 1 0 0 1 0 1 0 0 0 0 3 1 0 1 1 1 1 1 0 1 0 0 0 0 1 1 0 1 0 0 0 1 0 1 1 1 1 1 0 1 0 0 
0 0 0 0 2 0 0 1 1 0 1 0 0 0 0 1 0 0 1 1 0 1 0 1 0 0 1 0 0 0 1 1 1 1 0 1 1 1 1 1 0 0 1 1 0 0 1 0 1 0 0 1 
0 0 0 0 0 0 0 1 0 1 0 1 0 0 1 1 1 1 1 0 0 0 0 1 1 0 0 1 1 1 0 1 0 0 1 0 0 1 0 0 0 1 1 0 0 1 1 1 0 0 1 0 
0 1 1 1 0 1 1 0 0 0 1 0 0 1 1 1 1 0 0 1 3 0 0 0 0 0 1 0 2 0 0 1 0 1 0 1 1 0 0 1 0 0 1 0 0 1 1 0 0 1 1 0 
0 1 1 1 0 1 1 1 1 1 0 0 1 1 0 1 1 1 1 0 1 1 0 1 1 1 0 1 3 1 1 0 1 1 1 0 0 0 1 0 1 1 0 1 1 0 1 0 0 1 0 1 
1 0 0 1 2 0 0 0 0 0 1 1 0 1 0 1 0 1 1 1 3 0 1 0 1 1 0 0 3 1 0 0 1 0 1 0 0 1 1 0 1 1 0 0 0 0 1 0 1 0 0 1 
1 0 0 0 1 0 0 1 0 0 0 0 1 1 0 0 0 1 1 1 1 1 1 0 0 0 1 0 2 1 1 1 0 0 1 0 1 1 0 0 0 1 0 0 0 0 0 1 0 0 1 1 
1 1 1 0 0 1 0 1 0 1 0 1 1 0 0 0 0 0 1 1 1 0 1 0 0 0 0 1 0 1 1 0 1 0 0 0 0 0 0 1 0 0 1 1 1 1 1 0 1 1 1 0 
0 1 0 1 1 1 0 0 1 0 0 0 0 1 1 0 1 1 0 1 2 1 1 0 0 0 0 1 1 0 0 0 1 1 0 1 0 1 0 1 1 0 1 1 0 1 0 0 1 1 1 1 
1 1 1 1 2 0 0 1 0 0 0 0 1 0 1 0 1 1 1 1 2 0 1 1 1 0 1 1 0 0 1 1 1 1 0 0 1 0 1 0 1 1 0 0 0 1 0 1 0 0 0 0 
1 0 1 1 1 1 1 1 0 1 1 0 1 0 1 0 0 1 0 0 0 1 0 0 0 0 1 0 3 0 0 1 1 0 0 1 1 1 0 1 1 0 0 1 1 0 0 0 0 1 1 1 
0 0 1 0 2 1 0 0 1 1 1 0 0 0 1 1 0 0 0 0 1 1 1 0 1 1 1 1 1 0 0 1 0 0 0 1 0 0 0 0 0 0 0 1 1 0 1 1 0 0 1 1 
0 1 1 0 2 1 1 0 1 1 1 1 1 1 1 1 1 1 0 0 0 0 1 0 0 1 0 1 2 0 1 0 1 0 0 0 0 0 1 1 0 0 1 0 0 0 1 1 0 1 1 1 
1 0 0 1 2 0 1 0 1 1 1 1 0 0 0 1 0 0 0 0 2 0 0 1 1 1 1 0 2 0 0 0 0 0 0 0 1 1 0 0 1 0 1 1 1 0 1 0 1 1 0 1 

# Size = 16 | Time = 200 ms
1 0 1 1 0 0 1 0 0 1 0 1 0 0 1 0 1 0 1 1 3 1 1 1 1 1 1 1 1 0 1 1 0 1 1 0 1 1 1 1 0 0 0 1 0 0 1 0 1 0 0 1 
1 0 1 0 2 0 0 1 1 0 1 0 0 0 1 1 0 1 0 1 0 1 0 0 1 0 1 1 3 0 1 1 1 1 0 1 0 0 0 1 0 0 1 1 1 0 1 1 0 1 0 1 
1 0 1 0 2 0 0 1 1 0 0 0 1 0 0 0 0 1 1 0 3 0 1 1 1 1 0 0 2 1 0 1 1 1 1 1 1 0 0 0 1 1 1 0 0 1 0 1 0 1 0 1 
0 1 1 1 1 0 0 1 1 1 1 1 0 1 0 1 1 1 0 1 3 1 1 0 0 1 1 0 3 0 1 1 0 0 0 0 0 1 1 1 1 0 0 0 0 1 1 1 0 0 1 0 
1 1 1 1 0 0 0 1 0 0 0 1 0 0 1 0 1 0 0 1 2 0 0 0 0 0 0 1 3 1 1 0 0 0 0 1 0 1 0 0 1 1 1 1 1 1 0 0 1 1 0 1 
1 1 0 0 1 1 1 0 1 0 1 0 0 0 0 0 0 0 1 0 0 1 1 0 0 1 0 0 0 1 1 0 0 0 1 0 0 1 0 1 1 1 0 1 1 1 1 0 1 0 1 0 
1 1 1 1 2 1 0 0 0 1 0 0 1 1 1 0 1 0 1 1 1 1 1 1 1 1 1 1 2 0 1 0 1 0 1 0 0 1 1 0 0 1 0 0 0 0 0 0 1 1 1 1 
1 0 0 0 0 1 0 0 0 1 0 1 0 0 1 0 0 0 1 0 3 0 0 1 0 0 1 0 0 0 1 0 1 1 0 1 1 0 1 1 0 1 0 1 1 0 0 0 0 1 1 1 
1 0 0 1 2 0 0 0 0 0 1 1 1 0 0 1 0 0 0 1 1 0 0 1 0 1 0 1 0 1 1 1 0 1 0 0 0 0 1 0 1 1 1 0 0 0 1 0 1 0 0 1 
0 0 0 1 0 1 1 1 1 1 1 1 0 1 0 0 0 1 1 1 0 1 0 1 0 1 0 0 2 1 0 1 0 0 0 0 0 0 1 1 0 0 0 0 0 1 0 0 0 0 0 0 
0 1 0 1 2 1 1 0 1 1 1 0 0 0 0 1 0 1 1 0 2 0 1 0 1 0 0 0 1 0 0 0 1 1 1 1 1 1 0 0 1 0 1 0 0 1 1 0 1 0 0 0 
0 1 0 0 1 1 0 0 0 1 0 0 1 1 1 0 1 1 0 0 0 0 0 1 0 1 0 1 1 1 0 0 0 1 1 1 1 0 0 0 0 1 0 1 1 0 0 0 1 1 1 1 
0 1 1 0 1 0 1 1 0 0 1 0 0 1 0 1 1 0 1 1 1 1 0 0 1 0 0 0 1 0 0 1 0 0 0 0 0 1 1 1 1 1 1 1 1 1 1 1 0 1 0 0 
0 0 1 0 1 1 1 1 1 1 0 1 1 0 1 1 1 0 0 1 2 0 1 0 0 0 0 1 2 1 0 1 1 0 1 0 0 0 1 1 0 0 1 1 1 1 1 1 0 1 0 1 
0 1 1 0 0 0 0 1 1 0 1 0 0 1 0 1 1 1 1 0 2 1 1 1 1 1 1 0 0 1 0 0 0 1 1 1 0 1 0 0 0 0 0 1 0 0 1 1 0 0 1 1 
0 0 0 1 0 1 1 0 1 0 0 1 1 0 1 0 1 1 1 0 1 0 1 1 1 0 0 1 3 1 0 0 0 0 1 1 1 0 0 0 1 0 1 1 0 1 1 1 0 0 1 0 

# Size = 16 | Time = 214 ms
0 0 0 0 1 1 1 0 0 1 0 1 1 0 0 1 1 0 1 1 2 0 0 1 0 1 0 1 3 0 0 0 0 1 1 0 1 0 0 0 0 0 0 1 0 1 1 0 1 0 1 1 
1 1 1 1 1 1 0 1 1 1 1 0 0 0 1 0 0 0 0 1 0 0 0 0 0 1 1 0 3 1 0 1 1 0 1 1 0 0 1 0 1 0 1 1 0 0 0 1 0 1 1 1 
1 0 1 1 2 0 0 0 0 0 1 0 0 0 1 1 0 0 0 0 2 1 0 1 0 1 1 0 2 0 0 0 0 1 0 0 0 1 1 0 1 0 0 0 0 1 1 0 1 0 1 0 
1 0 0 0 1 0 0 1 1 0 0 0 1 1 1 0 0 0 1 1 0 1 1 1 0 0 0 1 2 1 1 0 0 1 0 1 1 0 0 1 0 1 1 1 1 1 0 1 0 0 1 0 
0 0 0 0 0 0 1 0 1 0 0 1 0 1 0 0 0 0 0 1 2 1 0 1 1 0 0 1 0 1 1 1 1 1 0 1 0 0 0 0 1 0 0 1 1 0 0 0 1 0 0 1 
1 0 0 0 2 1 0 1 1 1 1 1 1 0 0 0 1 1 0 0 1 0 0 0 1 0 1 0 3 0 0 0 1 1 0 1 0 1 1 0 0 1 1 1 1 0 1 1 0 1 0 1 
1 1 1 0 1 0 1 0 0 1 1 0 0 0 1 0 1 1 1 1 1 0 1 1 0 1 0 0 0 0 1 1 1 0 0 0 0 0 1 1 1 0 1 0 0 1 0 1 0 0 0 0 
0 0 0 1 0 1 0 0 0 1 1 0 1 0 0 1 1 0 0 0 0 1 1 1 1 1 1 0 1 0 1 0 1 0 0 0 1 0 0 0 0 1 0 1 1 0 1 0 0 0 1 1 
0 0 0 1 1 1 1 1 1 0 1 0 0 1 1 1 1 0 0 0 3 1 0 0 1 1 0 1 1 1 0 1 1 1 0 1 1 1 1 0 1 0 0 1 1 1 1 0 1 1 0 0 
0 0 1 0 0 1 1 0 0 1 0 1 1 1 0 1 0 1 1 1 3 0 0 1 0 0 0 1 2 1 0 1 1 0 1 1 0 1 1 0 0 1 1 1 0 0 1 0 1 1 1 1 
1 1 1 0 2 0 1 1 1 1 1 1 1 1 0 1 0 1 1 0 0 1 1 1 1 0 0 1 0 0 0 1 0 1 0 1 1 1 0 1 0 1 1 0 0 1 1 0 1 1 0 0 
1 1 1 1 2 0 1 1 0 0 0 1 0 1 1 0 0 0 0 0 1 1 0 0 0 1 1 1 1 1 1 0 0 0 1 0 0 0 0 0 0 0 0 0 0 0 0 0 1 0 1 1 
0 1 1 1 2 1 0 0 1 1 1 1 0 0 0 1 0 1 0 1 3 0 0 0 0 0 1 0 0 1 0 0 1 1 1 0 0 0 1 1 0 1 0 0 0 1 1 1 0 1 1 1 
0 1 1 0 0 0 1 1 1 0 0 0 1 0 0 1 0 1 1 1 2 0 1 0 0 0 0 0 1 0 1 0 1 0 0 1 1 1 1 1 0 1 1 1 1 1 1 1 0 1 0 0 
1 1 0 1 0 0 0 0 1 0 1 0 0 1 1 0 1 0 0 1 3 1 1 1 1 1 1 0 3 0 1 0 0 1 1 1 1 1 0 1 0 0 0 0 0 1 0 1 0 0 0 0 
0 1 1 1 0 1 0 0 0 0 0 0 1 1 1 1 1 0 1 1 1 0 1 0 1 1 1 0 2 0 1 0 1 0 1 1 1 0 1 1 1 1 0 1 1 0 1 1 0 0 0 1 

# Size = 16 | Time = 179 ms
1 0 0 0 2 0 0 0 1 1 0 1 0 1 0 1 0 0 0 0 1 1 1 1 1 0 1 0 3 0 0 0 1 1 0 1 0 0 0 0 1 0 1 0 0 1 1 1 0 1 0 0 
0 1 1 0 2 1 0 1 1 0 0 1 1 1 1 0 1 0 1 1 0 1 0 1 1 1 0 0 1 0 0 1 0 1 0 0 0 1 0 0 0 0 1 1 1 0 0 0 1 0 1 1 
0 1 0 0 1 1 1 1 1 0 1 0 0 1 0 0 0 0 0 0 2 0 0 1 0 1 1 1 3 0 0 1 0 0 1 1 0 1 1 1 0 0 0 1 1 0 0 0 1 1 1 1 
0 1 1 0 0 0 1 1 1 0 0 1 1 0 1 0 0 1 0 1 3 1 1 1 1 0 0 0 3 1 1 0 0 0 1 1 0 1 1 0 0 0 0 0 0 0 0 1 0 0 0 1 
0 0 0 0 1 1 1 1 1 1 1 0 1 1 0 1 1 1 1 1 3 1 1 0 0 1 0 1 0 0 0 1 1 0 0 0 1 1 0 1 1 0 1 1 1 0 1 0 0 1 0 1 
1 0 0 1 2 1 0 1 1 0 1 0 0 1 0 1 0 0 1 1 3 1 1 1 0 1 1 0 1 1 0 1 0 1 1 1 1 0 0 1 1 1 1 0 0 1 1 1 0 0 1 0 
0 0 1 1 1 1 0 0 0 0 0 1 1 0 1 0 0 0 0 0 0 1 0 1 1 0 1 1 2 0 0 1 1 1 1 1 0 0 1 1 0 0 0 0 0 1 1 1 0 1 1 1 
1 1 1 0 0 0 0 0 0 1 0 0 0 0 1 1 1 1 0 0 2 1 0 0 1 0 1 1 1 1 0 1 1 0 1 0 1 0 0 0 0 1 0 1 0 0 1 0 1 0 0 1 
0 0 1 0 0 0 1 1 1 1 0 0 0 1 0 0 0 1 1 1 2 0 1 0 1 0 1 1 2 1 1 1 1 1 0 0 0 0 1 0 1 1 1 1 1 1 0 1 0 1 0 0 
1 1 1 0 2 0 0 1 1 0 1 0 0 1 0 0 0 1 1 1 0 1 1 1 0 1 1 1 0 1 1 0 0 0 0 1 0 1 1 1 1 1 0 0 0 1 0 1 0 0 0 0 
1 0 0 1 0 1 1 1 0 1 1 0 0 1 1 1 1 1 1 1 0 0 0 0 0 1 0 1 3 1 0 0 0 1 1 0 1 0 1 1 1 1 1 0 0 1 1 1 0 0 0 0 
0 1 0 1 0 0 0 0 1 1 1 0 0 1 1 1 1 0 1 0 1 0 0 1 1 0 1 0 0 0 1 1 1 1 0 1 0 0 1 1 1 0 1 1 0 0 1 1 0 0 1 1 
1 1 0 0 1 0 1 0 0 1 1 1 0 0 1 1 1 0 1 0 3 0 0 0 0 1 1 0 2 1 0 1 1 0 0 1 1 1 0 0 1 0 0 0 0 1 1 0 1 0 1 0 
1 0 1 1 2 1 0 0 0 0 1 0 1 0 0 0 1 1 1 1 1 0 1 0 1 1 0 0 2 0 1 0 0 1 1 0 1 1 0 1 0 0 0 1 1 0 0 0 0 0 1 1 
1 0 0 1 2 0 1 1 0 1 0 1 1 0 1 1 0 0 0 0 2 1 0 1 0 0 0 0 0 0 1 0 1 1 1 0 0 1 0 0 0 1 1 0 0 1 1 0 1 0 1 0 
0 1 0 1 1 1 1 1 1 0 0 0 1 0 0 0 0 0 1 0 1 0 1 1 0 0 0 1 1 1 1 0 1 0 0 1 1 0 1 0 0 1 0 0 0 1 0 0 1 1 1 0 

# Size = 16 | Time = 156 ms
0 0 1 1 1 1 1 0 0 0 0 0 0 1 0 1 0 0 0 0 3 0 0 0 1 0 0 0 0 0 0 1 0 1 0 1 0 0 1 0 0 0 0 0 0 1 1 1 0 1 0 0 
1 1 1 0 2 0 0 1 0 1 1 1 1 1 0 1 0 1 1 0 0 1 0 0 1 1 0 0 3 0 1 0 1 0 0 0 0 0 1 1 0 0 0 0 0 0 1 0 1 0 0 1 
1 0 0 0 1 1 0 0 1 0 0 0 0 1 1 0 1 1 0 1 1 1 1 1 0 1 1 1 1 0 1 1 1 1 1 0 1 1 1 1 1 1 0 0 0 0 1 1 0 0 1 1 
1 1 1 0 2 1 1 1 1 0 1 1 0 0 0 1 0 0 0 0 1 0 0 1 0 1 0 1 2 1 0 1 0 1 1 1 1 1 0 1 0 1 1 0 0 1 1 0 1 0 0 1 
0 1 1 0 0 1 0 1 0 1 0 0 1 0 0 1 0 0 0 1 1 1 1 0 1 1 1 0 0 0 0 0 0 0 0 0 1 1 0 0 1 0 1 0 0 1 1 0 1 1 1 1 
1 1 1 0 2 0 1 1 0 1 1 1 0 1 1 1 1 0 1 1 2 0 0 1 0 0 1 1 0 1 1 0 1 0 0 0 1 1 1 1 1 1 0 1 1 0 1 1 0 0 1 1 
0 0 0 1 0 1 1 0 1 0 0 1 0 0 1 0 1 0 0 1 2 0 0 0 0 1 1 0 3 1 0 1 0 0 0 1 1 1 0 1 1 0 1 1 0 1 1 1 0 0 1 0 
0 1 0 0 0 1 1 0 1 1 1 0 0 1 1 0 1 0 0 1 0 0 1 0 1 0 0 0 1 1 0 0 0 1 0 1 0 0 1 0 0 1 1 1 1 1 0 0 1 1 1 0 
0 0 1 1 1 0 0 1 0 1 1 0 1 0 1 0 0 0 1 1 1 0 1 1 0 0 0 1 3 0 1 0 0 1 1 1 0 0 0 0 1 0 0 1 1 1 0 0 0 0 0 0 
1 0 1 1 0 1 1 1 1 0 0 1 0 0 1 0 1 1 1 0 3 0 1 1 0 1 0 1 2 1 1 0 0 1 0 0 1 1 0 1 1 1 1 0 0 1 0 1 0 1 1 0 
0 1 1 1 2 0 0 0 1 1 0 1 1 0 0 1 0 0 1 1 3 1 1 1 1 0 1 0 1 1 0 0 1 0 1 1 1 1 1 0 0 0 1 0 0 1 1 0 0 0 0 0 
0 1 1 0 0 0 1 0 1 0 0 0 1 1 1 0 1 0 0 1 0 1 1 0 1 1 1 0 2 1 1 1 1 0 0 0 0 0 0 0 0 0 1 1 1 0 0 1 0 0 0 1 
0 1 0 1 1 1 0 1 0 1 1 1 1 0 0 1 0 1 1 1 2 0 1 0 1 0 1 1 2 0 0 1 1 1 1 1 1 0 1 1 0 1 0 1 0 0 1 0 1 1 0 1 
0 0 0 0 0 0 1 0 1 1 1 1 0 1 0 0 0 1 0 1 3 0 0 1 0 1 1 1 3 1 1 0 0 0 1 1 0 1 0 0 0 1 0 1 1 0 0 0 1 1 0 1 
1 0 0 1 2 0 1 1 0 1 1 0 1 0 0 0 0 0 1 0 2 1 0 1 0 0 0 0 1 1 1 0 0 0 0 1 0 0 0 0 1 1 0 0 0 1 0 0 0 1 0 0 
1 0 0 1 1 1 0 1 1 0 0 0 1 0 0 0 1 1 1 0 0 0 1 1 0 0 1 1 0 1 1 1 0 0 1 1 1 1 1 0 1 0 1 1 1 1 0 0 0 0 1 1 

# Size = 16 | Time = 252 ms
0 0 1 1 1 0 0 0 0 0 1 0 1 0 0 1 0 0 1 0 0 1 0 0 0 1 1 0 3 0 0 1 1 1 0 1 1 0 1 0 1 0 0 0 0 0 1 1 0 0 0 1 
1 1 0 0 2 1 1 1 1 1 1 1 1 0 0 1 1 1 1 0 3 0 1 0 1 1 1 0 1 1 1 1 0 1 0 0 1 0 0 1 0 1 1 0 0 0 1 0 0 0 1 1 
0 0 0 0 1 1 1 1 1 0 1 0 1 1 1 0 0 1 1 1 3 1 1 1 0 1 0 0 3 1 1 0 0 0 1 1 0 1 1 1 1 0 0 1 1 1 1 0 1 1 1 0 
0 1 0 0 1 0 1 1 1 0 0 1 1 0 1 1 1 0 0 0 2 0 0 1 0 1 1 1 2 1 1 1 0 0 0 1 0 0 1 0 0 0 1 0 0 1 1 1 0 1 0 0 
0 0 0 1 0 0 1 0 0 1 0 1 1 1 1 0 1 1 0 0 3 0 0 0 1 0 0 1 2 0 1 1 0 0 0 0 1 1 0 1 0 1 0 1 1 0 0 0 1 1 0 1 
1 1 1 0 0 0 1 0 0 1 1 1 1 1 0 1 1 1 0 1 2 0 1 1 0 0 1 0 0 1 1 0 1 0 1 1 0 0 0 1 0 1 0 1 1 1 1 1 0 1 0 1 
1 0 0 1 1 0 0 0 1 0 0 0 0 1 0 1 0 1 0 1 2 0 0 0 1 0 0 1 1 0 0 0 1 1 1 1 1 1 0 0 1 1 0 0 0 1 1 0 1 0 1 1 
0 1 1 0 0 1 1 1 0 1 1 0 1 0 1 0 0 0 0 0 0 1 1 1 0 0 1 0 1 1 0 1 0 0 1 0 0 0 1 0 1 0 1 1 1 1 1 1 0 1 0 1 
1 1 1 1 0 1 1 0 1 0 1 0 0 1 1 0 0 1 1 1 0 0 0 1 1 1 1 1 2 0 0 0 1 1 1 0 0 0 0 1 0 0 1 1 1 1 0 0 1 1 1 0 
1 0 0 0 2 1 0 0 0 0 0 1 0 0 1 0 1 1 1 1 2 1 1 0 1 0 0 0 3 1 0 0 1 0 0 0 1 0 0 0 0 1 1 0 0 0 0 0 0 1 1 1 
0 1 0 0 2 1 1 1 1 0 0 0 1 0 1 1 1 0 1 0 1 1 0 1 1 0 1 1 0 0 0 1 0 0 0 0 1 1 0 1 0 1 0 0 0 1 1 0 1 1 0 0 
0 1 0 0 0 1 0 1 0 1 0 1 0 1 0 0 1 1 0 0 1 0 1 1 0 0 0 1 3 1 0 0 0 1 0 0 0 1 1 1 1 0 1 0 0 1 1 0 0 0 1 0 
1 1 1 1 2 1 0 0 1 0 1 0 0 1 0 1 0 1 1 1 1 1 1 1 1 1 1 0 2 1 0 1 1 0 1 1 1 1 1 0 1 0 0 1 1 0 1 0 0 0 1 1 
1 1 1 0 1 0 0 1 1 1 0 1 0 0 0 0 0 0 0 1 3 1 1 0 1 1 0 1 0 1 0 0 1 1 1 1 0 1 1 0 0 0 1 0 0 0 0 1 0 1 0 1 
1 0 0 1 2 0 1 0 0 1 0 1 0 0 1 1 1 0 0 0 0 0 1 0 0 1 0 1 0 1 1 0 0 1 0 1 0 1 1 0 1 1 1 0 0 0 1 1 0 0 1 1 
1 0 0 1 1 0 0 1 1 0 0 0 0 1 1 0 1 0 1 0 1 1 1 0 0 0 1 1 1 0 1 0 0 1 1 0 1 0 1 1 1 1 0 1 0 1 0 1 0 0 0 0 

# Size = 16 | Time = 205 ms
1 0 0 1 2 0 0 1 1 0 1 0 1 0 1 0 0 0 1 1 0 1 0 1 1 1 0 1 1 0 0 0 1 1 0 0 1 0 0 1 1 0 1 1 1 0 1 0 1 0 0 1 
1 0 1 1 2 1 0 1 1 0 0 1 1 1 0 0 1 1 0 1 3 1 1 0 0 0 0 0 3 0 0 1 1 1 0 1 1 0 1 1 1 0 0 0 0 1 0 1 0 1 1 0 
0 1 0 1 0 0 1 1 0 0 1 1 1 0 1 0 1 0 0 0 3 0 1 1 1 0 1 0 1 0 1 0 0 0 0 0 1 1 0 1 1 1 1 1 1 0 0 1 0 1 0 1 
1 1 1 0 1 0 0 0 1 0 1 0 0 0 1 0 0 1 0 0 3 1 0 0 1 1 1 1 2 0 0 1 1 0 0 1 0 1 0 1 0 1 1 0 0 0 0 0 1 0 1 1 
1 1 1 0 0 1 0 0 0 1 1 1 1 1 1 1 0 0 1 0 3 1 0 0 0 1 0 0 0 1 1 1 0 0 1 0 0 1 1 0 0 1 0 1 1 0 1 0 1 0 0 1 
1 1 1 0 0 1 1 1 1 1 1 0 1 0 1 1 1 0 1 0 0 0 0 0 0 0 1 0 2 0 1 0 1 0 0 0 1 0 0 1 0 0 0 1 0 1 1 1 0 0 1 1 
1 1 1 0 0 1 1 0 0 1 1 0 0 1 0 0 0 1 0 0 1 1 0 1 1 1 0 0 3 1 0 0 1 0 1 0 0 0 0 1 0 0 0 0 0 0 1 1 0 0 0 1 
0 1 0 1 1 1 0 0 0 0 0 0 0 1 0 0 1 0 1 0 0 0 1 0 1 0 1 1 0 1 0 0 0 0 0 1 0 1 1 1 0 0 0 0 0 1 0 0 1 1 1 0 
0 0 0 1 1 0 1 1 0 0 1 1 0 1 0 1 1 1 0 1 0 0 0 1 0 0 0 0 3 1 1 1 1 1 1 1 0 0 0 0 0 1 0 1 1 0 1 1 0 1 0 1 
0 0 0 1 2 0 1 0 0 1 1 0 0 0 0 1 0 0 0 0 1 0 1 0 0 1 1 1 2 0 1 0 0 0 1 1 0 1 1 1 0 1 1 1 1 1 1 0 1 0 1 0 
1 0 1 0 2 1 1 0 1 0 1 1 1 0 1 1 1 0 0 0 2 0 1 1 1 0 1 0 0 1 1 1 1 1 1 0 1 0 0 0 0 0 1 0 0 0 1 1 0 1 1 1 
1 0 1 0 1 1 0 0 0 1 0 1 1 1 0 0 1 0 1 0 1 0 1 0 0 1 1 1 1 0 0 1 1 1 1 1 1 0 0 0 0 1 1 1 1 1 0 1 0 0 1 0 
1 0 0 1 0 0 0 1 1 1 0 0 0 1 0 1 0 1 0 1 2 1 1 1 0 0 0 1 1 1 0 0 0 0 1 0 0 0 1 1 1 1 0 0 0 0 1 0 0 0 0 1 
0 1 0 0 1 0 0 0 1 1 0 1 1 1 0 0 0 1 1 1 2 1 0 1 0 1 0 1 2 1 0 1 0 1 0 0 0 1 0 0 1 1 0 0 0 1 0 1 0 1 0 0 
0 1 1 1 2 0 1 0 0 0 0 0 0 0 1 0 1 0 1 1 2 1 0 0 0 0 1 1 3 0 1 0 0 0 1 1 0 1 1 0 1 0 1 1 1 1 1 0 1 0 1 1 
1 0 0 0 0 0 0 1 1 0 0 1 0 1 1 1 0 1 0 1 1 1 0 0 0 0 0 1 0 0 0 0 1 1 0 1 1 1 0 0 1 0 1 1 1 1 1 1 0 1 0 0 

# Size = 16 | Time = 219 ms
1 0 0 1 2 0 0 0 0 0 0 1 1 0 1 0 0 0 1 1 2 1 0 1 1 1 1 1 2 0 0 1 1 0 1 0 0 0 1 1 1 0 1 1 1 1 1 1 0 0 1 0 
0 0 0 0 1 1 0 1 1 0 0 0 0 1 1 1 1 1 0 1 0 1 0 0 0 1 1 1 0 1 1 0 0 1 0 0 1 0 1 1 0 0 1 0 0 1 1 0 1 1 0 0 
0 0 1 1 2 0 0 1 0 0 1 0 0 1 1 0 0 1 0 0 0 0 1 1 0 0 0 1 2 0 1 1 1 1 0 1 0 1 0 1 0 0 0 1 1 0 0 1 0 1 0 1 
1 1 1 0 0 1 1 1 0 1 0 0 0 1 0 1 0 1 1 0 2 0 1 0 1 0 1 0 0 1 0 0 0 0 1 1 0 1 1 0 1 0 0 1 1 0 1 0 0 0 1 1 
1 1 1 1 2 0 0 0 0 0 1 1 0 1 1 0 1 0 1 1 1 0 0 0 0 0 1 1 1 1 0 1 0 0 1 1 1 1 0 1 0 0 1 1 1 0 1 0 1 0 0 1 
0 0 1 0 2 1 1 1 1 0 0 1 0 0 1 1 0 0 0 0 1 0 0 1 1 0 1 1 3 0 1 0 0 0 1 1 0 1 1 1 0 1 0 0 0 1 1 1 0 0 1 0 
0 1 1 0 1 1 0 0 1 1 0 0 1 0 0 1 0 0 1 0 3 0 1 1 1 0 0 1 2 1 1 0 0 1 0 0 1 0 0 0 0 1 0 1 0 0 1 0 1 0 1 1 
1 0 1 0 2 1 1 1 0 1 1 0 1 0 0 0 1 0 1 1 3 1 1 0 0 0 0 1 0 0 0 0 1 1 1 1 0 0 1 1 1 0 1 0 0 1 1 1 0 0 0 0 
1 0 0 1 1 0 1 0 0 1 1 0 0 1 0 0 1 0 1 1 0 0 1 0 1 1 0 0 3 0 1 0 0 0 1 0 0 0 1 0 0 0 0 1 1 1 0 0 1 1 0 1 
0 0 1 1 1 0 1 0 0 1 1 1 0 0 1 0 0 1 0 1 1 0 0 1 1 1 0 1 0 0 0 1 1 0 0 1 0 1 0 0 1 1 1 0 0 0 0 0 1 1 0 1 
1 1 0 0 0 1 1 1 0 0 0 1 1 0 0 1 1 0 0 0 0 1 1 0 1 0 0 1 1 1 0 0 1 1 0 1 0 0 1 1 1 1 0 0 0 0 1 0 1 0 1 1 
0 0 0 0 0 0 0 1 1 1 0 0 1 1 1 0 1 0 0 1 3 0 0 0 0 0 1 1 3 1 0 1 1 0 1 1 1 1 0 1 0 0 1 1 1 0 0 1 0 0 1 1 
1 0 0 1 0 1 1 0 1 1 0 0 1 0 0 1 1 1 0 1 1 1 1 0 0 1 1 0 2 0 1 1 0 1 0 0 0 0 1 0 1 0 0 0 0 1 1 0 0 1 1 1 
1 1 0 0 1 1 0 1 1 1 0 0 0 0 1 0 0 0 0 0 2 1 1 1 0 1 0 0 1 1 1 0 1 0 1 0 0 1 0 0 0 1 0 0 0 1 0 1 0 1 0 0 
0 0 0 1 2 1 0 0 1 0 1 1 0 0 0 1 1 1 0 0 3 0 0 1 1 1 0 0 1 0 0 0 1 0 1 1 1 1 1 0 0 1 1 1 1 0 1 0 0 1 1 1 
0 1 0 1 0 0 1 0 1 1 1 0 0 1 0 1 1 1 0 1 2 1 0 1 0 0 0 0 3 0 1 1 1 1 0 1 1 0 1 1 1 1 1 0 0 1 1 0 1 0 0 0 

# Size = 16 | Time = 144 ms
1 0 0 0 0 1 1 0 1 1 1 0 1 0 0 0 1 1 1 1 1 0 1 0 0 1 1 0 2 1 1 0 1 1 1 1 1 0 1 1 0 0 1 1 1 1 0 0 1 1 0 0 
0 0 0 1 1 0 1 1 0 1 0 1 0 1 1 0 1 0 1 1 3 0 0 1 1 0 1 1 0 1 1 1 0 1 1 1 0 1 1 1 0 1 1 1 1 0 0 1 0 0 0 1 
0 1 1 0 0 0 0 1 0 1 0 0 0 0 1 0 0 1 1 1 2 1 1 1 0 1 0 1 1 0 1 0 1 0 0 1 0 1 0 0 0 0 1 0 0 0 0 0 0 1 0 1 
0 0 0 0 0 0 1 0 0 0 0 1 1 0 1 1 0 0 0 0 2 1 0 0 0 1 1 1 0 1 0 0 0 0 1 0 0 0 1 0 0 1 0 0 0 0 1 0 1 1 0 1 
1 1 1 0 0 1 0 0 1 0 1 1 0 0 0 0 1 1 1 0 0 0 0 1 1 1 0 0 0 0 1 1 0 1 0 1 0 1 1 0 1 0 0 1 1 1 1 1 0 0 1 0 
0 1 1 0 2 0 0 0 1 0 1 1 1 1 1 1 0 1 0 1 2 0 1 0 1 0 1 1 2 1 1 1 0 1 1 1 0 1 1 1 0 0 1 0 0 0 1 1 0 0 1 1 
1 0 1 0 2 1 1 0 0 0 1 0 1 1 1 1 1 0 1 0 1 1 1 0 0 1 0 0 0 0 0 1 1 0 0 0 1 1 0 0 0 1 0 1 1 0 1 0 0 0 0 1 
1 1 1 1 0 1 0 0 1 0 0 1 1 0 0 0 1 1 1 0 3 1 0 0 1 0 1 1 3 1 0 1 1 1 0 1 0 0 1 0 0 0 0 0 0 1 0 0 1 1 0 1 
0 0 0 0 2 0 1 1 0 1 1 0 0 0 1 1 0 1 0 1 0 0 1 1 1 0 0 1 3 0 0 0 0 1 0 1 1 1 1 0 0 1 0 1 0 1 1 1 0 0 0 0 
1 1 1 1 1 1 1 1 1 1 1 1 1 1 0 1 1 0 1 1 2 1 1 0 0 0 1 0 3 1 0 0 1 1 1 1 1 0 1 0 1 1 1 1 1 1 1 1 0 1 1 0 
0 1 0 0 2 1 1 0 0 0 0 0 0 1 0 0 0 1 0 0 3 0 1 0 0 0 1 0 1 0 0 0 1 1 1 0 1 1 0 1 1 0 0 1 1 1 1 1 0 1 0 0 
1 0 0 1 2 1 0 0 1 1 1 1 1 1 1 0 1 0 0 0 0 0 0 1 0 0 0 0 1 1 1 1 1 0 1 0 1 0 0 1 1 0 1 1 1 0 0 0 1 0 1 1 
1 1 0 1 0 0 1 1 1 0 1 1 0 1 0 1 1 0 0 0 3 1 0 1 0 1 0 0 2 0 0 1 0 0 1 0 1 0 0 0 1 0 0 1 0 1 1 1 0 0 1 1 
0 1 1 1 1 0 0 0 0 1 0 1 1 1 0 1 1 1 0 1 1 0 0 1 1 0 0 1 1 1 1 1 0 0 0 1 0 1 1 0 1 1 1 0 0 1 1 1 0 1 0 0 
1 0 0 1 1 0 0 1 0 1 0 0 0 1 0 0 0 0 1 0 1 0 0 0 1 1 1 0 3 0 1 0 1 0 0 0 0 1 0 1 1 0 0 0 0 0 1 0 1 0 1 1 
0 1 0 0 1 1 0 1 0 0 0 1 0 0 0 0 1 0 0 1 0 1 1 0 0 0 1 0 2 1 1 1 0 0 0 0 1 0 1 1 1 1 0 0 0 1 1 0 1 1 1 1 

# Size = 16 | Time = 735 ms
0 0 1 0 1 1 0 0 1 0 1 0 1 1 1 0 0 1 1 0 3 1 0 1 1 0 0 0 0 0 0 0 0 0 1 1 0 0 0 0 0 0 1 1 1 0 1 0 1 1 0 1 
1 1 1 1 0 0 1 1 1 1 1 1 1 1 0 1 1 0 0 0 1 1 0 1 1 1 0 0 2 0 0 1 0 0 0 0 1 1 1 0 0 1 1 0 0 1 1 1 0 1 0 0 
0 1 1 0 0 1 0 0 1 1 0 0 0 0 0 0 0 1 0 1 0 0 0 1 1 1 1 1 0 0 1 1 1 1 0 1 0 1 1 1 0 1 0 1 1 1 1 0 1 0 1 0 
0 0 1 0 0 0 0 0 0 0 1 0 0 0 1 0 1 1 1 1 3 1 1 1 0 0 1 1 1 1 0 0 1 1 0 0 1 1 1 1 0 1 1 0 0 1 0 0 0 0 1 0 
0 1 0 1 0 0 0 1 0 1 0 0 1 1 0 0 0 1 0 1 0 1 0 0 1 0 1 0 3 1 1 1 0 0 0 1 0 1 0 0 0 0 1 0 0 0 0 0 1 0 0 1 
1 0 0 1 1 1 1 0 1 0 0 0 0 1 1 1 0 1 0 0 0 1 1 1 1 0 0 0 2 0 1 1 1 1 0 1 0 0 0 1 0 1 0 1 1 0 1 1 0 0 1 1 
0 0 1 0 1 1 1 1 1 0 0 1 0 0 0 1 0 1 1 0 1 0 1 0 0 1 0 1 1 0 0 1 1 1 0 0 0 0 0 1 1 0 0 1 1 1 1 0 1 0 1 0 
1 0 1 0 2 1 1 0 0 1 0 1 0 1 0 0 1 1 0 1 1 0 0 0 1 0 0 1 0 1 0 0 1 1 1 1 1 0 0 1 1 1 0 0 0 1 0 1 0 1 0 1 
1 1 0 0 2 0 1 0 1 1 0 1 1 1 1 1 1 1 0 0 3 0 1 0 1 1 0 1 3 0 1 1 1 0 0 0 1 0 1 1 0 1 0 1 1 0 1 1 0 1 0 1 
1 0 1 0 2 1 0 0 0 1 0 0 1 0 1 1 0 0 1 1 2 1 1 0 0 1 1 0 2 1 1 0 0 1 1 1 1 1 0 0 1 0 0 0 0 1 1 0 1 0 1 0 
1 1 0 1 2 1 1 0 1 0 1 1 1 1 0 1 1 0 1 1 0 0 1 0 0 1 1 0 1 1 0 0 1 0 1 0 1 1 1 0 1 1 1 1 0 1 1 1 0 1 1 0 
1 0 0 0 1 1 0 1 1 0 1 0 0 0 1 0 0 0 0 1 1 0 0 0 1 1 1 0 3 0 1 0 0 1 0 0 1 0 1 0 1 0 1 0 0 0 0 1 0 0 0 1 
0 1 0 1 2 0 1 1 0 0 1 1 0 1 1 1 1 0 0 0 2 0 1 1 0 0 0 1 0 0 0 0 1 1 0 0 0 0 1 0 1 0 1 1 0 1 1 1 0 1 0 0 
0 0 0 1 0 0 1 0 1 1 1 1 0 0 0 0 1 1 0 1 2 1 0 1 1 1 1 1 1 1 1 1 0 0 1 1 0 0 0 1 1 0 1 1 1 0 0 0 0 1 0 1 
0 1 1 1 1 0 0 1 0 1 1 1 1 1 0 0 1 0 1 0 3 0 0 0 0 1 0 1 2 1 1 0 1 0 1 0 0 0 1 1 1 1 0 1 1 0 0 0 1 0 1 1 
1 0 1 0 1 1 0 0 1 1 0 0 0 1 0 0 1 1 1 0 2 1 1 1 0 0 1 0 3 1 0 1 1 1 1 0 1 1 0 0 0 1 0 1 0 1 1 0 0 0 1 0 

# Size = 16 | Time = 117 ms
1 0 1 0 1 0 1 1 1 1 1 0 1 0 1 0 0 1 1 0 1 1 0 0 0 0 0 1 0 1 0 1 1 1 0 0 1 1 0 1 0 0 0 1 1 1 0 0 1 0 1 0 
0 0 1 1 0 1 1 0 0 0 1 1 0 1 1 0 0 0 1 1 3 1 1 1 0 1 1 1 3 0 0 1 1 1 1 0 0 1 1 0 1 1 0 1 1 0 0 1 0 1 0 1 
0 0 0 0 2 1 0 0 0 0 0 1 0 0 1 1 1 0 0 0 1 0 1 1 1 1 0 0 1 0 0 0 0 0 1 1 0 1 0 1 0 0 0 0 0 1 1 1 0 1 0 0 
1 1 0 1 0 0 0 1 0 1 1 0 0 0 1 1 1 1 1 1 2 1 0 1 0 1 1 0 1 1 1 0 1 0 0 0 0 1 1 0 0 0 1 1 1 0 1 1 0 1 0 1 
1 1 0 0 1 0 1 1 1 1 0 1 0 1 0 0 0 0 1 0 3 0 1 0 1 1 1 1 1 1 0 0 1 1 0 1 1 0 0 0 1 1 1 1 0 1 1 0 1 1 0 0 
0 0 1 1 1 0 0 1 0 0 1 1 0 0 0 1 0 1 0 0 0 1 1 0 1 0 1 0 3 1 1 0 1 1 0 1 0 1 1 1 1 0 0 1 1 1 1 1 0 0 1 0 
1 1 0 1 1 1 0 1 0 1 1 0 1 0 1 1 1 0 1 1 0 0 0 1 0 0 1 1 2 1 0 0 1 1 1 1 1 1 0 1 1 1 0 1 1 1 1 0 1 0 0 1 
1 0 1 1 0 0 0 0 0 0 0 1 1 1 0 0 0 1 1 1 1 1 1 0 1 1 1 1 2 1 1 1 0 0 0 1 1 0 1 0 1 1 1 0 0 0 0 0 1 1 0 1 
0 1 1 1 2 0 1 0 0 1 1 1 0 1 0 0 1 0 0 1 0 0 0 1 1 1 1 1 0 0 1 0 0 0 0 0 0 0 1 0 0 1 0 1 1 0 0 0 1 1 0 1 
1 1 0 1 2 0 1 0 1 1 0 0 0 1 0 1 1 1 0 0 1 0 0 1 0 1 0 0 3 1 1 1 1 0 1 1 1 1 0 0 0 0 0 0 0 0 1 0 1 0 1 1 
1 1 1 0 2 1 0 1 1 0 0 0 1 0 0 1 1 0 1 1 3 1 0 0 1 0 1 0 0 1 0 0 0 1 0 1 0 0 0 0 1 1 1 1 1 0 1 0 0 0 1 1 
1 0 1 0 2 1 1 1 1 0 1 1 0 0 1 1 0 1 0 0 2 0 1 0 1 0 0 1 2 0 1 0 0 0 1 0 0 0 1 1 1 1 0 0 0 0 1 0 0 0 0 1 
0 0 0 1 0 0 0 0 0 0 0 0 1 1 0 0 1 1 0 1 2 1 1 0 0 0 1 1 0 1 0 1 1 1 1 1 0 0 0 1 0 0 1 0 0 1 0 1 0 1 0 0 
0 1 1 0 0 1 0 0 1 1 0 0 1 0 1 0 0 0 0 0 0 0 0 1 0 0 0 0 1 0 1 1 1 1 0 1 0 1 1 0 0 1 1 0 0 1 0 0 0 0 1 0 
0 1 1 0 1 1 1 0 1 0 0 0 1 1 1 1 1 1 0 1 3 1 1 0 0 0 0 0 2 1 1 0 0 0 1 0 1 0 1 1 0 0 1 0 0 1 1 1 0 1 1 0 
1 1 0 0 1 0 1 1 1 1 1 1 1 1 0 1 1 0 0 1 2 1 1 0 0 1 1 1 3 0 0 0 0 0 1 0 1 0 0 0 0 1 1 1 0 0 1 0 1 0 1 1 

# Size = 16 | Time = 197 ms
0 0 0 0 0 0 0 1 0 0 1 1 1 0 1 0 1 1 1 0 0 0 0 0 0 1 1 1 2 0 1 1 0 0 0 0 1 1 1 0 1 0 0 1 1 1 0 0 1 0 0 1 
0 0 0 0 1 0 1 1 1 1 1 0 1 1 1 0 0 1 0 1 1 1 1 1 1 0 1 0 0 0 0 1 1 1 0 0 1 0 0 0 0 1 1 0 0 1 1 1 0 1 0 0 
0 1 0 1 1 1 0 1 0 1 0 1 0 0 0 1 0 0 1 0 2 1 0 1 1 0 0 1 1 1 0 0 0 0 1 1 1 0 1 0 1 0 1 0 0 1 1 1 0 0 1 0 
0 1 1 0 2 0 1 0 0 0 0 0 1 1 0 0 1 0 0 0 2 0 1 0 0 1 1 0 0 0 1 0 0 0 1 1 0 1 1 0 0 0 1 0 0 0 0 1 0 0 1 1 
1 0 1 0 0 1 1 0 1 1 1 1 0 1 0 1 1 0 1 0 1 0 1 0 0 1 1 0 1 0 1 1 1 0 0 0 0 0 0 1 0 0 0 0 0 0 1 0 1 1 0 1 
0 1 0 1 1 0 1 1 0 0 0 1 0 1 1 0 0 0 1 1 1 1 1 0 0 0 0 1 2 1 0 0 0 1 0 1 0 1 1 1 0 1 1 1 1 0 0 0 1 1 0 1 
1 0 1 0 2 0 0 0 1 0 0 1 0 0 1 0 0 0 0 0 3 0 0 1 1 1 1 0 1 1 0 0 1 1 1 1 1 0 0 0 1 1 1 1 1 0 0 0 1 0 1 1 
1 1 1 0 2 1 1 1 1 1 1 0 1 0 0 0 1 1 1 1 0 1 0 1 0 0 0 1 1 1 1 0 0 1 0 1 1 1 0 1 0 0 1 1 0 1 1 0 0 1 1 0 
1 1 1 1 2 1 0 1 1 1 0 0 1 0 0 1 1 1 1 1 2 0 1 0 0 0 0 0 2 0 0 1 1 1 0 0 1 0 1 1 0 1 0 1 1 1 1 1 0 0 0 0 
0 0 0 0 1 1 1 0 0 1 0 1 0 0 1 1 0 1 0 1 0 1 1 0 1 0 0 1 3 1 0 0 1 0 0 0 0 1 1 1 0 1 0 0 0 0 1 0 0 0 1 1 
0 1 1 1 1 0 1 0 0 0 1 1 0 1 0 0 0 0 1 1 3 0 0 1 0 1 0 0 3 0 1 0 1 1 0 1 0 1 1 0 1 0 0 1 1 1 1 1 0 1 0 1 
1 0 0 1 2 0 0 1 1 1 0 0 1 0 1 1 1 0 0 0 1 0 0 0 0 0 0 0 3 0 1 0 0 1 1 1 1 1 0 1 1 1 1 0 0 1 1 0 1 0 1 0 
1 0 0 1 0 1 0 1 0 0 1 0 0 1 0 1 0 0 1 1 0 1 1 0 0 0 1 0 0 1 0 0 1 0 1 0 0 0 1 1 1 0 0 1 1 1 1 1 0 1 1 1 
0 0 1 0 0 1 1 1 0 1 1 1 1 1 1 0 0 1 1 0 2 1 0 0 1 1 1 1 3 0 0 1 0 1 1 1 0 0 0 0 1 1 1 1 1 0 0 0 1 1 0 1 
0 1 0 0 0 1 0 0 1 1 0 0 0 1 0 0 0 1 0 0 3 0 1 1 1 1 0 0 2 1 1 1 0 1 1 0 0 1 0 1 1 1 0 0 0 1 0 1 0 0 1 0 
1 0 1 0 1 1 0 1 1 0 1 1 1 0 1 1 1 1 1 0 3 1 0 0 1 0 0 1 0 0 0 0 1 0 1 1 0 1 1 1 0 1 1 1 1 1 1 0 1 0 0 0 

# Size = 16 | Time = 226 ms
1 0 0 0 2 1 1 1 0 1 1 0 0 0 1 0 0 1 0 1 1 0 1 1 0 0 1 1 2 0 1 1 0 1 1 1 0 0 1 1 1 0 1 1 1 1 0 0 0 1 1 1 
0 0 0 0 1 0 0 1 0 0 0 0 0 0 0 0 1 0 0 0 3 0 0 0 0 1 0 0 0 0 1 1 1 1 1 1 0 1 1 1 1 0 0 1 1 0 1 1 0 1 0 1 
1 1 1 1 2 1 0 1 1 0 0 1 1 1 0 1 1 0 1 0 1 0 1 1 1 1 1 0 1 1 1 0 0 0 1 1 1 0 1 0 1 1 0 1 1 1 1 1 0 0 1 0 
0 1 1 1 0 1 1 0 0 1 1 1 0 0 0 0 1 0 0 1 1 1 0 1 1 0 1 1 0 0 0 0 0 1 0 0 1 0 0 0 0 1 0 0 0 0 0 0 1 0 0 1 
0 1 1 1 2 0 1 0 1 0 0 0 1 1 1 1 1 1 1 0 0 1 1 1 1 0 0 1 0 1 1 1 0 0 0 0 0 1 1 0 0 1 1 1 1 0 1 0 0 1 0 1 
0 0 1 0 2 1 1 0 1 0 0 1 1 0 1 0 1 1 1 1 2 1 0 0 1 1 0 0 3 1 0 1 0 0 1 1 0 1 0 1 0 0 1 1 0 0 0 1 0 0 0 1 
0 1 1 0 0 1 0 1 0 0 1 1 0 0 1 1 0 0 1 0 0 0 1 1 0 1 1 1 3 0 1 0 0 0 1 0 1 0 0 0 0 0 0 1 1 1 1 0 1 1 0 1 
0 0 0 0 0 0 0 1 0 1 1 0 1 0 0 1 1 1 1 1 2 1 1 1 1 1 1 1 1 0 0 1 1 1 0 0 0 1 1 1 1 1 1 0 0 1 1 1 0 1 0 0 
1 0 1 1 0 0 1 0 1 0 1 1 1 1 1 1 0 1 0 0 3 1 1 0 0 0 1 1 2 1 1 1 1 1 0 0 1 0 0 0 0 1 0 0 0 0 1 0 1 0 1 1 
1 0 0 0 1 1 1 1 1 0 0 0 1 1 1 0 0 0 0 1 3 0 1 0 1 0 0 1 1 1 0 0 0 0 0 1 1 0 1 0 1 0 0 1 1 0 0 1 0 1 0 1 
1 1 0 0 2 1 0 1 1 1 1 0 0 1 0 0 0 0 1 1 3 1 0 1 1 0 1 1 3 0 0 1 1 0 1 0 0 1 0 1 0 0 1 0 0 1 0 0 1 1 1 0 
0 1 1 1 1 0 1 1 1 1 1 0 1 0 1 0 1 0 0 0 0 0 1 1 1 0 0 1 2 0 0 1 1 0 1 1 0 1 0 0 1 0 0 0 0 1 0 1 0 1 0 0 
1 0 0 0 0 1 0 0 0 1 0 0 0 1 0 1 0 1 0 1 0 0 0 0 0 0 0 0 1 1 0 1 0 1 0 1 1 1 0 1 0 1 1 1 1 0 1 0 1 0 1 1 
0 0 0 1 1 0 1 0 0 1 1 1 1 1 1 0 1 1 0 1 1 1 0 0 1 0 0 0 3 1 0 1 1 1 0 1 1 1 1 1 1 1 0 0 0 1 0 0 0 0 1 1 
1 1 1 1 1 1 0 0 1 1 0 0 0 1 0 1 0 1 0 0 2 1 1 0 1 0 1 0 0 1 0 0 0 1 0 0 0 0 1 1 0 1 1 0 0 1 1 1 0 1 1 0 
1 0 1 0 1 0 0 0 0 0 0 0 1 1 0 0 0 0 1 1 2 0 0 1 0 1 0 0 2 1 1 0 1 0 1 0 1 1 1 0 1 1 0 1 1 1 0 0 1 1 0 0 

# Size = 16 | Time = 173 ms
0 1 0 1 0 1 1 1 0 0 1 0 1 0 0 1 0 0 1 1 1 0 0 1 1 0 0 1 1 0 0 0 0 0 1 1 1 0 1 0 0 0 1 1 1 1 1 0 1 0 1 0 
0 1 1 1 1 0 0 1 0 1 1 1 1 1 1 0 0 0 0 0 3 0 1 0 1 0 0 1 3 1 1 0 1 1 1 0 0 0 1 0 1 1 1 1 1 0 0 0 1 1 0 1 
0 1 1 0 1 1 1 1 1 1 0 1 1 0 1 0 1 1 0 1 0 0 1 1 1 0 1 1 1 1 0 1 0 1 0 0 1 1 1 0 1 0 0 0 0 0 1 0 0 1 0 1 
1 0 0 1 1 0 0 0 1 1 1 1 1 0 0 1 0 1 0 0 1 0 1 0 0 1 0 0 3 1 0 1 1 0 0 1 1 1 0 0 0 1 0 1 0 1 1 1 0 1 0 0 
1 0 0 1 0 0 0 0 1 1 0 0 0 1 0 1 0 0 1 1 0 1 0 1 1 1 0 1 0 1 0 1 0 0 0 1 1 0 0 1 0 1 0 1 0 1 1 1 0 0 1 1 
0 1 0 0 2 1 0 0 0 0 0 1 0 0 0 1 0 1 1 1 2 0 1 0 0 0 0 1 2 1 0 0 0 1 1 0 0 0 0 0 1 1 0 0 0 0 1 0 1 0 1 1 
1 0 0 1 2 1 0 0 0 1 0 0 0 0 1 1 0 1 0 0 3 1 0 1 0 1 1 0 1 0 0 1 0 1 0 0 1 0 0 0 1 0 0 1 0 1 1 0 1 1 0 0 
0 0 1 1 2 0 1 0 1 1 1 0 0 1 0 0 1 0 1 1 2 1 1 0 1 1 0 0 1 0 1 1 1 0 0 0 0 0 1 1 1 1 0 1 1 1 0 1 0 1 0 1 
1 0 1 1 1 1 1 1 1 0 1 1 0 1 0 0 1 0 1 0 0 1 1 0 0 0 0 0 2 0 0 0 1 0 1 0 1 0 1 0 0 0 0 1 1 1 0 0 1 0 1 0 
0 0 1 0 1 0 0 0 0 1 1 0 0 1 1 1 1 0 1 1 1 0 0 1 1 0 1 0 2 1 0 1 1 1 1 0 1 1 0 1 0 0 1 1 1 0 1 1 0 0 0 1 
0 1 1 1 2 0 1 1 0 1 0 1 0 0 0 0 1 0 0 1 1 1 0 1 0 0 0 1 0 1 1 1 1 0 0 0 0 1 1 0 1 0 1 0 0 0 0 0 1 0 1 1 
1 1 0 0 1 1 0 0 0 0 1 0 1 1 1 0 1 1 1 0 2 1 1 1 1 1 1 0 0 0 0 0 0 1 1 1 1 1 1 1 1 1 0 1 1 1 0 1 0 1 1 0 
0 0 1 0 0 1 0 1 1 0 1 1 1 1 1 1 1 0 0 1 3 1 1 0 0 1 1 0 2 0 1 1 0 1 0 1 1 1 0 0 1 0 1 0 0 0 1 1 0 1 1 1 
1 0 1 1 2 1 0 1 0 1 0 1 1 1 1 0 1 1 1 1 0 1 1 0 0 1 0 0 3 1 1 1 1 0 1 1 0 0 0 1 0 0 1 1 1 0 1 1 0 0 1 1 
0 1 0 0 0 0 1 1 1 0 1 0 0 0 1 0 0 1 0 0 2 1 0 1 1 1 1 1 3 0 1 0 0 0 0 0 0 1 1 1 0 0 1 0 0 1 0 1 0 0 0 0 
1 0 0 0 0 1 1 1 0 1 1 0 1 1 0 0 1 1 1 1 3 0 0 0 0 0 1 0 0 0 0 1 1 0 0 1 1 1 0 1 0 0 0 0 0 0 0 0 1 0 0 1 

# Size = 16 | Time = 287 ms
0 0 0 1 2 1 1 1 0 1 1 1 1 1 0 0 0 0 0 0 0 0 1 0 1 0 1 0 2 1 0 0 1 0 0 0 0 1 0 0 1 0 1 0 0 1 1 0 1 1 1 0 
1 1 1 0 2 0 1 1 0 1 0 0 0 0 0 1 0 0 1 0 2 1 0 1 1 1 0 1 0 0 1 0 0 0 1 0 1 1 1 1 1 0 0 1 1 1 1 0 1 0 0 0 
1 1 1 0 2 0 0 1 0 1 0 0 1 1 0 0 0 0 0 0 3 0 1 1 0 0 0 0 3 0 1 1 0 1 1 0 1 0 0 0 0 1 0 1 1 1 0 0 1 0 1 1 
0 0 1 0 0 0 0 1 1 0 1 1 1 0 0 0 1 0 0 1 1 1 0 0 1 0 1 1 1 0 0 1 0 1 1 1 1 0 1 0 0 1 0 1 0 0 0 1 0 1 0 1 
1 1 0 1 0 0 1 0 0 0 1 0 0 0 1 1 1 0 1 1 3 1 1 0 1 1 0 0 2 0 1 1 1 1 0 0 0 0 0 1 0 1 0 0 0 1 1 0 1 0 0 1 
1 0 0 0 2 0 1 0 1 1 0 0 1 1 1 1 1 1 0 1 3 1 1 1 1 1 1 0 1 1 0 0 1 0 1 1 1 1 1 0 0 0 1 1 1 0 1 1 0 1 0 1 
1 1 1 0 1 1 0 0 1 0 0 0 1 1 1 0 1 1 1 0 2 1 1 1 0 0 0 1 2 0 0 0 1 0 1 1 0 0 1 0 1 1 1 1 1 0 0 0 1 1 0 1 
0 1 1 0 1 0 0 0 0 1 0 0 1 0 0 0 1 1 1 1 0 1 0 1 1 1 0 1 1 0 0 1 0 1 1 0 0 0 0 0 1 0 1 0 0 1 0 0 1 1 0 1 
0 1 1 0 0 0 1 0 1 1 0 0 1 0 1 1 1 1 0 0 1 1 0 0 1 0 0 0 3 1 0 0 0 0 0 1 0 0 0 1 1 0 1 1 1 0 1 1 0 0 0 1 
0 0 0 0 0 1 0 1 1 1 1 1 0 0 0 1 0 0 1 1 2 0 0 0 1 1 1 0 3 1 1 1 0 1 1 0 0 0 1 0 1 0 1 0 0 1 1 0 1 0 1 0 
1 1 0 1 1 1 1 1 1 0 0 0 0 1 1 0 0 1 1 1 0 0 0 0 0 0 0 1 3 1 0 1 1 0 1 1 0 1 1 1 1 1 0 1 1 1 0 0 0 1 0 0 
1 0 0 1 0 0 0 0 1 0 1 1 1 1 1 1 1 1 1 1 0 0 0 1 0 1 1 0 0 1 1 1 1 1 1 1 1 1 1 0 0 0 0 0 0 0 1 1 0 0 1 1 
0 0 0 1 1 1 1 1 1 0 1 1 1 1 0 0 1 0 0 0 3 0 0 0 1 0 0 1 0 0 0 0 0 1 1 1 0 0 0 1 1 1 0 1 0 1 0 0 1 1 0 0 
1 1 0 1 1 1 0 0 0 1 0 1 0 0 1 1 0 0 0 0 2 0 0 1 0 0 1 0 1 0 1 0 1 0 0 0 0 0 0 1 0 1 1 1 1 1 1 1 0 0 1 0 
0 1 1 1 2 1 0 0 0 0 1 1 0 1 0 0 0 1 0 0 1 1 1 0 0 1 1 1 0 0 1 1 1 0 0 0 1 1 1 0 0 1 1 0 0 0 0 0 1 1 1 1 
1 1 0 1 1 1 1 0 0 1 1 1 1 1 1 0 0 0 1 1 1 0 0 1 1 1 1 0 2 0 1 0 0 1 0 1 1 1 1 1 1 0 0 1 1 1 0 1 0 0 0 0 

# Size = 16 | Time = 427 ms
0 0 1 1 2 0 1 1 1 0 0 1 1 0 1 1 1 1 0 1 3 1 1 1 1 0 0 0 2 0 0 1 0 1 1 1 1 0 1 1 1 1 1 1 1 1 1 0 1 1 0 1 
0 0 1 0 2 0 1 0 0 1 1 0 0 0 0 0 1 0 1 0 3 0 1 0 0 1 0 0 1 0 1 1 1 0 0 0 0 1 0 1 0 1 0 0 0 1 0 1 0 0 1 0 
1 0 1 0 2 1 1 1 0 0 0 0 1 1 0 0 0 0 0 0 1 1 0 1 0 1 1 0 0 0 0 1 1 1 1 1 0 0 0 1 1 1 1 0 0 0 1 1 0 1 0 1 
0 1 0 1 1 0 1 1 1 1 1 0 0 0 0 1 1 0 0 1 2 0 1 1 0 1 1 0 0 1 0 1 0 0 0 0 1 1 1 1 0 0 1 0 0 1 1 1 0 1 0 0 
0 0 1 1 0 1 0 1 0 0 1 1 1 1 1 0 0 1 1 1 2 1 0 0 0 1 1 0 2 0 0 1 1 0 0 1 0 1 1 0 1 1 1 0 0 1 0 0 1 0 0 0 
0 1 0 0 0 1 1 0 1 0 0 1 0 0 1 0 0 1 1 0 0 0 1 0 0 0 0 1 0 0 1 1 1 0 0 1 0 1 0 0 1 1 0 1 1 1 0 1 0 1 1 0 
1 0 0 1 0 1 1 1 1 1 1 0 0 1 0 1 1 1 0 0 3 0 0 1 1 1 1 1 3 0 0 1 0 1 1 1 1 1 0 0 0 1 0 1 1 0 1 0 1 0 1 1 
0 1 0 0 0 0 0 0 0 0 1 0 1 1 0 1 0 0 0 0 2 0 0 0 0 0 0 1 1 0 0 1 1 1 0 0 1 1 0 1 0 0 1 1 1 0 1 1 0 0 0 1 
0 0 0 1 1 0 0 1 0 1 0 1 1 0 0 1 0 1 0 0 1 0 1 1 0 1 0 0 3 1 1 0 1 0 1 0 0 1 0 0 1 1 1 1 1 1 1 0 1 0 1 0 
1 1 0 0 2 1 0 0 0 0 0 1 1 0 1 1 1 0 1 0 2 0 0 0 1 0 1 1 3 1 1 0 0 1 1 1 1 0 1 0 0 0 0 0 0 0 1 1 0 1 1 1 
1 0 1 0 1 0 0 1 0 0 1 0 0 0 0 0 1 0 0 1 0 1 0 0 1 0 1 1 3 1 0 0 0 1 0 0 1 0 0 1 1 0 0 0 0 0 0 0 0 1 0 1 
1 1 0 0 0 1 1 0 1 1 1 1 0 0 1 0 0 0 1 0 1 1 0 0 1 0 1 1 2 1 1 0 1 1 0 1 0 0 0 0 0 0 0 0 0 1 1 1 0 0 0 0 
1 1 1 1 1 0 0 0 1 0 0 0 1 1 1 0 0 0 0 1 3 0 1 1 1 1 0 0 0 1 0 0 1 1 1 1 0 0 1 0 1 0 0 0 0 1 0 0 1 0 1 0 
1 0 0 0 1 1 0 1 0 0 0 0 1 0 0 1 0 0 0 1 0 0 1 0 0 1 0 1 2 0 1 0 0 0 0 0 1 0 1 1 1 0 1 0 0 0 1 0 1 0 1 1 
1 0 0 0 1 1 0 1 0 0 0 1 0 0 1 0 1 1 1 1 1 1 1 0 0 1 1 1 1 0 1 0 0 0 0 1 1 0 1 1 1 0 1 1 0 1 0 1 0 0 1 1 
1 0 0 1 2 1 1 1 1 1 1 0 0 1 1 0 0 0 1 0 0 0 0 1 1 0 0 0 1 1 1 0 0 0 1 0 0 0 0 0 0 0 0 0 0 1 0 0 1 1 1 1 

# Size = 16 | Time = 336 ms
1 1 1 0 1 1 0 1 0 1 1 1 1 0 0 1 1 1 0 1 2 0 1 0 1 0 0 0 0 0 1 0 1 1 0 1 0 1 0 1 1 1 0 0 0 0 1 0 1 1 1 1 
1 0 0 0 0 0 1 1 1 1 1 1 1 1 0 0 0 1 1 0 0 1 1 0 1 0 1 0 2 1 0 1 0 0 1 0 1 1 0 1 1 1 0 1 1 1 0 1 0 0 0 1 
1 1 1 1 1 1 1 0 0 1 0 1 1 0 1 1 0 0 0 0 1 0 0 0 0 1 0 1 2 1 0 0 0 0 1 1 0 0 1 0 0 0 0 1 1 1 1 0 1 0 1 0 
1 1 1 1 2 0 1 1 1 0 0 0 0 1 0 0 1 0 0 1 0 0 0 1 0 1 1 0 3 0 0 0 0 1 0 0 1 0 0 1 0 1 1 1 1 1 1 1 0 1 0 0 
0 1 0 1 2 1 1 1 0 0 1 1 0 1 1 0 0 1 1 1 3 0 0 1 0 1 1 1 0 1 1 1 0 1 1 1 0 0 0 1 1 1 0 1 0 0 0 1 0 0 1 1 
0 0 1 1 2 0 1 1 0 0 1 0 0 0 0 1 1 1 0 0 1 0 1 0 1 0 0 0 3 1 0 1 1 1 0 1 0 1 1 1 0 1 0 0 0 1 1 0 1 0 0 1 
0 0 0 0 2 1 0 0 1 1 1 0 1 0 1 1 1 1 0 0 2 1 0 0 0 0 1 0 2 0 1 0 1 0 0 0 1 0 1 1 1 0 0 1 0 0 1 1 0 1 0 1 
0 0 1 0 0 1 0 0 1 0 1 0 1 0 0 1 0 1 0 1 1 0 0 1 0 0 0 1 1 0 0 1 1 0 0 1 1 0 0 0 1 1 1 1 1 0 1 0 0 0 0 1 
0 0 0 0 1 0 1 0 0 1 0 1 0 1 0 1 1 0 0 1 3 0 1 1 1 1 0 0 1 0 0 0 1 0 1 1 0 1 1 1 0 0 1 1 1 1 1 1 0 0 1 0 
1 1 0 0 0 1 1 0 0 0 0 1 0 0 1 1 0 0 1 0 2 0 0 1 1 0 0 1 3 0 1 1 0 0 1 1 1 0 1 0 1 0 0 1 1 1 1 1 0 1 0 0 
1 0 0 1 1 0 0 0 0 1 1 0 1 1 0 0 1 0 1 0 1 1 1 0 1 1 1 0 0 0 1 1 1 0 0 0 1 0 1 0 0 0 1 0 0 1 0 1 0 1 0 0 
0 0 1 1 0 1 0 0 1 0 0 0 1 0 0 1 1 1 0 0 0 1 0 1 0 1 0 0 0 0 0 0 1 1 1 0 0 1 1 0 0 0 0 1 1 1 1 1 0 0 1 0 
1 1 1 1 2 0 1 1 1 0 0 1 1 1 0 0 0 1 0 0 2 1 1 0 0 1 1 0 1 1 0 0 1 1 1 0 0 1 1 0 0 1 1 0 0 0 0 1 0 0 0 1 
0 0 0 0 0 0 0 0 1 0 0 0 0 1 1 1 1 0 1 1 3 1 1 1 1 1 1 1 2 1 1 1 0 1 0 0 1 1 0 0 0 0 1 0 0 0 1 0 1 1 0 1 
1 1 1 1 1 0 1 1 0 0 0 1 1 0 1 0 1 1 1 0 0 1 1 1 0 1 1 1 1 1 1 0 0 1 1 1 1 1 1 0 0 0 0 0 0 0 0 0 1 1 0 1 
1 0 1 0 1 1 0 0 1 1 0 1 1 0 0 0 1 0 0 0 3 1 0 0 1 0 0 0 3 0 1 1 1 1 1 1 1 0 1 1 0 0 0 0 0 0 0 1 0 0 1 1 

