# Size = 19 | Time = 41 ms
0 0 0 0 1 1 1 0 0 1 1 0 0 1 1 0 0 1 1 0 1 1 1 0 0 1 1 0 0 1 1 0 0 1 1 0 0 1 1 0 0 1 1 0 0 1 1 0 0 1 1 0 
1 0 1 1 2 1 0 1 0 0 0 0 0 0 0 0 0 0 1 1 2 0 0 1 1 1 0 0 0 1 1 0 0 0 1 1 1 0 0 1 1 1 0 0 0 1 1 0 0 0 1 1 
1 0 1 1 2 1 1 1 0 1 1 0 0 1 1 0 0 1 1 0 3 1 0 1 0 0 1 0 1 0 0 0 1 0 0 0 0 0 0 0 0 0 0 1 0 0 1 0 0 1 0 1 
1 1 1 1 2 0 0 0 1 1 0 1 1 1 0 0 1 0 0 1 0 0 1 0 0 1 1 1 2 1 0 0 1 1 0 1 1 0 0 1 1 0 1 1 0 1 1 0 1 1 0 0 
1 1 1 0 1 1 1 1 0 0 0 0 1 1 1 1 0 0 0 1 0 1 0 0 1 0 1 0 0 0 0 1 1 1 1 1 0 1 1 0 1 0 1 0 0 0 1 1 0 0 0 1 
0 0 0 1 1 0 0 0 0 0 0 1 1 0 0 0 0 1 0 1 0 0 1 1 1 1 0 1 1 0 0 1 0 1 1 0 1 0 1 0 0 1 1 1 1 0 0 1 0 0 1 1 
0 0 1 1 2 0 1 1 0 0 0 1 1 0 0 1 1 0 1 1 1 0 0 1 1 0 1 1 2 0 0 1 1 1 0 1 0 1 1 1 0 1 0 1 1 0 1 0 1 0 1 1 
0 0 1 1 0 0 1 1 0 1 0 0 1 1 0 0 0 1 0 1 0 0 1 0 1 1 1 0 3 1 0 1 0 0 1 1 0 0 1 0 1 1 1 1 1 0 1 1 0 1 0 1 
0 1 0 0 2 1 0 1 1 0 0 1 1 0 0 0 1 0 1 0 1 1 0 0 0 0 1 1 1 1 1 0 0 0 1 0 1 1 0 1 1 0 0 1 1 1 0 1 0 1 1 0 
0 1 0 0 0 0 1 0 1 1 1 1 0 1 1 1 1 1 0 0 2 1 0 0 0 0 1 0 2 0 0 1 1 1 0 0 0 1 1 0 0 0 1 1 1 1 1 1 0 1 0 0 
1 1 0 0 1 1 0 0 1 1 1 1 0 0 1 1 1 1 1 0 1 1 0 1 1 0 0 1 3 0 1 0 0 0 0 0 1 1 0 1 0 0 0 0 0 0 1 0 1 0 1 1 
0 0 1 0 1 0 0 0 1 0 1 0 1 0 0 0 0 0 1 1 2 0 1 0 0 0 0 1 1 0 1 1 1 1 1 1 0 0 0 0 1 1 0 0 0 0 0 0 1 1 0 1 
0 1 0 0 0 1 0 0 0 0 0 0 1 0 0 0 0 0 0 1 3 0 1 0 1 1 0 1 2 1 1 1 0 0 1 1 1 1 1 1 1 1 1 0 0 1 0 1 0 0 1 0 
0 1 1 1 2 0 1 0 0 0 1 1 0 1 1 0 0 0 0 0 2 0 1 1 0 1 0 0 3 0 0 1 1 1 1 1 1 1 0 1 1 1 1 1 0 1 0 1 0 0 0 0 
1 0 0 0 1 0 1 1 1 1 0 1 0 1 1 0 0 1 1 0 3 0 0 1 1 0 1 1 0 1 0 1 1 1 0 0 0 0 0 0 1 1 0 1 1 0 0 0 1 0 0 1 
1 0 0 0 1 1 1 1 0 1 0 0 1 0 0 1 1 1 0 1 3 0 1 0 0 1 0 1 2 1 1 0 0 0 1 0 1 0 0 1 0 1 0 0 0 1 1 0 0 0 0 1 
1 1 1 1 0 0 0 1 0 1 1 0 0 0 1 1 1 0 1 1 3 1 0 1 1 0 0 0 3 0 0 0 1 0 1 1 1 1 0 1 1 0 0 1 1 0 1 0 1 1 0 1 
1 1 0 1 0 0 1 0 0 0 1 0 0 1 0 1 1 0 1 0 0 1 1 0 0 0 1 1 0 0 1 1 1 1 1 0 1 0 0 0 1 0 0 1 1 0 1 0 0 1 0 1 
0 1 1 1 0 1 1 1 0 0 1 1 0 0 0 1 0 0 0 1 1 0 0 0 1 0 0 1 1 1 0 0 1 1 0 0 0 0 1 0 0 1 0 0 0 0 1 0 0 0 0 1 

# Size = 19 | Time = 43 ms
0 0 0 0 1 1 1 0 0 1 1 0 0 1 1 0 0 1 1 0 1 1 1 0 0 1 1 0 0 1 1 0 0 1 1 0 0 1 1 0 0 1 1 0 0 1 1 0 0 1 1 0 
1 0 1 1 2 1 0 1 0 0 0 0 0 0 0 0 0 0 1 1 2 0 0 1 1 1 0 0 0 1 1 0 0 0 1 1 1 0 0 1 1 1 0 0 0 1 1 0 0 0 1 1 
1 0 1 1 2 1 1 1 0 1 1 0 0 1 1 0 0 1 1 0 3 1 0 1 0 0 1 0 1 0 0 0 1 0 0 0 0 0 0 0 0 0 0 1 0 0 1 0 0 1 0 1 
0 0 0 1 0 0 0 1 1 0 0 1 0 0 1 0 0 0 1 1 1 0 0 1 1 0 1 0 1 1 1 0 0 0 0 1 1 0 1 0 1 1 1 0 0 1 1 0 0 1 0 1 
1 1 1 0 1 0 1 0 1 0 1 0 0 0 1 0 1 0 1 0 0 0 0 0 1 0 1 0 0 0 0 0 1 1 0 1 1 0 1 0 1 1 1 1 1 0 1 0 1 0 0 1 
0 0 0 1 1 1 0 1 0 1 0 1 1 1 0 1 0 1 0 1 0 1 1 1 0 1 0 1 1 1 1 1 0 0 1 0 0 1 0 1 0 0 0 0 0 1 1 1 0 1 1 1 
1 1 1 0 2 1 0 1 1 0 1 0 1 1 0 0 1 0 1 1 0 1 0 0 1 1 0 1 2 0 1 1 1 0 1 1 1 0 0 0 0 1 0 1 1 1 0 0 1 1 1 0 
0 0 1 1 0 0 0 1 1 0 1 0 1 1 0 1 1 1 0 0 0 1 1 0 1 1 0 0 3 0 0 0 1 0 1 1 0 0 1 0 1 1 0 0 0 1 1 1 0 1 0 1 
0 1 0 0 2 0 0 0 0 1 0 1 0 0 0 0 1 1 0 0 1 1 1 0 1 0 1 1 1 0 0 0 0 1 0 0 0 1 1 1 0 0 0 1 1 0 0 0 1 0 0 1 
0 1 0 0 0 0 1 0 0 1 1 1 1 1 1 1 1 1 0 0 2 0 1 0 0 0 1 1 2 0 0 1 1 1 0 0 0 1 1 0 0 0 1 1 0 0 1 1 0 1 0 1 
1 0 0 1 1 0 1 0 0 1 0 1 0 0 0 0 1 0 0 1 1 0 0 1 0 0 0 0 3 1 1 1 0 0 0 0 0 1 0 1 0 0 1 0 0 0 0 0 0 0 1 1 
1 0 1 0 1 1 1 0 1 1 1 0 1 1 1 0 0 0 0 1 2 1 1 1 0 0 0 1 1 1 0 1 1 0 1 0 1 1 1 1 1 0 0 0 0 1 0 0 1 0 1 0 
0 0 0 0 0 0 0 0 1 0 0 1 1 0 0 0 1 0 0 1 3 0 1 0 1 1 0 0 2 1 1 0 1 1 1 1 1 1 1 1 1 1 1 1 1 1 0 1 0 0 1 0 
1 1 0 0 2 1 0 1 1 1 1 1 0 0 1 1 0 0 1 0 2 0 0 1 0 1 1 1 3 1 1 1 0 1 1 1 1 0 0 1 1 0 1 1 1 0 1 1 0 0 0 1 
0 1 1 1 1 0 1 0 1 0 1 1 0 0 0 0 0 1 0 1 3 1 0 0 0 1 0 1 0 1 1 1 0 1 0 0 1 1 0 0 1 0 0 0 0 1 0 0 1 0 0 0 
1 1 1 1 0 1 0 0 0 1 1 1 1 1 1 1 0 0 1 0 3 0 0 1 1 0 0 0 3 0 0 0 0 1 1 0 0 0 0 0 1 1 0 1 0 1 1 0 1 1 0 0 
0 0 1 1 0 1 0 0 0 0 0 1 1 1 1 1 1 0 0 1 1 1 1 0 0 0 0 0 0 0 0 1 1 1 1 0 0 1 0 1 0 0 0 0 0 1 1 1 0 0 0 1 
1 0 1 1 1 1 1 0 1 1 0 0 0 0 1 1 0 1 0 0 1 0 1 1 0 1 1 0 2 0 1 1 0 0 0 0 1 0 0 1 0 1 1 1 1 0 1 0 1 1 1 1 
0 0 0 0 1 1 1 0 0 1 1 1 1 1 1 1 0 0 0 0 0 0 0 1 1 1 0 1 2 1 1 1 1 1 1 1 0 1 1 1 0 0 1 0 0 0 1 1 0 0 1 1 

# Size = 18 | Time = 43 ms
0 0 0 0 1 1 1 0 0 1 1 0 0 1 1 0 0 1 1 0 1 1 1 0 0 1 1 0 0 1 1 0 0 1 1 0 0 1 1 0 0 1 1 0 0 1 1 0 0 1 1 0 
1 0 1 1 2 1 0 1 0 0 0 0 0 0 0 0 0 0 1 1 2 0 0 1 1 1 0 0 0 1 1 0 0 0 1 1 1 0 0 1 1 1 0 0 0 1 1 0 0 0 1 1 
1 0 1 1 2 1 1 1 0 1 1 0 0 1 1 0 0 1 1 0 3 1 0 1 0 0 1 0 1 0 0 0 1 0 0 0 0 0 0 0 0 0 0 1 0 0 1 0 0 1 0 1 
0 1 0 1 0 1 1 0 0 1 1 0 0 1 1 0 0 0 1 0 2 0 1 1 1 1 0 0 1 1 1 1 0 1 1 0 0 1 1 1 0 1 1 0 0 0 0 0 1 1 0 1 
1 1 1 0 1 1 1 0 1 1 1 0 1 0 1 0 1 1 1 1 0 0 1 0 1 1 1 0 0 0 1 0 1 0 1 1 1 1 1 0 1 0 1 0 0 0 1 0 1 0 0 1 
0 0 0 1 1 0 0 1 0 0 0 1 0 1 0 1 0 0 0 0 0 1 0 1 0 0 1 1 1 1 0 1 0 1 0 0 0 0 0 0 0 1 0 1 1 1 1 1 0 0 1 0 
0 0 1 0 2 0 0 0 1 0 0 0 0 0 1 0 1 0 0 1 0 1 0 1 1 1 0 0 2 1 1 1 0 0 0 1 1 0 0 0 1 1 0 1 1 1 0 0 1 1 0 0 
0 0 1 0 0 1 0 0 1 0 1 0 0 0 1 1 0 1 0 0 0 1 0 1 0 0 0 0 3 0 0 1 1 0 0 0 1 1 1 1 0 0 0 1 1 0 1 1 0 0 0 1 
1 1 1 1 0 0 0 1 1 0 0 1 1 0 0 0 1 0 0 1 1 0 0 1 1 0 0 1 1 0 0 1 1 0 0 1 1 0 0 1 1 0 0 1 1 0 0 1 0 0 0 1 
1 1 0 1 2 0 1 0 0 0 1 0 1 0 0 1 0 0 0 0 1 0 1 0 1 0 1 1 2 0 0 0 0 1 0 0 0 0 1 1 1 1 0 0 0 0 1 0 1 0 1 1 
1 1 0 1 1 0 1 0 0 1 0 1 1 1 0 0 1 0 1 1 1 0 1 0 1 1 0 0 3 1 1 0 0 1 1 1 0 0 0 0 0 1 1 0 0 1 0 0 1 1 0 0 
0 1 0 0 1 0 0 1 1 1 0 1 1 1 0 1 1 1 0 1 2 1 1 0 0 0 1 1 1 0 0 1 1 1 0 1 1 1 0 0 1 0 1 1 1 1 1 1 0 0 1 0 
0 0 1 0 1 1 1 1 1 1 1 1 1 1 1 1 1 1 0 1 2 0 1 1 0 1 1 1 2 1 1 0 0 1 1 0 0 1 1 1 0 0 1 1 1 1 1 0 1 1 1 1 
0 1 0 0 2 1 1 1 1 0 0 1 0 1 1 0 1 1 1 0 2 0 0 0 0 1 1 1 3 1 1 1 1 1 0 1 0 1 1 0 1 1 1 1 0 1 0 1 0 1 1 1 
0 1 0 0 1 0 0 0 1 0 0 1 1 0 0 1 1 0 1 1 3 0 1 1 1 0 0 1 0 1 0 1 0 0 0 1 1 1 1 1 1 1 1 1 1 1 1 0 1 0 1 0 
0 0 1 1 0 1 1 0 0 1 0 0 1 0 1 0 0 0 0 0 3 0 0 0 1 0 1 1 0 1 1 0 0 1 1 1 1 0 1 0 1 0 1 0 0 1 0 1 0 1 1 0 
1 0 0 0 1 1 0 0 0 1 0 0 0 1 0 1 0 1 0 0 3 1 0 1 0 1 0 1 3 1 0 1 0 1 1 0 1 0 1 1 1 1 1 1 0 0 1 0 1 1 0 1 
0 1 0 0 0 0 0 1 0 0 1 1 1 1 1 1 1 1 1 0 3 1 1 0 0 0 0 0 2 0 1 1 1 0 1 1 0 0 1 0 1 0 1 0 0 1 1 1 0 1 0 0 

# Size = 19 | Time = 42 ms
0 0 0 0 1 1 1 0 0 1 1 0 0 1 1 0 0 1 1 0 1 1 1 0 0 1 1 0 0 1 1 0 0 1 1 0 0 1 1 0 0 1 1 0 0 1 1 0 0 1 1 0 
1 0 1 1 2 1 0 1 0 0 0 0 0 0 0 0 0 0 1 1 2 0 0 1 1 1 0 0 0 1 1 0 0 0 1 1 1 0 0 1 1 1 0 0 0 1 1 0 0 0 1 1 
0 0 1 1 1 1 1 1 0 0 1 0 1 0 0 0 1 0 0 1 2 0 0 0 0 1 0 0 3 0 1 0 0 0 1 1 0 0 0 0 0 1 0 1 1 0 0 0 1 1 0 1 
1 0 1 1 2 1 1 1 0 1 1 0 0 1 1 0 0 1 1 0 3 1 0 1 0 0 1 0 1 0 0 0 1 0 0 0 0 0 0 0 0 0 0 1 0 0 1 0 0 1 0 1 
1 1 1 1 2 1 0 1 1 1 0 1 0 0 1 0 0 0 1 0 3 1 0 1 0 0 1 1 3 0 1 0 1 1 1 0 1 0 0 0 0 1 1 1 1 1 0 0 1 1 1 1 
1 1 1 0 0 0 1 0 1 0 1 1 1 0 1 1 1 1 1 1 0 0 1 0 1 1 1 0 0 1 0 1 0 1 1 1 0 0 1 1 1 0 1 1 1 1 1 1 0 0 1 1 
1 1 0 0 1 0 0 0 0 0 1 0 1 1 0 0 0 1 0 0 0 1 1 1 1 1 0 1 1 1 1 0 1 0 0 1 1 1 0 0 1 1 1 0 0 1 0 0 0 1 0 1 
1 1 0 0 2 1 1 0 1 1 1 1 1 0 1 1 1 1 0 0 0 0 1 1 0 0 1 1 2 1 0 1 0 1 0 1 1 0 0 1 1 1 1 1 0 0 1 0 0 1 0 1 
0 0 0 0 0 0 0 0 0 1 0 0 0 1 1 1 0 1 0 0 0 0 1 1 1 1 0 1 3 1 0 0 1 0 0 1 0 1 1 1 0 0 0 0 0 1 1 1 0 0 0 0 
1 1 1 1 0 0 0 1 0 0 0 1 1 0 0 0 1 0 0 1 1 0 0 1 1 0 0 1 1 0 0 1 1 0 0 1 1 0 0 1 1 0 0 1 1 0 0 1 0 0 0 1 
1 0 0 1 0 1 0 1 1 1 0 0 0 1 0 1 0 0 1 1 1 1 1 0 0 1 0 0 2 0 1 1 1 1 1 0 0 1 0 0 0 0 0 1 1 1 1 0 1 1 1 0 
0 1 0 0 2 0 0 0 0 0 1 0 1 1 0 1 1 0 0 0 1 1 0 0 0 0 1 1 3 1 1 1 0 0 0 0 0 0 1 0 1 0 1 1 0 1 1 0 1 0 1 0 
0 1 0 1 0 1 1 0 1 1 0 1 0 1 1 1 1 0 0 0 2 1 1 0 0 0 1 1 1 0 1 1 0 1 1 0 0 1 1 1 0 1 1 0 0 0 1 1 0 1 1 1 
0 0 0 0 1 0 1 0 1 0 0 1 1 0 0 0 1 0 0 1 3 0 1 0 1 0 0 1 0 1 0 1 0 0 0 1 1 1 1 1 1 0 1 0 0 1 0 1 0 0 0 0 
0 0 1 0 0 0 0 1 0 0 0 0 1 1 1 1 0 1 0 0 3 1 0 1 1 1 1 1 2 1 0 0 0 0 0 0 0 1 1 1 1 1 1 0 0 1 1 0 1 0 0 0 
0 0 1 1 1 0 0 1 1 0 1 0 1 0 1 1 1 0 1 1 0 0 0 1 0 1 0 0 2 0 1 1 0 0 1 0 0 1 1 1 1 0 1 0 0 1 1 0 1 1 0 0 
0 1 0 0 2 0 0 1 0 0 1 1 1 0 1 1 1 1 0 1 2 0 0 0 1 1 1 0 0 0 0 0 1 0 0 1 0 1 0 1 1 0 1 1 0 0 1 0 1 0 1 1 
1 1 0 1 1 1 1 0 1 0 0 0 0 1 0 0 1 0 1 0 2 0 1 0 0 1 1 0 1 1 0 0 0 1 1 0 0 1 1 1 1 0 0 0 0 1 0 0 1 0 1 0 
1 1 0 1 2 0 1 0 0 0 1 0 1 0 0 0 1 0 1 1 2 1 0 1 0 0 1 1 2 1 1 1 1 1 1 0 1 0 0 0 0 0 0 0 0 1 0 1 0 1 0 1 

# Size = 18 | Time = 42 ms
0 0 0 0 1 1 1 0 0 1 1 0 0 1 1 0 0 1 1 0 1 1 1 0 0 1 1 0 0 1 1 0 0 1 1 0 0 1 1 0 0 1 1 0 0 1 1 0 0 1 1 0 
1 0 1 1 2 1 0 1 0 0 0 0 0 0 0 0 0 0 1 1 2 0 0 1 1 1 0 0 0 1 1 0 0 0 1 1 1 0 0 1 1 1 0 0 0 1 1 0 0 0 1 1 
1 0 1 1 2 1 1 1 0 1 1 0 0 1 1 0 0 1 1 0 3 1 0 1 0 0 1 0 1 0 0 0 1 0 0 0 0 0 0 0 0 0 0 1 0 0 1 0 0 1 0 1 
1 1 0 0 1 1 1 0 0 1 0 1 1 1 1 1 0 1 1 1 0 0 1 0 0 1 1 1 2 0 0 0 1 0 0 0 1 0 1 1 0 0 1 0 0 1 1 0 0 1 0 0 
0 1 1 1 2 0 0 1 1 0 1 0 0 1 0 1 1 0 1 0 0 1 1 0 1 0 1 0 0 1 0 0 1 1 1 1 0 1 1 0 1 1 0 1 1 0 1 0 1 0 0 1 
1 0 1 0 1 1 1 0 0 0 1 1 1 0 1 0 1 1 0 0 0 0 1 1 1 0 0 1 1 0 1 1 0 1 1 1 1 0 1 0 1 0 1 1 1 1 0 1 0 1 1 1 
1 1 1 0 2 0 0 1 0 1 0 0 1 0 1 0 0 0 0 0 1 0 0 1 1 0 1 1 2 0 1 1 1 0 0 1 1 0 0 0 1 1 0 1 1 0 1 0 1 1 0 1 
0 0 1 1 0 1 0 0 0 1 1 0 0 1 1 0 1 1 0 1 0 0 0 1 1 0 1 0 3 0 0 0 1 0 1 1 0 0 0 0 0 1 1 0 0 0 1 1 0 1 0 1 
0 1 0 1 2 0 1 0 1 0 1 1 0 0 0 1 0 1 1 0 1 0 1 0 0 0 0 0 1 0 0 0 1 0 0 1 0 0 0 1 0 0 0 1 1 0 1 1 0 0 1 1 
0 1 0 0 0 0 1 0 1 1 1 1 1 1 1 1 1 1 0 0 2 1 1 0 0 0 1 0 2 0 0 1 1 1 0 0 0 1 1 0 0 0 1 1 1 0 1 1 0 1 0 1 
0 1 0 1 1 0 0 0 1 0 0 1 0 0 0 0 0 0 1 0 1 0 1 0 0 1 0 1 3 1 1 1 0 1 0 0 1 1 1 1 1 0 0 0 0 0 0 0 1 0 1 1 
1 0 1 0 1 1 1 1 1 0 0 1 1 0 1 0 1 1 0 1 2 1 0 1 1 0 1 1 1 1 0 0 1 1 1 1 0 1 0 1 0 1 1 1 1 1 0 0 1 0 0 0 
0 0 0 1 0 0 0 0 1 0 0 0 0 0 0 0 1 0 1 1 3 0 1 0 1 1 0 1 2 1 1 1 0 1 1 1 1 1 1 1 1 1 1 0 0 1 0 0 1 0 1 0 
1 1 0 0 2 1 1 1 1 1 0 1 1 1 0 0 0 0 0 0 2 1 0 1 1 1 0 0 3 1 0 1 0 0 0 0 1 1 1 1 0 1 1 1 1 1 0 1 0 1 0 0 
0 1 0 0 1 1 1 0 1 1 1 1 1 0 0 0 1 1 0 1 3 1 0 0 0 1 0 1 0 0 0 1 1 0 0 0 1 1 1 1 1 1 0 1 1 1 0 1 0 0 1 0 
1 0 1 1 0 1 1 1 0 0 1 0 1 1 1 1 0 0 0 0 3 0 0 1 1 1 1 1 3 1 1 1 0 1 1 0 1 0 0 0 0 1 0 1 0 1 1 1 0 1 0 0 
1 1 1 0 0 1 0 1 1 1 0 1 1 1 1 1 1 0 1 1 1 1 1 1 0 1 1 0 0 0 0 1 1 1 0 1 0 0 1 1 1 0 1 0 0 1 1 1 0 0 1 1 
0 0 1 0 0 1 0 0 0 1 1 1 1 0 0 1 0 0 1 1 0 1 0 1 0 1 1 0 1 0 0 1 0 1 0 0 0 0 1 0 0 1 1 0 0 1 1 0 1 0 0 0 

# Size = 18 | Time = 42 ms
0 0 0 0 1 1 1 0 0 1 1 0 0 1 1 0 0 1 1 0 1 1 1 0 0 1 1 0 0 1 1 0 0 1 1 0 0 1 1 0 0 1 1 0 0 1 1 0 0 1 1 0 
1 0 1 1 2 1 0 1 0 0 0 0 0 0 0 0 0 0 1 1 2 0 0 1 1 1 0 0 0 1 1 0 0 0 1 1 1 0 0 1 1 1 0 0 0 1 1 0 0 0 1 1 
0 0 1 1 1 1 1 1 0 0 1 0 1 0 0 0 0 0 0 0 2 0 0 0 0 0 0 0 3 0 1 0 1 0 1 1 0 0 0 0 0 1 0 1 1 0 0 0 1 1 0 1 
1 0 1 1 2 1 1 1 0 1 1 0 0 1 1 0 0 1 1 0 3 1 0 1 0 0 1 0 1 0 0 0 1 0 0 0 0 0 0 0 0 0 0 1 0 0 1 0 0 1 0 1 
0 0 1 1 1 1 1 1 0 1 1 1 1 1 1 1 1 1 0 1 0 1 1 0 1 1 0 1 0 0 0 1 1 0 0 0 1 0 1 1 1 0 1 1 0 0 1 0 0 1 0 1 
1 1 1 0 1 0 0 0 1 1 1 1 1 0 1 0 0 0 0 1 0 0 0 0 1 1 0 0 1 1 1 0 1 1 1 0 1 1 0 0 1 1 0 1 1 1 0 0 0 0 1 1 
0 1 0 1 2 1 1 0 0 0 1 1 1 1 1 0 1 1 0 1 0 1 1 0 0 1 1 1 2 1 1 1 0 0 1 1 1 1 1 0 0 1 0 0 0 1 0 0 1 1 0 1 
1 0 0 0 0 0 0 0 1 1 0 1 0 1 0 1 1 1 1 1 0 0 1 0 1 0 1 1 3 0 0 1 0 0 1 1 0 1 1 1 0 1 1 0 0 1 1 1 0 1 0 1 
1 1 1 1 0 0 0 1 1 0 0 1 1 0 0 0 1 0 0 1 1 0 0 1 0 0 0 1 1 0 0 1 1 0 0 1 1 0 0 1 1 1 0 1 1 0 0 1 0 0 0 1 
1 1 1 1 2 0 0 1 1 1 0 0 1 1 0 1 0 0 1 0 1 0 1 1 1 0 1 1 2 0 1 1 0 0 1 0 1 1 1 0 0 0 1 1 1 1 1 0 1 0 1 0 
0 1 0 1 0 0 1 1 0 0 1 1 1 0 1 0 0 0 1 0 1 1 0 1 1 1 1 1 3 1 1 0 0 1 0 0 1 1 1 0 1 0 1 1 1 1 0 1 0 0 1 0 
0 1 0 0 1 1 1 0 1 1 0 1 1 1 1 1 1 1 1 0 2 1 1 1 0 0 1 1 1 0 1 1 0 1 0 1 0 1 1 0 1 0 1 0 0 0 1 1 0 0 0 1 
0 1 0 0 0 0 0 0 1 0 0 1 0 0 0 0 1 0 0 1 3 0 1 0 1 0 0 1 0 1 1 1 0 1 1 1 1 1 1 1 1 1 1 0 0 1 0 0 1 0 1 0 
1 0 0 0 1 1 0 0 1 0 0 1 1 0 0 1 0 1 1 1 3 1 0 0 1 1 0 0 2 1 0 1 1 1 0 0 0 0 0 1 1 1 0 1 1 0 1 1 0 0 1 1 
0 1 0 0 2 0 1 1 1 1 0 0 0 0 1 1 1 1 1 1 3 1 1 0 0 1 0 1 3 0 0 0 1 1 0 1 0 0 0 1 0 1 1 0 0 1 1 1 0 0 1 0 
0 0 1 0 0 1 1 0 1 1 1 0 0 1 0 0 1 0 0 0 0 1 0 1 1 0 0 0 0 0 1 0 0 1 1 1 1 0 1 1 0 0 0 1 1 1 0 1 0 1 0 0 
0 1 0 0 0 0 0 0 1 1 0 1 1 1 0 1 0 0 1 1 2 0 1 1 1 0 0 1 1 1 0 1 1 0 0 0 1 1 1 1 1 0 1 1 1 1 1 0 1 0 1 0 
1 0 1 0 0 0 0 0 0 1 1 0 0 1 0 0 1 1 1 1 2 0 0 1 1 1 0 0 2 0 1 0 1 1 0 1 0 1 0 0 1 1 1 0 0 1 1 1 0 1 0 0 

# Size = 19 | Time = 43 ms
0 0 0 0 1 1 1 0 0 1 1 0 0 1 1 0 0 1 1 0 1 1 1 0 0 1 1 0 0 1 1 0 0 1 1 0 0 1 1 0 0 1 1 0 0 1 1 0 0 1 1 0 
1 0 1 1 2 1 0 1 0 0 0 0 0 0 0 0 0 0 1 1 2 0 0 1 1 1 0 0 0 1 1 0 0 0 1 1 1 0 0 1 1 1 0 0 0 1 1 0 0 0 1 1 
1 0 1 1 2 1 1 1 0 1 1 0 0 1 1 0 0 1 1 0 3 1 0 1 0 0 1 0 1 0 0 0 1 0 0 0 0 0 0 0 0 0 0 1 0 0 1 0 0 1 0 1 
1 0 0 0 2 0 0 0 1 1 1 1 1 1 1 0 0 1 1 1 2 1 1 1 0 0 1 1 1 0 1 0 0 0 0 1 0 1 0 0 0 0 0 0 0 1 0 1 0 0 0 1 
1 1 1 1 0 0 1 0 1 0 1 0 1 0 1 0 1 1 1 0 0 0 1 0 1 1 1 0 0 0 1 1 0 1 0 0 1 1 1 1 1 0 1 1 1 1 1 0 1 1 0 0 
1 1 0 0 1 1 0 1 0 1 0 1 0 1 0 1 1 0 0 1 0 1 0 1 0 1 0 1 1 1 0 0 1 0 1 1 0 0 0 0 1 1 0 0 0 0 1 1 0 0 1 1 
0 0 0 0 2 1 0 1 0 0 0 0 0 0 0 0 1 1 0 0 0 0 0 0 0 0 1 1 2 1 1 1 1 1 1 0 0 0 1 0 1 1 0 0 0 1 0 0 1 1 0 0 
0 0 1 1 0 1 1 1 0 1 0 0 0 1 0 1 0 1 0 1 0 0 1 1 0 1 0 0 3 1 0 1 0 1 0 0 0 1 1 1 0 1 0 1 1 1 1 1 0 0 0 0 
1 1 1 1 0 0 0 1 1 0 0 1 1 0 0 0 1 0 0 1 1 0 0 1 1 0 1 1 1 0 0 0 1 0 0 1 1 0 0 1 1 0 0 1 1 0 0 1 0 0 0 1 
1 1 0 0 0 1 1 0 1 1 1 1 1 1 0 1 0 0 0 0 1 1 0 1 1 0 0 0 2 1 1 1 0 0 1 0 1 1 1 1 0 1 1 0 0 0 1 0 1 0 1 1 
1 1 0 0 2 0 0 0 1 0 0 1 1 0 1 0 1 0 1 0 1 1 0 0 1 0 1 0 3 0 1 0 1 0 1 1 1 0 0 0 1 0 1 0 0 1 0 0 1 1 0 0 
0 1 1 1 1 0 1 0 1 0 0 1 1 0 1 1 1 0 0 1 2 0 1 0 1 0 1 1 1 0 0 1 1 1 0 0 1 1 1 1 0 0 1 1 1 1 1 0 1 1 0 0 
0 1 0 1 1 0 1 1 1 1 1 1 0 0 1 0 1 0 1 0 2 1 1 0 1 1 0 1 2 1 0 1 1 1 1 1 0 0 0 0 0 0 1 1 1 0 0 1 0 1 0 1 
0 1 1 0 1 0 1 0 0 1 1 0 1 0 0 0 1 0 0 0 2 1 0 1 0 1 0 1 3 0 0 0 0 0 0 0 0 0 1 0 0 0 0 1 1 0 0 1 0 0 1 1 
0 1 0 0 0 0 0 0 1 0 0 1 1 1 0 1 1 0 0 1 3 0 1 0 0 0 1 1 0 1 1 1 0 1 1 1 1 1 1 0 1 1 1 0 0 1 1 1 0 0 1 0 
0 0 0 1 1 0 1 1 1 0 1 0 0 0 0 0 1 0 0 1 3 0 0 0 1 1 0 1 0 0 0 1 1 0 0 1 0 0 1 1 0 1 0 1 0 0 0 0 1 0 1 1 
0 0 1 1 2 0 0 0 1 1 1 1 0 0 1 1 1 1 1 1 3 0 0 0 0 1 1 0 3 0 1 0 1 1 0 1 0 1 1 1 0 0 0 1 1 1 1 1 0 0 1 0 
0 0 1 1 0 1 0 1 0 1 0 0 0 1 1 0 0 1 1 1 2 1 1 0 0 1 0 0 2 0 1 0 0 1 0 0 0 0 0 0 1 1 1 1 1 1 0 0 1 0 1 1 
0 0 0 0 2 1 1 1 0 0 0 0 1 0 1 0 1 1 1 1 3 1 0 0 0 0 1 0 2 0 1 1 1 0 0 1 0 1 0 1 1 1 0 0 0 0 0 0 0 0 0 1 

# Size = 18 | Time = 48 ms
0 0 0 0 1 1 1 0 0 1 1 0 0 1 1 0 0 1 1 0 1 1 1 0 0 1 1 0 0 1 1 0 0 1 1 0 0 1 1 0 0 1 1 0 0 1 1 0 0 1 1 0 
1 0 1 1 2 1 0 1 0 0 0 0 0 0 0 0 0 0 1 1 2 0 0 1 1 1 0 0 0 1 1 0 0 0 1 1 1 0 0 1 1 1 0 0 0 1 1 0 0 0 1 1 
1 0 1 1 2 1 1 1 0 1 1 0 0 1 1 0 0 1 1 0 3 1 0 1 0 0 1 0 1 0 0 0 1 0 0 0 0 0 0 0 0 0 0 1 0 0 1 0 0 1 0 1 
1 1 1 1 1 1 1 0 1 1 0 0 1 0 1 1 1 1 1 1 0 0 1 0 1 0 1 0 0 0 0 1 1 1 1 1 0 0 1 0 1 0 0 1 1 0 1 1 0 1 0 1 
0 1 0 0 1 0 1 1 1 1 0 1 1 1 0 0 0 0 0 1 0 1 1 1 1 1 0 0 1 1 0 1 1 1 1 1 0 0 0 0 1 0 1 0 0 1 0 1 0 0 1 0 
1 1 1 1 2 0 0 1 1 1 1 0 0 1 0 0 0 0 1 0 0 0 1 0 0 1 1 0 2 0 1 1 0 1 0 1 1 1 1 0 1 1 1 0 0 0 1 0 0 1 0 1 
0 0 1 1 0 0 1 1 1 1 1 0 0 1 0 1 0 1 1 1 0 0 1 0 0 1 0 1 3 1 1 1 1 0 1 1 0 1 1 1 0 0 0 0 0 0 1 0 0 1 0 1 
1 1 1 1 0 0 1 0 1 0 0 1 1 0 0 0 1 0 0 1 1 0 0 0 0 0 0 1 1 1 0 1 0 1 1 0 1 0 0 1 0 0 0 1 1 0 0 0 1 0 0 1 
1 0 0 0 2 0 1 0 0 0 1 0 1 0 1 0 0 1 0 0 1 0 0 1 1 1 0 1 2 1 1 1 1 0 1 1 1 1 1 1 0 1 1 1 1 1 0 1 0 0 0 1 
1 1 0 0 2 1 0 0 0 0 0 1 1 0 1 0 1 0 0 0 1 0 0 1 1 0 1 0 3 0 0 0 0 1 0 0 1 0 0 0 1 1 1 1 1 1 0 1 0 0 0 0 
0 1 0 0 0 0 1 0 1 1 1 1 1 1 1 1 1 1 0 0 2 1 1 0 0 0 1 1 1 0 0 1 1 1 0 0 0 1 1 0 0 0 1 1 1 0 1 1 0 1 0 1 
0 1 1 1 1 0 0 0 1 0 1 0 0 1 1 0 0 1 1 0 2 1 0 0 1 1 1 0 2 1 0 0 1 0 0 0 1 0 1 1 0 0 0 1 0 1 0 0 1 1 0 0 
0 0 0 1 1 1 0 1 0 1 0 1 0 0 0 1 1 0 0 1 2 1 0 1 0 0 0 1 3 0 1 0 0 0 0 0 1 1 0 0 0 1 0 1 1 0 1 0 1 0 1 1 
0 1 1 0 1 0 1 1 1 0 0 1 1 0 0 0 1 0 1 1 3 0 1 0 1 1 0 1 0 1 1 1 0 1 1 1 1 1 1 1 1 1 1 0 0 1 0 0 1 0 0 0 
1 0 0 0 0 1 0 0 0 0 0 1 0 0 0 1 1 1 0 0 3 0 1 1 1 0 1 0 3 0 1 0 1 0 0 0 0 0 0 1 1 1 0 1 1 1 1 1 0 0 1 0 
1 1 1 0 0 1 1 1 1 1 0 0 1 0 0 1 0 1 0 1 1 0 1 0 1 0 1 1 0 1 0 1 1 0 0 1 1 1 1 0 0 1 1 0 0 0 1 0 1 0 0 1 
0 1 1 0 2 0 0 1 0 0 0 0 0 0 0 1 0 1 0 1 0 0 0 1 1 0 1 0 1 0 1 0 1 0 1 0 0 0 0 0 1 1 0 1 0 0 1 0 1 1 0 1 
1 0 0 1 0 1 1 0 0 0 0 1 1 1 1 1 1 1 1 1 3 1 0 0 1 0 1 0 2 1 1 0 0 0 0 1 0 1 0 0 0 1 1 0 0 0 1 1 0 1 1 1 

# Size = 19 | Time = 42 ms
0 0 0 0 1 1 1 0 0 1 1 0 0 1 1 0 0 1 1 0 1 1 1 0 0 1 1 0 0 1 1 0 0 1 1 0 0 1 1 0 0 1 1 0 0 1 1 0 0 1 1 0 
1 0 1 1 2 1 0 1 0 0 0 0 0 0 0 0 0 0 1 1 2 0 0 1 1 1 0 0 0 1 1 0 0 0 1 1 1 0 0 1 1 1 0 0 0 1 1 0 0 0 1 1 
0 0 1 1 1 0 1 1 0 0 1 0 1 0 0 0 1 0 0 1 2 0 0 0 0 0 0 1 3 0 0 0 0 1 1 0 0 0 0 0 0 0 0 1 1 0 0 0 0 1 0 1 
1 0 1 1 2 1 1 1 0 1 1 0 0 1 1 0 0 1 1 0 3 1 0 1 0 0 1 0 1 0 0 0 1 0 0 0 0 0 0 0 0 0 0 1 0 0 1 0 0 1 0 1 
1 1 1 0 1 1 1 0 1 1 1 1 1 1 1 1 0 0 1 1 0 1 0 1 1 0 1 1 0 1 0 0 1 0 1 1 1 1 0 1 1 0 1 1 0 0 1 1 0 0 0 1 
0 1 0 1 2 0 0 1 0 0 1 1 1 0 1 1 1 1 0 1 0 0 1 1 0 1 0 1 1 1 1 1 1 0 1 0 1 1 0 1 1 1 0 1 1 1 1 1 0 1 0 1 
0 1 0 0 2 0 0 0 1 0 0 1 1 0 0 1 1 0 0 1 1 0 0 0 0 0 0 1 2 0 0 1 1 0 0 1 1 0 1 1 0 0 0 1 1 0 1 1 0 0 0 1 
1 1 0 1 0 1 0 0 1 1 0 1 0 1 0 0 0 1 0 0 0 1 0 1 1 0 0 0 3 1 1 0 1 0 1 1 0 1 0 1 1 0 0 0 0 1 0 0 1 0 0 1 
1 1 1 0 0 0 0 0 1 1 0 0 0 0 0 1 1 0 0 0 1 1 1 0 1 1 0 0 1 0 0 1 0 1 0 1 0 0 0 0 0 0 1 0 0 1 1 0 1 0 0 0 
1 0 1 0 2 1 0 1 1 0 0 1 1 1 1 1 1 1 1 0 1 0 0 1 1 0 1 0 3 1 0 1 0 1 0 0 1 1 1 0 1 0 0 0 0 1 1 1 0 0 1 0 
1 1 0 0 0 1 1 0 1 1 0 1 0 1 1 1 1 1 0 0 2 1 1 1 1 0 1 1 1 0 0 1 1 1 0 1 1 1 1 1 1 1 1 1 1 1 1 1 0 1 1 0 
0 0 1 0 1 1 0 1 0 0 0 0 1 1 1 0 1 1 1 0 2 1 1 1 1 1 1 0 2 1 1 0 0 1 1 0 1 1 0 1 1 1 1 0 0 0 0 0 1 1 1 1 
0 1 0 0 0 0 0 0 1 0 0 1 1 0 0 1 1 0 0 1 3 0 1 0 1 1 0 1 0 1 1 1 0 1 1 1 1 1 1 1 1 1 1 0 0 1 1 1 0 0 1 0 
1 1 0 1 1 0 1 1 1 1 1 0 0 1 0 0 0 0 1 0 3 0 0 1 1 1 1 0 0 0 1 1 1 0 0 0 0 0 1 0 0 1 0 1 1 1 0 1 0 0 0 0 
1 1 1 1 2 0 1 1 1 1 1 0 0 0 0 0 0 1 0 1 3 0 0 0 0 0 1 1 2 0 0 1 1 0 1 0 0 0 0 0 0 1 1 1 1 1 0 0 1 1 0 0 
0 0 0 0 0 1 1 1 0 0 1 0 1 0 0 1 0 0 1 0 3 0 1 0 0 1 1 0 3 0 1 1 0 1 0 0 0 1 0 1 0 1 1 1 1 0 1 1 0 1 0 1 
1 0 0 0 1 1 1 0 0 1 0 0 0 1 0 0 1 1 0 0 0 1 1 0 0 0 1 0 0 0 1 1 0 1 0 1 1 0 1 0 0 1 0 1 1 1 0 0 1 1 1 0 
1 1 0 1 1 1 0 0 1 1 0 1 0 1 1 0 0 1 0 0 1 1 1 1 0 1 0 1 1 0 1 0 1 0 1 1 0 1 0 1 1 1 0 1 1 1 0 0 1 1 1 1 
0 1 1 1 0 1 1 1 1 1 1 0 1 0 1 1 0 1 0 0 0 0 1 0 1 0 1 0 2 0 1 1 1 1 0 1 1 1 0 0 1 1 0 1 1 0 1 1 0 1 0 1 

# Size = 19 | Time = 49 ms
0 0 0 0 1 1 1 0 0 1 1 0 0 1 1 0 0 1 1 0 1 1 1 0 0 1 1 0 0 1 1 0 0 1 1 0 0 1 1 0 0 1 1 0 0 1 1 0 0 1 1 0 
1 0 1 1 2 1 0 1 0 0 0 0 0 0 0 0 0 0 1 1 2 0 0 1 1 1 0 0 0 1 1 0 0 0 1 1 1 0 0 1 1 1 0 0 0 1 1 0 0 0 1 1 
1 0 1 1 2 1 1 1 0 1 1 0 0 1 1 0 0 1 1 0 3 1 0 1 0 0 1 0 1 0 0 0 1 0 0 0 0 0 0 0 0 0 0 1 0 0 1 0 0 1 0 1 
1 1 1 1 1 0 1 1 1 0 1 0 1 0 1 1 1 0 1 0 0 0 1 0 1 0 1 0 0 0 0 0 1 0 0 1 1 0 1 1 1 0 1 0 0 0 1 0 1 1 0 1 
0 0 0 0 2 0 0 0 0 1 0 1 0 1 0 0 0 1 0 1 0 1 1 1 0 1 0 1 1 0 1 1 0 1 1 0 0 1 0 0 1 1 0 1 1 1 0 1 0 0 1 0 
0 0 0 1 0 1 0 1 0 1 1 0 1 1 1 1 0 0 0 1 0 0 0 1 0 1 1 1 2 1 1 1 1 0 1 0 1 1 1 0 0 1 1 1 1 1 1 1 0 1 0 1 
0 0 1 1 0 0 0 0 1 0 1 0 0 0 1 0 1 0 1 0 0 1 1 0 0 1 0 0 3 1 0 1 0 0 1 0 0 1 1 1 0 0 0 0 0 1 0 0 1 0 0 0 
1 1 1 0 0 0 0 0 1 1 0 1 1 0 0 1 1 0 0 0 1 0 0 0 1 0 1 1 1 0 1 1 0 1 0 1 1 0 1 1 1 1 0 1 1 0 1 1 0 1 0 1 
0 1 0 0 2 0 1 0 1 1 1 1 1 1 1 1 1 1 0 0 2 1 1 0 0 0 1 1 2 0 0 1 1 1 0 0 0 1 1 0 0 0 1 0 0 0 1 1 0 1 0 1 
1 1 0 0 1 1 0 1 0 1 1 1 1 0 0 1 0 1 0 1 1 0 0 0 1 0 1 1 3 0 0 0 1 1 0 1 0 0 0 0 0 1 0 1 1 1 1 0 0 1 1 0 
0 0 1 1 0 1 1 1 1 1 0 1 1 1 0 0 0 1 0 1 2 0 0 1 1 1 1 0 1 1 0 0 1 1 0 1 1 0 0 1 0 1 1 1 1 1 0 0 1 0 1 0 
1 1 0 0 1 1 1 1 0 0 0 1 0 1 0 0 1 1 1 1 2 1 0 1 1 0 0 0 2 1 0 1 0 0 1 0 1 1 0 0 0 0 1 1 1 0 0 0 1 0 1 1 
0 0 0 1 2 0 1 0 1 0 0 1 0 1 1 1 1 1 1 1 2 1 1 1 0 1 0 1 3 1 1 1 1 1 0 1 1 1 1 1 1 0 1 1 1 0 1 0 1 1 0 1 
0 1 1 0 0 0 0 0 1 0 0 1 1 0 0 1 1 0 0 1 3 0 1 0 1 1 0 1 0 1 1 1 0 1 0 1 1 1 1 1 1 1 1 0 0 1 1 0 1 0 1 0 
0 0 0 0 1 0 1 0 1 0 0 1 1 0 0 0 1 0 1 1 3 1 1 1 0 0 0 0 0 1 1 0 1 0 1 0 0 0 1 1 0 1 1 1 1 0 0 1 0 1 0 1 
1 0 1 1 2 0 1 0 0 1 1 1 0 0 0 0 1 0 0 1 3 1 1 1 0 0 1 1 2 1 0 0 0 1 1 1 1 0 0 1 1 1 0 0 0 1 0 1 0 1 0 0 
0 1 0 1 1 0 1 0 1 1 1 1 1 1 1 0 0 0 1 0 3 1 0 1 0 0 0 0 3 1 1 0 0 0 0 1 1 0 1 1 1 1 0 1 1 0 0 1 0 1 0 1 
1 0 1 1 1 1 0 0 1 0 1 1 1 1 0 0 0 1 0 1 1 1 1 1 1 1 0 0 1 0 1 1 1 0 1 1 0 0 0 1 0 0 1 0 0 0 0 0 1 0 1 1 
1 0 1 0 2 0 1 1 0 0 1 1 1 0 1 0 0 0 0 1 1 1 0 0 1 0 1 0 2 0 0 0 1 0 1 0 0 1 0 1 0 0 0 0 0 0 1 0 1 0 0 1 

# Size = 19 | Time = 39 ms
0 0 0 0 1 1 1 0 0 1 1 0 0 1 1 0 0 1 1 0 1 1 1 0 0 1 1 0 0 1 1 0 0 1 1 0 0 1 1 0 0 1 1 0 0 1 1 0 0 1 1 0 
1 0 1 1 2 1 0 1 0 0 0 0 0 0 0 0 0 0 1 1 2 0 0 1 1 1 0 0 0 1 1 0 0 0 1 1 1 0 0 1 1 1 0 0 0 1 1 0 0 0 1 1 
0 0 1 0 1 0 1 1 1 0 1 0 1 0 0 0 1 0 0 0 2 0 0 0 0 1 0 0 3 0 0 0 0 0 1 1 0 0 0 0 0 0 0 1 1 0 0 0 0 1 0 1 
1 0 1 1 2 1 1 1 0 1 1 0 0 1 1 0 0 1 1 0 3 1 0 1 0 0 1 0 1 0 0 0 1 0 0 0 0 0 0 0 0 0 0 1 0 0 1 0 0 1 0 1 
0 0 0 1 0 1 0 0 1 0 1 1 1 0 0 1 0 0 0 0 1 0 1 0 0 0 1 1 2 1 0 1 0 0 0 0 1 1 0 0 1 0 0 1 1 1 1 1 0 0 0 1 
1 1 1 0 0 0 1 1 1 0 1 1 1 0 1 0 1 1 1 0 0 0 0 0 1 0 1 0 0 0 1 0 0 1 1 0 0 0 1 0 1 0 1 0 0 0 1 0 1 1 0 1 
0 1 0 1 1 1 0 0 0 1 0 0 0 1 0 1 0 0 0 1 0 1 1 1 0 1 0 1 1 1 0 1 1 0 0 1 1 1 0 1 1 1 1 1 1 1 1 1 0 0 1 0 
1 0 0 0 2 0 1 1 0 1 0 1 0 1 1 0 1 1 0 1 0 1 0 0 1 0 0 0 2 1 1 1 1 1 0 1 1 0 1 1 0 1 0 0 0 1 0 0 1 1 0 0 
0 1 0 0 0 1 0 0 1 1 0 1 0 1 0 1 0 1 1 1 0 1 1 1 1 1 1 1 3 1 0 0 1 0 0 1 1 0 1 1 0 1 0 0 0 1 1 1 0 0 1 0 
1 1 1 1 0 0 0 1 0 0 0 1 1 0 0 0 0 0 1 0 1 0 1 0 1 1 0 1 1 0 1 1 1 1 1 0 0 1 1 1 0 0 0 1 1 1 0 0 1 0 1 0 
1 1 0 1 0 1 0 0 0 0 0 1 1 1 1 1 1 1 1 1 2 1 1 1 0 0 1 1 2 0 0 1 1 1 0 0 0 1 1 0 0 1 1 1 1 1 1 1 0 1 1 0 
1 0 1 1 1 1 1 1 0 1 1 1 0 1 1 1 1 0 1 1 1 0 0 1 1 0 1 0 3 0 1 1 1 0 1 0 1 1 0 1 1 0 1 0 0 0 1 0 1 0 1 1 
0 1 0 0 2 0 1 0 1 1 0 0 1 0 0 0 1 1 0 0 2 1 1 1 0 0 1 1 1 1 1 1 0 0 1 0 1 1 1 1 0 1 1 1 1 0 0 0 1 1 0 1 
0 1 0 0 0 0 0 0 1 0 0 0 1 0 0 0 1 0 0 1 3 0 1 0 1 1 0 1 2 1 1 0 0 1 1 1 1 1 1 1 1 1 1 0 0 1 0 1 0 0 1 0 
1 0 0 1 1 0 1 0 0 1 1 1 1 0 0 1 0 1 0 1 3 0 1 1 1 0 1 1 0 1 0 1 1 0 0 0 0 0 1 0 1 1 1 1 1 0 1 0 1 1 0 1 
0 0 1 1 2 1 1 1 0 0 0 0 1 0 1 0 1 0 1 1 1 1 0 1 0 1 0 0 0 0 0 1 1 1 0 1 1 0 0 1 1 1 1 1 0 0 0 1 0 0 0 1 
0 0 1 1 1 0 0 0 0 1 1 1 0 0 1 0 0 1 0 1 0 1 0 0 1 1 0 1 2 1 0 1 0 1 1 1 1 1 1 0 0 1 0 0 0 0 0 0 0 1 0 1 
0 1 1 1 2 1 0 0 1 0 0 1 0 1 0 1 0 0 0 0 3 0 1 0 1 0 0 0 3 1 0 0 1 1 0 0 0 1 0 0 0 1 0 0 0 1 1 0 1 1 1 0 
0 0 0 1 0 1 1 1 0 1 0 1 1 1 0 0 1 0 1 1 1 0 1 0 1 1 0 1 1 1 0 1 1 1 0 1 0 1 1 0 0 0 1 0 0 0 0 0 0 0 0 1 

# Size = 19 | Time = 37 ms
0 0 0 0 1 1 1 0 0 1 1 0 0 1 1 0 0 1 1 0 1 1 1 0 0 1 1 0 0 1 1 0 0 1 1 0 0 1 1 0 0 1 1 0 0 1 1 0 0 1 1 0 
1 0 1 1 2 1 0 1 0 0 0 0 0 0 0 0 0 0 1 1 2 0 0 1 1 1 0 0 0 1 1 0 0 0 1 1 1 0 0 1 1 1 0 0 0 1 1 0 0 0 1 1 
1 0 1 1 2 1 1 1 0 1 1 0 0 1 1 0 0 1 1 0 3 1 0 1 0 0 1 0 1 0 0 0 1 0 0 0 0 0 0 0 0 0 0 1 0 0 1 0 0 1 0 1 
1 0 1 1 0 0 0 0 0 1 0 1 1 1 1 0 1 1 0 1 1 0 0 1 0 0 1 1 1 0 0 1 0 1 1 0 0 0 0 0 1 0 1 0 0 1 0 0 0 0 0 0 
0 1 1 1 1 1 0 1 1 1 1 1 0 0 0 1 1 1 1 0 1 0 1 0 1 1 0 1 2 1 0 1 1 1 0 0 1 1 1 1 0 1 0 1 0 1 1 0 1 1 1 1 
0 0 0 0 1 1 1 0 0 0 1 1 0 0 1 1 1 0 1 0 0 0 1 0 0 1 1 1 1 1 1 0 0 1 1 0 1 0 1 1 1 1 0 0 0 1 1 0 0 0 1 1 
1 1 0 1 2 0 1 1 1 1 1 0 1 1 0 0 0 0 0 1 0 1 0 1 1 1 1 1 2 0 0 1 1 0 0 1 0 0 0 1 1 0 1 0 0 0 0 1 0 1 0 1 
1 0 0 0 0 1 1 0 0 0 1 0 1 1 1 1 1 0 1 1 0 1 0 1 0 1 0 0 3 0 1 0 0 0 1 0 0 0 1 1 0 1 0 1 1 0 1 1 0 0 0 1 
0 1 0 0 2 0 1 0 1 0 0 1 0 0 0 1 0 0 1 0 1 1 1 1 1 0 0 0 1 0 0 0 1 0 1 1 0 1 1 0 0 0 0 1 1 0 1 0 1 0 1 1 
0 1 0 0 0 0 1 0 1 1 0 1 0 1 1 1 1 1 0 0 2 1 1 0 0 0 1 1 2 0 0 1 0 0 0 0 0 1 1 0 0 0 1 0 0 0 1 0 1 1 0 1 
0 1 0 0 1 0 0 1 1 1 0 1 1 0 0 1 0 1 0 0 1 0 1 0 0 0 1 1 3 0 1 1 1 1 0 1 1 1 0 1 1 1 0 0 0 0 1 1 0 0 0 1 
0 1 1 0 1 1 1 1 0 1 1 0 1 0 0 0 1 0 0 1 2 1 0 1 1 0 1 0 1 1 1 0 1 1 1 0 0 1 1 0 0 0 0 1 1 1 0 1 0 1 1 0 
0 0 0 0 0 0 0 0 1 0 0 0 1 0 0 0 0 0 0 0 3 0 1 0 0 1 0 0 2 1 1 0 0 1 1 1 1 0 0 1 1 1 1 1 1 1 0 0 1 0 1 0 
1 0 1 1 1 1 0 0 0 0 1 1 0 1 1 0 0 1 1 1 2 1 1 0 1 0 1 1 3 1 0 1 1 0 0 1 1 1 1 0 1 0 1 1 1 1 0 0 1 1 1 0 
0 1 0 1 1 0 1 0 1 0 1 1 0 0 1 1 1 1 0 1 3 0 1 0 1 1 0 1 0 0 0 1 1 1 0 1 1 1 1 0 1 0 1 0 0 1 1 1 0 0 0 0 
0 1 1 1 2 1 0 0 1 0 0 1 1 0 1 0 1 1 0 0 0 1 0 0 0 0 1 0 0 0 1 1 0 1 0 0 0 1 1 0 1 0 1 1 1 1 0 0 1 0 1 0 
0 0 1 0 0 0 1 1 0 0 1 1 1 1 1 0 1 1 0 1 1 0 0 0 1 0 0 1 2 0 0 0 1 0 1 1 1 1 1 1 0 0 0 1 0 1 1 0 1 1 0 1 
1 0 1 0 2 1 1 0 1 1 0 1 0 1 0 1 0 1 0 1 3 1 1 0 1 1 1 0 3 1 1 1 1 0 0 1 1 0 1 1 0 1 0 0 0 0 1 1 0 1 1 1 
1 0 0 0 0 0 0 0 0 0 1 0 1 0 0 1 1 1 1 1 2 0 0 1 0 0 0 0 0 1 1 0 0 1 1 0 0 1 0 1 1 0 1 0 0 0 1 1 0 1 0 1 

# Size = 19 | Time = 36 ms
0 0 0 0 1 1 1 0 0 1 1 0 0 1 1 0 0 1 1 0 1 1 1 0 0 1 1 0 0 1 1 0 0 1 1 0 0 1 1 0 0 1 1 0 0 1 1 0 0 1 1 0 
1 0 1 1 2 1 0 1 0 0 0 0 0 0 0 0 0 0 1 1 2 0 0 1 1 1 0 0 0 1 1 0 0 0 1 1 1 0 0 1 1 1 0 0 0 1 1 0 0 0 1 1 
0 0 1 1 1 0 1 0 1 0 1 1 1 0 0 0 1 0 0 0 2 0 0 0 0 1 0 1 3 0 1 0 1 0 1 0 0 0 0 0 0 0 0 1 1 0 1 0 1 1 0 1 
1 0 1 1 2 1 1 1 0 1 1 0 0 1 1 0 0 1 1 0 3 1 0 1 0 0 1 0 1 0 0 0 1 0 0 0 0 0 0 0 0 0 0 1 0 0 1 0 0 1 0 1 
0 1 1 0 1 0 1 1 1 0 0 0 0 1 1 0 1 0 0 0 2 1 0 0 0 0 0 0 1 0 0 1 0 0 1 0 0 1 0 1 1 1 0 0 0 1 1 1 0 0 1 0 
1 1 0 0 1 1 0 0 1 0 1 1 0 0 1 0 0 0 1 0 0 1 0 1 1 1 0 1 2 0 1 0 0 0 0 1 1 1 1 1 0 1 1 1 1 1 1 0 1 1 1 1 
0 0 1 1 2 1 1 1 0 1 1 0 1 1 0 1 1 1 1 1 0 1 1 0 1 0 1 0 0 0 0 1 1 1 1 1 0 0 1 0 1 1 0 1 1 0 1 1 0 1 1 1 
1 1 0 1 0 0 0 1 0 0 0 1 1 0 0 0 1 1 0 1 0 0 1 0 0 1 1 1 1 1 1 1 1 0 1 0 1 1 0 0 0 0 1 1 0 1 0 1 0 0 0 0 
0 1 0 0 2 0 1 0 0 1 0 0 1 1 0 0 1 1 0 1 0 0 1 1 0 0 0 1 2 0 0 1 1 1 0 1 0 0 0 0 1 0 1 0 0 1 0 1 0 0 0 0 
1 1 0 0 0 1 1 1 0 1 1 0 1 1 1 0 0 1 0 0 0 1 1 1 1 0 1 0 3 1 0 0 0 1 0 0 1 0 1 1 1 1 0 0 0 1 0 1 0 1 0 0 
1 1 1 1 0 0 0 1 1 0 0 1 1 0 0 1 1 0 0 1 1 0 0 1 1 1 0 1 1 0 0 1 1 0 0 1 1 0 0 1 1 0 0 1 1 0 1 1 0 0 0 1 
0 0 1 1 0 0 0 1 0 1 1 0 0 0 1 0 0 0 1 1 1 0 0 0 1 0 1 0 2 1 0 1 0 1 0 0 0 1 1 1 1 0 0 1 1 0 0 0 1 0 1 1 
0 1 0 0 2 1 0 0 1 1 0 1 0 0 1 1 0 0 1 0 1 0 1 1 0 0 1 0 3 1 1 1 0 0 0 0 0 1 0 0 0 0 1 0 0 0 1 0 1 1 1 1 
1 1 0 1 1 0 0 0 1 1 1 1 0 1 0 0 0 1 1 0 2 1 1 1 0 0 1 0 1 1 1 0 0 1 0 0 1 1 1 1 0 0 1 0 0 1 0 0 1 1 0 0 
0 1 1 1 1 1 0 0 1 0 0 0 0 0 1 1 1 1 0 1 2 0 0 1 1 0 0 1 2 0 0 0 0 0 1 0 1 0 0 1 0 1 1 1 1 1 1 1 0 0 0 0 
0 1 0 0 0 0 0 0 1 0 0 1 1 0 0 0 1 0 0 1 3 0 1 0 1 1 0 1 0 1 1 1 0 1 1 1 1 1 1 1 1 1 1 1 1 1 0 1 0 0 1 0 
0 0 0 0 1 1 0 0 1 0 1 1 0 0 0 1 1 0 1 1 3 1 1 0 1 0 1 1 2 1 1 0 1 1 0 0 0 0 1 1 1 1 1 0 0 1 1 0 1 1 1 1 
0 1 1 0 2 1 0 0 0 1 1 0 0 1 1 0 0 1 0 1 3 1 1 1 1 0 1 1 3 1 0 1 1 0 1 1 0 1 1 0 0 0 0 1 1 1 0 0 1 0 1 1 
1 1 1 0 0 0 0 1 0 0 1 1 1 1 0 0 1 1 0 1 2 1 1 0 1 1 0 1 0 1 1 1 1 0 0 0 0 1 0 1 1 0 1 1 0 0 0 0 1 0 0 1 

# Size = 18 | Time = 36 ms
0 0 0 0 1 1 1 0 0 1 1 0 0 1 1 0 0 1 1 0 1 1 1 0 0 1 1 0 0 1 1 0 0 1 1 0 0 1 1 0 0 1 1 0 0 1 1 0 0 1 1 0 
1 0 1 1 2 1 0 1 0 0 0 0 0 0 0 0 0 0 1 1 2 0 0 1 1 1 0 0 0 1 1 0 0 0 1 1 1 0 0 1 1 1 0 0 0 1 1 0 0 0 1 1 
0 0 1 0 1 0 1 0 0 0 1 0 1 0 0 0 1 0 0 1 2 0 0 0 0 1 0 0 3 0 1 0 0 1 1 1 0 0 0 0 0 1 0 1 1 0 1 0 1 1 0 1 
1 0 1 1 2 1 1 1 0 1 1 0 0 1 1 0 0 1 1 0 3 1 0 1 0 0 1 0 1 0 0 0 1 0 0 0 0 0 0 0 0 0 0 1 0 0 1 0 0 1 0 1 
1 1 0 0 0 0 0 1 1 0 0 1 0 0 1 0 1 0 1 1 2 1 1 0 1 1 1 1 2 1 0 1 0 0 0 0 0 1 0 0 1 0 0 1 0 1 0 0 1 1 0 1 
1 1 1 0 1 0 1 0 1 0 1 1 1 0 1 1 1 1 1 0 0 1 1 0 1 0 1 0 0 0 0 0 1 0 1 1 1 0 1 0 1 0 1 1 1 1 1 0 1 0 0 0 
0 0 0 1 1 1 0 1 0 1 0 0 0 1 0 0 0 0 0 1 0 0 0 1 0 1 0 1 1 1 1 0 0 1 1 0 0 1 0 1 0 1 0 0 0 0 0 1 0 0 1 1 
0 1 1 0 2 0 1 0 0 1 0 1 1 0 1 1 0 1 0 0 0 1 1 1 1 0 0 0 2 0 1 0 1 1 0 1 1 1 1 1 1 1 1 1 1 0 1 1 0 0 1 1 
1 0 0 1 0 1 0 0 0 1 0 1 0 1 1 1 1 1 0 1 0 0 0 1 1 0 1 1 3 0 0 1 1 0 1 0 1 1 0 1 0 0 0 1 1 1 1 1 0 1 1 0 
0 1 1 1 0 1 0 1 1 0 0 1 1 0 0 0 1 1 0 0 1 0 0 1 1 0 0 1 1 0 1 0 0 0 0 1 1 0 0 1 1 0 1 1 1 1 0 0 1 0 0 0 
1 0 0 1 2 1 1 1 1 1 1 0 1 1 0 1 1 0 1 1 1 0 0 0 0 1 1 1 2 0 0 1 1 1 1 1 0 0 1 1 0 1 0 0 0 0 1 0 1 0 1 1 
0 1 1 1 1 0 0 1 1 0 1 1 1 1 0 0 0 0 1 0 1 1 1 0 0 0 0 0 3 1 0 1 1 1 0 0 1 1 1 1 0 0 1 0 0 1 0 0 1 0 0 1 
0 1 0 0 2 0 1 0 1 1 1 0 1 1 1 0 1 1 1 0 2 1 1 0 0 0 1 0 1 0 0 1 1 0 0 0 0 0 1 0 1 1 1 0 0 1 0 1 0 1 0 0 
0 1 0 0 0 0 0 0 1 0 0 1 1 0 0 0 1 0 0 1 3 0 1 0 1 1 0 1 0 1 1 1 0 1 1 1 1 1 1 1 1 1 1 1 1 1 0 1 0 0 1 0 
1 0 0 1 1 1 1 0 0 0 1 0 1 0 0 1 1 1 1 1 3 0 0 1 0 1 0 0 2 1 0 0 0 0 1 1 0 0 0 0 1 1 0 0 0 1 1 0 1 1 0 0 
1 1 0 1 2 1 0 0 1 0 1 0 0 0 1 1 0 0 1 0 3 0 1 1 0 0 0 1 3 0 1 0 1 0 0 1 0 1 1 0 1 1 0 0 0 1 1 1 0 0 0 0 
0 0 1 1 0 1 1 1 1 0 1 0 0 1 1 0 0 1 0 1 1 1 0 0 0 1 0 0 0 1 1 1 1 1 0 0 0 0 0 1 0 0 1 0 0 0 1 1 0 1 1 1 
0 1 1 0 1 0 0 1 1 1 1 1 0 0 1 1 1 1 1 1 2 1 1 0 0 0 0 0 1 1 0 1 1 0 1 0 1 0 1 1 1 1 1 1 1 1 1 0 1 1 0 1 

# Size = 18 | Time = 51 ms
0 0 0 0 1 1 1 0 0 1 1 0 0 1 1 0 0 1 1 0 1 1 1 0 0 1 1 0 0 1 1 0 0 1 1 0 0 1 1 0 0 1 1 0 0 1 1 0 0 1 1 0 
1 0 1 1 2 1 0 1 0 0 0 0 0 0 0 0 0 0 1 1 2 0 0 1 1 1 0 0 0 1 1 0 0 0 1 1 1 0 0 1 1 1 0 0 0 1 1 0 0 0 1 1 
1 0 1 1 2 1 1 1 0 1 1 0 0 1 1 0 0 1 1 0 3 1 0 1 0 0 1 0 1 0 0 0 1 0 0 0 0 0 0 0 0 0 0 1 0 0 1 0 0 1 0 1 
1 1 1 1 0 0 1 1 1 1 1 1 1 0 1 1 1 1 1 0 0 1 1 0 1 1 0 0 0 0 0 0 1 1 0 1 1 1 1 0 1 0 1 1 0 1 1 1 0 0 1 0 
1 1 0 0 1 0 0 1 1 0 0 1 0 1 0 0 1 0 0 1 0 1 0 1 1 0 1 1 1 0 1 1 1 0 1 1 0 0 0 0 1 0 0 1 1 0 0 0 1 0 1 1 
0 1 1 0 0 1 0 1 0 1 0 0 0 1 1 0 0 0 0 1 0 0 0 1 0 1 0 1 2 1 1 0 0 1 0 1 0 0 1 0 0 1 0 1 0 1 0 1 0 1 1 0 
0 0 0 1 0 0 0 0 0 0 0 1 0 1 1 0 1 0 0 1 0 1 1 0 0 0 0 0 3 0 1 1 1 0 1 0 0 1 0 1 0 1 0 1 1 1 0 0 0 0 0 0 
1 1 1 1 0 0 0 1 1 0 0 1 1 0 0 0 1 0 0 1 1 0 0 1 1 0 0 1 1 0 0 1 1 0 0 1 1 0 0 1 1 0 0 1 1 0 0 1 0 0 0 1 
0 1 0 1 2 0 1 0 1 0 1 1 0 0 0 1 1 0 0 0 1 1 1 0 1 1 0 1 2 0 1 1 0 1 1 0 0 1 0 1 1 0 1 0 0 1 1 0 1 0 0 0 
0 1 1 1 1 1 0 1 1 1 1 0 1 0 0 1 1 1 0 0 1 0 1 1 1 1 0 1 3 1 0 0 0 1 0 1 1 1 1 1 1 0 0 0 0 0 1 1 0 1 0 1 
0 1 0 0 0 0 1 0 1 1 1 1 1 1 1 1 1 1 0 0 2 1 1 0 0 0 1 1 1 0 0 1 1 1 0 0 0 1 1 0 0 0 1 1 1 1 1 1 0 1 0 0 
1 0 0 0 1 1 1 0 1 1 0 1 1 1 1 0 0 1 1 1 2 0 1 1 1 0 1 1 2 1 0 0 1 0 0 1 1 1 0 1 0 1 1 0 0 0 0 0 1 1 1 1 
1 0 1 0 0 0 1 0 0 0 0 0 1 0 0 1 0 1 1 1 2 0 0 0 0 1 1 0 3 1 1 1 1 0 1 0 1 0 1 0 0 1 1 0 0 0 1 0 1 0 1 1 
0 1 0 0 1 0 0 0 1 0 0 1 1 0 0 0 1 0 0 0 3 0 0 0 1 0 0 1 0 1 1 1 0 1 1 1 1 1 1 1 1 1 1 0 0 1 0 0 1 0 1 0 
0 1 1 0 0 1 1 1 1 0 1 0 0 0 1 0 0 0 1 1 3 0 1 0 0 1 1 0 2 1 0 0 0 1 0 1 1 0 0 1 1 1 1 1 1 1 0 1 0 1 1 1 
0 0 0 0 2 1 0 1 0 1 1 0 1 1 0 0 1 0 0 0 3 1 1 1 0 1 0 0 3 0 0 1 1 0 1 1 0 1 1 0 0 1 1 1 1 0 0 1 0 1 1 1 
0 1 1 1 0 0 0 0 1 1 1 1 0 1 1 1 0 1 1 1 3 0 0 0 0 0 1 1 0 1 0 0 0 0 0 0 1 0 0 1 1 0 0 1 1 0 1 0 0 1 0 1 
1 0 1 0 2 1 0 1 0 0 1 0 0 0 0 1 0 0 1 1 0 1 1 1 0 1 0 0 1 1 1 1 0 1 1 1 1 0 1 0 1 1 1 0 0 1 1 1 0 1 0 1 

# Size = 19 | Time = 49 ms
0 0 0 0 1 1 1 0 0 1 1 0 0 1 1 0 0 1 1 0 1 1 1 0 0 1 1 0 0 1 1 0 0 1 1 0 0 1 1 0 0 1 1 0 0 1 1 0 0 1 1 0 
1 0 1 1 2 1 0 1 0 0 0 0 0 0 0 0 0 0 1 1 2 0 0 1 1 1 0 0 0 1 1 0 0 0 1 1 1 0 0 1 1 1 0 0 0 1 1 0 0 0 1 1 
1 0 1 1 2 1 1 1 0 1 1 0 0 1 1 0 0 1 1 0 3 1 0 1 0 0 1 0 1 0 0 0 1 0 0 0 0 0 0 0 0 0 0 1 0 0 1 0 0 1 0 1 
1 1 0 1 0 1 1 1 0 1 1 1 1 1 1 1 0 1 1 1 0 1 0 1 1 1 0 0 0 1 0 0 1 1 1 0 1 1 1 1 1 0 0 0 0 1 1 0 0 0 0 1 
0 1 1 0 1 0 1 0 1 0 0 0 1 0 1 1 1 0 1 0 0 1 0 1 1 1 0 1 1 1 1 0 1 1 1 1 0 1 0 1 0 1 0 1 0 1 1 1 0 0 1 0 
1 0 0 1 2 0 1 1 1 0 0 0 1 0 0 1 1 1 0 0 0 0 0 0 1 1 1 0 2 0 1 1 0 1 1 1 0 1 1 0 0 1 1 1 0 1 1 0 1 1 0 0 
0 0 1 1 0 0 1 1 0 1 1 0 1 1 1 0 0 1 0 1 0 0 1 1 0 1 0 0 3 0 0 0 1 0 0 0 0 0 0 1 0 0 0 1 1 1 0 1 0 1 0 1 
1 1 1 1 0 0 0 1 1 0 0 1 1 0 0 0 1 0 0 1 1 0 0 1 1 0 0 1 1 0 0 1 1 0 0 1 1 0 0 1 0 0 0 1 1 0 0 1 0 0 0 1 
1 1 1 0 0 1 0 0 1 1 0 1 0 1 1 1 0 0 1 1 1 1 1 0 0 0 0 1 2 0 1 0 0 0 0 1 0 1 1 0 1 1 0 1 1 1 1 0 1 0 1 1 
1 1 0 0 2 0 0 0 0 0 0 1 0 0 0 1 0 0 1 0 1 1 0 0 1 0 1 1 3 1 1 1 0 1 1 1 1 1 1 1 1 1 1 0 0 0 1 0 1 0 1 1 
0 1 0 0 0 0 1 0 1 1 1 1 1 1 1 1 1 1 0 0 2 1 1 0 0 0 1 1 1 0 0 1 1 1 0 0 0 1 1 0 0 0 1 1 1 1 1 1 0 1 0 0 
1 0 0 1 1 1 0 0 0 1 1 1 0 0 0 0 1 1 1 1 2 1 0 1 0 1 1 0 2 0 1 1 1 1 1 1 1 0 1 1 1 0 1 1 1 0 0 0 1 1 1 1 
0 0 0 0 1 1 0 1 1 0 0 0 0 1 0 1 1 0 0 0 2 0 0 0 0 0 0 0 3 0 0 1 0 0 0 0 1 0 0 0 1 1 1 0 0 1 1 1 0 1 1 0 
0 0 0 0 0 0 0 0 1 1 0 1 1 0 0 0 1 0 0 1 3 0 1 0 1 0 0 1 0 0 1 1 0 1 1 1 1 1 1 1 1 1 1 1 0 1 0 1 0 0 1 0 
0 1 1 0 2 0 0 0 1 0 1 1 0 0 0 0 1 0 0 0 3 1 1 1 1 1 1 0 3 1 0 0 1 1 0 0 0 0 0 0 0 0 1 1 1 0 0 0 1 1 0 1 
0 0 1 1 2 1 0 0 1 1 1 1 0 0 1 0 1 1 1 0 0 1 1 1 1 0 1 1 2 1 0 0 1 0 0 0 0 0 0 1 1 0 0 0 0 0 0 1 0 0 0 1 
1 1 0 0 1 1 1 1 1 0 0 1 0 0 0 1 0 0 0 0 3 1 1 0 0 1 0 0 0 1 0 0 1 1 0 0 1 1 1 0 0 0 1 1 1 0 1 0 1 0 0 1 
0 1 1 0 0 0 0 1 1 0 0 1 0 0 0 1 0 0 0 0 3 1 1 1 1 0 1 1 1 0 0 1 0 0 1 0 1 0 0 1 1 0 1 0 0 0 1 0 1 1 0 1 
0 0 1 0 1 1 0 1 0 1 0 1 1 0 1 0 1 1 0 0 3 0 1 0 1 1 0 1 2 0 1 1 1 0 0 0 1 1 0 1 0 0 0 1 1 0 1 1 0 0 1 1 

# Size = 18 | Time = 42 ms
0 0 0 0 1 1 1 0 0 1 1 0 0 1 1 0 0 1 1 0 1 1 1 0 0 1 1 0 0 1 1 0 0 1 1 0 0 1 1 0 0 1 1 0 0 1 1 0 0 1 1 0 
1 0 1 1 2 1 0 1 0 0 0 0 0 0 0 0 0 0 1 1 2 0 0 1 1 1 0 0 0 1 1 0 0 0 1 1 1 0 0 1 1 1 0 0 0 1 1 0 0 0 1 1 
1 0 1 1 2 1 1 1 0 1 1 0 0 1 1 0 0 1 1 0 3 1 0 1 0 0 1 0 1 0 0 0 1 0 0 0 0 0 0 0 0 0 0 1 0 0 1 0 0 1 0 1 
0 1 0 0 2 0 0 1 1 0 0 1 1 1 1 1 0 1 1 0 1 0 1 1 0 0 1 0 2 1 0 1 1 1 1 0 1 0 1 1 1 1 1 1 0 1 1 0 1 0 1 1 
1 1 1 1 1 0 1 0 1 1 1 0 1 0 1 0 1 0 1 0 0 0 1 1 1 1 1 0 0 0 1 1 1 0 0 1 1 0 1 0 1 0 1 1 1 0 1 0 1 1 0 1 
0 0 0 0 1 1 0 1 0 0 0 1 0 1 0 1 0 1 0 1 0 1 0 0 0 0 0 1 1 1 0 0 0 1 1 0 0 1 0 1 0 1 0 0 0 1 1 1 0 0 1 0 
1 1 0 1 2 0 0 0 1 1 1 1 0 1 0 1 1 0 0 1 0 1 0 0 1 0 0 1 2 0 1 1 1 0 1 1 0 0 0 0 1 0 1 1 1 1 1 1 0 1 0 0 
0 0 1 1 0 0 0 0 1 1 0 0 0 1 1 0 1 0 0 1 0 1 0 0 0 1 0 0 3 1 0 0 0 0 0 1 0 0 1 0 1 1 0 1 0 0 0 0 1 0 0 1 
1 0 1 0 0 0 1 0 1 0 1 1 1 0 0 0 1 0 0 0 1 0 0 0 1 0 0 1 1 1 0 1 0 0 0 0 1 1 1 0 1 0 1 0 0 1 0 0 1 1 0 0 
0 1 0 0 0 0 1 0 1 1 1 1 1 1 1 1 1 1 0 0 2 1 1 0 0 0 1 1 2 0 0 1 1 1 0 0 0 1 1 0 0 0 1 1 1 1 1 1 0 1 0 0 
1 1 0 0 1 0 1 1 0 0 1 1 1 0 0 1 1 1 1 1 1 0 1 1 1 0 1 1 3 0 1 1 1 1 1 0 0 1 0 1 0 0 0 0 0 1 1 1 0 0 1 0 
0 1 0 0 1 1 1 1 0 1 0 1 1 0 1 0 1 1 1 0 2 1 1 0 0 1 1 1 1 0 1 0 1 0 1 1 1 1 0 1 0 0 0 1 1 0 0 0 1 1 0 1 
0 0 1 0 1 0 0 0 0 0 0 0 1 0 0 0 1 0 0 1 3 0 1 0 1 1 0 0 2 1 1 0 0 1 0 1 1 1 1 1 1 1 0 1 1 0 0 1 0 0 1 1 
0 1 1 1 2 1 1 1 0 1 0 1 0 0 1 0 0 0 1 0 2 1 0 0 0 0 1 0 3 0 1 1 1 1 0 1 1 1 1 0 0 0 1 1 1 0 0 1 0 1 0 1 
0 1 0 0 0 0 1 1 1 0 1 1 1 0 0 0 0 0 0 0 3 1 1 1 1 0 1 1 0 0 0 1 0 1 1 0 0 0 0 1 1 1 1 0 0 1 0 0 0 0 1 1 
0 0 0 1 0 1 1 1 1 1 0 0 0 0 1 1 1 1 1 0 1 0 1 1 0 0 0 1 2 1 1 0 1 1 0 1 0 0 0 0 0 0 1 0 0 0 1 1 0 0 1 1 
0 1 1 0 0 0 0 1 0 0 1 0 0 0 0 1 1 0 1 0 3 1 0 1 0 1 0 1 3 0 1 1 1 0 0 1 0 0 1 0 0 0 1 1 0 1 1 0 1 1 0 0 
0 1 0 1 0 1 0 1 0 0 1 0 0 0 1 1 1 1 1 0 1 1 0 1 1 0 1 0 0 0 0 1 0 1 1 1 0 0 0 0 1 1 1 1 1 0 1 1 0 0 1 1 

# Size = 18 | Time = 46 ms
0 0 0 0 1 1 1 0 0 1 1 0 0 1 1 0 0 1 1 0 1 1 1 0 0 1 1 0 0 1 1 0 0 1 1 0 0 1 1 0 0 1 1 0 0 1 1 0 0 1 1 0 
1 0 1 1 2 1 0 1 0 0 0 0 0 0 0 0 0 0 1 1 2 0 0 1 1 1 0 0 0 1 1 0 0 0 1 1 1 0 0 1 1 1 0 0 0 1 1 0 0 0 1 1 
1 0 1 1 2 1 1 1 0 1 1 0 0 1 1 0 0 1 1 0 3 1 0 1 0 0 1 0 1 0 0 0 1 0 0 0 0 0 0 0 0 0 0 1 0 0 1 0 0 1 0 1 
1 1 1 0 1 0 1 0 1 0 1 0 1 0 1 0 1 1 1 1 0 0 0 0 1 0 1 0 0 0 0 0 1 0 0 1 1 0 1 1 1 0 1 0 0 0 1 0 1 0 0 1 
0 0 0 1 2 1 0 1 0 1 0 1 0 1 0 1 0 0 0 0 0 0 1 0 0 1 0 1 1 1 1 1 0 1 1 0 0 1 0 0 0 1 0 1 1 1 1 1 0 1 1 0 
0 0 1 0 2 0 1 0 1 0 0 0 0 0 1 1 0 1 0 1 0 1 0 1 1 1 1 0 2 0 1 1 1 0 0 1 1 0 0 1 0 1 0 1 1 1 1 0 1 1 0 1 
0 1 1 1 0 0 0 1 1 0 0 1 0 1 0 0 0 1 0 1 0 1 1 0 1 1 1 0 3 1 0 1 1 0 0 1 0 0 0 0 0 0 0 0 0 1 0 1 0 0 0 1 
0 1 0 0 2 0 0 1 1 0 0 0 1 0 1 0 1 0 1 1 1 1 1 1 1 1 0 1 1 0 0 1 1 0 0 1 1 0 0 0 1 0 1 1 1 1 0 1 0 0 0 0 
0 1 0 0 0 0 1 1 1 1 1 0 1 1 1 1 1 1 0 0 2 1 1 0 0 0 1 1 2 0 0 1 1 1 0 0 0 1 1 0 0 0 1 1 0 0 1 1 0 1 0 1 
1 0 0 0 1 1 0 0 0 0 1 0 1 0 0 1 1 0 1 0 1 0 1 1 0 0 0 1 3 0 0 0 0 1 1 0 1 1 0 1 1 1 0 1 1 0 1 0 1 0 1 1 
1 0 1 1 0 1 1 0 1 1 0 1 0 0 1 0 1 0 1 1 2 1 0 1 1 0 0 1 1 0 1 0 0 1 1 0 1 1 1 1 1 1 0 1 1 1 0 0 1 1 1 0 
1 0 0 1 1 0 1 1 1 1 0 1 1 1 1 0 0 0 0 0 2 1 0 1 1 0 0 1 3 1 1 1 1 0 1 1 1 1 0 0 1 0 1 0 0 1 0 0 1 1 0 0 
0 1 1 0 0 0 0 0 0 0 0 1 1 0 0 0 1 1 0 1 3 0 1 0 1 1 0 1 0 1 1 1 0 1 0 1 1 1 1 1 1 0 1 1 1 1 0 1 0 0 1 0 
1 1 0 1 1 1 1 0 1 1 1 1 1 1 0 1 1 0 1 1 3 0 0 0 0 0 1 1 2 1 1 0 1 1 1 1 0 0 1 1 1 1 1 0 0 1 1 0 1 0 1 0 
0 0 0 1 2 1 0 0 1 1 0 1 1 0 0 0 1 0 0 0 3 0 1 0 0 1 0 0 3 1 1 0 1 0 1 0 0 0 1 0 1 1 1 1 0 0 0 1 0 0 1 1 
1 0 1 1 0 1 1 0 0 1 0 1 0 1 1 1 1 0 0 0 1 1 0 1 0 1 1 0 0 0 1 0 1 0 0 0 1 1 0 0 0 0 0 0 0 1 1 1 0 1 0 0 
1 0 0 1 1 0 0 1 0 1 1 0 1 1 1 0 1 0 0 1 2 0 1 1 1 1 1 1 1 1 0 0 0 0 0 1 0 0 1 1 1 0 1 0 0 1 0 1 0 1 0 1 
1 1 1 1 1 0 0 0 0 0 0 1 0 1 0 0 0 1 1 1 1 1 0 1 0 0 0 0 2 1 0 1 0 0 1 1 0 0 0 0 0 0 0 0 0 1 0 0 1 1 0 1 

# Size = 18 | Time = 37 ms
0 0 0 0 1 1 1 0 0 1 1 0 0 1 1 0 0 1 1 0 1 1 1 0 0 1 1 0 0 1 1 0 0 1 1 0 0 1 1 0 0 1 1 0 0 1 1 0 0 1 1 0 
1 0 1 1 2 1 0 1 0 0 0 0 0 0 0 0 0 0 1 1 2 0 0 1 1 1 0 0 0 1 1 0 0 0 1 1 1 0 0 1 1 1 0 0 0 1 1 0 0 0 1 1 
1 0 1 1 2 1 1 1 0 1 1 0 0 1 1 0 0 1 1 0 3 1 0 1 0 0 1 0 1 0 0 0 1 0 0 0 0 0 0 0 0 0 0 1 0 0 1 0 0 1 0 1 
1 1 0 0 2 1 1 1 1 0 0 1 1 1 0 0 1 0 1 0 3 0 1 1 1 0 1 1 3 0 0 1 1 1 0 1 1 0 1 1 0 0 1 1 0 1 0 1 0 0 1 1 
1 0 1 0 2 0 1 0 0 1 0 0 1 0 1 0 1 1 1 0 3 0 0 0 0 0 0 1 2 1 0 0 0 1 0 0 0 0 0 1 0 1 1 1 0 1 0 0 1 0 1 1 
1 1 1 1 1 0 1 0 1 1 1 1 1 0 1 0 1 1 1 1 0 1 1 0 1 1 1 1 0 0 0 0 1 0 1 1 1 0 1 0 1 0 1 1 1 1 1 0 1 1 0 0 
0 0 0 0 1 1 0 1 0 0 0 0 0 1 0 1 0 0 0 0 0 0 1 1 0 0 0 0 1 1 1 0 0 1 1 0 0 1 0 1 0 1 0 0 0 1 1 1 0 0 1 1 
1 1 0 1 2 0 0 1 1 0 1 0 0 1 1 1 0 0 0 1 0 1 0 0 1 0 1 1 2 1 1 1 1 0 0 1 0 1 0 1 1 0 0 1 1 0 1 1 0 1 0 1 
0 0 0 1 0 0 0 0 0 1 1 1 0 1 0 0 0 1 0 1 0 1 0 1 1 1 0 0 3 1 1 1 1 1 1 0 0 1 1 0 1 0 0 0 0 1 0 0 1 1 0 0 
0 0 1 1 2 1 0 0 1 0 1 1 1 0 0 0 1 0 0 0 1 0 1 1 1 0 0 0 1 0 0 1 1 0 0 1 1 0 0 1 1 0 0 1 1 0 0 0 1 0 0 1 
0 1 1 0 0 1 1 1 0 1 0 1 1 0 1 1 1 0 0 1 1 0 1 1 0 1 0 0 2 0 0 1 0 0 1 1 1 1 1 0 0 1 1 0 0 1 1 1 0 0 1 0 
1 1 1 1 2 0 0 1 0 0 0 0 0 0 1 1 1 1 1 0 1 1 0 0 0 0 1 1 3 0 1 0 0 0 0 0 1 0 0 1 1 1 1 1 1 1 1 0 1 0 1 0 
0 1 0 0 0 0 1 0 1 1 1 1 1 1 1 1 1 1 0 0 2 1 1 0 0 0 1 1 1 0 0 1 1 1 1 0 0 1 1 0 0 0 1 1 1 1 1 1 0 0 0 0 
1 1 0 0 1 1 0 1 1 0 0 0 1 0 0 0 0 0 0 0 2 0 0 0 1 1 1 1 2 0 1 1 0 1 0 0 1 1 1 0 0 0 1 0 0 0 0 0 1 1 1 1 
1 0 0 0 1 0 0 0 1 1 0 1 0 1 0 0 0 0 1 1 2 0 0 1 1 1 1 1 3 0 0 1 1 0 1 0 0 1 1 0 0 1 1 0 0 0 0 1 0 0 0 1 
0 0 0 0 1 0 0 0 1 0 1 1 1 1 1 1 0 0 0 1 3 1 0 1 0 1 1 0 0 1 1 1 0 1 1 0 1 1 1 1 1 0 1 0 0 1 1 1 0 1 0 0 
1 0 0 1 0 0 0 0 0 0 0 0 0 1 0 0 0 1 1 0 3 1 1 0 1 0 0 0 0 0 1 0 1 0 0 0 1 0 0 1 0 1 0 1 1 0 0 0 0 0 1 1 
1 1 0 1 1 0 1 0 0 1 0 1 0 1 0 1 0 0 0 1 1 0 0 1 0 1 0 0 1 1 0 0 0 1 0 0 0 0 0 0 1 1 1 1 1 0 1 0 0 0 1 1 

# Size = 18 | Time = 41 ms
0 0 0 0 1 1 1 0 0 1 1 0 0 1 1 0 0 1 1 0 1 1 1 0 0 1 1 0 0 1 1 0 0 1 1 0 0 1 1 0 0 1 1 0 0 1 1 0 0 1 1 0 
1 0 1 1 2 1 0 1 0 0 0 0 0 0 0 0 0 0 1 1 2 0 0 1 1 1 0 0 0 1 1 0 0 0 1 1 1 0 0 1 1 1 0 0 0 1 1 0 0 0 1 1 
1 0 1 1 2 1 1 1 0 1 1 0 0 1 1 0 0 1 1 0 3 1 0 1 0 0 1 0 1 0 0 0 1 0 0 0 0 0 0 0 0 0 0 1 0 0 1 0 0 1 0 1 
1 1 0 0 2 1 1 0 1 1 1 1 1 1 0 0 1 0 1 0 3 1 1 0 1 1 1 1 3 0 1 1 0 1 1 1 1 0 1 1 0 0 1 1 0 1 0 0 1 1 1 1 
1 1 1 0 1 0 1 1 1 1 1 0 1 0 1 1 1 0 1 0 0 0 1 1 1 0 1 0 0 1 0 0 1 0 1 0 1 1 1 0 1 0 1 0 0 0 1 0 1 0 1 1 
1 0 0 1 1 1 0 0 0 0 0 1 0 1 0 0 0 1 0 1 0 1 0 0 0 1 0 1 1 1 1 1 0 1 0 1 0 0 0 1 0 1 0 1 1 1 0 1 0 1 1 0 
0 1 0 0 2 0 0 1 0 1 1 1 1 1 0 1 1 0 0 1 0 1 0 1 0 1 0 0 2 0 0 1 1 1 0 1 0 1 0 1 0 0 1 1 1 1 1 0 0 1 0 1 
0 0 1 1 0 0 0 1 0 1 1 0 1 0 1 0 0 1 1 1 0 1 0 1 0 0 0 0 3 1 0 1 1 0 0 0 1 1 1 1 1 1 1 0 0 0 0 1 0 0 0 1 
0 1 0 0 2 0 0 1 1 0 0 1 0 0 0 0 1 1 0 0 1 0 0 0 0 0 0 1 1 0 0 1 0 1 0 1 1 0 0 0 1 0 0 1 1 1 0 1 0 1 0 0 
1 0 0 1 0 1 1 0 1 0 1 1 0 0 0 0 1 1 0 0 1 0 1 0 1 1 0 1 2 0 1 0 1 1 0 1 0 0 0 0 0 0 1 0 0 0 0 0 1 0 1 1 
0 0 1 1 1 1 1 0 1 1 0 0 0 1 1 1 0 0 0 1 1 0 1 1 1 0 1 1 3 0 1 0 1 0 1 0 0 1 0 0 1 1 0 1 1 0 1 0 1 0 0 1 
0 1 1 0 0 0 1 0 1 1 1 1 1 1 1 0 1 0 0 0 2 1 0 1 1 0 1 1 1 0 1 1 1 1 0 1 0 1 1 0 0 0 1 1 1 0 0 0 1 1 0 1 
0 1 0 1 1 1 0 0 0 0 0 0 1 1 1 1 0 1 0 0 2 1 1 1 0 1 1 1 3 0 0 0 1 0 1 0 0 0 1 1 0 1 1 1 1 1 1 0 1 0 1 0 
0 1 1 0 0 0 0 1 0 0 0 1 0 0 0 1 1 0 0 1 3 0 1 0 1 0 0 1 0 1 0 1 0 0 0 0 0 1 0 0 1 1 1 0 0 1 1 1 0 0 0 0 
0 1 1 1 1 1 1 1 1 0 0 0 0 1 0 0 0 1 0 1 3 0 0 0 1 0 1 1 0 0 0 0 0 1 1 0 0 1 1 0 1 0 1 1 1 0 0 1 0 0 0 1 
1 0 1 0 1 1 0 1 1 1 0 0 0 1 1 1 0 0 1 1 3 1 1 1 1 0 1 1 2 1 0 0 0 0 1 0 1 0 1 0 1 1 0 1 1 1 1 0 0 0 1 0 
0 1 1 1 0 1 0 1 0 1 1 1 1 0 1 1 0 1 0 1 1 0 1 1 1 1 0 0 1 1 1 1 1 1 1 0 0 0 1 1 1 0 0 0 0 0 1 1 0 0 1 1 
0 0 0 1 0 0 0 0 1 1 0 0 0 1 0 0 1 1 0 0 2 0 1 0 0 1 1 0 2 1 0 1 1 1 1 0 1 1 1 0 0 0 1 1 0 0 1 1 0 1 0 1 

# Size = 19 | Time = 50 ms
0 0 0 0 1 1 1 0 0 1 1 0 0 1 1 0 0 1 1 0 1 1 1 0 0 1 1 0 0 1 1 0 0 1 1 0 0 1 1 0 0 1 1 0 0 1 1 0 0 1 1 0 
1 0 1 1 2 1 0 1 0 0 0 0 0 0 0 0 0 0 1 1 2 0 0 1 1 1 0 0 0 1 1 0 0 0 1 1 1 0 0 1 1 1 0 0 0 1 1 0 0 0 1 1 
1 0 1 1 2 1 1 1 0 1 1 0 0 1 1 0 0 1 1 0 3 1 0 1 0 0 1 0 1 0 0 0 1 0 0 0 0 0 0 0 0 0 0 1 0 0 1 0 0 1 0 1 
0 1 0 1 0 0 0 1 0 1 0 1 1 1 1 1 1 0 1 1 0 1 0 1 0 0 0 0 2 0 1 0 1 0 1 1 0 0 1 0 1 1 1 0 0 1 1 0 0 0 1 0 
1 1 1 0 1 0 0 0 0 0 1 0 0 0 1 1 0 1 0 0 0 1 1 1 1 0 0 0 1 1 0 1 0 1 1 0 1 1 1 1 1 1 0 1 1 1 1 1 0 0 1 1 
0 0 1 0 2 0 1 0 0 0 1 1 1 0 0 0 0 0 1 1 0 1 0 0 1 1 0 0 2 1 1 1 1 1 1 1 0 0 1 0 0 1 0 1 1 0 0 0 1 0 0 1 
0 0 1 0 0 1 0 1 1 1 0 0 1 0 1 0 0 1 0 1 0 1 1 1 0 0 0 0 3 1 0 0 0 0 0 0 0 1 1 0 0 0 0 1 1 1 0 1 0 0 1 1 
1 1 1 1 0 0 0 1 1 0 0 1 1 0 0 0 1 0 0 1 1 0 0 1 1 0 0 1 1 0 0 1 1 0 0 1 1 0 0 1 1 0 0 1 1 0 0 1 0 0 0 1 
1 1 1 0 2 1 1 0 1 0 0 1 1 0 0 1 1 1 1 0 1 0 0 0 0 1 0 1 2 0 0 1 0 0 0 1 1 1 0 1 0 0 0 1 1 1 1 0 1 1 0 0 
1 1 0 1 1 0 1 1 0 0 0 1 0 0 0 0 1 0 0 1 1 0 0 1 1 1 1 1 3 0 1 1 1 0 0 1 1 0 0 1 1 1 0 0 0 0 0 0 1 0 0 1 
0 0 0 1 1 0 1 0 1 0 0 1 1 1 0 1 0 1 0 0 2 1 1 0 0 1 1 1 1 1 0 1 1 1 1 0 0 0 0 0 0 0 1 1 1 1 1 0 1 0 1 0 
1 0 0 1 2 1 1 0 1 1 1 0 0 1 0 1 1 0 1 0 2 0 1 0 1 1 1 1 3 1 1 1 0 1 1 0 1 1 1 1 1 1 1 0 0 0 1 1 0 1 1 1 
0 1 0 0 0 0 0 0 1 0 0 1 1 0 0 1 1 0 0 1 3 0 1 0 1 0 0 1 0 0 0 1 1 1 1 1 1 1 1 1 1 1 1 1 1 1 1 0 1 0 0 0 
0 0 1 0 1 1 1 1 1 1 0 1 1 1 1 0 0 1 1 0 3 0 0 0 1 1 0 1 0 1 1 1 0 1 0 1 1 0 0 0 0 0 1 0 0 1 0 1 0 1 1 0 
1 0 1 0 1 0 1 0 0 1 0 0 0 1 1 1 1 0 0 0 3 1 1 1 0 1 1 0 2 1 0 0 1 1 0 0 1 1 1 0 1 1 1 0 0 0 1 0 1 0 0 1 
0 0 1 0 0 0 1 0 1 0 1 1 0 1 0 0 0 1 1 0 3 0 0 1 0 1 1 1 3 1 0 1 1 1 0 0 0 1 0 1 0 1 1 0 0 1 1 1 0 1 0 0 
0 1 1 0 2 1 0 1 0 0 0 0 1 1 1 0 1 0 0 1 0 0 1 1 1 0 1 1 0 1 1 0 0 1 1 1 0 0 0 1 0 0 0 0 0 0 0 1 0 1 1 1 
1 1 1 0 0 1 0 1 0 1 0 1 0 1 1 0 1 1 0 0 2 0 0 1 0 0 0 0 1 0 1 1 0 1 0 1 0 0 1 0 0 0 0 0 0 0 0 1 0 0 0 1 
0 0 0 1 2 1 0 0 0 1 1 1 1 0 1 0 0 1 1 0 2 0 1 0 1 1 1 1 2 0 0 1 0 1 1 0 1 0 1 1 0 0 0 0 0 0 0 1 0 1 0 1 

# Size = 19 | Time = 49 ms
0 0 0 0 1 1 1 0 0 1 1 0 0 1 1 0 0 1 1 0 1 1 1 0 0 1 1 0 0 1 1 0 0 1 1 0 0 1 1 0 0 1 1 0 0 1 1 0 0 1 1 0 
1 0 1 1 2 1 0 1 0 0 0 0 0 0 0 0 0 0 1 1 2 0 0 1 1 1 0 0 0 1 1 0 0 0 1 1 1 0 0 1 1 1 0 0 0 1 1 0 0 0 1 1 
1 0 1 1 2 1 1 1 0 1 1 0 0 1 1 0 0 1 1 0 3 1 0 1 0 0 1 0 1 0 0 0 1 0 0 0 0 0 0 0 0 0 0 1 0 0 1 0 0 1 0 1 
1 1 1 0 1 0 1 0 1 0 1 0 1 0 1 0 1 1 1 0 0 1 1 1 1 0 1 0 0 0 1 0 1 0 1 0 1 0 1 0 1 0 1 1 1 0 1 0 1 0 1 1 
0 0 0 1 1 1 0 1 0 1 0 1 0 1 0 1 0 0 0 1 0 0 0 1 0 1 0 1 1 1 0 1 0 1 0 1 0 1 0 1 0 1 0 0 0 1 1 1 0 1 1 0 
1 1 0 1 2 0 0 1 0 0 0 1 0 1 1 1 1 0 0 0 0 1 0 0 0 0 0 0 2 0 1 1 1 1 1 1 1 1 0 1 0 1 1 1 1 0 1 1 0 1 0 1 
0 1 1 1 0 0 0 1 0 1 0 1 1 0 1 0 0 1 0 1 0 1 0 0 1 0 0 1 3 0 0 0 0 0 0 1 0 1 1 0 1 0 0 0 0 0 0 0 1 1 0 1 
0 1 0 1 2 0 0 0 1 0 0 1 1 0 0 1 1 1 0 1 1 1 0 0 0 0 0 1 1 0 0 0 1 1 0 1 1 1 0 1 1 0 1 1 1 0 1 0 1 0 1 1 
0 1 0 0 2 0 1 0 1 0 0 1 1 1 1 1 1 1 0 1 2 1 1 0 0 1 1 1 2 1 0 0 1 0 0 0 0 0 0 0 0 0 1 0 0 1 1 1 0 0 1 0 
1 0 0 0 1 1 0 0 1 0 0 0 0 1 0 0 1 1 0 0 1 0 1 1 0 1 1 0 3 1 1 1 1 1 1 0 0 0 0 1 0 1 1 1 1 1 0 1 0 0 0 0 
1 0 1 0 1 1 1 0 1 1 1 0 1 0 1 0 1 0 1 0 2 0 0 0 1 0 1 1 1 1 1 1 0 1 1 1 1 1 1 1 0 1 0 1 1 0 0 1 0 1 1 1 
1 0 1 1 2 0 1 0 0 1 1 1 0 1 0 1 1 0 1 1 2 0 1 1 1 0 0 1 3 0 1 1 0 0 1 0 1 1 1 0 0 0 0 0 0 1 1 1 0 0 1 0 
0 0 0 0 0 0 0 0 1 0 0 1 1 0 0 1 1 0 0 1 3 0 1 0 0 1 0 1 0 1 1 1 0 1 0 1 1 1 1 1 1 1 1 0 0 1 1 1 0 0 1 0 
1 0 0 0 1 1 0 1 1 0 1 0 1 1 0 0 0 0 0 1 3 0 1 1 1 1 1 1 0 0 0 0 1 1 1 1 1 0 0 1 1 1 0 1 1 0 0 0 1 1 1 1 
0 1 1 1 1 1 1 0 1 1 1 0 0 0 0 0 0 1 1 0 3 0 1 1 1 1 0 0 2 1 0 1 0 0 1 0 0 1 1 0 1 1 0 0 0 1 0 0 1 0 0 0 
0 1 0 0 2 1 0 0 1 0 0 0 0 0 0 0 0 0 0 0 3 0 1 1 1 1 0 0 3 1 1 0 1 0 1 0 0 0 1 1 0 1 1 1 0 0 0 0 1 0 1 1 
1 0 0 0 0 1 1 1 1 1 1 0 0 1 1 1 1 1 1 0 2 1 0 1 1 1 1 0 0 1 0 0 1 1 1 0 1 0 0 1 0 0 1 1 1 1 1 0 1 0 0 1 
1 0 1 1 0 1 1 1 0 1 1 0 0 1 1 0 1 0 1 1 1 0 1 0 1 0 0 0 1 1 1 1 0 0 1 1 0 1 0 1 0 0 0 1 0 1 0 0 0 1 0 0 
1 0 0 0 0 0 0 1 1 0 1 0 0 0 1 1 0 0 1 0 1 0 1 1 0 0 0 1 2 1 1 1 0 0 0 1 0 1 1 0 0 0 0 1 0 1 1 0 0 1 0 0 

# Size = 19 | Time = 45 ms
0 0 0 0 1 1 1 0 0 1 1 0 0 1 1 0 0 1 1 0 1 1 1 0 0 1 1 0 0 1 1 0 0 1 1 0 0 1 1 0 0 1 1 0 0 1 1 0 0 1 1 0 
1 0 1 1 2 1 0 1 0 0 0 0 0 0 0 0 0 0 1 1 2 0 0 1 1 1 0 0 0 1 1 0 0 0 1 1 1 0 0 1 1 1 0 0 0 1 1 0 0 0 1 1 
1 0 1 1 2 1 1 1 0 1 1 0 0 1 1 0 0 1 1 0 3 1 0 1 0 0 1 0 1 0 0 0 1 0 0 0 0 0 0 0 0 0 0 1 0 0 1 0 0 1 0 1 
0 1 0 0 2 1 0 0 0 1 0 0 0 1 0 1 0 0 0 1 0 0 1 0 0 1 0 0 2 0 1 0 0 0 1 0 1 1 0 0 0 1 1 0 0 1 1 1 0 1 1 0 
1 0 1 1 0 1 1 1 1 1 1 1 1 0 0 1 1 1 1 1 0 1 1 0 1 1 1 0 0 1 0 1 1 1 0 1 0 1 1 0 1 0 0 1 1 1 1 0 1 0 1 0 
1 1 1 0 1 0 0 1 1 0 1 0 1 1 1 0 1 1 1 0 0 0 1 1 1 0 0 1 1 0 1 1 0 0 0 1 1 0 0 1 1 0 0 1 1 0 0 0 1 0 0 1 
0 0 1 0 0 0 0 0 0 1 0 1 1 1 1 0 0 1 0 0 0 0 0 0 0 1 1 0 2 1 0 1 1 1 1 1 0 0 1 0 1 0 0 1 0 0 0 0 0 0 1 1 
0 0 0 0 0 0 0 1 1 1 0 0 0 0 1 1 1 1 1 1 0 0 1 0 1 0 0 0 3 0 1 1 0 0 1 0 0 1 1 0 1 0 0 1 0 1 1 0 0 0 0 0 
1 1 0 1 0 0 1 1 1 0 0 1 1 0 0 1 1 0 0 0 1 0 0 0 0 0 0 1 1 0 1 1 1 0 0 1 1 0 1 0 0 0 0 1 1 0 1 1 0 0 0 1 
1 0 0 1 2 0 1 1 1 0 1 1 1 0 1 0 1 0 1 0 1 1 0 1 1 0 0 1 2 1 0 0 0 1 0 0 0 1 1 1 0 0 1 0 0 1 0 1 0 0 1 1 
1 1 1 1 1 1 1 0 0 0 0 1 1 0 0 1 0 0 0 1 1 1 0 1 0 1 1 1 3 1 0 0 1 1 0 1 1 0 0 1 0 1 1 0 0 0 1 1 0 1 0 1 
0 1 0 0 0 0 1 0 1 1 1 1 1 1 1 1 1 1 0 0 2 1 1 0 0 0 1 1 1 0 0 1 1 1 0 0 0 1 1 0 0 0 1 1 1 0 1 1 0 1 0 1 
0 1 0 1 1 0 0 0 0 0 0 1 0 1 1 0 1 0 0 1 2 0 0 1 0 0 0 1 2 0 0 0 1 0 1 0 1 1 1 1 0 1 1 1 1 1 0 0 1 0 0 0 
0 0 1 1 0 1 1 1 1 1 1 0 1 1 0 0 0 0 1 0 2 0 0 1 1 0 1 1 3 0 0 0 1 1 0 1 0 1 0 1 1 1 1 0 0 1 0 0 1 1 1 0 
0 1 0 0 1 1 0 0 1 1 0 1 1 0 0 0 1 0 0 1 3 0 1 0 1 1 0 1 0 0 1 1 0 1 1 1 1 1 1 1 1 1 1 0 0 1 0 1 0 0 1 0 
1 0 1 0 0 0 1 0 0 0 0 1 1 0 1 1 0 0 1 0 3 0 0 0 1 1 0 1 2 1 0 1 1 1 1 1 0 1 0 1 0 0 1 0 0 1 1 0 1 0 1 1 
1 0 0 0 2 1 1 0 1 1 1 0 1 1 0 0 0 0 1 1 3 1 1 0 1 0 1 1 3 1 0 1 0 0 0 0 0 0 1 1 0 0 1 1 1 0 1 0 1 0 0 1 
0 1 0 1 0 0 0 1 0 1 0 1 0 0 0 0 1 1 1 1 1 1 1 1 1 0 0 1 0 0 1 0 0 0 1 0 0 1 1 0 1 1 1 0 0 0 1 0 1 0 0 1 
0 0 0 1 1 0 0 0 0 1 1 1 1 0 1 1 0 1 1 1 1 1 1 1 0 1 0 0 1 1 0 0 1 1 1 1 0 0 0 1 0 1 0 0 0 1 1 0 0 0 1 0 

# Size = 18 | Time = 42 ms
0 0 0 0 1 1 1 0 0 1 1 0 0 1 1 0 0 1 1 0 1 1 1 0 0 1 1 0 0 1 1 0 0 1 1 0 0 1 1 0 0 1 1 0 0 1 1 0 0 1 1 0 
1 0 1 1 2 1 0 1 0 0 0 0 0 0 0 0 0 0 1 1 2 0 0 1 1 1 0 0 0 1 1 0 0 0 1 1 1 0 0 1 1 1 0 0 0 1 1 0 0 0 1 1 
1 0 1 1 2 1 1 1 0 1 1 0 0 1 1 0 0 1 1 0 3 1 0 1 0 0 1 0 1 0 0 0 1 0 0 0 0 0 0 0 0 0 0 1 0 0 1 0 0 1 0 1 
0 0 1 0 0 1 0 1 0 1 1 0 1 0 0 1 0 1 0 0 3 1 0 0 0 1 0 0 2 1 1 1 0 0 1 1 1 1 1 0 1 1 1 0 0 1 1 1 0 0 1 0 
1 1 1 0 1 0 1 0 1 0 1 1 1 0 1 1 1 1 1 0 0 1 1 0 1 0 1 0 0 1 0 1 1 0 1 1 1 1 1 0 1 0 1 1 0 0 1 0 1 0 1 1 
0 0 0 1 2 1 0 1 0 1 0 0 0 1 0 0 0 0 0 1 0 0 0 1 0 1 0 1 1 1 1 0 0 1 0 0 0 0 0 0 0 1 0 1 1 1 0 1 0 0 1 0 
1 1 0 1 2 0 1 1 0 1 0 1 0 1 1 1 1 0 1 0 0 0 1 1 1 1 0 1 2 0 1 1 0 1 0 1 0 1 0 1 0 0 0 0 0 0 1 0 1 1 0 1 
1 1 0 1 0 0 1 0 0 1 0 0 0 1 1 1 0 1 1 1 0 0 0 1 1 0 1 1 3 1 0 0 0 0 1 0 0 1 1 1 1 0 0 1 1 1 1 0 0 0 0 1 
0 1 1 0 0 0 1 0 1 0 1 1 1 0 0 0 1 1 1 0 1 1 0 1 1 0 1 1 1 0 1 0 1 1 0 0 1 1 0 1 0 0 0 1 1 0 0 0 0 0 0 1 
1 0 0 0 2 1 0 0 1 0 0 1 1 1 1 0 1 0 1 1 1 1 1 0 0 0 1 1 2 0 0 0 1 0 1 0 1 0 1 1 1 1 1 1 1 0 0 0 1 1 0 1 
0 0 1 0 1 1 0 1 1 0 1 1 1 0 0 0 1 0 0 0 1 1 0 1 0 1 0 0 3 0 0 1 1 1 0 1 1 0 0 0 0 0 1 1 1 1 0 0 1 1 1 0 
0 1 0 0 0 0 1 0 1 1 1 1 1 1 1 1 1 1 0 0 2 1 1 0 0 0 1 1 1 0 0 1 1 1 0 0 0 1 1 0 0 0 1 1 1 0 1 1 0 1 0 1 
1 1 1 1 1 1 0 1 1 0 1 0 1 0 1 0 1 0 0 1 2 0 1 0 1 1 1 1 2 0 1 1 0 0 0 1 1 0 0 1 0 0 1 0 0 1 0 0 1 0 0 0 
1 1 0 0 2 0 1 1 1 0 0 1 1 0 0 0 0 1 1 1 2 0 1 0 1 0 0 0 3 1 1 0 1 1 1 0 1 1 0 1 0 1 0 0 0 0 0 1 0 1 0 1 
0 1 0 1 1 0 0 0 1 0 0 1 0 0 1 0 1 1 0 1 3 0 1 0 1 0 0 1 0 0 1 0 0 1 0 1 0 1 0 1 1 1 0 1 1 1 0 1 0 1 0 0 
0 0 1 0 0 0 0 1 1 1 0 1 1 0 0 1 0 0 0 1 3 1 0 1 1 1 0 0 3 1 1 1 0 0 0 1 1 0 0 0 1 0 0 0 0 1 1 0 1 1 0 1 
0 1 1 1 0 0 1 1 0 0 1 0 0 0 1 1 0 0 1 1 1 0 1 0 0 0 0 0 0 0 0 0 1 1 0 1 0 0 0 1 1 0 1 0 0 0 1 1 0 0 0 1 
0 0 0 1 1 0 0 1 0 0 0 0 1 0 1 0 0 1 0 0 0 0 1 0 0 1 0 0 1 0 0 1 1 0 1 1 0 0 1 0 1 1 1 0 0 1 1 0 1 0 0 0 

# Size = 19 | Time = 58 ms
0 0 0 0 1 1 1 0 0 1 1 0 0 1 1 0 0 1 1 0 1 1 1 0 0 1 1 0 0 1 1 0 0 1 1 0 0 1 1 0 0 1 1 0 0 1 1 0 0 1 1 0 
1 0 1 1 2 1 0 1 0 0 0 0 0 0 0 0 0 0 1 1 2 0 0 1 1 1 0 0 0 1 1 0 0 0 1 1 1 0 0 1 1 1 0 0 0 1 1 0 0 0 1 1 
0 0 1 1 1 0 1 0 0 0 1 0 1 0 0 0 0 0 0 0 2 0 0 0 0 1 0 1 3 0 0 0 0 1 1 1 0 0 0 0 0 1 0 1 1 0 1 0 0 1 0 1 
1 0 1 1 2 1 1 1 0 1 1 0 0 1 1 0 0 1 1 0 3 1 0 1 0 0 1 0 1 0 0 0 1 0 0 0 0 0 0 0 0 0 0 1 0 0 1 0 0 1 0 1 
1 1 0 0 2 1 1 1 0 0 0 1 0 1 0 0 0 0 1 1 3 0 0 1 1 1 1 1 3 1 1 0 0 1 0 0 1 1 1 0 0 0 1 0 0 0 0 1 0 0 1 1 
0 1 0 1 1 1 1 0 0 1 1 1 1 1 1 0 1 1 1 1 0 1 0 0 1 1 0 1 1 1 1 1 0 1 0 0 0 1 1 0 0 1 1 0 0 0 0 0 0 0 1 1 
1 0 1 1 0 1 0 1 1 0 0 0 1 0 1 1 1 0 1 0 0 1 0 1 1 1 1 0 0 0 0 0 1 0 1 1 1 0 1 0 1 1 1 1 1 1 1 0 1 1 0 0 
1 1 0 0 1 1 0 1 1 0 1 1 1 0 0 1 0 1 0 0 0 1 1 1 1 0 1 1 1 0 1 1 0 0 1 1 1 0 1 1 1 1 0 1 1 1 1 1 0 0 0 0 
1 1 1 1 2 0 0 1 1 0 0 0 1 0 0 0 1 0 1 1 1 0 0 1 1 0 0 1 2 0 1 1 1 0 1 1 1 0 1 1 1 0 1 1 1 0 0 0 0 0 1 1 
0 0 1 1 0 0 0 1 1 1 0 0 0 0 1 1 0 1 0 1 0 1 1 0 0 0 1 0 3 0 0 1 1 0 0 0 1 1 0 1 1 0 0 0 0 1 1 1 0 0 0 1 
1 0 0 0 0 0 0 0 0 1 0 1 0 1 0 1 1 0 0 1 1 0 1 1 0 0 0 1 1 1 0 0 0 1 0 0 1 1 0 1 0 0 1 1 1 1 1 1 0 0 1 0 
0 1 0 0 0 1 1 0 1 1 1 1 0 1 1 0 1 1 0 0 2 1 1 1 0 0 1 0 2 1 0 1 1 1 0 0 0 1 1 1 1 1 1 0 0 1 0 1 0 1 0 0 
0 0 0 1 2 0 1 0 0 1 1 0 0 0 0 1 1 1 0 1 1 0 1 0 0 1 0 0 3 1 1 0 0 1 1 0 0 0 1 0 0 0 0 0 0 1 1 0 1 0 0 0 
1 0 1 0 1 1 0 0 1 0 0 1 1 1 1 0 0 1 1 1 2 0 1 0 1 0 1 0 1 0 0 0 1 0 1 1 0 1 0 0 0 0 0 1 0 0 0 0 1 1 1 1 
1 0 0 1 1 0 0 1 0 1 1 1 0 1 0 1 0 1 1 1 2 0 1 0 0 1 0 0 2 0 0 0 0 0 1 0 1 0 0 0 0 0 0 1 0 1 1 0 1 1 0 0 
0 1 0 1 1 0 0 0 1 1 0 1 1 0 1 0 1 0 0 0 3 0 1 0 1 0 0 1 0 1 0 1 1 0 0 1 0 0 0 1 1 1 1 1 1 1 0 0 1 0 1 0 
1 0 1 0 0 1 0 0 0 1 0 1 0 1 1 1 0 0 1 0 3 1 1 0 1 1 0 1 2 1 1 0 0 1 1 0 1 1 1 0 0 1 1 1 0 0 1 1 0 0 0 1 
0 0 0 0 2 1 1 0 0 0 0 1 0 1 0 1 0 1 1 0 0 0 1 1 0 1 1 0 0 0 0 0 0 0 1 0 1 1 0 1 1 0 0 0 0 0 1 1 0 0 0 1 
1 0 1 1 1 1 0 1 0 1 1 1 1 1 1 1 0 1 0 1 0 0 1 1 0 0 0 1 2 0 1 0 0 1 1 1 0 0 1 1 1 1 1 1 0 1 1 1 0 1 1 1 

# Size = 18 | Time = 39 ms
0 0 0 0 1 1 1 0 0 1 1 0 0 1 1 0 0 1 1 0 1 1 1 0 0 1 1 0 0 1 1 0 0 1 1 0 0 1 1 0 0 1 1 0 0 1 1 0 0 1 1 0 
1 0 1 1 2 1 0 1 0 0 0 0 0 0 0 0 0 0 1 1 2 0 0 1 1 1 0 0 0 1 1 0 0 0 1 1 1 0 0 1 1 1 0 0 0 1 1 0 0 0 1 1 
0 0 1 0 1 1 1 1 0 0 1 1 1 0 0 0 1 0 0 0 2 0 0 0 0 0 0 0 3 0 1 0 0 0 1 0 0 0 0 0 0 0 0 1 1 0 1 0 1 1 0 1 
1 0 1 1 2 1 1 1 0 1 1 0 0 1 1 0 0 1 1 0 3 1 0 1 0 0 1 0 1 0 0 0 1 0 0 0 0 0 0 0 0 0 0 1 0 0 1 0 0 1 0 1 
0 1 0 1 0 0 0 0 0 1 1 0 1 0 1 1 1 1 1 0 3 0 0 0 0 1 0 0 1 1 1 0 0 1 0 0 0 1 0 1 0 1 0 0 0 0 1 0 0 0 0 1 
1 1 1 1 1 0 1 1 1 1 1 0 1 0 1 1 1 1 1 1 0 0 0 0 1 0 1 0 0 0 1 0 1 1 0 1 1 1 1 0 1 0 1 0 0 0 1 0 1 1 0 1 
0 0 1 0 1 0 0 0 0 0 0 1 0 1 0 0 0 0 0 0 0 1 1 1 0 1 0 1 1 1 0 1 0 0 1 0 1 0 1 1 0 1 0 1 1 1 0 1 0 0 1 0 
1 1 1 0 2 0 1 1 1 1 0 0 1 1 1 0 1 1 0 1 0 1 0 0 0 0 1 1 2 1 0 1 0 1 0 1 0 0 0 0 1 1 1 1 1 0 0 1 0 1 0 1 
0 0 0 1 0 1 0 1 1 1 1 0 0 1 1 1 0 1 0 1 0 1 1 1 1 1 1 1 3 0 1 1 1 0 0 1 0 0 1 0 1 1 1 0 0 0 1 1 0 0 0 1 
1 1 1 1 0 1 0 1 1 0 0 1 1 1 0 0 1 0 0 1 1 0 1 1 1 0 0 1 1 0 0 0 1 0 0 1 1 0 0 1 1 0 0 0 0 0 0 1 0 1 1 1 
0 0 0 1 2 1 0 1 1 0 0 1 1 0 0 1 1 1 1 0 1 0 1 1 1 0 0 1 2 0 0 1 1 0 0 1 1 1 1 1 1 0 1 0 0 1 1 0 1 0 0 0 
1 1 0 1 2 0 1 0 1 1 0 1 0 0 0 0 0 0 1 1 1 1 0 0 1 1 1 0 3 1 0 1 1 1 1 1 1 1 0 1 0 0 1 1 1 1 0 0 1 0 1 0 
1 1 0 0 0 0 1 0 1 1 1 1 0 1 1 1 1 1 0 1 2 1 1 1 1 0 1 1 1 0 0 1 1 1 0 0 1 1 1 0 1 1 1 1 1 1 1 0 1 0 1 0 
1 1 0 0 1 1 1 0 0 0 1 1 1 0 1 0 0 0 1 1 2 1 0 1 0 1 1 0 2 0 1 0 1 1 1 0 1 1 1 0 0 0 0 1 1 0 0 1 0 1 1 1 
0 0 1 0 1 1 0 1 1 0 0 1 0 0 0 0 0 0 0 1 3 0 1 1 1 1 1 1 0 0 0 1 0 1 1 1 1 1 1 1 1 1 1 1 1 1 0 1 0 1 1 0 
0 0 1 1 2 1 1 1 0 0 0 0 0 0 0 1 0 0 0 1 3 0 0 1 1 1 1 0 3 0 0 0 1 0 1 0 0 1 1 0 0 0 1 0 0 1 1 0 1 1 0 0 
1 1 0 0 0 1 0 1 1 1 1 0 0 1 1 1 1 0 0 1 1 1 0 1 1 1 1 1 0 1 1 0 0 1 1 1 1 0 0 1 0 0 0 0 0 1 1 1 0 1 1 1 
1 1 1 1 0 0 0 0 0 0 1 0 0 0 1 0 1 0 1 1 3 1 0 1 1 0 1 0 2 0 1 1 1 1 0 1 1 1 0 0 0 1 0 1 0 1 1 0 1 0 1 0 

# Size = 19 | Time = 40 ms
0 0 0 0 1 1 1 0 0 1 1 0 0 1 1 0 0 1 1 0 1 1 1 0 0 1 1 0 0 1 1 0 0 1 1 0 0 1 1 0 0 1 1 0 0 1 1 0 0 1 1 0 
1 0 1 1 2 1 0 1 0 0 0 0 0 0 0 0 0 0 1 1 2 0 0 1 1 1 0 0 0 1 1 0 0 0 1 1 1 0 0 1 1 1 0 0 0 1 1 0 0 0 1 1 
0 0 1 1 1 1 1 1 1 0 1 1 1 0 0 0 1 0 0 1 2 0 0 0 0 1 0 1 3 0 0 0 0 1 1 0 0 0 0 0 0 1 0 1 1 0 1 0 0 1 0 1 
1 0 1 1 2 1 1 1 0 1 1 0 0 1 1 0 0 1 1 0 3 1 0 1 0 0 1 0 1 0 0 0 1 0 0 0 0 0 0 0 0 0 0 1 0 0 1 0 0 1 0 1 
1 0 0 0 0 1 1 0 0 0 1 0 0 1 0 0 1 0 1 1 0 1 0 0 0 1 0 0 2 0 0 1 0 1 1 0 0 0 0 1 0 1 0 0 0 1 0 0 1 1 1 0 
0 1 1 0 1 0 1 1 1 1 1 1 1 0 1 1 0 1 1 1 0 1 1 1 1 0 1 0 0 1 0 1 1 1 1 1 1 1 1 0 1 1 0 1 1 1 1 1 0 0 0 1 
0 0 0 0 1 0 0 0 1 0 1 0 0 0 0 0 1 0 0 1 0 0 0 1 1 1 0 1 1 0 1 0 1 1 1 0 1 1 0 1 1 1 1 1 1 1 0 0 1 1 0 0 
0 0 1 0 2 0 0 1 0 0 0 1 0 1 1 1 0 0 0 1 0 0 1 1 0 1 1 0 2 0 1 1 1 0 0 1 1 1 1 0 1 0 1 1 0 0 1 1 0 0 0 1 
0 1 0 0 0 0 0 1 0 1 0 0 0 1 1 0 0 0 1 0 0 1 1 1 1 0 1 0 3 1 1 1 1 0 0 1 1 0 1 0 1 0 1 0 0 1 0 0 1 0 0 0 
1 1 1 1 0 0 0 1 1 0 0 1 1 0 0 0 1 0 0 1 1 0 0 1 1 0 0 1 1 0 0 1 1 0 0 1 1 0 0 1 1 0 0 1 1 0 0 1 0 0 0 1 
1 1 1 1 2 1 0 0 1 1 0 0 1 0 0 1 1 1 1 0 1 0 1 0 1 0 1 1 2 1 1 0 1 1 0 0 1 1 1 1 0 0 1 0 0 1 1 0 1 0 1 0 
1 0 0 1 1 1 0 0 0 0 0 1 1 1 1 1 0 1 0 0 1 1 0 0 1 0 0 1 3 1 1 0 0 0 0 0 0 1 1 1 0 1 0 1 1 1 1 1 0 1 1 0 
1 1 0 0 0 0 1 0 1 1 0 0 0 1 1 1 1 1 0 0 2 1 1 0 0 0 1 0 1 1 0 1 1 0 0 1 0 1 1 0 1 0 1 0 0 1 1 1 0 1 0 0 
0 0 0 1 1 0 0 0 1 1 1 1 0 1 1 0 1 1 0 0 2 0 1 0 0 0 0 1 2 1 1 1 0 1 1 1 0 1 0 0 0 0 0 1 1 1 0 0 1 0 1 1 
0 1 0 0 1 0 0 0 1 0 0 1 1 0 0 0 1 0 0 1 3 0 1 0 1 1 0 1 0 1 1 1 0 1 0 1 1 1 1 1 1 1 1 0 0 1 0 1 0 0 1 0 
0 0 0 1 2 1 1 0 1 0 1 0 0 0 0 0 0 1 0 0 3 1 1 1 0 1 0 0 2 1 1 0 1 0 1 1 0 1 1 0 1 0 1 1 1 0 0 0 1 1 1 1 
0 1 0 0 2 0 1 1 0 0 0 0 1 1 0 1 1 1 1 0 3 0 1 1 1 1 1 0 3 1 1 1 0 0 0 0 1 0 0 1 0 0 1 1 0 1 1 1 0 1 0 1 
0 0 0 0 0 0 0 1 0 1 1 0 0 0 1 0 1 1 0 0 3 0 0 0 0 1 0 0 0 0 1 0 1 1 1 1 1 0 1 1 1 0 1 0 0 0 0 0 1 1 0 1 
1 1 0 1 1 0 1 0 1 0 0 1 0 1 1 1 0 1 0 1 0 0 1 1 0 1 0 0 1 1 0 1 0 0 0 1 1 1 0 0 0 1 0 1 0 1 1 1 0 0 1 1 

# Size = 19 | Time = 44 ms
0 0 0 0 1 1 1 0 0 1 1 0 0 1 1 0 0 1 1 0 1 1 1 0 0 1 1 0 0 1 1 0 0 1 1 0 0 1 1 0 0 1 1 0 0 1 1 0 0 1 1 0 
1 0 1 1 2 1 0 1 0 0 0 0 0 0 0 0 0 0 1 1 2 0 0 1 1 1 0 0 0 1 1 0 0 0 1 1 1 0 0 1 1 1 0 0 0 1 1 0 0 0 1 1 
0 0 1 0 1 0 1 0 1 0 1 0 1 0 0 0 0 0 0 1 2 0 0 0 0 1 0 1 3 0 1 0 1 1 1 1 0 0 0 0 0 0 0 1 1 0 0 0 0 1 0 1 
1 0 1 1 2 1 1 1 0 1 1 0 0 1 1 0 0 1 1 0 3 1 0 1 0 0 1 0 1 0 0 0 1 0 0 0 0 0 0 0 0 0 0 1 0 0 1 0 0 1 0 1 
0 1 0 1 1 1 1 1 1 0 1 0 1 1 1 1 1 0 1 0 0 1 0 1 1 0 1 0 0 1 0 0 0 0 1 0 0 1 0 1 0 0 0 0 0 0 1 0 1 1 0 1 
1 1 0 0 1 0 0 0 1 1 0 0 1 0 0 0 1 1 0 1 0 0 1 1 1 0 0 1 1 0 1 1 0 0 1 0 1 0 1 1 0 1 0 1 1 0 1 1 0 0 1 1 
0 1 0 0 2 0 0 1 0 1 1 0 1 1 0 1 1 0 0 0 0 0 0 0 0 0 1 1 2 0 0 0 0 0 0 0 1 0 1 0 1 0 1 1 0 1 1 0 1 1 0 1 
0 1 1 0 0 1 0 1 0 1 0 1 1 0 1 1 1 1 1 0 0 1 1 1 1 0 1 0 3 0 0 1 0 1 1 0 1 0 1 1 0 1 0 0 0 1 1 1 0 0 1 0 
1 1 1 1 2 0 1 1 1 0 0 1 1 1 1 1 1 1 1 1 1 1 0 1 0 0 0 0 1 0 0 1 1 0 0 1 1 0 0 1 1 0 1 1 1 0 1 1 0 1 0 1 
1 0 1 1 0 0 1 1 1 0 0 0 0 0 0 0 1 1 1 0 1 1 0 1 0 1 1 1 2 1 1 1 0 1 1 1 0 1 0 1 0 0 0 0 0 0 0 0 1 0 1 1 
1 1 0 1 2 0 0 0 1 1 1 1 0 1 1 0 0 0 0 1 1 0 0 0 1 1 0 1 3 1 0 0 1 0 0 1 1 1 1 0 1 1 1 0 0 1 0 0 1 0 1 0 
0 1 0 1 2 1 1 0 0 1 1 1 0 0 1 0 1 1 0 1 2 1 1 0 0 0 1 1 1 1 0 1 0 1 0 0 1 1 1 0 0 0 1 1 1 1 0 1 0 0 0 0 
0 0 0 1 0 1 1 0 1 0 1 1 0 1 1 1 0 1 0 0 2 0 1 0 1 0 0 0 2 0 1 0 1 0 0 0 1 1 0 0 0 1 1 1 1 1 1 1 0 1 0 0 
0 1 0 0 0 0 0 0 1 0 0 1 1 0 0 1 1 0 0 1 3 0 1 0 1 1 0 1 0 0 1 1 0 1 1 1 0 1 1 1 1 1 1 0 0 1 1 1 0 0 1 0 
0 0 1 1 1 1 1 1 1 0 0 1 0 0 0 0 1 0 1 0 3 0 1 1 0 0 0 0 0 1 1 1 1 1 0 1 1 1 1 0 1 0 1 1 1 1 0 0 1 1 0 0 
0 1 0 1 1 1 0 1 0 1 1 0 1 1 0 1 1 1 0 1 3 0 0 0 0 0 0 1 2 1 0 1 0 0 0 1 0 1 0 0 0 0 0 1 1 0 1 0 1 1 0 1 
0 0 1 1 1 1 0 0 0 0 0 0 1 0 1 1 0 0 0 1 3 0 0 1 0 0 1 1 3 1 0 0 1 1 1 1 1 1 1 0 1 1 1 0 0 0 1 0 0 1 0 1 
0 1 0 0 0 0 0 0 1 0 1 1 1 1 0 0 1 0 0 0 2 0 0 1 0 1 0 0 1 0 0 1 1 0 1 1 1 0 1 1 1 0 1 0 0 1 1 0 1 1 0 1 
0 0 1 1 2 1 1 1 0 1 0 1 0 0 0 0 0 1 1 0 0 0 1 0 0 1 0 0 3 0 1 1 1 0 1 1 1 0 1 0 1 0 0 0 0 0 0 1 0 0 0 1 

# Size = 18 | Time = 46 ms
0 0 0 0 1 1 1 0 0 1 1 0 0 1 1 0 0 1 1 0 1 1 1 0 0 1 1 0 0 1 1 0 0 1 1 0 0 1 1 0 0 1 1 0 0 1 1 0 0 1 1 0 
1 0 1 1 2 1 0 1 0 0 0 0 0 0 0 0 0 0 1 1 2 0 0 1 1 1 0 0 0 1 1 0 0 0 1 1 1 0 0 1 1 1 0 0 0 1 1 0 0 0 1 1 
1 0 1 1 2 1 1 1 0 1 1 0 0 1 1 0 0 1 1 0 3 1 0 1 0 0 1 0 1 0 0 0 1 0 0 0 0 0 0 0 0 0 0 1 0 0 1 0 0 1 0 1 
0 1 1 1 0 1 1 1 1 0 0 1 1 0 1 1 1 0 1 1 0 1 0 0 1 1 1 0 0 0 0 1 1 1 0 1 0 0 1 0 1 1 0 1 1 0 1 0 1 1 0 1 
1 1 0 0 1 0 1 1 1 0 0 0 1 0 0 1 1 1 0 0 0 0 0 0 1 0 0 1 1 1 0 0 0 1 1 1 1 0 0 1 1 1 1 1 0 1 1 1 0 0 1 0 
1 1 1 0 2 0 0 1 1 1 0 1 1 0 0 0 1 0 0 1 1 0 0 1 1 0 1 1 2 0 0 1 1 0 0 1 1 0 1 0 1 0 1 1 1 0 0 1 0 1 0 1 
0 0 0 1 0 0 1 1 0 1 0 0 0 1 1 1 1 0 0 1 0 1 0 1 0 1 0 1 3 1 1 0 0 0 1 1 0 1 1 0 0 1 0 0 0 1 1 0 0 1 0 1 
1 1 1 1 0 1 0 0 1 0 1 1 0 0 1 1 0 1 0 1 1 1 1 1 1 0 0 0 1 0 1 1 1 1 1 1 1 1 0 1 0 0 0 0 0 1 1 0 1 0 1 0 
1 0 0 0 2 0 1 0 1 0 1 0 1 0 0 0 0 1 1 0 1 0 1 0 0 0 1 0 3 0 0 1 1 1 0 0 1 1 0 1 1 0 1 1 0 1 0 0 1 0 1 0 
0 1 0 0 0 0 1 0 1 1 0 1 1 1 1 1 1 1 0 0 2 1 1 1 0 0 1 1 1 1 0 1 0 1 0 0 1 1 1 0 0 0 1 1 1 0 1 1 0 1 0 1 
0 0 0 1 1 1 0 1 0 1 1 1 0 1 1 0 1 0 1 0 2 1 1 0 0 1 0 0 2 0 1 0 1 0 0 0 0 1 0 1 0 0 0 0 0 1 0 0 1 0 0 0 
1 1 1 1 1 1 0 0 0 0 1 1 0 1 0 0 0 0 1 1 2 0 1 1 1 1 0 1 3 1 1 1 1 1 1 0 0 0 0 1 0 0 0 1 1 0 1 1 0 0 1 1 
0 1 0 0 0 0 0 0 1 0 0 1 1 0 0 0 1 0 0 1 3 0 1 0 1 0 0 1 0 1 1 1 0 0 1 1 1 1 1 1 1 1 1 0 0 1 0 1 0 0 1 0 
1 1 0 1 1 1 1 0 0 0 1 0 1 1 0 1 0 1 1 0 3 1 0 1 0 1 1 1 2 0 0 1 0 1 1 0 0 0 0 0 1 1 1 0 0 0 1 0 1 0 1 1 
0 0 1 0 2 0 0 0 1 1 1 0 0 0 1 1 1 1 1 0 3 0 1 0 1 0 0 0 3 1 0 0 0 0 0 0 0 1 0 1 0 0 0 1 1 1 1 1 0 1 0 0 
1 1 0 0 2 1 0 0 0 0 1 1 0 0 1 0 0 0 1 1 0 1 1 0 0 1 1 1 0 0 0 0 0 1 0 0 1 1 0 1 1 0 1 0 0 0 0 0 1 0 0 1 
0 1 1 0 0 1 0 1 1 0 1 1 0 1 0 0 1 0 1 0 1 1 1 0 1 1 1 1 1 0 1 1 1 1 0 0 0 0 0 0 0 0 0 1 0 0 0 0 1 0 0 1 
1 1 0 1 0 1 1 1 1 0 0 0 1 0 1 0 1 1 0 0 0 0 1 1 1 0 1 0 2 1 0 1 1 1 0 1 0 1 0 1 1 1 0 1 1 0 1 0 1 0 1 1 

# Size = 18 | Time = 44 ms
0 0 0 0 1 1 1 0 0 1 1 0 0 1 1 0 0 1 1 0 1 1 1 0 0 1 1 0 0 1 1 0 0 1 1 0 0 1 1 0 0 1 1 0 0 1 1 0 0 1 1 0 
1 0 1 1 2 1 0 1 0 0 0 0 0 0 0 0 0 0 1 1 2 0 0 1 1 1 0 0 0 1 1 0 0 0 1 1 1 0 0 1 1 1 0 0 0 1 1 0 0 0 1 1 
1 0 1 1 2 1 1 1 0 1 1 0 0 1 1 0 0 1 1 0 3 1 0 1 0 0 1 0 1 0 0 0 1 0 0 0 0 0 0 0 0 0 0 1 0 0 1 0 0 1 0 1 
1 0 1 1 1 0 1 0 0 0 1 1 1 0 1 0 0 1 1 0 3 0 0 1 0 0 0 1 1 1 0 0 0 0 0 1 0 0 0 1 1 0 1 0 0 1 0 0 0 0 1 0 
1 1 1 1 0 0 1 1 1 1 0 1 1 0 1 0 1 1 1 1 0 1 0 0 1 1 1 0 0 1 0 0 0 1 0 1 0 1 1 0 1 0 0 1 1 1 0 0 0 1 0 1 
0 1 0 0 1 0 0 0 1 1 0 1 1 1 0 1 1 0 0 1 0 0 1 0 1 1 0 1 1 0 1 1 1 1 1 1 1 1 0 0 0 1 0 0 0 0 1 1 0 0 0 1 
1 0 0 1 2 0 0 0 1 0 0 1 0 0 0 0 0 0 0 0 0 1 1 0 1 1 0 0 2 0 1 1 1 0 0 1 0 1 1 0 0 1 1 1 1 0 0 0 1 0 0 1 
0 0 0 1 0 0 1 1 1 1 0 0 0 0 0 0 1 1 0 1 0 0 0 1 1 1 0 0 3 1 0 1 1 0 1 0 0 1 0 0 0 1 0 1 1 1 0 1 0 1 0 1 
1 1 1 1 0 0 0 1 1 0 0 1 1 0 0 0 1 0 0 1 1 0 0 1 1 0 0 1 1 0 0 1 1 0 1 1 1 0 0 1 1 0 0 1 1 0 0 0 1 0 0 1 
0 1 1 0 2 1 1 1 1 1 1 0 1 0 0 1 1 0 0 1 1 0 0 1 1 0 1 0 2 1 0 0 0 1 0 0 1 0 1 1 0 0 0 0 0 1 1 1 0 0 1 0 
1 1 1 0 1 1 0 1 0 1 1 1 1 1 1 1 0 0 0 0 1 1 1 1 0 0 1 0 3 0 1 1 0 1 0 1 1 0 1 1 1 0 1 1 0 0 1 0 1 0 1 1 
0 1 0 0 1 1 1 0 1 1 1 1 1 1 1 0 1 1 0 0 2 1 1 0 0 0 0 1 1 1 0 0 1 1 0 0 1 1 1 0 0 0 1 1 1 0 0 0 1 1 1 1 
0 0 1 1 0 0 0 0 0 0 0 0 1 1 0 1 1 1 1 1 2 0 0 0 0 1 0 1 2 0 1 1 1 0 1 0 0 0 0 0 1 0 1 0 0 1 1 0 1 1 0 0 
0 1 0 0 2 0 0 0 0 0 0 0 1 1 1 1 1 1 1 1 2 1 0 0 0 0 1 1 3 1 1 0 1 1 1 0 1 0 0 1 1 0 1 0 0 1 1 1 0 1 0 0 
0 1 0 0 0 1 0 0 1 0 0 0 0 1 0 1 1 0 0 1 3 1 1 0 1 1 1 1 0 0 1 1 1 1 1 1 1 1 1 1 1 1 1 1 1 0 1 1 0 1 1 1 
1 0 0 0 1 1 0 0 0 0 1 0 1 0 1 0 1 1 0 1 3 1 0 1 0 1 1 0 2 1 0 1 0 0 1 1 1 0 0 1 1 1 0 1 1 1 0 0 1 1 1 0 
1 0 1 0 0 0 1 0 0 1 1 1 0 0 1 1 0 1 1 0 3 1 1 0 1 0 1 1 3 0 0 1 1 1 0 1 1 1 0 1 1 0 0 1 1 1 1 1 0 0 0 1 
1 1 1 0 1 1 1 0 0 0 1 0 0 0 0 1 0 1 0 1 0 1 1 1 0 0 0 1 0 1 1 0 1 1 0 1 0 0 1 1 1 1 1 1 0 1 1 0 1 1 1 0 

