# Size = 19 | Time = 62 ms
0 0 0 0 0 0 0 0 0 0 0 0 0 0 0 0 0 0 0 0 0 0 0 0 0 0 0 0 0 0 0 0 0 0 0 0 0 0 0 0 0 0 0 0 0 0 0 0 0 0 0 1 
1 1 1 1 1 1 1 1 1 1 1 1 1 1 1 1 1 1 1 1 0 1 1 1 1 1 1 1 1 1 1 1 1 1 1 1 1 1 1 1 1 1 1 1 1 1 1 1 0 1 1 0 
1 1 1 0 2 0 1 0 1 0 1 0 1 0 1 0 1 0 1 0 0 0 1 0 1 0 1 0 2 0 1 0 1 0 1 0 1 0 1 0 1 0 1 0 0 1 1 0 1 1 0 0 
0 0 0 1 0 1 0 1 0 1 0 1 0 1 0 1 0 1 0 1 0 1 0 1 0 1 0 1 3 1 0 1 0 1 0 1 0 1 0 1 0 1 0 1 0 0 1 1 0 0 1 1 
0 0 0 0 1 1 1 0 0 1 1 0 0 1 1 0 0 1 1 0 1 1 1 0 0 1 1 0 0 1 1 0 0 1 1 0 0 1 1 0 0 1 1 0 0 0 0 1 0 1 1 1 
1 1 1 0 0 0 0 1 1 0 0 1 1 0 0 1 1 0 0 1 1 0 0 1 1 0 0 1 1 0 0 1 1 0 0 1 1 0 0 1 1 0 0 1 1 0 1 0 1 0 0 1 
1 1 0 1 0 0 0 0 0 1 1 1 1 0 0 0 0 1 1 1 1 0 0 0 0 1 1 1 2 0 0 0 0 1 1 1 1 0 0 0 0 1 1 1 1 1 0 0 1 0 1 0 
0 0 0 0 2 0 0 0 1 0 0 0 0 1 1 1 1 0 0 0 1 1 1 1 1 0 0 0 3 1 1 1 1 0 0 0 0 1 1 1 1 0 0 0 0 1 1 1 0 1 0 0 
1 0 1 1 2 1 0 1 0 0 0 0 0 0 0 0 0 0 1 1 2 0 0 1 1 1 0 0 0 1 1 0 0 0 1 1 1 0 0 1 1 1 0 0 0 0 0 1 0 1 0 1 
0 1 0 0 0 0 1 0 0 1 0 0 0 1 1 0 1 0 0 0 2 0 0 0 0 0 1 1 1 0 0 1 1 1 0 0 0 1 1 0 0 0 1 1 1 1 0 0 1 0 1 0 
0 0 0 1 1 0 0 1 1 0 0 1 0 0 0 1 0 1 0 0 2 1 1 0 0 0 0 0 2 0 0 0 0 0 0 0 0 0 0 0 0 0 0 0 0 0 1 0 1 0 0 1 
0 0 1 0 1 0 1 1 1 0 1 0 1 0 0 0 1 0 0 1 2 0 0 0 0 0 0 0 3 0 1 0 0 0 1 1 0 0 0 0 0 0 0 1 1 1 0 0 1 0 1 1 
0 1 0 0 0 0 0 0 1 0 0 1 1 0 0 1 1 0 0 0 3 0 1 0 0 0 0 1 0 0 1 1 0 1 0 1 1 1 1 1 1 1 1 0 0 1 1 1 0 0 0 0 
1 0 1 1 2 1 1 1 0 1 1 0 0 1 1 0 0 1 1 0 3 1 0 1 0 0 1 0 1 0 0 0 1 0 0 0 0 0 0 0 0 0 0 1 1 0 0 0 1 1 1 1 
1 1 1 1 1 1 0 1 1 1 0 0 1 1 1 1 1 1 1 1 3 1 0 1 1 1 0 0 2 1 0 1 0 0 1 0 0 1 0 1 0 0 0 1 0 0 1 0 0 0 0 1 
1 1 0 1 2 0 1 1 1 1 1 1 0 1 0 0 0 1 1 0 3 0 0 1 0 0 1 1 3 1 0 1 1 1 1 0 1 0 1 0 0 1 1 0 0 1 1 0 1 0 0 0 
0 0 0 0 0 1 1 1 1 0 0 0 1 1 0 1 1 0 0 1 0 0 1 0 1 1 1 0 0 1 0 1 1 0 1 1 1 0 1 0 0 0 0 1 1 1 1 0 1 1 1 0 
0 0 1 1 2 1 1 0 1 0 0 0 1 0 0 0 1 0 1 1 3 1 1 0 0 1 1 0 1 1 0 0 0 0 0 1 1 0 0 0 1 0 0 0 0 0 1 0 0 0 1 1 
0 0 1 0 1 1 0 1 0 0 1 0 1 0 1 0 1 0 1 1 1 0 0 1 1 0 1 1 2 1 0 0 1 1 1 0 0 1 1 0 0 1 0 1 1 0 0 1 0 0 1 1 

# Size = 19 | Time = 62 ms
0 0 0 0 0 0 0 0 0 0 0 0 0 0 0 0 0 0 0 0 0 0 0 0 0 0 0 0 0 0 0 0 0 0 0 0 0 0 0 0 0 0 0 0 0 0 0 0 0 0 0 1 
1 1 1 1 1 1 1 1 1 1 1 1 1 1 1 1 1 1 1 1 0 1 1 1 1 1 1 1 1 1 1 1 1 1 1 1 1 1 1 1 1 1 1 1 1 1 1 1 0 1 1 0 
1 1 1 0 2 0 1 0 1 0 1 0 1 0 1 0 1 0 1 0 0 0 1 0 1 0 1 0 2 0 1 0 1 0 1 0 1 0 1 0 1 0 1 0 0 1 1 0 1 1 0 0 
0 0 0 1 0 1 0 1 0 1 0 1 0 1 0 1 0 1 0 1 0 1 0 1 0 1 0 1 3 1 0 1 0 1 0 1 0 1 0 1 0 1 0 1 0 0 1 1 0 0 1 1 
0 0 0 0 1 1 1 0 0 1 1 0 0 1 1 0 0 1 1 0 1 1 1 0 0 1 1 0 0 1 1 0 0 1 1 0 0 1 1 0 0 1 1 0 0 0 0 1 0 1 1 1 
1 1 1 0 0 0 0 1 1 0 0 1 1 0 0 1 1 0 0 1 1 0 0 1 1 0 0 1 1 0 0 1 1 0 0 1 1 0 0 1 1 0 0 1 1 0 1 0 1 0 0 1 
1 1 0 1 0 0 0 0 0 1 1 1 1 0 0 0 0 1 1 1 1 0 0 0 0 1 1 1 2 0 0 0 0 1 1 1 1 0 0 0 0 1 1 1 1 1 0 0 1 0 1 0 
0 0 0 0 2 0 0 0 1 0 0 0 0 1 1 1 1 0 0 0 1 1 1 1 1 0 0 0 3 1 1 1 1 0 0 0 0 1 1 1 1 0 0 0 0 1 1 1 0 1 0 0 
1 0 1 1 2 1 0 1 0 0 0 0 0 0 0 0 0 0 1 1 2 0 0 1 1 1 0 0 0 1 1 0 0 0 1 1 1 0 0 1 1 1 0 0 0 0 0 1 0 1 0 1 
0 1 0 0 0 0 1 0 0 1 0 0 0 1 1 0 1 0 0 0 2 0 0 0 0 0 1 1 1 0 0 1 1 1 0 0 0 1 1 0 0 0 1 1 1 1 0 0 1 0 1 0 
0 0 0 1 1 0 0 1 1 0 0 1 0 0 0 1 0 1 0 0 2 1 1 0 0 0 0 0 2 0 0 0 0 0 0 0 0 0 0 0 0 0 0 0 0 0 1 0 1 0 0 1 
0 0 1 0 1 0 1 1 1 0 1 0 1 0 0 0 1 0 0 0 2 0 0 0 0 0 0 0 3 0 1 0 1 1 1 0 0 0 0 0 0 1 0 1 1 1 0 0 1 0 1 1 
0 1 0 0 0 0 0 0 1 0 0 1 1 0 0 1 1 0 0 0 3 0 1 0 0 0 0 1 0 0 1 1 0 1 0 1 1 1 1 1 1 1 1 0 0 1 1 1 0 0 0 0 
1 0 1 1 2 1 1 1 0 1 1 0 0 1 1 0 0 1 1 0 3 1 0 1 0 0 1 0 1 0 0 0 1 0 0 0 0 0 0 0 0 0 0 1 1 0 0 0 1 1 1 1 
0 0 0 1 1 1 1 1 1 1 1 1 0 1 1 0 0 1 0 1 3 1 0 1 1 1 1 0 2 1 1 1 0 1 1 0 1 1 1 1 0 0 1 0 0 1 1 0 0 1 0 0 
1 1 0 1 2 0 1 0 0 1 0 1 1 0 1 1 0 1 1 1 3 0 1 0 0 1 1 1 3 1 1 0 1 1 0 1 1 0 0 0 1 0 1 0 0 0 1 0 1 0 1 1 
0 0 1 0 0 0 1 0 1 0 1 0 1 0 1 1 0 0 0 0 2 0 1 1 0 0 0 1 0 1 0 1 1 1 0 0 1 0 0 0 1 1 0 1 1 1 1 0 1 1 0 1 
1 0 1 0 2 1 0 1 0 0 0 1 1 1 0 1 1 1 1 1 2 1 1 0 1 1 1 0 1 1 0 0 0 1 0 0 0 0 0 1 0 0 1 0 0 0 1 0 0 0 1 1 
0 0 0 1 0 0 0 1 0 0 0 1 0 1 0 0 0 0 1 0 1 1 0 0 0 0 0 1 2 1 0 1 0 0 0 0 0 1 1 1 0 1 0 1 1 0 0 1 0 0 1 1 

# Size = 19 | Time = 66 ms
0 0 0 0 0 0 0 0 0 0 0 0 0 0 0 0 0 0 0 0 0 0 0 0 0 0 0 0 0 0 0 0 0 0 0 0 0 0 0 0 0 0 0 0 0 0 0 0 0 0 0 1 
1 1 1 1 1 1 1 1 1 1 1 1 1 1 1 1 1 1 1 1 0 1 1 1 1 1 1 1 1 1 1 1 1 1 1 1 1 1 1 1 1 1 1 1 1 1 1 1 0 1 1 0 
1 1 1 0 2 0 1 0 1 0 1 0 1 0 1 0 1 0 1 0 0 0 1 0 1 0 1 0 2 0 1 0 1 0 1 0 1 0 1 0 1 0 1 0 0 1 1 0 1 1 0 0 
0 0 0 1 0 1 0 1 0 1 0 1 0 1 0 1 0 1 0 1 0 1 0 1 0 1 0 1 3 1 0 1 0 1 0 1 0 1 0 1 0 1 0 1 0 0 1 1 0 0 1 1 
0 0 0 0 1 1 1 0 0 1 1 0 0 1 1 0 0 1 1 0 1 1 1 0 0 1 1 0 0 1 1 0 0 1 1 0 0 1 1 0 0 1 1 0 0 0 0 1 0 1 1 1 
1 1 1 0 0 0 0 1 1 0 0 1 1 0 0 1 1 0 0 1 1 0 0 1 1 0 0 1 1 0 0 1 1 0 0 1 1 0 0 1 1 0 0 1 1 0 1 0 1 0 0 1 
1 1 0 1 0 0 0 0 0 1 1 1 1 0 0 0 0 1 1 1 1 0 0 0 0 1 1 1 2 0 0 0 0 1 1 1 1 0 0 0 0 1 1 1 1 1 0 0 1 0 1 0 
0 0 0 0 2 0 0 0 1 0 0 0 0 1 1 1 1 0 0 0 1 1 1 1 1 0 0 0 3 1 1 1 1 0 0 0 0 1 1 1 1 0 0 0 0 1 1 1 0 1 0 0 
1 0 1 1 2 1 0 1 0 0 0 0 0 0 0 0 0 0 1 1 2 0 0 1 1 1 0 0 0 1 1 0 0 0 1 1 1 0 0 1 1 1 0 0 0 0 0 1 0 1 0 1 
0 1 0 0 0 0 1 0 0 1 0 0 0 1 1 0 1 0 0 0 2 0 0 0 0 0 1 1 1 0 0 1 1 1 0 0 0 1 1 0 0 0 1 1 1 1 0 0 1 0 1 0 
0 0 1 1 1 0 0 1 1 0 0 1 0 0 0 1 0 1 0 0 2 1 1 0 0 0 0 0 2 0 0 0 0 0 0 0 0 0 0 0 0 0 0 0 0 0 1 0 1 0 0 1 
0 0 1 0 1 1 1 1 1 0 1 1 1 0 0 0 1 0 0 0 2 0 0 0 0 1 0 0 3 0 1 0 0 0 1 0 0 0 0 0 0 1 0 1 1 1 0 0 1 1 1 1 
0 1 0 0 0 0 0 0 1 0 0 1 1 0 0 1 1 0 0 0 3 0 1 0 0 0 0 1 0 0 1 1 0 1 0 1 1 1 1 1 1 1 1 0 0 1 1 1 0 0 0 0 
1 0 1 1 2 1 1 1 0 1 1 0 0 1 1 0 0 1 1 0 3 1 0 1 0 0 1 0 1 0 0 0 1 0 0 0 0 0 0 0 0 0 0 1 1 0 0 0 1 1 1 1 
0 1 1 1 1 1 0 0 0 1 1 1 0 1 0 1 0 1 0 1 3 0 0 1 1 1 1 0 2 1 1 1 0 1 1 0 0 1 0 1 0 0 0 1 0 1 1 0 0 0 0 0 
1 1 0 1 2 0 1 1 1 1 1 1 1 0 0 1 1 1 1 0 3 1 1 0 1 0 1 1 3 1 0 1 1 1 1 1 1 0 0 0 0 0 1 0 0 1 1 0 1 0 1 1 
0 1 0 0 0 1 1 1 0 0 1 0 0 1 1 1 1 0 1 0 3 1 0 0 0 1 1 1 0 1 1 0 1 0 0 0 1 1 1 1 1 0 0 1 1 1 1 0 1 1 0 0 
1 1 1 1 2 0 0 1 0 0 0 0 1 0 0 1 1 0 0 0 2 0 0 1 0 1 0 1 1 0 0 1 0 0 1 1 0 1 0 1 0 0 1 0 0 0 1 1 0 1 0 1 
1 0 0 1 2 1 0 0 1 0 1 0 0 1 0 0 1 1 0 0 1 0 1 1 0 0 0 1 2 1 1 1 0 0 0 1 0 0 1 1 1 1 1 1 0 1 1 1 0 1 0 0 

# Size = 19 | Time = 65 ms
0 0 0 0 0 0 0 0 0 0 0 0 0 0 0 0 0 0 0 0 0 0 0 0 0 0 0 0 0 0 0 0 0 0 0 0 0 0 0 0 0 0 0 0 0 0 0 0 0 0 0 1 
1 1 1 1 1 1 1 1 1 1 1 1 1 1 1 1 1 1 1 1 0 1 1 1 1 1 1 1 1 1 1 1 1 1 1 1 1 1 1 1 1 1 1 1 1 1 1 1 0 1 1 0 
1 1 1 0 2 0 1 0 1 0 1 0 1 0 1 0 1 0 1 0 0 0 1 0 1 0 1 0 2 0 1 0 1 0 1 0 1 0 1 0 1 0 1 0 0 1 1 0 1 1 0 0 
0 0 0 1 0 1 0 1 0 1 0 1 0 1 0 1 0 1 0 1 0 1 0 1 0 1 0 1 3 1 0 1 0 1 0 1 0 1 0 1 0 1 0 1 0 0 1 1 0 0 1 1 
0 0 0 0 1 1 1 0 0 1 1 0 0 1 1 0 0 1 1 0 1 1 1 0 0 1 1 0 0 1 1 0 0 1 1 0 0 1 1 0 0 1 1 0 0 0 0 1 0 1 1 1 
1 1 1 0 0 0 0 1 1 0 0 1 1 0 0 1 1 0 0 1 1 0 0 1 1 0 0 1 1 0 0 1 1 0 0 1 1 0 0 1 1 0 0 1 1 0 1 0 1 0 0 1 
1 1 0 1 0 0 0 0 0 1 1 1 1 0 0 0 0 1 1 1 1 0 0 0 0 1 1 1 2 0 0 0 0 1 1 1 1 0 0 0 0 1 1 1 1 1 0 0 1 0 1 0 
0 0 0 0 2 0 0 0 1 0 0 0 0 1 1 1 1 0 0 0 1 1 1 1 1 0 0 0 3 1 1 1 1 0 0 0 0 1 1 1 1 0 0 0 0 1 1 1 0 1 0 0 
1 0 1 1 2 1 0 1 0 0 0 0 0 0 0 0 0 0 1 1 2 0 0 1 1 1 0 0 0 1 1 0 0 0 1 1 1 0 0 1 1 1 0 0 0 0 0 1 0 1 0 1 
0 1 0 0 0 0 1 0 0 1 0 0 0 1 1 0 1 0 0 0 2 0 0 0 0 0 1 1 1 0 0 1 1 1 0 0 0 1 1 0 0 0 1 1 1 1 0 0 1 0 1 0 
0 0 0 1 1 0 0 1 1 0 0 1 0 0 0 1 0 1 0 0 2 1 1 0 0 0 0 0 2 0 0 0 0 0 0 0 0 0 0 0 0 0 0 0 0 0 1 0 1 0 0 1 
0 0 1 1 1 1 1 0 1 0 1 1 1 0 0 0 0 0 0 1 2 0 0 0 0 1 0 1 3 0 1 0 0 1 1 0 0 0 0 0 0 0 0 1 1 1 0 0 1 1 1 1 
0 1 0 0 0 0 0 0 1 0 0 1 1 0 0 1 1 0 0 0 3 0 1 0 0 0 0 1 0 0 1 1 0 1 0 1 1 1 1 1 1 1 1 0 0 1 1 1 0 0 0 0 
1 0 1 1 2 1 1 1 0 1 1 0 0 1 1 0 0 1 1 0 3 1 0 1 0 0 1 0 1 0 0 0 1 0 0 0 0 0 0 0 0 0 0 1 1 0 0 0 1 1 1 1 
0 1 1 0 1 1 1 0 1 1 0 1 0 1 0 1 1 1 1 1 3 1 0 1 1 1 1 0 2 1 0 1 1 1 1 0 1 1 1 1 0 0 0 0 0 0 1 0 0 0 0 1 
1 1 1 0 2 1 0 1 1 0 0 1 1 1 0 0 1 0 1 1 3 0 1 1 1 1 1 1 3 1 0 1 0 1 1 1 1 0 1 0 0 1 1 1 1 0 1 0 1 0 0 1 
1 1 1 0 0 0 1 0 1 0 1 0 1 0 0 0 1 0 0 1 3 1 1 0 1 1 1 1 0 0 1 1 1 0 0 1 1 1 1 0 1 0 0 1 1 0 0 0 1 1 0 1 
1 0 0 0 1 0 0 1 0 0 1 0 0 1 0 0 1 0 0 1 2 1 0 1 0 1 0 0 1 1 0 1 0 0 1 0 1 0 0 1 1 0 0 0 0 0 0 0 1 1 0 1 
0 1 0 0 1 1 1 1 0 0 0 1 1 0 0 1 0 0 1 1 0 1 1 1 1 0 0 1 2 1 0 1 0 0 1 1 0 0 1 0 0 1 1 0 0 0 1 1 0 1 0 1 

# Size = 19 | Time = 65 ms
0 0 0 0 0 0 0 0 0 0 0 0 0 0 0 0 0 0 0 0 0 0 0 0 0 0 0 0 0 0 0 0 0 0 0 0 0 0 0 0 0 0 0 0 0 0 0 0 0 0 0 1 
1 1 1 1 1 1 1 1 1 1 1 1 1 1 1 1 1 1 1 1 0 1 1 1 1 1 1 1 1 1 1 1 1 1 1 1 1 1 1 1 1 1 1 1 1 1 1 1 0 1 1 0 
1 1 1 0 2 0 1 0 1 0 1 0 1 0 1 0 1 0 1 0 0 0 1 0 1 0 1 0 2 0 1 0 1 0 1 0 1 0 1 0 1 0 1 0 0 1 1 0 1 1 0 0 
0 0 0 1 0 1 0 1 0 1 0 1 0 1 0 1 0 1 0 1 0 1 0 1 0 1 0 1 3 1 0 1 0 1 0 1 0 1 0 1 0 1 0 1 0 0 1 1 0 0 1 1 
0 0 0 0 1 1 1 0 0 1 1 0 0 1 1 0 0 1 1 0 1 1 1 0 0 1 1 0 0 1 1 0 0 1 1 0 0 1 1 0 0 1 1 0 0 0 0 1 0 1 1 1 
1 1 1 0 0 0 0 1 1 0 0 1 1 0 0 1 1 0 0 1 1 0 0 1 1 0 0 1 1 0 0 1 1 0 0 1 1 0 0 1 1 0 0 1 1 0 1 0 1 0 0 1 
1 1 0 1 0 0 0 0 0 1 1 1 1 0 0 0 0 1 1 1 1 0 0 0 0 1 1 1 2 0 0 0 0 1 1 1 1 0 0 0 0 1 1 1 1 1 0 0 1 0 1 0 
0 0 0 0 2 0 0 0 1 0 0 0 0 1 1 1 1 0 0 0 1 1 1 1 1 0 0 0 3 1 1 1 1 0 0 0 0 1 1 1 1 0 0 0 0 1 1 1 0 1 0 0 
1 0 1 1 2 1 0 1 0 0 0 0 0 0 0 0 0 0 1 1 2 0 0 1 1 1 0 0 0 1 1 0 0 0 1 1 1 0 0 1 1 1 0 0 0 0 0 1 0 1 0 1 
0 1 0 0 0 0 1 0 0 1 0 0 0 1 1 0 1 0 0 0 2 0 0 0 0 0 1 1 1 0 0 1 1 1 0 0 0 1 1 0 0 0 1 1 1 1 0 0 1 0 1 0 
0 0 1 1 1 0 0 1 1 0 0 1 0 0 0 1 0 1 0 0 2 1 1 0 0 0 0 0 2 0 0 0 0 0 0 0 0 0 0 0 0 0 0 0 0 0 1 0 1 0 0 1 
0 0 1 1 1 0 1 0 1 0 1 0 1 0 0 0 0 0 0 0 2 0 0 0 0 1 0 0 3 0 0 0 1 1 1 0 0 0 0 0 0 0 0 1 1 1 0 0 1 0 1 1 
0 1 0 0 0 0 0 0 1 0 0 1 1 0 0 1 1 0 0 0 3 0 1 0 0 0 0 1 0 0 1 1 0 1 0 1 1 1 1 1 1 1 1 0 0 1 1 1 0 0 0 0 
1 0 1 1 2 1 1 1 0 1 1 0 0 1 1 0 0 1 1 0 3 1 0 1 0 0 1 0 1 0 0 0 1 0 0 0 0 0 0 0 0 0 0 1 1 0 0 0 1 1 1 1 
1 0 1 0 1 1 1 0 1 1 1 1 1 1 0 1 1 1 1 1 3 0 1 1 1 1 1 1 2 1 0 1 1 1 1 0 0 1 0 1 0 0 0 0 0 1 1 0 0 1 0 0 
1 1 0 1 2 0 0 0 0 0 0 1 0 1 1 1 0 1 1 0 3 1 0 0 1 0 1 1 3 1 0 0 1 1 1 0 1 0 0 0 0 0 1 0 0 1 1 0 1 0 1 0 
0 1 0 1 0 0 1 1 0 1 1 1 1 1 1 1 0 1 1 1 1 0 0 1 1 0 1 1 0 0 1 0 1 1 0 0 1 0 0 0 1 0 0 1 1 1 1 0 1 1 0 1 
0 1 1 0 2 0 1 1 0 0 0 1 0 0 1 0 1 1 0 1 3 0 0 0 0 1 0 1 1 1 0 1 0 1 1 1 1 0 0 1 1 0 1 0 0 0 1 1 0 1 0 1 
0 1 1 1 1 0 1 0 1 0 0 1 0 0 0 0 0 1 0 0 1 0 1 0 1 1 1 0 2 0 1 1 0 0 0 1 1 0 1 1 0 1 0 1 1 1 1 1 0 1 0 0 

# Size = 19 | Time = 81 ms
0 0 0 0 0 0 0 0 0 0 0 0 0 0 0 0 0 0 0 0 0 0 0 0 0 0 0 0 0 0 0 0 0 0 0 0 0 0 0 0 0 0 0 0 0 0 0 0 0 0 0 1 
1 1 1 1 1 1 1 1 1 1 1 1 1 1 1 1 1 1 1 1 0 1 1 1 1 1 1 1 1 1 1 1 1 1 1 1 1 1 1 1 1 1 1 1 1 1 1 1 0 1 1 0 
1 1 1 0 2 0 1 0 1 0 1 0 1 0 1 0 1 0 1 0 0 0 1 0 1 0 1 0 2 0 1 0 1 0 1 0 1 0 1 0 1 0 1 0 0 1 1 0 1 1 0 0 
0 0 0 1 0 1 0 1 0 1 0 1 0 1 0 1 0 1 0 1 0 1 0 1 0 1 0 1 3 1 0 1 0 1 0 1 0 1 0 1 0 1 0 1 0 0 1 1 0 0 1 1 
0 0 0 0 1 1 1 0 0 1 1 0 0 1 1 0 0 1 1 0 1 1 1 0 0 1 1 0 0 1 1 0 0 1 1 0 0 1 1 0 0 1 1 0 0 0 0 1 0 1 1 1 
1 1 1 0 0 0 0 1 1 0 0 1 1 0 0 1 1 0 0 1 1 0 0 1 1 0 0 1 1 0 0 1 1 0 0 1 1 0 0 1 1 0 0 1 1 0 1 0 1 0 0 1 
1 1 0 1 0 0 0 0 0 1 1 1 1 0 0 0 0 1 1 1 1 0 0 0 0 1 1 1 2 0 0 0 0 1 1 1 1 0 0 0 0 1 1 1 1 1 0 0 1 0 1 0 
0 0 0 0 2 0 0 0 1 0 0 0 0 1 1 1 1 0 0 0 1 1 1 1 1 0 0 0 3 1 1 1 1 0 0 0 0 1 1 1 1 0 0 0 0 1 1 1 0 1 0 0 
1 0 1 1 2 1 0 1 0 0 0 0 0 0 0 0 0 0 1 1 2 0 0 1 1 1 0 0 0 1 1 0 0 0 1 1 1 0 0 1 1 1 0 0 0 0 0 1 0 1 0 1 
0 1 0 0 0 0 1 0 0 1 0 0 0 1 1 0 1 0 0 0 2 0 0 0 0 0 1 1 1 0 0 1 1 1 0 0 0 1 1 0 0 0 1 1 1 1 0 0 1 0 1 0 
0 0 0 1 1 0 0 1 1 0 0 1 0 0 0 1 0 1 0 0 2 1 1 0 0 0 0 0 2 0 0 0 0 0 0 0 0 0 0 0 0 0 0 0 0 0 1 0 1 0 0 1 
0 0 1 0 1 1 1 1 1 0 1 0 1 0 0 0 0 0 0 1 2 0 0 0 0 1 0 0 3 0 1 0 1 1 1 1 0 0 0 0 0 0 0 1 1 1 0 0 1 1 1 1 
0 1 0 0 0 0 0 0 1 0 0 1 1 0 0 1 1 0 0 0 3 0 1 0 0 0 0 1 0 0 1 1 0 1 0 1 1 1 1 1 1 1 1 0 0 1 1 1 0 0 0 0 
1 0 1 1 2 1 1 1 0 1 1 0 0 1 1 0 0 1 1 0 3 1 0 1 0 0 1 0 1 0 0 0 1 0 0 0 0 0 0 0 0 0 0 1 1 0 0 0 1 1 1 1 
0 0 1 0 1 1 1 1 1 1 1 0 0 1 0 0 0 0 1 1 3 1 0 1 1 1 1 1 2 1 0 1 1 1 1 0 1 1 0 1 0 0 0 0 0 1 1 0 0 0 0 0 
1 1 0 1 2 0 1 1 1 0 0 1 0 0 0 1 1 0 1 1 3 1 0 0 1 0 1 1 3 1 0 0 0 1 1 1 1 1 1 1 1 0 1 0 0 0 1 0 1 0 1 1 
1 1 1 0 0 1 1 1 1 0 0 0 1 0 0 0 1 0 1 0 3 0 1 0 1 1 0 1 0 0 1 0 1 0 0 0 1 1 1 0 0 1 1 1 1 1 1 0 1 1 0 0 
0 0 0 1 1 0 0 0 1 0 1 0 0 1 0 0 0 1 0 0 1 1 0 1 1 0 0 1 1 0 0 1 0 1 0 0 0 0 0 0 0 1 1 0 0 1 0 1 0 1 0 1 
0 1 1 0 1 0 1 0 0 1 0 1 0 1 1 0 1 0 1 1 0 0 1 0 0 1 0 0 2 0 1 0 1 0 0 1 0 0 1 0 0 0 1 1 0 1 1 1 0 1 0 0 

# Size = 19 | Time = 65 ms
0 0 0 0 0 0 0 0 0 0 0 0 0 0 0 0 0 0 0 0 0 0 0 0 0 0 0 0 0 0 0 0 0 0 0 0 0 0 0 0 0 0 0 0 0 0 0 0 0 0 0 1 
1 1 1 1 1 1 1 1 1 1 1 1 1 1 1 1 1 1 1 1 0 1 1 1 1 1 1 1 1 1 1 1 1 1 1 1 1 1 1 1 1 1 1 1 1 1 1 1 0 1 1 0 
1 1 1 0 2 0 1 0 1 0 1 0 1 0 1 0 1 0 1 0 0 0 1 0 1 0 1 0 2 0 1 0 1 0 1 0 1 0 1 0 1 0 1 0 0 1 1 0 1 1 0 0 
0 0 0 1 0 1 0 1 0 1 0 1 0 1 0 1 0 1 0 1 0 1 0 1 0 1 0 1 3 1 0 1 0 1 0 1 0 1 0 1 0 1 0 1 0 0 1 1 0 0 1 1 
0 0 0 0 1 1 1 0 0 1 1 0 0 1 1 0 0 1 1 0 1 1 1 0 0 1 1 0 0 1 1 0 0 1 1 0 0 1 1 0 0 1 1 0 0 0 0 1 0 1 1 1 
1 1 1 0 0 0 0 1 1 0 0 1 1 0 0 1 1 0 0 1 1 0 0 1 1 0 0 1 1 0 0 1 1 0 0 1 1 0 0 1 1 0 0 1 1 0 1 0 1 0 0 1 
1 1 0 1 0 0 0 0 0 1 1 1 1 0 0 0 0 1 1 1 1 0 0 0 0 1 1 1 2 0 0 0 0 1 1 1 1 0 0 0 0 1 1 1 1 1 0 0 1 0 1 0 
0 0 0 0 2 0 0 0 1 0 0 0 0 1 1 1 1 0 0 0 1 1 1 1 1 0 0 0 3 1 1 1 1 0 0 0 0 1 1 1 1 0 0 0 0 1 1 1 0 1 0 0 
1 0 1 1 2 1 0 1 0 0 0 0 0 0 0 0 0 0 1 1 2 0 0 1 1 1 0 0 0 1 1 0 0 0 1 1 1 0 0 1 1 1 0 0 0 0 0 1 0 1 0 1 
0 1 0 0 0 0 1 0 0 1 0 0 0 1 1 0 1 0 0 0 2 0 0 0 0 0 1 1 1 0 0 1 1 1 0 0 0 1 1 0 0 0 1 1 1 1 0 0 1 0 1 0 
0 0 1 1 1 0 0 1 1 0 0 1 0 0 0 1 0 1 0 0 2 1 1 0 0 0 0 0 2 0 0 0 0 0 0 0 0 0 0 0 0 0 0 0 0 0 1 0 1 0 0 1 
0 0 1 0 1 1 1 1 1 0 1 0 1 0 0 0 0 0 0 0 2 0 0 0 0 0 0 1 3 0 1 0 1 0 1 1 0 0 0 0 0 0 0 1 1 1 0 0 1 1 1 1 
0 1 0 0 0 0 0 0 1 0 0 1 1 0 0 1 1 0 0 0 3 0 1 0 0 0 0 1 0 0 1 1 0 1 0 1 1 1 1 1 1 1 1 0 0 1 1 1 0 0 0 0 
1 0 1 1 2 1 1 1 0 1 1 0 0 1 1 0 0 1 1 0 3 1 0 1 0 0 1 0 1 0 0 0 1 0 0 0 0 0 0 0 0 0 0 1 1 0 0 0 1 1 1 1 
1 1 1 1 1 1 1 0 0 1 0 0 0 1 1 0 0 0 0 1 3 1 0 1 1 1 0 0 2 1 1 1 1 1 1 0 1 1 0 1 0 0 0 0 0 1 1 0 0 1 0 0 
1 1 1 0 2 1 0 0 1 0 0 1 0 1 0 0 0 0 1 1 3 0 0 0 1 1 1 1 3 1 1 0 1 1 1 1 1 0 1 0 0 0 1 0 0 1 0 0 1 0 1 1 
1 1 1 1 0 1 1 0 0 1 0 1 1 1 1 0 1 0 0 0 2 0 0 1 1 1 0 0 0 0 1 1 1 1 0 1 1 1 0 0 0 0 1 1 1 1 1 0 1 1 1 0 
0 1 1 1 0 1 0 0 1 0 0 0 1 0 1 0 0 0 1 0 3 1 0 1 0 1 0 0 1 1 1 1 0 1 1 1 0 0 1 0 1 0 0 0 0 1 0 0 1 1 1 0 
0 1 0 0 0 0 0 0 1 1 1 1 1 1 1 0 0 0 0 1 0 0 1 0 1 1 1 1 2 1 1 0 0 1 1 0 0 1 1 0 0 0 0 1 0 1 1 1 0 1 0 0 

# Size = 19 | Time = 62 ms
0 0 0 0 0 0 0 0 0 0 0 0 0 0 0 0 0 0 0 0 0 0 0 0 0 0 0 0 0 0 0 0 0 0 0 0 0 0 0 0 0 0 0 0 0 0 0 0 0 0 0 1 
1 1 1 1 1 1 1 1 1 1 1 1 1 1 1 1 1 1 1 1 0 1 1 1 1 1 1 1 1 1 1 1 1 1 1 1 1 1 1 1 1 1 1 1 1 1 1 1 0 1 1 0 
1 1 1 0 2 0 1 0 1 0 1 0 1 0 1 0 1 0 1 0 0 0 1 0 1 0 1 0 2 0 1 0 1 0 1 0 1 0 1 0 1 0 1 0 0 1 1 0 1 1 0 0 
0 0 0 1 0 1 0 1 0 1 0 1 0 1 0 1 0 1 0 1 0 1 0 1 0 1 0 1 3 1 0 1 0 1 0 1 0 1 0 1 0 1 0 1 0 0 1 1 0 0 1 1 
0 0 0 0 1 1 1 0 0 1 1 0 0 1 1 0 0 1 1 0 1 1 1 0 0 1 1 0 0 1 1 0 0 1 1 0 0 1 1 0 0 1 1 0 0 0 0 1 0 1 1 1 
1 1 1 0 0 0 0 1 1 0 0 1 1 0 0 1 1 0 0 1 1 0 0 1 1 0 0 1 1 0 0 1 1 0 0 1 1 0 0 1 1 0 0 1 1 0 1 0 1 0 0 1 
1 1 0 1 0 0 0 0 0 1 1 1 1 0 0 0 0 1 1 1 1 0 0 0 0 1 1 1 2 0 0 0 0 1 1 1 1 0 0 0 0 1 1 1 1 1 0 0 1 0 1 0 
0 0 0 0 2 0 0 0 1 0 0 0 0 1 1 1 1 0 0 0 1 1 1 1 1 0 0 0 3 1 1 1 1 0 0 0 0 1 1 1 1 0 0 0 0 1 1 1 0 1 0 0 
1 0 1 1 2 1 0 1 0 0 0 0 0 0 0 0 0 0 1 1 2 0 0 1 1 1 0 0 0 1 1 0 0 0 1 1 1 0 0 1 1 1 0 0 0 0 0 1 0 1 0 1 
0 1 0 0 0 0 1 0 0 1 0 0 0 1 1 0 1 0 0 0 2 0 0 0 0 0 1 1 1 0 0 1 1 1 0 0 0 1 1 0 0 0 1 1 1 1 0 0 1 0 1 0 
0 0 0 1 1 0 0 1 1 0 0 1 0 0 0 1 0 1 0 0 2 1 1 0 0 0 0 0 2 0 0 0 0 0 0 0 0 0 0 0 0 0 0 0 0 0 1 0 1 0 0 1 
0 0 1 1 1 1 1 1 1 0 1 1 1 0 0 0 0 0 0 1 2 0 0 0 0 0 0 0 3 0 1 0 1 0 1 0 0 0 0 0 0 0 0 1 1 1 0 0 1 1 1 1 
0 1 0 0 0 0 0 0 1 0 0 1 1 0 0 1 1 0 0 0 3 0 1 0 0 0 0 1 0 0 1 1 0 1 0 1 1 1 1 1 1 1 1 0 0 1 1 1 0 0 0 0 
1 0 1 1 2 1 1 1 0 1 1 0 0 1 1 0 0 1 1 0 3 1 0 1 0 0 1 0 1 0 0 0 1 0 0 0 0 0 0 0 0 0 0 1 1 0 0 0 1 1 1 1 
1 1 1 0 1 1 0 1 0 1 1 1 1 1 1 0 1 0 0 1 3 1 1 1 1 1 0 0 2 1 1 1 0 0 1 0 1 1 1 1 0 0 0 0 0 0 1 0 0 1 0 1 
1 1 0 1 2 1 0 1 1 1 1 1 1 1 0 0 1 1 1 1 3 0 0 1 0 0 1 1 3 1 1 1 1 1 0 1 1 1 0 1 0 0 1 0 0 0 1 0 1 0 1 1 
0 0 1 0 0 1 1 0 1 0 1 0 1 0 1 1 1 1 0 0 3 1 0 0 1 0 0 0 0 0 1 0 1 1 1 0 1 1 1 1 0 0 0 1 1 0 1 0 1 1 0 1 
0 0 0 1 0 0 1 1 0 0 0 0 1 0 1 0 0 1 1 1 2 0 1 1 1 0 0 1 1 1 0 1 0 0 0 1 0 0 1 1 1 0 0 0 0 0 1 0 1 1 0 1 
0 0 1 0 0 0 1 1 1 1 1 1 1 0 0 1 1 1 0 1 1 1 1 1 1 0 0 0 2 0 1 1 0 0 0 0 1 1 1 0 0 0 1 0 0 0 1 1 0 1 0 1 

# Size = 19 | Time = 64 ms
0 0 0 0 0 0 0 0 0 0 0 0 0 0 0 0 0 0 0 0 0 0 0 0 0 0 0 0 0 0 0 0 0 0 0 0 0 0 0 0 0 0 0 0 0 0 0 0 0 0 0 1 
1 1 1 1 1 1 1 1 1 1 1 1 1 1 1 1 1 1 1 1 0 1 1 1 1 1 1 1 1 1 1 1 1 1 1 1 1 1 1 1 1 1 1 1 1 1 1 1 0 1 1 0 
1 1 1 0 2 0 1 0 1 0 1 0 1 0 1 0 1 0 1 0 0 0 1 0 1 0 1 0 2 0 1 0 1 0 1 0 1 0 1 0 1 0 1 0 0 1 1 0 1 1 0 0 
0 0 0 1 0 1 0 1 0 1 0 1 0 1 0 1 0 1 0 1 0 1 0 1 0 1 0 1 3 1 0 1 0 1 0 1 0 1 0 1 0 1 0 1 0 0 1 1 0 0 1 1 
0 0 0 0 1 1 1 0 0 1 1 0 0 1 1 0 0 1 1 0 1 1 1 0 0 1 1 0 0 1 1 0 0 1 1 0 0 1 1 0 0 1 1 0 0 0 0 1 0 1 1 1 
1 1 1 0 0 0 0 1 1 0 0 1 1 0 0 1 1 0 0 1 1 0 0 1 1 0 0 1 1 0 0 1 1 0 0 1 1 0 0 1 1 0 0 1 1 0 1 0 1 0 0 1 
1 1 0 1 0 0 0 0 0 1 1 1 1 0 0 0 0 1 1 1 1 0 0 0 0 1 1 1 2 0 0 0 0 1 1 1 1 0 0 0 0 1 1 1 1 1 0 0 1 0 1 0 
0 0 0 0 2 0 0 0 1 0 0 0 0 1 1 1 1 0 0 0 1 1 1 1 1 0 0 0 3 1 1 1 1 0 0 0 0 1 1 1 1 0 0 0 0 1 1 1 0 1 0 0 
1 0 1 1 2 1 0 1 0 0 0 0 0 0 0 0 0 0 1 1 2 0 0 1 1 1 0 0 0 1 1 0 0 0 1 1 1 0 0 1 1 1 0 0 0 0 0 1 0 1 0 1 
0 1 0 0 0 0 1 0 0 1 0 0 0 1 1 0 1 0 0 0 2 0 0 0 0 0 1 1 1 0 0 1 1 1 0 0 0 1 1 0 0 0 1 1 1 1 0 0 1 0 1 0 
0 0 0 0 1 0 0 1 1 0 0 1 0 0 0 1 0 1 0 0 2 1 1 0 0 0 0 0 2 0 0 0 0 0 0 0 0 0 0 0 0 0 0 0 0 0 1 0 1 0 0 1 
0 0 1 1 1 0 1 1 1 0 1 1 1 0 0 0 0 0 0 1 2 0 0 0 0 0 0 1 3 0 0 0 0 0 1 0 0 0 0 0 0 0 0 1 1 1 0 0 1 0 1 1 
0 1 0 0 0 0 0 0 1 0 0 1 1 0 0 1 1 0 0 0 3 0 1 0 0 0 0 1 0 0 1 1 0 1 0 1 1 1 1 1 1 1 1 0 0 1 1 1 0 0 0 0 
1 0 1 1 2 1 1 1 0 1 1 0 0 1 1 0 0 1 1 0 3 1 0 1 0 0 1 0 1 0 0 0 1 0 0 0 0 0 0 0 0 0 0 1 1 0 0 0 1 1 1 1 
0 1 1 1 1 1 0 1 1 1 1 0 1 1 0 0 1 1 0 1 3 0 0 1 1 1 1 1 2 1 0 1 0 0 1 0 1 1 0 1 0 0 0 0 0 1 1 0 0 1 0 1 
1 1 0 1 2 1 0 0 0 1 1 1 0 0 1 1 0 0 1 0 3 0 0 0 0 0 1 1 3 1 1 0 0 1 1 0 1 0 0 1 1 1 1 0 0 1 1 0 1 0 1 1 
0 0 1 0 0 0 1 0 1 1 0 1 0 0 0 1 1 1 1 1 3 0 0 0 0 0 0 0 0 0 1 1 1 0 0 0 1 1 0 0 0 1 0 1 1 0 1 0 1 1 0 1 
1 1 1 0 2 1 0 1 0 0 1 0 0 0 0 1 1 1 1 0 0 1 0 0 0 0 0 1 1 0 0 0 0 1 0 0 1 0 0 0 0 0 0 0 0 0 1 1 0 0 0 1 
0 0 0 1 0 0 0 0 0 1 0 1 0 1 1 1 1 0 0 1 0 0 1 0 0 0 0 0 2 1 1 0 0 0 1 1 1 0 0 1 0 0 1 1 1 0 1 1 0 1 0 1 

# Size = 19 | Time = 62 ms
0 0 0 0 0 0 0 0 0 0 0 0 0 0 0 0 0 0 0 0 0 0 0 0 0 0 0 0 0 0 0 0 0 0 0 0 0 0 0 0 0 0 0 0 0 0 0 0 0 0 0 1 
1 1 1 1 1 1 1 1 1 1 1 1 1 1 1 1 1 1 1 1 0 1 1 1 1 1 1 1 1 1 1 1 1 1 1 1 1 1 1 1 1 1 1 1 1 1 1 1 0 1 1 0 
1 1 1 0 2 0 1 0 1 0 1 0 1 0 1 0 1 0 1 0 0 0 1 0 1 0 1 0 2 0 1 0 1 0 1 0 1 0 1 0 1 0 1 0 0 1 1 0 1 1 0 0 
0 0 0 1 0 1 0 1 0 1 0 1 0 1 0 1 0 1 0 1 0 1 0 1 0 1 0 1 3 1 0 1 0 1 0 1 0 1 0 1 0 1 0 1 0 0 1 1 0 0 1 1 
0 0 0 0 1 1 1 0 0 1 1 0 0 1 1 0 0 1 1 0 1 1 1 0 0 1 1 0 0 1 1 0 0 1 1 0 0 1 1 0 0 1 1 0 0 0 0 1 0 1 1 1 
1 1 1 0 0 0 0 1 1 0 0 1 1 0 0 1 1 0 0 1 1 0 0 1 1 0 0 1 1 0 0 1 1 0 0 1 1 0 0 1 1 0 0 1 1 0 1 0 1 0 0 1 
1 1 0 1 0 0 0 0 0 1 1 1 1 0 0 0 0 1 1 1 1 0 0 0 0 1 1 1 2 0 0 0 0 1 1 1 1 0 0 0 0 1 1 1 1 1 0 0 1 0 1 0 
0 0 0 0 2 0 0 0 1 0 0 0 0 1 1 1 1 0 0 0 1 1 1 1 1 0 0 0 3 1 1 1 1 0 0 0 0 1 1 1 1 0 0 0 0 1 1 1 0 1 0 0 
1 0 1 1 2 1 0 1 0 0 0 0 0 0 0 0 0 0 1 1 2 0 0 1 1 1 0 0 0 1 1 0 0 0 1 1 1 0 0 1 1 1 0 0 0 0 0 1 0 1 0 1 
0 1 0 0 0 0 1 0 0 1 0 0 0 1 1 0 1 0 0 0 2 0 0 0 0 0 1 1 1 0 0 1 1 1 0 0 0 1 1 0 0 0 1 1 1 1 0 0 1 0 1 0 
0 0 1 0 1 0 0 1 1 0 0 1 0 0 0 1 0 1 0 0 2 1 1 0 0 0 0 0 2 0 0 0 0 0 0 0 0 0 0 0 0 0 0 0 0 0 1 0 1 0 0 1 
0 0 1 1 1 1 1 1 1 0 1 0 1 0 0 0 0 0 0 1 2 0 0 0 0 1 0 0 3 0 0 0 0 1 1 0 0 0 0 0 0 0 0 1 1 1 0 0 1 0 1 1 
0 1 0 0 0 0 0 0 1 0 0 1 1 0 0 1 1 0 0 0 3 0 1 0 0 0 0 1 0 0 1 1 0 1 0 1 1 1 1 1 1 1 1 0 0 1 1 1 0 0 0 0 
1 0 1 1 2 1 1 1 0 1 1 0 0 1 1 0 0 1 1 0 3 1 0 1 0 0 1 0 1 0 0 0 1 0 0 0 0 0 0 0 0 0 0 1 1 0 0 0 1 1 1 1 
0 1 0 0 1 1 0 0 0 1 0 0 1 1 1 0 0 1 0 1 3 1 1 1 1 1 0 1 2 1 0 1 1 0 1 0 0 1 1 1 0 0 0 0 0 0 0 0 0 1 0 1 
1 1 0 0 2 1 0 1 0 1 0 1 1 1 1 0 0 0 1 0 3 0 1 0 0 1 1 1 3 1 1 0 0 1 0 0 1 0 1 1 0 0 1 1 1 0 0 0 1 0 0 1 
0 0 1 1 0 1 1 0 1 1 1 1 1 0 1 1 1 0 0 1 0 0 1 0 1 0 1 0 0 1 0 0 1 0 0 1 1 1 1 1 0 1 0 1 1 0 1 0 1 1 0 1 
0 0 0 0 0 0 1 1 0 1 1 0 0 1 0 1 0 0 1 0 2 1 0 0 1 1 0 0 1 1 0 0 0 0 1 0 0 1 1 0 0 1 1 0 0 0 1 0 0 0 1 1 
1 0 1 1 2 0 0 0 0 1 1 1 1 1 0 0 1 1 1 1 0 1 0 0 1 0 1 0 2 1 0 0 0 0 0 0 0 0 0 0 1 1 1 1 0 1 0 1 0 0 1 1 

# Size = 19 | Time = 87 ms
0 0 0 0 0 0 0 0 0 0 0 0 0 0 0 0 0 0 0 0 0 0 0 0 0 0 0 0 0 0 0 0 0 0 0 0 0 0 0 0 0 0 0 0 0 0 0 0 0 0 0 1 
1 1 1 1 1 1 1 1 1 1 1 1 1 1 1 1 1 1 1 1 0 1 1 1 1 1 1 1 1 1 1 1 1 1 1 1 1 1 1 1 1 1 1 1 1 1 1 1 0 1 1 0 
1 1 1 0 2 0 1 0 1 0 1 0 1 0 1 0 1 0 1 0 0 0 1 0 1 0 1 0 2 0 1 0 1 0 1 0 1 0 1 0 1 0 1 0 0 1 1 0 1 1 0 0 
0 0 0 1 0 1 0 1 0 1 0 1 0 1 0 1 0 1 0 1 0 1 0 1 0 1 0 1 3 1 0 1 0 1 0 1 0 1 0 1 0 1 0 1 0 0 1 1 0 0 1 1 
0 0 0 0 1 1 1 0 0 1 1 0 0 1 1 0 0 1 1 0 1 1 1 0 0 1 1 0 0 1 1 0 0 1 1 0 0 1 1 0 0 1 1 0 0 0 0 1 0 1 1 1 
1 1 1 0 0 0 0 1 1 0 0 1 1 0 0 1 1 0 0 1 1 0 0 1 1 0 0 1 1 0 0 1 1 0 0 1 1 0 0 1 1 0 0 1 1 0 1 0 1 0 0 1 
1 1 0 1 0 0 0 0 0 1 1 1 1 0 0 0 0 1 1 1 1 0 0 0 0 1 1 1 2 0 0 0 0 1 1 1 1 0 0 0 0 1 1 1 1 1 0 0 1 0 1 0 
0 0 0 0 2 0 0 0 1 0 0 0 0 1 1 1 1 0 0 0 1 1 1 1 1 0 0 0 3 1 1 1 1 0 0 0 0 1 1 1 1 0 0 0 0 1 1 1 0 1 0 0 
1 0 1 1 2 1 0 1 0 0 0 0 0 0 0 0 0 0 1 1 2 0 0 1 1 1 0 0 0 1 1 0 0 0 1 1 1 0 0 1 1 1 0 0 0 0 0 1 0 1 0 1 
0 1 0 0 0 0 1 0 0 1 0 0 0 1 1 0 1 0 0 0 2 0 0 0 0 0 1 1 1 0 0 1 1 1 0 0 0 1 1 0 0 0 1 1 1 1 0 0 1 0 1 0 
0 0 0 1 1 0 0 1 1 0 0 1 0 0 0 1 0 1 0 0 2 1 1 0 0 0 0 0 2 0 0 0 0 0 0 0 0 0 0 0 0 0 0 0 0 0 1 0 1 0 0 1 
0 0 1 1 1 0 1 1 1 0 1 1 1 0 0 0 0 0 0 1 2 0 0 0 0 0 0 1 3 0 0 0 0 0 1 1 0 0 0 0 0 0 0 1 1 1 0 0 1 0 1 1 
0 1 0 0 0 0 0 0 1 0 0 1 1 0 0 1 1 0 0 0 3 0 1 0 0 0 0 1 0 0 1 1 0 1 0 1 1 1 1 1 1 1 1 0 0 1 1 1 0 0 0 0 
1 0 1 1 2 1 1 1 0 1 1 0 0 1 1 0 0 1 1 0 3 1 0 1 0 0 1 0 1 0 0 0 1 0 0 0 0 0 0 0 0 0 0 1 1 0 0 0 1 1 1 1 
1 0 1 1 1 1 0 1 1 1 1 1 1 1 1 1 1 0 0 1 3 0 0 1 1 1 0 1 2 1 0 1 1 0 1 0 0 1 0 1 0 0 0 1 0 0 1 0 0 0 0 1 
1 1 1 0 2 1 1 0 1 0 1 1 0 1 0 0 0 1 1 1 3 1 0 1 1 1 1 1 3 1 1 1 1 1 0 1 1 1 0 0 0 1 1 1 1 1 0 0 1 0 1 1 
0 0 0 0 0 1 1 1 1 1 0 0 1 1 0 0 1 0 1 1 2 1 0 0 0 0 0 0 0 0 0 0 1 1 0 0 1 0 0 0 0 0 0 1 1 1 0 0 1 1 0 1 
1 1 0 1 1 0 0 1 0 0 0 0 1 0 1 1 1 1 1 1 2 0 1 0 1 1 1 0 1 1 1 0 0 0 1 1 1 0 1 0 1 1 1 0 0 0 1 0 1 1 0 1 
1 0 0 0 1 1 1 0 0 1 1 0 1 1 0 1 1 0 0 1 0 0 0 1 0 1 0 1 2 1 1 0 0 1 0 1 1 1 1 1 0 1 1 1 0 1 1 1 0 0 0 1 

# Size = 19 | Time = 89 ms
0 0 0 0 0 0 0 0 0 0 0 0 0 0 0 0 0 0 0 0 0 0 0 0 0 0 0 0 0 0 0 0 0 0 0 0 0 0 0 0 0 0 0 0 0 0 0 0 0 0 0 1 
1 1 1 1 1 1 1 1 1 1 1 1 1 1 1 1 1 1 1 1 0 1 1 1 1 1 1 1 1 1 1 1 1 1 1 1 1 1 1 1 1 1 1 1 1 1 1 1 0 1 1 0 
1 1 1 0 2 0 1 0 1 0 1 0 1 0 1 0 1 0 1 0 0 0 1 0 1 0 1 0 2 0 1 0 1 0 1 0 1 0 1 0 1 0 1 0 0 1 1 0 1 1 0 0 
0 0 0 1 0 1 0 1 0 1 0 1 0 1 0 1 0 1 0 1 0 1 0 1 0 1 0 1 3 1 0 1 0 1 0 1 0 1 0 1 0 1 0 1 0 0 1 1 0 0 1 1 
0 0 0 0 1 1 1 0 0 1 1 0 0 1 1 0 0 1 1 0 1 1 1 0 0 1 1 0 0 1 1 0 0 1 1 0 0 1 1 0 0 1 1 0 0 0 0 1 0 1 1 1 
1 1 1 0 0 0 0 1 1 0 0 1 1 0 0 1 1 0 0 1 1 0 0 1 1 0 0 1 1 0 0 1 1 0 0 1 1 0 0 1 1 0 0 1 1 0 1 0 1 0 0 1 
1 1 0 1 0 0 0 0 0 1 1 1 1 0 0 0 0 1 1 1 1 0 0 0 0 1 1 1 2 0 0 0 0 1 1 1 1 0 0 0 0 1 1 1 1 1 0 0 1 0 1 0 
0 0 0 0 2 0 0 0 1 0 0 0 0 1 1 1 1 0 0 0 1 1 1 1 1 0 0 0 3 1 1 1 1 0 0 0 0 1 1 1 1 0 0 0 0 1 1 1 0 1 0 0 
1 0 1 1 2 1 0 1 0 0 0 0 0 0 0 0 0 0 1 1 2 0 0 1 1 1 0 0 0 1 1 0 0 0 1 1 1 0 0 1 1 1 0 0 0 0 0 1 0 1 0 1 
0 1 0 0 0 0 1 0 0 1 0 0 0 1 1 0 1 0 0 0 2 0 0 0 0 0 1 1 1 0 0 1 1 1 0 0 0 1 1 0 0 0 1 1 1 1 0 0 1 0 1 0 
0 0 0 0 1 0 0 1 1 0 0 1 0 0 0 1 0 1 0 0 2 1 1 0 0 0 0 0 2 0 0 0 0 0 0 0 0 0 0 0 0 0 0 0 0 0 1 0 1 0 0 1 
0 0 1 1 1 0 1 1 1 0 1 1 1 0 0 0 0 0 0 0 2 0 0 0 0 0 0 0 3 0 0 0 0 1 1 1 0 0 0 0 0 0 0 1 1 1 0 0 1 0 1 1 
0 1 0 0 0 0 0 0 1 0 0 1 1 0 0 1 1 0 0 0 3 0 1 0 0 0 0 1 0 0 1 1 0 1 0 1 1 1 1 1 1 1 1 0 0 1 1 1 0 0 0 0 
1 0 1 1 2 1 1 1 0 1 1 0 0 1 1 0 0 1 1 0 3 1 0 1 0 0 1 0 1 0 0 0 1 0 0 0 0 0 0 0 0 0 0 1 1 0 0 0 1 1 1 1 
0 1 0 0 1 1 0 0 1 1 0 1 1 1 1 0 1 0 0 1 3 1 0 1 1 1 1 1 2 1 1 1 1 1 1 0 1 1 1 1 0 0 0 0 0 1 1 0 0 0 0 1 
1 1 0 0 2 0 1 0 1 0 1 1 1 1 1 0 1 1 1 0 3 1 0 0 1 1 1 1 3 1 0 0 1 1 0 0 1 1 0 1 1 1 1 0 0 1 0 0 1 0 0 0 
1 1 1 0 0 1 1 0 1 0 0 1 0 1 1 1 0 0 1 0 3 0 1 0 0 1 0 1 0 0 1 1 1 0 0 1 1 1 0 0 0 0 0 1 1 0 1 0 1 1 0 1 
0 0 1 1 1 1 1 0 0 0 1 0 1 0 0 0 0 1 1 1 3 0 0 0 0 0 0 0 1 0 1 0 0 1 1 0 1 0 0 0 1 1 0 0 0 0 0 0 1 0 0 1 
0 1 1 0 1 0 0 1 1 1 1 1 1 0 0 1 0 1 0 1 0 0 0 0 0 1 0 1 2 0 1 0 0 1 0 0 0 1 0 1 1 1 1 1 0 1 1 1 0 0 1 0 

# Size = 19 | Time = 63 ms
0 0 0 0 0 0 0 0 0 0 0 0 0 0 0 0 0 0 0 0 0 0 0 0 0 0 0 0 0 0 0 0 0 0 0 0 0 0 0 0 0 0 0 0 0 0 0 0 0 0 0 1 
1 1 1 1 1 1 1 1 1 1 1 1 1 1 1 1 1 1 1 1 0 1 1 1 1 1 1 1 1 1 1 1 1 1 1 1 1 1 1 1 1 1 1 1 1 1 1 1 0 1 1 0 
1 1 1 0 2 0 1 0 1 0 1 0 1 0 1 0 1 0 1 0 0 0 1 0 1 0 1 0 2 0 1 0 1 0 1 0 1 0 1 0 1 0 1 0 0 1 1 0 1 1 0 0 
0 0 0 1 0 1 0 1 0 1 0 1 0 1 0 1 0 1 0 1 0 1 0 1 0 1 0 1 3 1 0 1 0 1 0 1 0 1 0 1 0 1 0 1 0 0 1 1 0 0 1 1 
0 0 0 0 1 1 1 0 0 1 1 0 0 1 1 0 0 1 1 0 1 1 1 0 0 1 1 0 0 1 1 0 0 1 1 0 0 1 1 0 0 1 1 0 0 0 0 1 0 1 1 1 
1 1 1 0 0 0 0 1 1 0 0 1 1 0 0 1 1 0 0 1 1 0 0 1 1 0 0 1 1 0 0 1 1 0 0 1 1 0 0 1 1 0 0 1 1 0 1 0 1 0 0 1 
1 1 0 1 0 0 0 0 0 1 1 1 1 0 0 0 0 1 1 1 1 0 0 0 0 1 1 1 2 0 0 0 0 1 1 1 1 0 0 0 0 1 1 1 1 1 0 0 1 0 1 0 
0 0 0 0 2 0 0 0 1 0 0 0 0 1 1 1 1 0 0 0 1 1 1 1 1 0 0 0 3 1 1 1 1 0 0 0 0 1 1 1 1 0 0 0 0 1 1 1 0 1 0 0 
1 0 1 1 2 1 0 1 0 0 0 0 0 0 0 0 0 0 1 1 2 0 0 1 1 1 0 0 0 1 1 0 0 0 1 1 1 0 0 1 1 1 0 0 0 0 0 1 0 1 0 1 
0 1 0 0 0 0 1 0 0 1 0 0 0 1 1 0 1 0 0 0 2 0 0 0 0 0 1 1 1 0 0 1 1 1 0 0 0 1 1 0 0 0 1 1 1 1 0 0 1 0 1 0 
0 0 1 1 1 0 0 1 1 0 0 1 0 0 0 1 0 1 0 0 2 1 1 0 0 0 0 0 2 0 0 0 0 0 0 0 0 0 0 0 0 0 0 0 0 0 1 0 1 0 0 1 
0 0 1 1 1 0 1 1 1 0 1 1 1 0 0 0 0 0 0 1 2 0 0 0 0 1 0 1 3 0 1 0 1 1 1 0 0 0 0 0 0 0 0 1 1 1 0 0 1 0 1 1 
0 1 0 0 0 0 0 0 1 0 0 1 1 0 0 1 1 0 0 0 3 0 1 0 0 0 0 1 0 0 1 1 0 1 0 1 1 1 1 1 1 1 1 0 0 1 1 1 0 0 0 0 
1 0 1 1 2 1 1 1 0 1 1 0 0 1 1 0 0 1 1 0 3 1 0 1 0 0 1 0 1 0 0 0 1 0 0 0 0 0 0 0 0 0 0 1 1 0 0 0 1 1 1 1 
0 0 1 0 1 1 1 1 1 1 0 0 0 1 0 1 0 0 0 1 3 0 0 1 1 1 0 0 2 1 0 1 0 0 1 0 0 1 1 1 0 0 0 0 0 1 1 0 0 0 0 1 
1 1 1 1 2 1 1 0 1 1 0 1 0 0 1 1 1 0 1 0 3 1 1 0 0 1 1 1 3 1 0 1 0 1 0 1 1 1 0 0 0 0 1 1 0 1 1 0 1 0 0 0 
0 1 1 1 0 1 1 0 0 0 1 0 0 0 1 0 0 1 1 1 1 1 1 0 1 0 0 0 0 1 0 0 1 0 1 0 1 0 0 1 0 1 0 1 1 1 1 0 1 1 1 0 
0 1 0 1 1 1 0 0 1 0 1 0 0 0 1 0 0 0 1 1 0 1 0 1 1 0 0 0 1 1 1 0 0 1 1 0 0 1 0 0 1 0 1 0 0 1 0 1 0 1 0 0 
1 0 0 0 0 1 0 0 0 1 0 1 0 1 0 0 1 0 1 1 2 0 1 1 0 0 0 0 2 1 0 0 0 0 0 0 1 0 0 1 1 0 0 1 1 0 0 1 0 0 0 1 

# Size = 19 | Time = 62 ms
0 0 0 0 0 0 0 0 0 0 0 0 0 0 0 0 0 0 0 0 0 0 0 0 0 0 0 0 0 0 0 0 0 0 0 0 0 0 0 0 0 0 0 0 0 0 0 0 0 0 0 1 
1 1 1 1 1 1 1 1 1 1 1 1 1 1 1 1 1 1 1 1 0 1 1 1 1 1 1 1 1 1 1 1 1 1 1 1 1 1 1 1 1 1 1 1 1 1 1 1 0 1 1 0 
1 1 1 0 2 0 1 0 1 0 1 0 1 0 1 0 1 0 1 0 0 0 1 0 1 0 1 0 2 0 1 0 1 0 1 0 1 0 1 0 1 0 1 0 0 1 1 0 1 1 0 0 
0 0 0 1 0 1 0 1 0 1 0 1 0 1 0 1 0 1 0 1 0 1 0 1 0 1 0 1 3 1 0 1 0 1 0 1 0 1 0 1 0 1 0 1 0 0 1 1 0 0 1 1 
0 0 0 0 1 1 1 0 0 1 1 0 0 1 1 0 0 1 1 0 1 1 1 0 0 1 1 0 0 1 1 0 0 1 1 0 0 1 1 0 0 1 1 0 0 0 0 1 0 1 1 1 
1 1 1 0 0 0 0 1 1 0 0 1 1 0 0 1 1 0 0 1 1 0 0 1 1 0 0 1 1 0 0 1 1 0 0 1 1 0 0 1 1 0 0 1 1 0 1 0 1 0 0 1 
1 1 0 1 0 0 0 0 0 1 1 1 1 0 0 0 0 1 1 1 1 0 0 0 0 1 1 1 2 0 0 0 0 1 1 1 1 0 0 0 0 1 1 1 1 1 0 0 1 0 1 0 
0 0 0 0 2 0 0 0 1 0 0 0 0 1 1 1 1 0 0 0 1 1 1 1 1 0 0 0 3 1 1 1 1 0 0 0 0 1 1 1 1 0 0 0 0 1 1 1 0 1 0 0 
1 0 1 1 2 1 0 1 0 0 0 0 0 0 0 0 0 0 1 1 2 0 0 1 1 1 0 0 0 1 1 0 0 0 1 1 1 0 0 1 1 1 0 0 0 0 0 1 0 1 0 1 
0 1 0 0 0 0 1 0 0 1 0 0 0 1 1 0 1 0 0 0 2 0 0 0 0 0 1 1 1 0 0 1 1 1 0 0 0 1 1 0 0 0 1 1 1 1 0 0 1 0 1 0 
0 0 1 1 1 0 0 1 1 0 0 1 0 0 0 1 0 1 0 0 2 1 1 0 0 0 0 0 2 0 0 0 0 0 0 0 0 0 0 0 0 0 0 0 0 0 1 0 1 0 0 1 
0 0 1 0 1 0 1 0 1 0 1 0 1 0 0 0 1 0 0 0 2 0 0 0 0 1 0 1 3 0 0 0 1 1 1 0 0 0 0 0 0 0 0 1 1 1 0 0 1 0 1 1 
0 1 0 0 0 0 0 0 1 0 0 1 1 0 0 1 1 0 0 0 3 0 1 0 0 0 0 1 0 0 1 1 0 1 0 1 1 1 1 1 1 1 1 0 0 1 1 1 0 0 0 0 
1 0 1 1 2 1 1 1 0 1 1 0 0 1 1 0 0 1 1 0 3 1 0 1 0 0 1 0 1 0 0 0 1 0 0 0 0 0 0 0 0 0 0 1 1 0 0 0 1 1 1 1 
0 0 0 1 1 1 1 1 1 1 1 0 0 1 0 0 0 1 1 1 3 0 1 1 1 1 1 0 2 1 1 1 1 0 1 0 1 1 1 1 0 0 0 0 0 1 1 0 0 0 0 0 
1 1 0 0 2 1 0 1 0 0 0 1 0 0 0 1 0 0 1 0 3 1 1 1 0 0 1 1 3 1 1 0 0 1 1 0 1 1 0 1 1 1 1 0 0 0 1 0 1 0 0 1 
0 1 0 0 0 1 1 1 0 1 1 0 0 1 0 1 1 0 1 0 0 1 1 1 1 0 0 1 0 1 1 0 1 1 0 0 1 1 1 0 0 0 0 1 1 0 1 0 1 1 1 1 
1 1 1 1 0 1 1 1 1 1 0 0 1 0 0 1 1 0 1 1 3 1 1 1 0 1 0 0 1 0 0 0 0 0 1 0 1 1 0 0 1 0 0 0 0 1 1 1 0 0 1 0 
0 1 0 1 1 0 0 0 1 1 0 0 0 0 1 0 0 1 0 1 3 0 0 1 1 1 0 1 2 1 0 0 1 0 1 1 0 1 0 0 0 0 0 1 0 0 1 1 0 1 0 1 

# Size = 19 | Time = 62 ms
0 0 0 0 0 0 0 0 0 0 0 0 0 0 0 0 0 0 0 0 0 0 0 0 0 0 0 0 0 0 0 0 0 0 0 0 0 0 0 0 0 0 0 0 0 0 0 0 0 0 0 1 
1 1 1 1 1 1 1 1 1 1 1 1 1 1 1 1 1 1 1 1 0 1 1 1 1 1 1 1 1 1 1 1 1 1 1 1 1 1 1 1 1 1 1 1 1 1 1 1 0 1 1 0 
1 1 1 0 2 0 1 0 1 0 1 0 1 0 1 0 1 0 1 0 0 0 1 0 1 0 1 0 2 0 1 0 1 0 1 0 1 0 1 0 1 0 1 0 0 1 1 0 1 1 0 0 
0 0 0 1 0 1 0 1 0 1 0 1 0 1 0 1 0 1 0 1 0 1 0 1 0 1 0 1 3 1 0 1 0 1 0 1 0 1 0 1 0 1 0 1 0 0 1 1 0 0 1 1 
0 0 0 0 1 1 1 0 0 1 1 0 0 1 1 0 0 1 1 0 1 1 1 0 0 1 1 0 0 1 1 0 0 1 1 0 0 1 1 0 0 1 1 0 0 0 0 1 0 1 1 1 
1 1 1 0 0 0 0 1 1 0 0 1 1 0 0 1 1 0 0 1 1 0 0 1 1 0 0 1 1 0 0 1 1 0 0 1 1 0 0 1 1 0 0 1 1 0 1 0 1 0 0 1 
1 1 0 1 0 0 0 0 0 1 1 1 1 0 0 0 0 1 1 1 1 0 0 0 0 1 1 1 2 0 0 0 0 1 1 1 1 0 0 0 0 1 1 1 1 1 0 0 1 0 1 0 
0 0 0 0 2 0 0 0 1 0 0 0 0 1 1 1 1 0 0 0 1 1 1 1 1 0 0 0 3 1 1 1 1 0 0 0 0 1 1 1 1 0 0 0 0 1 1 1 0 1 0 0 
1 0 1 1 2 1 0 1 0 0 0 0 0 0 0 0 0 0 1 1 2 0 0 1 1 1 0 0 0 1 1 0 0 0 1 1 1 0 0 1 1 1 0 0 0 0 0 1 0 1 0 1 
0 1 0 0 0 0 1 0 0 1 0 0 0 1 1 0 1 0 0 0 2 0 0 0 0 0 1 1 1 0 0 1 1 1 0 0 0 1 1 0 0 0 1 1 1 1 0 0 1 0 1 0 
0 0 1 0 1 0 0 1 1 0 0 1 0 0 0 1 0 1 0 0 2 1 1 0 0 0 0 0 2 0 0 0 0 0 0 0 0 0 0 0 0 0 0 0 0 0 1 0 1 0 0 1 
0 0 1 0 1 0 1 1 1 0 1 0 1 0 0 0 1 0 0 0 2 0 0 0 0 1 0 1 3 0 1 0 0 1 1 0 0 0 0 0 0 1 0 1 1 1 0 0 1 0 1 1 
0 1 0 0 0 0 0 0 1 0 0 1 1 0 0 1 1 0 0 0 3 0 1 0 0 0 0 1 0 0 1 1 0 1 0 1 1 1 1 1 1 1 1 0 0 1 1 1 0 0 0 0 
1 0 1 1 2 1 1 1 0 1 1 0 0 1 1 0 0 1 1 0 3 1 0 1 0 0 1 0 1 0 0 0 1 0 0 0 0 0 0 0 0 0 0 1 1 0 0 0 1 1 1 1 
1 0 0 0 1 1 1 1 0 1 0 0 1 1 1 0 0 0 1 1 3 1 0 1 1 1 0 0 2 1 0 1 0 0 1 0 0 1 1 1 0 0 0 0 0 1 0 0 0 1 0 0 
1 1 1 1 2 1 1 0 0 1 0 1 1 1 1 1 0 1 1 1 3 1 0 1 0 0 1 1 3 1 0 0 0 1 0 1 1 0 0 1 0 1 1 1 1 1 1 0 1 0 0 1 
0 1 1 1 0 0 0 1 0 1 0 0 0 0 0 0 1 0 0 1 3 1 0 0 1 1 0 1 0 0 1 0 1 0 0 1 1 0 1 1 0 0 0 1 1 0 1 0 1 1 0 1 
1 0 1 1 1 1 0 1 0 1 0 0 1 0 1 1 0 0 1 0 2 1 0 0 1 1 0 0 1 1 0 0 0 0 1 1 1 1 1 0 1 0 0 0 0 0 1 1 0 1 0 1 
0 0 1 1 1 0 0 0 1 0 0 1 0 1 0 0 0 0 1 0 1 1 1 1 0 0 1 0 2 0 0 1 0 1 0 1 1 0 1 1 0 1 0 1 0 0 1 1 0 1 0 1 

# Size = 19 | Time = 61 ms
0 0 0 0 0 0 0 0 0 0 0 0 0 0 0 0 0 0 0 0 0 0 0 0 0 0 0 0 0 0 0 0 0 0 0 0 0 0 0 0 0 0 0 0 0 0 0 0 0 0 0 1 
1 1 1 1 1 1 1 1 1 1 1 1 1 1 1 1 1 1 1 1 0 1 1 1 1 1 1 1 1 1 1 1 1 1 1 1 1 1 1 1 1 1 1 1 1 1 1 1 0 1 1 0 
1 1 1 0 2 0 1 0 1 0 1 0 1 0 1 0 1 0 1 0 0 0 1 0 1 0 1 0 2 0 1 0 1 0 1 0 1 0 1 0 1 0 1 0 0 1 1 0 1 1 0 0 
0 0 0 1 0 1 0 1 0 1 0 1 0 1 0 1 0 1 0 1 0 1 0 1 0 1 0 1 3 1 0 1 0 1 0 1 0 1 0 1 0 1 0 1 0 0 1 1 0 0 1 1 
0 0 0 0 1 1 1 0 0 1 1 0 0 1 1 0 0 1 1 0 1 1 1 0 0 1 1 0 0 1 1 0 0 1 1 0 0 1 1 0 0 1 1 0 0 0 0 1 0 1 1 1 
1 1 1 0 0 0 0 1 1 0 0 1 1 0 0 1 1 0 0 1 1 0 0 1 1 0 0 1 1 0 0 1 1 0 0 1 1 0 0 1 1 0 0 1 1 0 1 0 1 0 0 1 
1 1 0 1 0 0 0 0 0 1 1 1 1 0 0 0 0 1 1 1 1 0 0 0 0 1 1 1 2 0 0 0 0 1 1 1 1 0 0 0 0 1 1 1 1 1 0 0 1 0 1 0 
0 0 0 0 2 0 0 0 1 0 0 0 0 1 1 1 1 0 0 0 1 1 1 1 1 0 0 0 3 1 1 1 1 0 0 0 0 1 1 1 1 0 0 0 0 1 1 1 0 1 0 0 
1 0 1 1 2 1 0 1 0 0 0 0 0 0 0 0 0 0 1 1 2 0 0 1 1 1 0 0 0 1 1 0 0 0 1 1 1 0 0 1 1 1 0 0 0 0 0 1 0 1 0 1 
0 1 0 0 0 0 1 0 0 1 0 0 0 1 1 0 1 0 0 0 2 0 0 0 0 0 1 1 1 0 0 1 1 1 0 0 0 1 1 0 0 0 1 1 1 1 0 0 1 0 1 0 
0 0 0 0 1 0 0 1 1 0 0 1 0 0 0 1 0 1 0 0 2 1 1 0 0 0 0 0 2 0 0 0 0 0 0 0 0 0 0 0 0 0 0 0 0 0 1 0 1 0 0 1 
0 0 1 0 1 0 1 0 1 0 1 0 1 0 0 0 1 0 0 0 2 0 0 0 0 0 0 1 3 0 1 0 1 0 1 0 0 0 0 0 0 0 0 1 1 1 0 0 1 0 1 1 
0 1 0 0 0 0 0 0 1 0 0 1 1 0 0 1 1 0 0 0 3 0 1 0 0 0 0 1 0 0 1 1 0 1 0 1 1 1 1 1 1 1 1 0 0 1 1 1 0 0 0 0 
1 0 1 1 2 1 1 1 0 1 1 0 0 1 1 0 0 1 1 0 3 1 0 1 0 0 1 0 1 0 0 0 1 0 0 0 0 0 0 0 0 0 0 1 1 0 0 0 1 1 1 1 
0 1 1 1 1 1 0 1 1 1 0 1 1 1 0 0 0 1 1 1 3 1 0 1 1 1 1 1 2 1 0 1 0 1 1 0 0 1 1 1 0 0 1 0 0 0 0 0 0 0 0 1 
1 1 0 1 2 0 1 1 0 0 0 1 1 1 1 1 1 1 1 1 3 0 0 0 1 1 1 1 3 1 1 1 1 1 1 0 1 1 0 1 1 0 1 0 0 0 1 0 1 0 0 1 
0 1 0 1 0 1 0 0 1 0 0 0 1 1 1 1 0 0 0 1 0 1 1 0 0 0 0 0 0 1 0 0 1 1 1 1 1 0 0 0 1 0 0 1 1 1 1 0 1 1 0 1 
1 1 0 1 2 0 1 0 1 1 0 1 1 0 0 1 1 1 0 0 3 1 1 0 0 1 1 0 1 1 1 1 0 0 0 0 0 0 1 0 1 1 1 0 0 0 1 0 0 0 0 1 
0 1 1 0 1 1 1 0 0 1 0 0 0 1 1 1 0 1 1 1 0 0 0 1 0 0 0 1 2 0 1 0 1 1 1 0 1 0 0 1 0 0 0 1 0 0 1 1 0 1 0 1 

# Size = 19 | Time = 62 ms
0 0 0 0 0 0 0 0 0 0 0 0 0 0 0 0 0 0 0 0 0 0 0 0 0 0 0 0 0 0 0 0 0 0 0 0 0 0 0 0 0 0 0 0 0 0 0 0 0 0 0 1 
1 1 1 1 1 1 1 1 1 1 1 1 1 1 1 1 1 1 1 1 0 1 1 1 1 1 1 1 1 1 1 1 1 1 1 1 1 1 1 1 1 1 1 1 1 1 1 1 0 1 1 0 
1 1 1 0 2 0 1 0 1 0 1 0 1 0 1 0 1 0 1 0 0 0 1 0 1 0 1 0 2 0 1 0 1 0 1 0 1 0 1 0 1 0 1 0 0 1 1 0 1 1 0 0 
0 0 0 1 0 1 0 1 0 1 0 1 0 1 0 1 0 1 0 1 0 1 0 1 0 1 0 1 3 1 0 1 0 1 0 1 0 1 0 1 0 1 0 1 0 0 1 1 0 0 1 1 
0 0 0 0 1 1 1 0 0 1 1 0 0 1 1 0 0 1 1 0 1 1 1 0 0 1 1 0 0 1 1 0 0 1 1 0 0 1 1 0 0 1 1 0 0 0 0 1 0 1 1 1 
1 1 1 0 0 0 0 1 1 0 0 1 1 0 0 1 1 0 0 1 1 0 0 1 1 0 0 1 1 0 0 1 1 0 0 1 1 0 0 1 1 0 0 1 1 0 1 0 1 0 0 1 
1 1 0 1 0 0 0 0 0 1 1 1 1 0 0 0 0 1 1 1 1 0 0 0 0 1 1 1 2 0 0 0 0 1 1 1 1 0 0 0 0 1 1 1 1 1 0 0 1 0 1 0 
0 0 0 0 2 0 0 0 1 0 0 0 0 1 1 1 1 0 0 0 1 1 1 1 1 0 0 0 3 1 1 1 1 0 0 0 0 1 1 1 1 0 0 0 0 1 1 1 0 1 0 0 
1 0 1 1 2 1 0 1 0 0 0 0 0 0 0 0 0 0 1 1 2 0 0 1 1 1 0 0 0 1 1 0 0 0 1 1 1 0 0 1 1 1 0 0 0 0 0 1 0 1 0 1 
0 1 0 0 0 0 1 0 0 1 0 0 0 1 1 0 1 0 0 0 2 0 0 0 0 0 1 1 1 0 0 1 1 1 0 0 0 1 1 0 0 0 1 1 1 1 0 0 1 0 1 0 
0 0 0 1 1 0 0 1 1 0 0 1 0 0 0 1 0 1 0 0 2 1 1 0 0 0 0 0 2 0 0 0 0 0 0 0 0 0 0 0 0 0 0 0 0 0 1 0 1 0 0 1 
0 0 1 1 1 1 1 1 1 0 1 1 1 0 0 0 1 0 0 0 2 0 0 0 0 1 0 1 3 0 0 0 0 1 1 1 0 0 0 0 0 0 0 1 1 1 0 0 1 1 1 1 
0 1 0 0 0 0 0 0 1 0 0 1 1 0 0 1 1 0 0 0 3 0 1 0 0 0 0 1 0 0 1 1 0 1 0 1 1 1 1 1 1 1 1 0 0 1 1 1 0 0 0 0 
1 0 1 1 2 1 1 1 0 1 1 0 0 1 1 0 0 1 1 0 3 1 0 1 0 0 1 0 1 0 0 0 1 0 0 0 0 0 0 0 0 0 0 1 1 0 0 0 1 1 1 1 
0 0 1 0 1 1 1 1 1 1 1 0 0 1 1 0 1 0 0 1 3 0 0 1 1 1 1 0 2 1 0 1 1 1 1 0 0 1 1 1 0 0 1 1 0 0 1 0 0 0 0 1 
1 1 1 1 2 1 0 1 1 1 0 1 0 1 0 0 1 0 1 0 3 1 0 0 0 1 1 1 3 1 0 1 0 1 1 1 1 0 0 0 1 0 1 1 0 1 1 0 1 0 1 1 
0 0 0 1 0 1 0 0 0 0 1 0 0 0 0 1 0 0 1 0 3 1 0 1 0 1 1 1 0 1 0 0 1 1 1 0 1 1 0 0 1 1 1 1 1 0 1 0 1 1 0 1 
0 1 1 0 0 0 1 1 1 0 0 1 1 0 1 1 1 0 0 1 0 0 0 1 0 1 1 1 1 1 1 0 0 1 0 1 0 0 1 1 1 0 0 0 0 1 1 1 0 1 0 1 
0 0 0 1 1 1 0 0 0 1 0 1 1 1 0 1 1 1 0 1 2 1 0 0 1 1 1 0 2 0 1 0 0 1 0 1 0 0 1 0 1 1 1 0 0 1 1 1 0 0 0 0 

# Size = 19 | Time = 62 ms
0 0 0 0 0 0 0 0 0 0 0 0 0 0 0 0 0 0 0 0 0 0 0 0 0 0 0 0 0 0 0 0 0 0 0 0 0 0 0 0 0 0 0 0 0 0 0 0 0 0 0 1 
1 1 1 1 1 1 1 1 1 1 1 1 1 1 1 1 1 1 1 1 0 1 1 1 1 1 1 1 1 1 1 1 1 1 1 1 1 1 1 1 1 1 1 1 1 1 1 1 0 1 1 0 
1 1 1 0 2 0 1 0 1 0 1 0 1 0 1 0 1 0 1 0 0 0 1 0 1 0 1 0 2 0 1 0 1 0 1 0 1 0 1 0 1 0 1 0 0 1 1 0 1 1 0 0 
0 0 0 1 0 1 0 1 0 1 0 1 0 1 0 1 0 1 0 1 0 1 0 1 0 1 0 1 3 1 0 1 0 1 0 1 0 1 0 1 0 1 0 1 0 0 1 1 0 0 1 1 
0 0 0 0 1 1 1 0 0 1 1 0 0 1 1 0 0 1 1 0 1 1 1 0 0 1 1 0 0 1 1 0 0 1 1 0 0 1 1 0 0 1 1 0 0 0 0 1 0 1 1 1 
1 1 1 0 0 0 0 1 1 0 0 1 1 0 0 1 1 0 0 1 1 0 0 1 1 0 0 1 1 0 0 1 1 0 0 1 1 0 0 1 1 0 0 1 1 0 1 0 1 0 0 1 
1 1 0 1 0 0 0 0 0 1 1 1 1 0 0 0 0 1 1 1 1 0 0 0 0 1 1 1 2 0 0 0 0 1 1 1 1 0 0 0 0 1 1 1 1 1 0 0 1 0 1 0 
0 0 0 0 2 0 0 0 1 0 0 0 0 1 1 1 1 0 0 0 1 1 1 1 1 0 0 0 3 1 1 1 1 0 0 0 0 1 1 1 1 0 0 0 0 1 1 1 0 1 0 0 
1 0 1 1 2 1 0 1 0 0 0 0 0 0 0 0 0 0 1 1 2 0 0 1 1 1 0 0 0 1 1 0 0 0 1 1 1 0 0 1 1 1 0 0 0 0 0 1 0 1 0 1 
0 1 0 0 0 0 1 0 0 1 0 0 0 1 1 0 1 0 0 0 2 0 0 0 0 0 1 1 1 0 0 1 1 1 0 0 0 1 1 0 0 0 1 1 1 1 0 0 1 0 1 0 
0 0 1 1 1 0 0 1 1 0 0 1 0 0 0 1 0 1 0 0 2 1 1 0 0 0 0 0 2 0 0 0 0 0 0 0 0 0 0 0 0 0 0 0 0 0 1 0 1 0 0 1 
0 0 1 1 1 1 1 1 1 0 1 1 1 0 0 0 1 0 0 0 2 0 0 0 0 1 0 0 3 0 1 0 0 0 1 0 0 0 0 0 0 1 0 1 1 1 0 0 1 0 1 1 
0 1 0 0 0 0 0 0 1 0 0 1 1 0 0 1 1 0 0 0 3 0 1 0 0 0 0 1 0 0 1 1 0 1 0 1 1 1 1 1 1 1 1 0 0 1 1 1 0 0 0 0 
1 0 1 1 2 1 1 1 0 1 1 0 0 1 1 0 0 1 1 0 3 1 0 1 0 0 1 0 1 0 0 0 1 0 0 0 0 0 0 0 0 0 0 1 1 0 0 0 1 1 1 1 
1 0 1 0 1 1 0 0 1 1 0 1 0 1 1 1 0 1 0 1 3 0 0 1 1 1 1 1 2 1 0 1 0 1 1 0 1 1 1 1 0 0 0 0 0 0 1 0 0 1 0 1 
1 1 1 0 2 1 0 0 0 0 0 1 0 1 1 1 1 1 1 0 3 0 1 0 0 0 1 1 3 1 0 1 1 1 1 1 1 1 0 1 1 1 1 1 1 0 1 0 1 0 1 1 
0 0 1 1 0 1 1 0 0 0 1 0 1 0 0 1 0 1 1 0 1 1 0 0 1 0 1 0 0 0 1 0 1 1 0 1 0 0 1 0 1 1 1 1 1 1 1 0 1 1 1 1 
0 1 0 0 0 1 0 0 1 0 0 0 1 0 1 0 0 0 1 0 2 0 0 1 0 0 1 0 1 0 0 1 0 1 0 1 1 0 1 1 1 0 1 0 0 1 0 0 0 0 1 1 
0 0 0 0 2 1 1 0 1 0 0 1 0 1 0 1 1 0 0 0 2 0 1 0 1 0 0 0 2 0 1 1 1 1 1 0 0 1 1 1 1 0 0 1 1 0 1 1 0 1 1 1 

# Size = 19 | Time = 62 ms
0 0 0 0 0 0 0 0 0 0 0 0 0 0 0 0 0 0 0 0 0 0 0 0 0 0 0 0 0 0 0 0 0 0 0 0 0 0 0 0 0 0 0 0 0 0 0 0 0 0 0 1 
1 1 1 1 1 1 1 1 1 1 1 1 1 1 1 1 1 1 1 1 0 1 1 1 1 1 1 1 1 1 1 1 1 1 1 1 1 1 1 1 1 1 1 1 1 1 1 1 0 1 1 0 
1 1 1 0 2 0 1 0 1 0 1 0 1 0 1 0 1 0 1 0 0 0 1 0 1 0 1 0 2 0 1 0 1 0 1 0 1 0 1 0 1 0 1 0 0 1 1 0 1 1 0 0 
0 0 0 1 0 1 0 1 0 1 0 1 0 1 0 1 0 1 0 1 0 1 0 1 0 1 0 1 3 1 0 1 0 1 0 1 0 1 0 1 0 1 0 1 0 0 1 1 0 0 1 1 
0 0 0 0 1 1 1 0 0 1 1 0 0 1 1 0 0 1 1 0 1 1 1 0 0 1 1 0 0 1 1 0 0 1 1 0 0 1 1 0 0 1 1 0 0 0 0 1 0 1 1 1 
1 1 1 0 0 0 0 1 1 0 0 1 1 0 0 1 1 0 0 1 1 0 0 1 1 0 0 1 1 0 0 1 1 0 0 1 1 0 0 1 1 0 0 1 1 0 1 0 1 0 0 1 
1 1 0 1 0 0 0 0 0 1 1 1 1 0 0 0 0 1 1 1 1 0 0 0 0 1 1 1 2 0 0 0 0 1 1 1 1 0 0 0 0 1 1 1 1 1 0 0 1 0 1 0 
0 0 0 0 2 0 0 0 1 0 0 0 0 1 1 1 1 0 0 0 1 1 1 1 1 0 0 0 3 1 1 1 1 0 0 0 0 1 1 1 1 0 0 0 0 1 1 1 0 1 0 0 
1 0 1 1 2 1 0 1 0 0 0 0 0 0 0 0 0 0 1 1 2 0 0 1 1 1 0 0 0 1 1 0 0 0 1 1 1 0 0 1 1 1 0 0 0 0 0 1 0 1 0 1 
0 1 0 0 0 0 1 0 0 1 0 0 0 1 1 0 1 0 0 0 2 0 0 0 0 0 1 1 1 0 0 1 1 1 0 0 0 1 1 0 0 0 1 1 1 1 0 0 1 0 1 0 
0 0 1 1 1 0 0 1 1 0 0 1 0 0 0 1 0 1 0 0 2 1 1 0 0 0 0 0 2 0 0 0 0 0 0 0 0 0 0 0 0 0 0 0 0 0 1 0 1 0 0 1 
0 0 1 1 1 0 1 1 1 0 1 1 1 0 0 0 0 0 0 0 2 0 0 0 0 0 0 1 3 0 1 0 1 0 1 0 0 0 0 0 0 1 0 1 1 1 0 0 1 0 1 1 
0 1 0 0 0 0 0 0 1 0 0 1 1 0 0 1 1 0 0 0 3 0 1 0 0 0 0 1 0 0 1 1 0 1 0 1 1 1 1 1 1 1 1 0 0 1 1 1 0 0 0 0 
1 0 1 1 2 1 1 1 0 1 1 0 0 1 1 0 0 1 1 0 3 1 0 1 0 0 1 0 1 0 0 0 1 0 0 0 0 0 0 0 0 0 0 1 1 0 0 0 1 1 1 1 
0 1 1 1 1 1 0 1 1 1 1 1 0 1 1 0 0 0 0 1 3 0 1 1 1 1 1 1 2 1 0 1 1 0 1 0 0 1 0 1 0 0 0 1 1 1 1 0 0 1 0 0 
1 1 0 1 2 1 0 0 1 0 0 1 1 1 0 1 1 1 1 0 3 1 0 1 0 0 1 1 3 1 1 0 1 1 1 0 1 0 0 0 0 1 1 1 0 0 1 0 1 0 1 1 
1 0 1 1 0 1 1 1 0 0 0 0 0 1 0 0 0 0 0 1 1 0 1 0 0 1 0 1 0 1 1 1 1 0 1 0 1 1 1 0 1 1 1 1 1 0 0 0 1 1 0 1 
0 0 1 1 1 0 1 0 0 1 0 1 0 0 1 0 1 0 1 1 2 0 1 1 0 0 1 0 1 1 0 1 0 1 1 1 1 1 0 1 1 1 1 0 0 1 1 1 0 1 0 0 
0 0 0 1 2 1 1 0 1 0 1 0 1 0 0 0 0 1 1 1 1 0 0 1 1 1 0 0 2 0 1 1 1 0 0 0 1 0 1 0 1 0 0 1 0 0 1 1 0 0 0 1 

# Size = 19 | Time = 62 ms
0 0 0 0 0 0 0 0 0 0 0 0 0 0 0 0 0 0 0 0 0 0 0 0 0 0 0 0 0 0 0 0 0 0 0 0 0 0 0 0 0 0 0 0 0 0 0 0 0 0 0 1 
1 1 1 1 1 1 1 1 1 1 1 1 1 1 1 1 1 1 1 1 0 1 1 1 1 1 1 1 1 1 1 1 1 1 1 1 1 1 1 1 1 1 1 1 1 1 1 1 0 1 1 0 
1 1 1 0 2 0 1 0 1 0 1 0 1 0 1 0 1 0 1 0 0 0 1 0 1 0 1 0 2 0 1 0 1 0 1 0 1 0 1 0 1 0 1 0 0 1 1 0 1 1 0 0 
0 0 0 1 0 1 0 1 0 1 0 1 0 1 0 1 0 1 0 1 0 1 0 1 0 1 0 1 3 1 0 1 0 1 0 1 0 1 0 1 0 1 0 1 0 0 1 1 0 0 1 1 
0 0 0 0 1 1 1 0 0 1 1 0 0 1 1 0 0 1 1 0 1 1 1 0 0 1 1 0 0 1 1 0 0 1 1 0 0 1 1 0 0 1 1 0 0 0 0 1 0 1 1 1 
1 1 1 0 0 0 0 1 1 0 0 1 1 0 0 1 1 0 0 1 1 0 0 1 1 0 0 1 1 0 0 1 1 0 0 1 1 0 0 1 1 0 0 1 1 0 1 0 1 0 0 1 
1 1 0 1 0 0 0 0 0 1 1 1 1 0 0 0 0 1 1 1 1 0 0 0 0 1 1 1 2 0 0 0 0 1 1 1 1 0 0 0 0 1 1 1 1 1 0 0 1 0 1 0 
0 0 0 0 2 0 0 0 1 0 0 0 0 1 1 1 1 0 0 0 1 1 1 1 1 0 0 0 3 1 1 1 1 0 0 0 0 1 1 1 1 0 0 0 0 1 1 1 0 1 0 0 
1 0 1 1 2 1 0 1 0 0 0 0 0 0 0 0 0 0 1 1 2 0 0 1 1 1 0 0 0 1 1 0 0 0 1 1 1 0 0 1 1 1 0 0 0 0 0 1 0 1 0 1 
0 1 0 0 0 0 1 0 0 1 0 0 0 1 1 0 1 0 0 0 2 0 0 0 0 0 1 1 1 0 0 1 1 1 0 0 0 1 1 0 0 0 1 1 1 1 0 0 1 0 1 0 
0 0 1 0 1 0 0 1 1 0 0 1 0 0 0 1 0 1 0 0 2 1 1 0 0 0 0 0 2 0 0 0 0 0 0 0 0 0 0 0 0 0 0 0 0 0 1 0 1 0 0 1 
0 0 1 0 1 1 1 1 1 0 1 1 1 0 0 0 1 0 0 0 2 0 0 0 0 0 0 0 3 0 0 0 0 1 1 1 0 0 0 0 0 0 0 1 1 1 0 0 1 0 1 1 
0 1 0 0 0 0 0 0 1 0 0 1 1 0 0 1 1 0 0 0 3 0 1 0 0 0 0 1 0 0 1 1 0 1 0 1 1 1 1 1 1 1 1 0 0 1 1 1 0 0 0 0 
1 0 1 1 2 1 1 1 0 1 1 0 0 1 1 0 0 1 1 0 3 1 0 1 0 0 1 0 1 0 0 0 1 0 0 0 0 0 0 0 0 0 0 1 1 0 0 0 1 1 1 1 
1 1 0 0 1 1 0 0 1 1 1 1 1 1 0 0 0 1 1 1 3 1 1 1 1 1 1 1 2 1 0 1 0 0 1 0 1 1 1 1 0 0 0 1 1 1 0 0 0 0 0 1 
1 1 1 1 2 0 1 1 0 0 0 1 0 0 0 0 1 1 1 1 3 0 1 1 1 0 1 1 3 1 0 1 0 1 1 0 1 0 1 1 0 1 1 0 0 1 1 0 1 0 0 0 
1 0 0 1 0 1 0 0 1 1 0 1 0 0 0 0 0 0 1 1 3 0 0 1 1 1 1 0 0 1 0 0 1 0 0 0 1 0 1 0 0 1 1 1 1 1 1 0 1 1 0 1 
0 1 1 1 0 0 1 0 1 0 1 0 1 0 0 1 1 0 0 1 0 0 1 1 1 1 1 1 1 1 1 1 0 1 0 1 1 1 1 0 0 1 1 0 0 1 1 0 0 1 0 0 
1 1 1 0 0 1 0 0 0 1 1 1 1 1 0 1 0 1 1 0 3 0 1 0 1 0 1 1 2 1 1 0 0 0 1 1 1 0 1 0 0 1 0 0 0 1 1 1 0 0 0 0 

# Size = 19 | Time = 61 ms
0 0 0 0 0 0 0 0 0 0 0 0 0 0 0 0 0 0 0 0 0 0 0 0 0 0 0 0 0 0 0 0 0 0 0 0 0 0 0 0 0 0 0 0 0 0 0 0 0 0 0 1 
1 1 1 1 1 1 1 1 1 1 1 1 1 1 1 1 1 1 1 1 0 1 1 1 1 1 1 1 1 1 1 1 1 1 1 1 1 1 1 1 1 1 1 1 1 1 1 1 0 1 1 0 
1 1 1 0 2 0 1 0 1 0 1 0 1 0 1 0 1 0 1 0 0 0 1 0 1 0 1 0 2 0 1 0 1 0 1 0 1 0 1 0 1 0 1 0 0 1 1 0 1 1 0 0 
0 0 0 1 0 1 0 1 0 1 0 1 0 1 0 1 0 1 0 1 0 1 0 1 0 1 0 1 3 1 0 1 0 1 0 1 0 1 0 1 0 1 0 1 0 0 1 1 0 0 1 1 
0 0 0 0 1 1 1 0 0 1 1 0 0 1 1 0 0 1 1 0 1 1 1 0 0 1 1 0 0 1 1 0 0 1 1 0 0 1 1 0 0 1 1 0 0 0 0 1 0 1 1 1 
1 1 1 0 0 0 0 1 1 0 0 1 1 0 0 1 1 0 0 1 1 0 0 1 1 0 0 1 1 0 0 1 1 0 0 1 1 0 0 1 1 0 0 1 1 0 1 0 1 0 0 1 
1 1 0 1 0 0 0 0 0 1 1 1 1 0 0 0 0 1 1 1 1 0 0 0 0 1 1 1 2 0 0 0 0 1 1 1 1 0 0 0 0 1 1 1 1 1 0 0 1 0 1 0 
0 0 0 0 2 0 0 0 1 0 0 0 0 1 1 1 1 0 0 0 1 1 1 1 1 0 0 0 3 1 1 1 1 0 0 0 0 1 1 1 1 0 0 0 0 1 1 1 0 1 0 0 
1 0 1 1 2 1 0 1 0 0 0 0 0 0 0 0 0 0 1 1 2 0 0 1 1 1 0 0 0 1 1 0 0 0 1 1 1 0 0 1 1 1 0 0 0 0 0 1 0 1 0 1 
0 1 0 0 0 0 1 0 0 1 0 0 0 1 1 0 1 0 0 0 2 0 0 0 0 0 1 1 1 0 0 1 1 1 0 0 0 1 1 0 0 0 1 1 1 1 0 0 1 0 1 0 
0 0 0 0 1 0 0 1 1 0 0 1 0 0 0 1 0 1 0 0 2 1 1 0 0 0 0 0 2 0 0 0 0 0 0 0 0 0 0 0 0 0 0 0 0 0 1 0 1 0 0 1 
0 0 1 1 1 1 1 1 1 0 1 0 1 0 0 0 1 0 0 1 2 0 0 0 0 1 0 0 3 0 0 0 1 0 1 0 0 0 0 0 0 1 0 1 1 1 0 0 1 0 1 1 
0 1 0 0 0 0 0 0 1 0 0 1 1 0 0 1 1 0 0 0 3 0 1 0 0 0 0 1 0 0 1 1 0 1 0 1 1 1 1 1 1 1 1 0 0 1 1 1 0 0 0 0 
1 0 1 1 2 1 1 1 0 1 1 0 0 1 1 0 0 1 1 0 3 1 0 1 0 0 1 0 1 0 0 0 1 0 0 0 0 0 0 0 0 0 0 1 1 0 0 0 1 1 1 1 
1 1 0 1 1 1 1 1 0 1 1 0 1 1 0 0 1 1 0 1 3 0 1 1 1 1 1 1 2 1 1 1 0 0 1 0 1 1 0 1 0 0 0 0 0 1 0 0 0 1 0 0 
1 1 1 0 2 1 0 0 0 1 0 1 0 1 1 1 0 0 1 1 3 0 1 0 1 0 1 1 3 1 0 1 1 1 1 1 1 0 0 0 1 1 1 1 0 1 1 0 1 0 0 0 
1 1 0 1 0 1 1 1 1 1 1 1 0 0 0 0 1 0 0 0 3 1 0 1 0 0 0 0 0 1 0 1 1 1 1 0 0 1 1 1 0 1 1 1 1 1 1 0 1 1 1 1 
1 1 1 1 0 1 1 1 0 1 0 1 0 1 1 0 1 1 1 1 0 0 0 1 1 0 0 1 1 1 1 0 0 1 0 0 0 0 0 0 1 0 0 0 0 1 1 1 0 0 0 0 
1 0 0 0 2 1 1 0 1 0 1 0 0 1 0 0 1 1 1 1 3 0 0 0 0 1 1 1 2 0 0 0 0 1 0 1 0 0 0 1 0 0 1 0 0 0 0 1 0 1 0 1 

# Size = 19 | Time = 62 ms
0 0 0 0 0 0 0 0 0 0 0 0 0 0 0 0 0 0 0 0 0 0 0 0 0 0 0 0 0 0 0 0 0 0 0 0 0 0 0 0 0 0 0 0 0 0 0 0 0 0 0 1 
1 1 1 1 1 1 1 1 1 1 1 1 1 1 1 1 1 1 1 1 0 1 1 1 1 1 1 1 1 1 1 1 1 1 1 1 1 1 1 1 1 1 1 1 1 1 1 1 0 1 1 0 
1 1 1 0 2 0 1 0 1 0 1 0 1 0 1 0 1 0 1 0 0 0 1 0 1 0 1 0 2 0 1 0 1 0 1 0 1 0 1 0 1 0 1 0 0 1 1 0 1 1 0 0 
0 0 0 1 0 1 0 1 0 1 0 1 0 1 0 1 0 1 0 1 0 1 0 1 0 1 0 1 3 1 0 1 0 1 0 1 0 1 0 1 0 1 0 1 0 0 1 1 0 0 1 1 
0 0 0 0 1 1 1 0 0 1 1 0 0 1 1 0 0 1 1 0 1 1 1 0 0 1 1 0 0 1 1 0 0 1 1 0 0 1 1 0 0 1 1 0 0 0 0 1 0 1 1 1 
1 1 1 0 0 0 0 1 1 0 0 1 1 0 0 1 1 0 0 1 1 0 0 1 1 0 0 1 1 0 0 1 1 0 0 1 1 0 0 1 1 0 0 1 1 0 1 0 1 0 0 1 
1 1 0 1 0 0 0 0 0 1 1 1 1 0 0 0 0 1 1 1 1 0 0 0 0 1 1 1 2 0 0 0 0 1 1 1 1 0 0 0 0 1 1 1 1 1 0 0 1 0 1 0 
0 0 0 0 2 0 0 0 1 0 0 0 0 1 1 1 1 0 0 0 1 1 1 1 1 0 0 0 3 1 1 1 1 0 0 0 0 1 1 1 1 0 0 0 0 1 1 1 0 1 0 0 
1 0 1 1 2 1 0 1 0 0 0 0 0 0 0 0 0 0 1 1 2 0 0 1 1 1 0 0 0 1 1 0 0 0 1 1 1 0 0 1 1 1 0 0 0 0 0 1 0 1 0 1 
0 1 0 0 0 0 1 0 0 1 0 0 0 1 1 0 1 0 0 0 2 0 0 0 0 0 1 1 1 0 0 1 1 1 0 0 0 1 1 0 0 0 1 1 1 1 0 0 1 0 1 0 
0 0 1 1 1 0 0 1 1 0 0 1 0 0 0 1 0 1 0 0 2 1 1 0 0 0 0 0 2 0 0 0 0 0 0 0 0 0 0 0 0 0 0 0 0 0 1 0 1 0 0 1 
0 0 1 1 1 0 1 0 1 0 1 0 1 0 0 0 0 0 0 0 2 0 0 0 0 0 0 1 3 0 1 0 1 0 1 1 0 0 0 0 0 1 0 1 1 1 0 0 1 0 1 1 
0 1 0 0 0 0 0 0 1 0 0 1 1 0 0 1 1 0 0 0 3 0 1 0 0 0 0 1 0 0 1 1 0 1 0 1 1 1 1 1 1 1 1 0 0 1 1 1 0 0 0 0 
1 0 1 1 2 1 1 1 0 1 1 0 0 1 1 0 0 1 1 0 3 1 0 1 0 0 1 0 1 0 0 0 1 0 0 0 0 0 0 0 0 0 0 1 1 0 0 0 1 1 1 1 
0 1 1 0 1 1 1 1 0 1 1 1 0 1 1 1 1 1 1 1 3 0 0 1 1 1 1 0 2 1 0 1 0 0 1 0 0 1 0 1 0 0 1 0 0 1 1 0 0 1 0 1 
1 1 1 0 2 0 0 1 0 0 1 1 0 0 1 0 0 0 1 0 3 0 0 0 0 0 1 1 3 1 1 1 1 1 0 0 1 0 1 1 0 0 1 0 0 0 0 0 1 0 1 1 
1 0 0 0 0 0 1 1 1 0 0 1 0 0 0 1 0 0 1 1 1 1 0 0 1 0 1 1 0 0 0 1 1 0 0 0 1 0 0 1 0 1 1 1 1 1 1 0 1 1 0 1 
0 0 0 1 2 1 1 0 0 0 0 1 0 1 0 0 0 1 1 0 0 0 0 0 0 0 1 0 1 1 1 0 0 1 0 0 0 0 1 0 1 1 1 0 0 0 0 1 0 0 0 1 
0 1 1 1 2 0 0 0 1 0 1 0 1 0 1 0 1 0 1 1 3 0 0 1 0 1 0 0 2 0 0 1 0 1 1 0 1 1 1 1 0 1 0 0 0 0 0 1 0 1 0 1 

# Size = 19 | Time = 62 ms
0 0 0 0 0 0 0 0 0 0 0 0 0 0 0 0 0 0 0 0 0 0 0 0 0 0 0 0 0 0 0 0 0 0 0 0 0 0 0 0 0 0 0 0 0 0 0 0 0 0 0 1 
1 1 1 1 1 1 1 1 1 1 1 1 1 1 1 1 1 1 1 1 0 1 1 1 1 1 1 1 1 1 1 1 1 1 1 1 1 1 1 1 1 1 1 1 1 1 1 1 0 1 1 0 
1 1 1 0 2 0 1 0 1 0 1 0 1 0 1 0 1 0 1 0 0 0 1 0 1 0 1 0 2 0 1 0 1 0 1 0 1 0 1 0 1 0 1 0 0 1 1 0 1 1 0 0 
0 0 0 1 0 1 0 1 0 1 0 1 0 1 0 1 0 1 0 1 0 1 0 1 0 1 0 1 3 1 0 1 0 1 0 1 0 1 0 1 0 1 0 1 0 0 1 1 0 0 1 1 
0 0 0 0 1 1 1 0 0 1 1 0 0 1 1 0 0 1 1 0 1 1 1 0 0 1 1 0 0 1 1 0 0 1 1 0 0 1 1 0 0 1 1 0 0 0 0 1 0 1 1 1 
1 1 1 0 0 0 0 1 1 0 0 1 1 0 0 1 1 0 0 1 1 0 0 1 1 0 0 1 1 0 0 1 1 0 0 1 1 0 0 1 1 0 0 1 1 0 1 0 1 0 0 1 
1 1 0 1 0 0 0 0 0 1 1 1 1 0 0 0 0 1 1 1 1 0 0 0 0 1 1 1 2 0 0 0 0 1 1 1 1 0 0 0 0 1 1 1 1 1 0 0 1 0 1 0 
0 0 0 0 2 0 0 0 1 0 0 0 0 1 1 1 1 0 0 0 1 1 1 1 1 0 0 0 3 1 1 1 1 0 0 0 0 1 1 1 1 0 0 0 0 1 1 1 0 1 0 0 
1 0 1 1 2 1 0 1 0 0 0 0 0 0 0 0 0 0 1 1 2 0 0 1 1 1 0 0 0 1 1 0 0 0 1 1 1 0 0 1 1 1 0 0 0 0 0 1 0 1 0 1 
0 1 0 0 0 0 1 0 0 1 0 0 0 1 1 0 1 0 0 0 2 0 0 0 0 0 1 1 1 0 0 1 1 1 0 0 0 1 1 0 0 0 1 1 1 1 0 0 1 0 1 0 
0 0 0 0 1 0 0 1 1 0 0 1 0 0 0 1 0 1 0 0 2 1 1 0 0 0 0 0 2 0 0 0 0 0 0 0 0 0 0 0 0 0 0 0 0 0 1 0 1 0 0 1 
0 0 1 0 1 1 1 0 1 0 1 1 1 0 0 0 0 0 0 1 2 0 0 0 0 0 0 0 3 0 0 0 1 1 1 0 0 0 0 0 0 0 0 1 1 1 0 0 1 0 1 1 
0 1 0 0 0 0 0 0 1 0 0 1 1 0 0 1 1 0 0 0 3 0 1 0 0 0 0 1 0 0 1 1 0 1 0 1 1 1 1 1 1 1 1 0 0 1 1 1 0 0 0 0 
1 0 1 1 2 1 1 1 0 1 1 0 0 1 1 0 0 1 1 0 3 1 0 1 0 0 1 0 1 0 0 0 1 0 0 0 0 0 0 0 0 0 0 1 1 0 0 0 1 1 1 1 
0 0 0 0 1 1 1 0 1 1 0 1 0 1 0 1 0 1 1 1 3 0 0 1 1 1 0 1 2 1 0 1 1 0 1 0 0 1 1 1 0 0 0 1 0 0 1 0 0 1 0 1 
1 1 0 0 2 1 0 1 0 0 0 1 0 1 0 0 1 0 1 0 3 1 0 0 1 0 1 1 3 1 1 1 0 1 1 1 1 0 0 0 0 0 1 1 1 0 0 0 1 0 0 1 
1 0 0 0 0 0 1 1 1 0 1 1 0 1 1 0 1 0 1 1 3 1 1 1 0 1 1 0 0 0 0 0 1 1 1 0 1 1 0 0 0 0 1 1 1 0 1 0 1 1 0 1 
1 0 1 1 0 0 0 0 0 1 1 0 1 0 0 1 0 1 0 1 2 1 0 1 1 1 1 0 1 0 1 1 0 0 1 0 1 0 0 0 0 0 0 0 0 0 1 0 1 1 0 1 
0 0 0 1 2 0 1 1 0 0 1 1 1 1 0 0 0 1 1 1 0 1 1 0 1 0 1 0 2 0 1 0 1 1 1 1 1 0 0 1 0 1 0 0 0 1 0 1 0 0 1 0 

# Size = 19 | Time = 64 ms
0 0 0 0 0 0 0 0 0 0 0 0 0 0 0 0 0 0 0 0 0 0 0 0 0 0 0 0 0 0 0 0 0 0 0 0 0 0 0 0 0 0 0 0 0 0 0 0 0 0 0 1 
1 1 1 1 1 1 1 1 1 1 1 1 1 1 1 1 1 1 1 1 0 1 1 1 1 1 1 1 1 1 1 1 1 1 1 1 1 1 1 1 1 1 1 1 1 1 1 1 0 1 1 0 
1 1 1 0 2 0 1 0 1 0 1 0 1 0 1 0 1 0 1 0 0 0 1 0 1 0 1 0 2 0 1 0 1 0 1 0 1 0 1 0 1 0 1 0 0 1 1 0 1 1 0 0 
0 0 0 1 0 1 0 1 0 1 0 1 0 1 0 1 0 1 0 1 0 1 0 1 0 1 0 1 3 1 0 1 0 1 0 1 0 1 0 1 0 1 0 1 0 0 1 1 0 0 1 1 
0 0 0 0 1 1 1 0 0 1 1 0 0 1 1 0 0 1 1 0 1 1 1 0 0 1 1 0 0 1 1 0 0 1 1 0 0 1 1 0 0 1 1 0 0 0 0 1 0 1 1 1 
1 1 1 0 0 0 0 1 1 0 0 1 1 0 0 1 1 0 0 1 1 0 0 1 1 0 0 1 1 0 0 1 1 0 0 1 1 0 0 1 1 0 0 1 1 0 1 0 1 0 0 1 
1 1 0 1 0 0 0 0 0 1 1 1 1 0 0 0 0 1 1 1 1 0 0 0 0 1 1 1 2 0 0 0 0 1 1 1 1 0 0 0 0 1 1 1 1 1 0 0 1 0 1 0 
0 0 0 0 2 0 0 0 1 0 0 0 0 1 1 1 1 0 0 0 1 1 1 1 1 0 0 0 3 1 1 1 1 0 0 0 0 1 1 1 1 0 0 0 0 1 1 1 0 1 0 0 
1 0 1 1 2 1 0 1 0 0 0 0 0 0 0 0 0 0 1 1 2 0 0 1 1 1 0 0 0 1 1 0 0 0 1 1 1 0 0 1 1 1 0 0 0 0 0 1 0 1 0 1 
0 1 0 0 0 0 1 0 0 1 0 0 0 1 1 0 1 0 0 0 2 0 0 0 0 0 1 1 1 0 0 1 1 1 0 0 0 1 1 0 0 0 1 1 1 1 0 0 1 0 1 0 
0 0 1 0 1 0 0 1 1 0 0 1 0 0 0 1 0 1 0 0 2 1 1 0 0 0 0 0 2 0 0 0 0 0 0 0 0 0 0 0 0 0 0 0 0 0 1 0 1 0 0 1 
0 0 1 1 1 1 1 0 1 0 1 0 1 0 0 0 1 0 0 1 2 0 0 0 0 1 0 1 3 0 1 0 1 1 1 1 0 0 0 0 0 0 0 1 1 1 0 0 1 0 1 1 
0 1 0 0 0 0 0 0 1 0 0 1 1 0 0 1 1 0 0 0 3 0 1 0 0 0 0 1 0 0 1 1 0 1 0 1 1 1 1 1 1 1 1 0 0 1 1 1 0 0 0 0 
1 0 1 1 2 1 1 1 0 1 1 0 0 1 1 0 0 1 1 0 3 1 0 1 0 0 1 0 1 0 0 0 1 0 0 0 0 0 0 0 0 0 0 1 1 0 0 0 1 1 1 1 
1 0 1 1 1 1 1 1 0 1 1 1 1 1 0 1 1 1 0 1 3 1 0 1 1 1 1 0 2 1 1 1 1 1 1 0 1 1 1 1 0 0 0 1 1 1 1 0 0 1 0 0 
1 1 0 1 2 0 0 1 1 0 1 1 0 1 1 0 0 0 1 1 3 1 0 0 1 0 1 1 3 1 1 1 1 1 0 1 1 0 0 1 1 1 1 1 0 0 1 0 1 0 1 1 
0 0 0 0 0 0 0 0 0 0 0 0 1 0 0 1 0 0 0 1 0 0 1 1 1 0 1 0 0 1 1 1 1 1 0 0 1 0 0 0 0 0 1 1 1 0 1 0 1 1 0 1 
1 1 0 1 0 1 0 1 1 0 0 1 0 1 0 1 0 1 1 1 3 1 1 0 0 1 0 1 1 0 1 0 0 1 0 1 0 0 1 1 0 1 1 0 0 1 1 1 0 1 1 1 
1 1 1 0 1 0 0 1 1 0 1 1 0 0 0 0 0 1 1 0 1 0 0 1 0 0 1 0 2 1 0 1 0 0 0 0 0 1 1 1 0 0 0 1 1 0 1 1 0 1 0 1 

# Size = 19 | Time = 62 ms
0 0 0 0 0 0 0 0 0 0 0 0 0 0 0 0 0 0 0 0 0 0 0 0 0 0 0 0 0 0 0 0 0 0 0 0 0 0 0 0 0 0 0 0 0 0 0 0 0 0 0 1 
1 1 1 1 1 1 1 1 1 1 1 1 1 1 1 1 1 1 1 1 0 1 1 1 1 1 1 1 1 1 1 1 1 1 1 1 1 1 1 1 1 1 1 1 1 1 1 1 0 1 1 0 
1 1 1 0 2 0 1 0 1 0 1 0 1 0 1 0 1 0 1 0 0 0 1 0 1 0 1 0 2 0 1 0 1 0 1 0 1 0 1 0 1 0 1 0 0 1 1 0 1 1 0 0 
0 0 0 1 0 1 0 1 0 1 0 1 0 1 0 1 0 1 0 1 0 1 0 1 0 1 0 1 3 1 0 1 0 1 0 1 0 1 0 1 0 1 0 1 0 0 1 1 0 0 1 1 
0 0 0 0 1 1 1 0 0 1 1 0 0 1 1 0 0 1 1 0 1 1 1 0 0 1 1 0 0 1 1 0 0 1 1 0 0 1 1 0 0 1 1 0 0 0 0 1 0 1 1 1 
1 1 1 0 0 0 0 1 1 0 0 1 1 0 0 1 1 0 0 1 1 0 0 1 1 0 0 1 1 0 0 1 1 0 0 1 1 0 0 1 1 0 0 1 1 0 1 0 1 0 0 1 
1 1 0 1 0 0 0 0 0 1 1 1 1 0 0 0 0 1 1 1 1 0 0 0 0 1 1 1 2 0 0 0 0 1 1 1 1 0 0 0 0 1 1 1 1 1 0 0 1 0 1 0 
0 0 0 0 2 0 0 0 1 0 0 0 0 1 1 1 1 0 0 0 1 1 1 1 1 0 0 0 3 1 1 1 1 0 0 0 0 1 1 1 1 0 0 0 0 1 1 1 0 1 0 0 
1 0 1 1 2 1 0 1 0 0 0 0 0 0 0 0 0 0 1 1 2 0 0 1 1 1 0 0 0 1 1 0 0 0 1 1 1 0 0 1 1 1 0 0 0 0 0 1 0 1 0 1 
0 1 0 0 0 0 1 0 0 1 0 0 0 1 1 0 1 0 0 0 2 0 0 0 0 0 1 1 1 0 0 1 1 1 0 0 0 1 1 0 0 0 1 1 1 1 0 0 1 0 1 0 
0 0 0 1 1 0 0 1 1 0 0 1 0 0 0 1 0 1 0 0 2 1 1 0 0 0 0 0 2 0 0 0 0 0 0 0 0 0 0 0 0 0 0 0 0 0 1 0 1 0 0 1 
0 0 1 0 1 0 1 1 1 0 1 1 1 0 0 0 1 0 0 0 2 0 0 0 0 1 0 0 3 0 1 0 1 0 1 0 0 0 0 0 0 1 0 1 1 1 0 0 1 0 1 1 
0 1 0 0 0 0 0 0 1 0 0 1 1 0 0 1 1 0 0 0 3 0 1 0 0 0 0 1 0 0 1 1 0 1 0 1 1 1 1 1 1 1 1 0 0 1 1 1 0 0 0 0 
1 0 1 1 2 1 1 1 0 1 1 0 0 1 1 0 0 1 1 0 3 1 0 1 0 0 1 0 1 0 0 0 1 0 0 0 0 0 0 0 0 0 0 1 1 0 0 0 1 1 1 1 
1 1 0 1 1 1 1 0 1 1 0 1 0 1 0 0 0 1 0 1 3 1 1 1 1 1 0 1 2 1 1 1 1 1 1 0 0 1 1 1 0 0 0 1 1 1 0 0 0 0 0 1 
1 1 0 1 2 1 1 0 0 0 0 1 1 1 1 1 1 1 1 0 3 1 1 0 0 0 1 1 3 1 0 1 1 1 1 0 1 1 1 0 0 1 1 0 0 1 1 0 1 0 0 1 
1 1 0 0 0 1 0 0 1 1 0 0 1 0 1 0 0 1 1 1 3 1 0 1 0 1 1 0 0 1 0 0 1 1 0 1 0 0 0 0 0 1 1 1 1 0 0 0 1 1 0 1 
0 1 0 1 1 0 0 1 1 0 1 1 0 1 0 0 0 0 1 1 2 0 0 0 1 1 1 1 1 0 1 1 0 1 1 0 0 0 1 0 0 0 1 0 0 0 0 1 0 0 0 1 
1 0 1 0 2 0 0 0 0 0 0 1 0 0 0 0 0 1 1 0 3 0 1 1 1 0 1 1 2 0 0 1 1 1 0 1 1 1 1 1 0 0 1 0 0 1 0 1 0 1 0 1 

# Size = 19 | Time = 66 ms
0 0 0 0 0 0 0 0 0 0 0 0 0 0 0 0 0 0 0 0 0 0 0 0 0 0 0 0 0 0 0 0 0 0 0 0 0 0 0 0 0 0 0 0 0 0 0 0 0 0 0 1 
1 1 1 1 1 1 1 1 1 1 1 1 1 1 1 1 1 1 1 1 0 1 1 1 1 1 1 1 1 1 1 1 1 1 1 1 1 1 1 1 1 1 1 1 1 1 1 1 0 1 1 0 
1 1 1 0 2 0 1 0 1 0 1 0 1 0 1 0 1 0 1 0 0 0 1 0 1 0 1 0 2 0 1 0 1 0 1 0 1 0 1 0 1 0 1 0 0 1 1 0 1 1 0 0 
0 0 0 1 0 1 0 1 0 1 0 1 0 1 0 1 0 1 0 1 0 1 0 1 0 1 0 1 3 1 0 1 0 1 0 1 0 1 0 1 0 1 0 1 0 0 1 1 0 0 1 1 
0 0 0 0 1 1 1 0 0 1 1 0 0 1 1 0 0 1 1 0 1 1 1 0 0 1 1 0 0 1 1 0 0 1 1 0 0 1 1 0 0 1 1 0 0 0 0 1 0 1 1 1 
1 1 1 0 0 0 0 1 1 0 0 1 1 0 0 1 1 0 0 1 1 0 0 1 1 0 0 1 1 0 0 1 1 0 0 1 1 0 0 1 1 0 0 1 1 0 1 0 1 0 0 1 
1 1 0 1 0 0 0 0 0 1 1 1 1 0 0 0 0 1 1 1 1 0 0 0 0 1 1 1 2 0 0 0 0 1 1 1 1 0 0 0 0 1 1 1 1 1 0 0 1 0 1 0 
0 0 0 0 2 0 0 0 1 0 0 0 0 1 1 1 1 0 0 0 1 1 1 1 1 0 0 0 3 1 1 1 1 0 0 0 0 1 1 1 1 0 0 0 0 1 1 1 0 1 0 0 
1 0 1 1 2 1 0 1 0 0 0 0 0 0 0 0 0 0 1 1 2 0 0 1 1 1 0 0 0 1 1 0 0 0 1 1 1 0 0 1 1 1 0 0 0 0 0 1 0 1 0 1 
0 1 0 0 0 0 1 0 0 1 0 0 0 1 1 0 1 0 0 0 2 0 0 0 0 0 1 1 1 0 0 1 1 1 0 0 0 1 1 0 0 0 1 1 1 1 0 0 1 0 1 0 
0 0 0 1 1 0 0 1 1 0 0 1 0 0 0 1 0 1 0 0 2 1 1 0 0 0 0 0 2 0 0 0 0 0 0 0 0 0 0 0 0 0 0 0 0 0 1 0 1 0 0 1 
0 0 1 1 1 0 1 1 1 0 1 1 1 0 0 0 1 0 0 1 2 0 0 0 0 1 0 0 3 0 1 0 0 1 1 1 0 0 0 0 0 0 0 1 1 1 0 0 1 0 1 1 
0 1 0 0 0 0 0 0 1 0 0 1 1 0 0 1 1 0 0 0 3 0 1 0 0 0 0 1 0 0 1 1 0 1 0 1 1 1 1 1 1 1 1 0 0 1 1 1 0 0 0 0 
1 0 1 1 2 1 1 1 0 1 1 0 0 1 1 0 0 1 1 0 3 1 0 1 0 0 1 0 1 0 0 0 1 0 0 0 0 0 0 0 0 0 0 1 1 0 0 0 1 1 1 1 
1 1 1 1 1 1 0 1 0 1 1 0 0 1 1 1 1 0 0 1 3 1 0 1 1 1 1 1 2 1 1 1 1 0 1 0 0 1 0 1 0 0 1 0 0 1 1 0 0 1 0 1 
1 1 0 0 2 1 1 1 0 1 1 1 1 1 1 0 1 0 1 0 3 1 0 0 1 0 1 1 3 1 0 0 1 1 0 0 1 0 1 0 0 0 1 1 1 1 1 0 1 0 0 0 
1 0 1 1 0 1 0 1 0 0 0 1 1 0 1 0 0 1 1 0 3 0 1 1 0 0 0 0 0 1 1 0 1 0 1 1 1 1 0 0 1 1 1 1 1 0 0 0 1 1 1 1 
1 0 0 0 0 1 1 0 0 0 1 0 0 0 0 0 0 1 1 1 1 1 1 1 1 0 1 1 1 1 1 1 0 1 0 0 0 0 0 0 1 1 0 0 0 1 1 1 0 0 1 1 
0 1 0 0 0 1 0 0 0 1 0 1 1 0 0 1 0 0 0 0 1 0 0 0 0 1 1 0 2 1 0 0 1 1 0 1 1 1 0 0 0 1 0 1 0 1 1 1 0 1 0 0 

# Size = 19 | Time = 61 ms
0 0 0 0 0 0 0 0 0 0 0 0 0 0 0 0 0 0 0 0 0 0 0 0 0 0 0 0 0 0 0 0 0 0 0 0 0 0 0 0 0 0 0 0 0 0 0 0 0 0 0 1 
1 1 1 1 1 1 1 1 1 1 1 1 1 1 1 1 1 1 1 1 0 1 1 1 1 1 1 1 1 1 1 1 1 1 1 1 1 1 1 1 1 1 1 1 1 1 1 1 0 1 1 0 
1 1 1 0 2 0 1 0 1 0 1 0 1 0 1 0 1 0 1 0 0 0 1 0 1 0 1 0 2 0 1 0 1 0 1 0 1 0 1 0 1 0 1 0 0 1 1 0 1 1 0 0 
0 0 0 1 0 1 0 1 0 1 0 1 0 1 0 1 0 1 0 1 0 1 0 1 0 1 0 1 3 1 0 1 0 1 0 1 0 1 0 1 0 1 0 1 0 0 1 1 0 0 1 1 
0 0 0 0 1 1 1 0 0 1 1 0 0 1 1 0 0 1 1 0 1 1 1 0 0 1 1 0 0 1 1 0 0 1 1 0 0 1 1 0 0 1 1 0 0 0 0 1 0 1 1 1 
1 1 1 0 0 0 0 1 1 0 0 1 1 0 0 1 1 0 0 1 1 0 0 1 1 0 0 1 1 0 0 1 1 0 0 1 1 0 0 1 1 0 0 1 1 0 1 0 1 0 0 1 
1 1 0 1 0 0 0 0 0 1 1 1 1 0 0 0 0 1 1 1 1 0 0 0 0 1 1 1 2 0 0 0 0 1 1 1 1 0 0 0 0 1 1 1 1 1 0 0 1 0 1 0 
0 0 0 0 2 0 0 0 1 0 0 0 0 1 1 1 1 0 0 0 1 1 1 1 1 0 0 0 3 1 1 1 1 0 0 0 0 1 1 1 1 0 0 0 0 1 1 1 0 1 0 0 
1 0 1 1 2 1 0 1 0 0 0 0 0 0 0 0 0 0 1 1 2 0 0 1 1 1 0 0 0 1 1 0 0 0 1 1 1 0 0 1 1 1 0 0 0 0 0 1 0 1 0 1 
0 1 0 0 0 0 1 0 0 1 0 0 0 1 1 0 1 0 0 0 2 0 0 0 0 0 1 1 1 0 0 1 1 1 0 0 0 1 1 0 0 0 1 1 1 1 0 0 1 0 1 0 
0 0 1 1 1 0 0 1 1 0 0 1 0 0 0 1 0 1 0 0 2 1 1 0 0 0 0 0 2 0 0 0 0 0 0 0 0 0 0 0 0 0 0 0 0 0 1 0 1 0 0 1 
0 0 1 1 1 0 1 1 1 0 1 0 1 0 0 0 0 0 0 1 2 0 0 0 0 0 0 1 3 0 1 0 0 0 1 1 0 0 0 0 0 1 0 1 1 1 0 0 1 0 1 1 
0 1 0 0 0 0 0 0 1 0 0 1 1 0 0 1 1 0 0 0 3 0 1 0 0 0 0 1 0 0 1 1 0 1 0 1 1 1 1 1 1 1 1 0 0 1 1 1 0 0 0 0 
1 0 1 1 2 1 1 1 0 1 1 0 0 1 1 0 0 1 1 0 3 1 0 1 0 0 1 0 1 0 0 0 1 0 0 0 0 0 0 0 0 0 0 1 1 0 0 0 1 1 1 1 
0 1 0 0 1 1 0 0 1 1 1 1 1 1 0 0 1 1 1 1 3 1 0 1 1 1 0 0 2 1 0 1 1 0 1 0 0 1 0 1 0 0 0 1 0 1 0 0 0 1 0 0 
1 1 1 1 2 1 1 0 1 1 0 1 0 1 1 1 0 1 1 0 3 0 0 1 0 1 1 1 3 1 1 1 0 1 1 1 1 0 0 0 1 1 1 0 0 0 1 0 1 0 0 1 
0 1 0 0 0 1 1 0 0 0 0 1 1 0 0 1 1 1 1 1 1 0 1 1 1 1 0 1 0 0 0 0 1 0 0 0 0 1 1 1 1 0 0 1 1 0 1 0 1 1 0 1 
1 1 0 1 0 1 1 0 0 1 1 1 0 1 1 1 1 0 1 0 1 1 1 1 1 1 1 0 1 1 0 0 0 1 0 0 1 0 0 0 1 1 0 0 0 1 1 1 0 0 0 1 
1 1 0 1 2 1 1 0 0 1 0 0 1 0 1 1 1 1 0 0 3 1 0 1 0 0 1 0 2 0 0 1 1 1 1 1 0 1 1 1 0 1 1 1 0 1 1 1 0 0 1 0 

# Size = 19 | Time = 68 ms
0 0 0 0 0 0 0 0 0 0 0 0 0 0 0 0 0 0 0 0 0 0 0 0 0 0 0 0 0 0 0 0 0 0 0 0 0 0 0 0 0 0 0 0 0 0 0 0 0 0 0 1 
1 1 1 1 1 1 1 1 1 1 1 1 1 1 1 1 1 1 1 1 0 1 1 1 1 1 1 1 1 1 1 1 1 1 1 1 1 1 1 1 1 1 1 1 1 1 1 1 0 1 1 0 
1 1 1 0 2 0 1 0 1 0 1 0 1 0 1 0 1 0 1 0 0 0 1 0 1 0 1 0 2 0 1 0 1 0 1 0 1 0 1 0 1 0 1 0 0 1 1 0 1 1 0 0 
0 0 0 1 0 1 0 1 0 1 0 1 0 1 0 1 0 1 0 1 0 1 0 1 0 1 0 1 3 1 0 1 0 1 0 1 0 1 0 1 0 1 0 1 0 0 1 1 0 0 1 1 
0 0 0 0 1 1 1 0 0 1 1 0 0 1 1 0 0 1 1 0 1 1 1 0 0 1 1 0 0 1 1 0 0 1 1 0 0 1 1 0 0 1 1 0 0 0 0 1 0 1 1 1 
1 1 1 0 0 0 0 1 1 0 0 1 1 0 0 1 1 0 0 1 1 0 0 1 1 0 0 1 1 0 0 1 1 0 0 1 1 0 0 1 1 0 0 1 1 0 1 0 1 0 0 1 
1 1 0 1 0 0 0 0 0 1 1 1 1 0 0 0 0 1 1 1 1 0 0 0 0 1 1 1 2 0 0 0 0 1 1 1 1 0 0 0 0 1 1 1 1 1 0 0 1 0 1 0 
0 0 0 0 2 0 0 0 1 0 0 0 0 1 1 1 1 0 0 0 1 1 1 1 1 0 0 0 3 1 1 1 1 0 0 0 0 1 1 1 1 0 0 0 0 1 1 1 0 1 0 0 
1 0 1 1 2 1 0 1 0 0 0 0 0 0 0 0 0 0 1 1 2 0 0 1 1 1 0 0 0 1 1 0 0 0 1 1 1 0 0 1 1 1 0 0 0 0 0 1 0 1 0 1 
0 1 0 0 0 0 1 0 0 1 0 0 0 1 1 0 1 0 0 0 2 0 0 0 0 0 1 1 1 0 0 1 1 1 0 0 0 1 1 0 0 0 1 1 1 1 0 0 1 0 1 0 
0 0 0 1 1 0 0 1 1 0 0 1 0 0 0 1 0 1 0 0 2 1 1 0 0 0 0 0 2 0 0 0 0 0 0 0 0 0 0 0 0 0 0 0 0 0 1 0 1 0 0 1 
0 0 1 1 1 0 1 1 1 0 1 1 1 0 0 0 1 0 0 1 2 0 0 0 0 0 0 0 3 0 1 0 1 0 1 1 0 0 0 0 0 1 0 1 1 1 0 0 1 0 1 1 
0 1 0 0 0 0 0 0 1 0 0 1 1 0 0 1 1 0 0 0 3 0 1 0 0 0 0 1 0 0 1 1 0 1 0 1 1 1 1 1 1 1 1 0 0 1 1 1 0 0 0 0 
1 0 1 1 2 1 1 1 0 1 1 0 0 1 1 0 0 1 1 0 3 1 0 1 0 0 1 0 1 0 0 0 1 0 0 0 0 0 0 0 0 0 0 1 1 0 0 0 1 1 1 1 
0 0 1 1 1 1 1 0 1 1 1 0 1 1 1 0 1 0 0 1 3 0 0 1 1 1 0 1 2 1 0 1 0 1 1 0 1 1 1 1 0 0 1 1 0 0 1 0 0 1 0 1 
1 1 1 1 2 1 1 1 1 0 0 1 1 0 1 0 1 0 1 0 3 0 0 1 0 0 1 1 3 1 0 0 0 1 0 0 1 1 1 1 1 1 1 0 0 0 0 0 1 0 0 1 
1 0 1 0 0 1 0 1 1 1 1 1 1 1 1 1 0 0 0 1 3 1 1 0 0 1 0 0 0 0 0 1 1 0 1 1 1 0 0 1 1 0 1 1 1 0 1 0 1 1 0 1 
0 1 0 0 1 1 0 0 1 1 0 1 0 1 0 0 0 1 1 0 0 1 1 1 0 1 0 1 1 1 1 1 0 1 1 0 1 1 0 1 0 0 1 0 0 0 1 0 0 1 1 1 
0 1 1 1 2 1 1 1 1 1 0 1 0 1 1 1 1 1 1 1 1 0 1 0 1 0 0 1 2 0 0 0 1 1 1 1 0 0 1 0 0 1 0 0 0 1 1 1 0 0 0 0 

# Size = 19 | Time = 61 ms
0 0 0 0 0 0 0 0 0 0 0 0 0 0 0 0 0 0 0 0 0 0 0 0 0 0 0 0 0 0 0 0 0 0 0 0 0 0 0 0 0 0 0 0 0 0 0 0 0 0 0 1 
1 1 1 1 1 1 1 1 1 1 1 1 1 1 1 1 1 1 1 1 0 1 1 1 1 1 1 1 1 1 1 1 1 1 1 1 1 1 1 1 1 1 1 1 1 1 1 1 0 1 1 0 
1 1 1 0 2 0 1 0 1 0 1 0 1 0 1 0 1 0 1 0 0 0 1 0 1 0 1 0 2 0 1 0 1 0 1 0 1 0 1 0 1 0 1 0 0 1 1 0 1 1 0 0 
0 0 0 1 0 1 0 1 0 1 0 1 0 1 0 1 0 1 0 1 0 1 0 1 0 1 0 1 3 1 0 1 0 1 0 1 0 1 0 1 0 1 0 1 0 0 1 1 0 0 1 1 
0 0 0 0 1 1 1 0 0 1 1 0 0 1 1 0 0 1 1 0 1 1 1 0 0 1 1 0 0 1 1 0 0 1 1 0 0 1 1 0 0 1 1 0 0 0 0 1 0 1 1 1 
1 1 1 0 0 0 0 1 1 0 0 1 1 0 0 1 1 0 0 1 1 0 0 1 1 0 0 1 1 0 0 1 1 0 0 1 1 0 0 1 1 0 0 1 1 0 1 0 1 0 0 1 
1 1 0 1 0 0 0 0 0 1 1 1 1 0 0 0 0 1 1 1 1 0 0 0 0 1 1 1 2 0 0 0 0 1 1 1 1 0 0 0 0 1 1 1 1 1 0 0 1 0 1 0 
0 0 0 0 2 0 0 0 1 0 0 0 0 1 1 1 1 0 0 0 1 1 1 1 1 0 0 0 3 1 1 1 1 0 0 0 0 1 1 1 1 0 0 0 0 1 1 1 0 1 0 0 
1 0 1 1 2 1 0 1 0 0 0 0 0 0 0 0 0 0 1 1 2 0 0 1 1 1 0 0 0 1 1 0 0 0 1 1 1 0 0 1 1 1 0 0 0 0 0 1 0 1 0 1 
0 1 0 0 0 0 1 0 0 1 0 0 0 1 1 0 1 0 0 0 2 0 0 0 0 0 1 1 1 0 0 1 1 1 0 0 0 1 1 0 0 0 1 1 1 1 0 0 1 0 1 0 
0 0 0 1 1 0 0 1 1 0 0 1 0 0 0 1 0 1 0 0 2 1 1 0 0 0 0 0 2 0 0 0 0 0 0 0 0 0 0 0 0 0 0 0 0 0 1 0 1 0 0 1 
0 0 1 0 1 0 1 0 1 0 1 1 1 0 0 0 1 0 0 0 2 0 0 0 0 1 0 1 3 0 1 0 0 1 1 1 0 0 0 0 0 0 0 1 1 1 0 0 1 0 1 1 
0 1 0 0 0 0 0 0 1 0 0 1 1 0 0 1 1 0 0 0 3 0 1 0 0 0 0 1 0 0 1 1 0 1 0 1 1 1 1 1 1 1 1 0 0 1 1 1 0 0 0 0 
1 0 1 1 2 1 1 1 0 1 1 0 0 1 1 0 0 1 1 0 3 1 0 1 0 0 1 0 1 0 0 0 1 0 0 0 0 0 0 0 0 0 0 1 1 0 0 0 1 1 1 1 
0 0 1 1 1 1 1 1 1 1 1 0 0 1 0 0 1 0 0 1 3 0 0 1 1 1 1 0 2 1 1 1 1 1 1 0 0 1 0 1 0 0 1 1 0 0 1 0 0 0 0 1 
1 1 0 1 2 0 0 0 1 1 1 1 1 0 1 0 0 1 1 0 3 1 1 1 0 0 1 1 3 1 0 0 0 1 0 1 1 0 0 1 0 0 1 1 1 0 1 0 1 0 1 1 
1 1 0 1 0 1 0 0 1 1 0 1 0 1 1 1 0 0 0 0 2 0 0 0 0 0 0 0 0 0 1 0 1 0 0 0 1 0 0 1 0 0 1 1 1 1 1 0 1 1 1 0 
1 1 1 1 0 1 1 0 0 1 0 0 1 1 1 0 0 0 0 0 0 0 1 0 1 1 1 1 1 0 0 1 0 0 1 0 0 0 0 0 0 1 0 0 0 0 1 1 0 0 1 1 
1 0 0 1 0 1 1 1 0 1 1 0 1 1 0 1 1 0 0 0 1 0 1 1 1 0 0 1 2 0 1 0 0 1 0 1 1 0 1 0 1 1 1 1 0 0 1 1 0 0 1 1 

# Size = 19 | Time = 62 ms
0 0 0 0 0 0 0 0 0 0 0 0 0 0 0 0 0 0 0 0 0 0 0 0 0 0 0 0 0 0 0 0 0 0 0 0 0 0 0 0 0 0 0 0 0 0 0 0 0 0 0 1 
1 1 1 1 1 1 1 1 1 1 1 1 1 1 1 1 1 1 1 1 0 1 1 1 1 1 1 1 1 1 1 1 1 1 1 1 1 1 1 1 1 1 1 1 1 1 1 1 0 1 1 0 
1 1 1 0 2 0 1 0 1 0 1 0 1 0 1 0 1 0 1 0 0 0 1 0 1 0 1 0 2 0 1 0 1 0 1 0 1 0 1 0 1 0 1 0 0 1 1 0 1 1 0 0 
0 0 0 1 0 1 0 1 0 1 0 1 0 1 0 1 0 1 0 1 0 1 0 1 0 1 0 1 3 1 0 1 0 1 0 1 0 1 0 1 0 1 0 1 0 0 1 1 0 0 1 1 
0 0 0 0 1 1 1 0 0 1 1 0 0 1 1 0 0 1 1 0 1 1 1 0 0 1 1 0 0 1 1 0 0 1 1 0 0 1 1 0 0 1 1 0 0 0 0 1 0 1 1 1 
1 1 1 0 0 0 0 1 1 0 0 1 1 0 0 1 1 0 0 1 1 0 0 1 1 0 0 1 1 0 0 1 1 0 0 1 1 0 0 1 1 0 0 1 1 0 1 0 1 0 0 1 
1 1 0 1 0 0 0 0 0 1 1 1 1 0 0 0 0 1 1 1 1 0 0 0 0 1 1 1 2 0 0 0 0 1 1 1 1 0 0 0 0 1 1 1 1 1 0 0 1 0 1 0 
0 0 0 0 2 0 0 0 1 0 0 0 0 1 1 1 1 0 0 0 1 1 1 1 1 0 0 0 3 1 1 1 1 0 0 0 0 1 1 1 1 0 0 0 0 1 1 1 0 1 0 0 
1 0 1 1 2 1 0 1 0 0 0 0 0 0 0 0 0 0 1 1 2 0 0 1 1 1 0 0 0 1 1 0 0 0 1 1 1 0 0 1 1 1 0 0 0 0 0 1 0 1 0 1 
0 1 0 0 0 0 1 0 0 1 0 0 0 1 1 0 1 0 0 0 2 0 0 0 0 0 1 1 1 0 0 1 1 1 0 0 0 1 1 0 0 0 1 1 1 1 0 0 1 0 1 0 
0 0 1 0 1 0 0 1 1 0 0 1 0 0 0 1 0 1 0 0 2 1 1 0 0 0 0 0 2 0 0 0 0 0 0 0 0 0 0 0 0 0 0 0 0 0 1 0 1 0 0 1 
0 0 1 0 1 1 1 0 1 0 1 1 1 0 0 0 1 0 0 0 2 0 0 0 0 1 0 0 3 0 1 0 1 0 1 0 0 0 0 0 0 0 0 1 1 1 0 0 1 0 1 1 
0 1 0 0 0 0 0 0 1 0 0 1 1 0 0 1 1 0 0 0 3 0 1 0 0 0 0 1 0 0 1 1 0 1 0 1 1 1 1 1 1 1 1 0 0 1 1 1 0 0 0 0 
1 0 1 1 2 1 1 1 0 1 1 0 0 1 1 0 0 1 1 0 3 1 0 1 0 0 1 0 1 0 0 0 1 0 0 0 0 0 0 0 0 0 0 1 1 0 0 0 1 1 1 1 
1 1 0 1 1 1 1 1 1 1 1 1 1 1 0 0 1 0 1 1 3 1 0 1 1 1 0 1 2 1 0 1 0 0 1 0 0 1 0 1 0 0 0 0 0 0 1 0 0 0 0 1 
1 1 0 0 2 0 0 0 0 0 0 1 0 0 1 0 1 0 1 0 3 1 0 0 1 0 1 1 3 1 1 1 0 1 1 0 1 1 1 1 0 0 1 1 1 0 1 0 1 0 1 1 
0 0 0 1 0 1 0 0 1 1 1 0 1 0 0 1 1 0 0 1 2 0 1 0 0 0 0 0 0 0 0 0 1 1 0 0 1 1 0 1 1 1 1 1 1 0 1 0 1 1 0 1 
1 0 0 1 0 1 1 1 0 1 1 1 0 0 0 0 0 0 1 0 0 0 0 0 1 1 1 1 1 0 0 0 0 1 0 1 0 1 0 0 1 1 0 0 0 1 1 1 0 1 1 1 
0 1 0 1 0 1 0 0 1 1 1 1 1 1 0 1 0 1 1 1 0 0 0 0 0 1 1 0 2 1 1 0 1 1 0 1 0 0 0 0 1 1 0 1 1 0 1 1 0 0 0 1 

