# Size = 19 | Time = 21 ms
0 0 0 0 0 0 0 0 0 0 0 0 0 0 0 0 0 0 0 0 0 0 0 0 0 0 0 0 0 0 0 0 0 0 0 0 0 0 0 0 0 0 0 0 0 0 0 0 0 0 0 1 
1 1 1 1 1 1 1 1 1 1 1 1 1 1 1 1 1 1 1 1 0 1 1 1 1 1 1 1 1 1 1 1 1 1 1 1 1 1 1 1 1 1 1 1 1 1 1 1 0 1 1 0 
1 1 1 0 2 0 1 0 1 0 1 0 1 0 1 0 1 0 1 0 0 0 1 0 1 0 1 0 2 0 1 0 1 0 1 0 1 0 1 0 1 0 1 0 0 1 1 0 1 1 0 0 
0 0 0 1 0 1 0 1 0 1 0 1 0 1 0 1 0 1 0 1 0 1 0 1 0 1 0 1 3 1 0 1 0 1 0 1 0 1 0 1 0 1 0 1 0 0 1 1 0 0 1 1 
0 0 0 0 1 1 1 0 0 1 1 0 0 1 1 0 0 1 1 0 1 1 1 0 0 1 1 0 0 1 1 0 0 1 1 0 0 1 1 0 0 1 1 0 0 0 0 1 0 1 1 1 
1 1 1 0 0 0 0 1 1 0 0 1 1 0 0 1 1 0 0 1 1 0 0 1 1 0 0 1 1 0 0 1 1 0 0 1 1 0 0 1 1 0 0 1 1 0 1 0 1 0 0 1 
1 1 0 1 0 0 0 0 0 1 1 1 1 0 0 0 0 1 1 1 1 0 0 0 0 1 1 1 2 0 0 0 0 1 1 1 1 0 0 0 0 1 1 1 1 1 0 0 1 0 1 0 
0 0 0 0 2 0 0 0 1 0 0 0 0 1 1 1 1 0 0 0 1 1 1 1 1 0 0 0 3 1 1 1 1 0 0 0 0 1 1 1 1 0 0 0 0 1 1 1 0 1 0 0 
1 0 1 1 2 1 0 1 0 0 0 0 0 0 0 0 0 0 1 1 2 0 0 1 1 1 0 0 0 1 1 0 0 0 1 1 1 0 0 1 1 1 0 0 0 0 0 1 0 1 0 1 
0 1 0 0 0 0 1 0 0 1 0 0 0 1 1 0 1 0 0 0 2 0 0 0 0 0 1 1 1 0 0 1 1 1 0 0 0 1 1 0 0 0 1 1 1 1 0 0 1 0 1 0 
0 0 1 1 1 0 0 1 1 0 0 1 0 0 0 1 0 1 0 0 2 1 1 0 0 0 0 0 2 0 0 0 0 0 0 0 0 0 0 0 0 0 0 0 0 0 1 0 1 0 0 1 
0 0 1 0 1 0 1 0 1 0 1 0 1 0 0 0 0 0 0 1 2 0 0 0 0 1 0 1 3 0 0 0 1 1 1 1 0 0 0 0 0 1 0 1 1 1 0 0 1 0 1 1 
0 1 0 0 0 0 0 0 1 0 0 1 1 0 0 1 1 0 0 0 3 0 1 0 0 0 0 1 0 0 1 1 0 1 0 1 1 1 1 1 1 1 1 0 0 1 1 1 0 0 0 0 
1 0 1 1 2 1 1 1 0 1 1 0 0 1 1 0 0 1 1 0 3 1 0 1 0 0 1 0 1 0 0 0 1 0 0 0 0 0 0 0 0 0 0 1 1 0 0 0 1 1 1 1 
0 1 1 0 1 1 1 0 1 1 0 0 0 1 1 1 0 0 1 1 3 1 0 1 1 1 1 0 2 1 0 1 0 1 1 0 1 1 1 1 0 0 0 0 0 0 1 0 0 1 0 1 
1 1 0 1 2 1 0 1 1 0 0 1 0 0 1 0 1 0 1 0 3 0 0 1 0 0 1 1 3 1 1 0 0 1 1 1 1 1 0 0 0 1 1 0 0 1 0 0 1 0 1 1 
1 0 0 1 0 0 1 0 1 1 1 0 0 1 1 1 1 0 1 1 1 0 0 0 1 0 0 0 0 0 1 0 1 1 0 0 1 1 1 0 1 0 0 1 1 1 1 0 1 1 0 1 
0 1 0 1 2 0 1 1 1 0 1 0 0 1 1 0 1 0 0 0 2 1 1 1 1 0 1 0 1 1 1 0 0 0 0 1 1 0 0 0 0 1 0 0 0 0 0 1 0 1 0 1 
0 1 1 0 2 0 0 1 0 0 1 1 1 1 0 0 0 1 1 1 0 0 1 1 1 0 1 1 2 0 0 0 0 1 0 1 0 0 0 1 0 0 0 0 0 0 0 1 0 0 0 1 

# Size = 19 | Time = 20 ms
0 0 0 0 0 0 0 0 0 0 0 0 0 0 0 0 0 0 0 0 0 0 0 0 0 0 0 0 0 0 0 0 0 0 0 0 0 0 0 0 0 0 0 0 0 0 0 0 0 0 0 1 
1 1 1 1 1 1 1 1 1 1 1 1 1 1 1 1 1 1 1 1 0 1 1 1 1 1 1 1 1 1 1 1 1 1 1 1 1 1 1 1 1 1 1 1 1 1 1 1 0 1 1 0 
1 1 1 0 2 0 1 0 1 0 1 0 1 0 1 0 1 0 1 0 0 0 1 0 1 0 1 0 2 0 1 0 1 0 1 0 1 0 1 0 1 0 1 0 0 1 1 0 1 1 0 0 
0 0 0 1 0 1 0 1 0 1 0 1 0 1 0 1 0 1 0 1 0 1 0 1 0 1 0 1 3 1 0 1 0 1 0 1 0 1 0 1 0 1 0 1 0 0 1 1 0 0 1 1 
0 0 0 0 1 1 1 0 0 1 1 0 0 1 1 0 0 1 1 0 1 1 1 0 0 1 1 0 0 1 1 0 0 1 1 0 0 1 1 0 0 1 1 0 0 0 0 1 0 1 1 1 
1 1 1 0 0 0 0 1 1 0 0 1 1 0 0 1 1 0 0 1 1 0 0 1 1 0 0 1 1 0 0 1 1 0 0 1 1 0 0 1 1 0 0 1 1 0 1 0 1 0 0 1 
1 1 0 1 0 0 0 0 0 1 1 1 1 0 0 0 0 1 1 1 1 0 0 0 0 1 1 1 2 0 0 0 0 1 1 1 1 0 0 0 0 1 1 1 1 1 0 0 1 0 1 0 
0 0 0 0 2 0 0 0 1 0 0 0 0 1 1 1 1 0 0 0 1 1 1 1 1 0 0 0 3 1 1 1 1 0 0 0 0 1 1 1 1 0 0 0 0 1 1 1 0 1 0 0 
1 0 1 1 2 1 0 1 0 0 0 0 0 0 0 0 0 0 1 1 2 0 0 1 1 1 0 0 0 1 1 0 0 0 1 1 1 0 0 1 1 1 0 0 0 0 0 1 0 1 0 1 
0 1 0 0 0 0 1 0 0 1 0 0 0 1 1 0 1 0 0 0 2 0 0 0 0 0 1 1 1 0 0 1 1 1 0 0 0 1 1 0 0 0 1 1 1 1 0 0 1 0 1 0 
0 0 0 0 1 0 0 1 1 0 0 1 0 0 0 1 0 1 0 0 2 1 1 0 0 0 0 0 2 0 0 0 0 0 0 0 0 0 0 0 0 0 0 0 0 0 1 0 1 0 0 1 
0 0 1 1 1 0 1 0 1 0 1 1 1 0 0 0 1 0 0 0 2 0 0 0 0 1 0 0 3 0 1 0 1 1 1 1 0 0 0 0 0 1 0 1 1 1 0 0 1 0 1 1 
0 1 0 0 0 0 0 0 1 0 0 1 1 0 0 1 1 0 0 0 3 0 1 0 0 0 0 1 0 0 1 1 0 1 0 1 1 1 1 1 1 1 1 0 0 1 1 1 0 0 0 0 
1 0 1 1 2 1 1 1 0 1 1 0 0 1 1 0 0 1 1 0 3 1 0 1 0 0 1 0 1 0 0 0 1 0 0 0 0 0 0 0 0 0 0 1 1 0 0 0 1 1 1 1 
1 1 0 0 1 1 0 0 1 1 0 1 0 1 0 0 1 0 1 1 3 1 0 1 1 1 0 1 2 1 1 1 0 1 1 0 1 1 1 1 0 0 1 1 0 1 0 0 0 1 0 1 
1 1 0 1 2 1 1 0 0 1 0 1 0 1 0 1 1 1 1 0 3 1 0 1 1 0 1 1 3 1 1 0 1 1 1 0 1 0 0 1 0 1 1 1 0 1 1 0 1 0 0 1 
1 0 0 1 0 1 1 0 1 0 1 1 0 0 0 0 0 0 1 1 3 1 1 0 1 0 1 1 0 0 0 0 1 0 1 1 1 1 1 1 1 0 1 1 1 0 1 0 1 1 0 1 
0 0 0 1 0 1 0 1 1 0 0 0 1 0 1 1 1 0 0 1 2 1 0 0 1 1 1 0 1 0 0 1 0 0 1 1 0 1 1 0 0 0 1 0 0 0 1 0 1 1 1 1 
1 0 0 0 0 1 0 1 1 0 1 0 0 0 1 0 1 1 0 0 3 0 0 0 0 0 0 0 2 1 0 0 0 0 1 1 1 0 1 0 0 0 1 1 1 1 1 1 0 0 1 1 

# Size = 19 | Time = 20 ms
0 0 0 0 0 0 0 0 0 0 0 0 0 0 0 0 0 0 0 0 0 0 0 0 0 0 0 0 0 0 0 0 0 0 0 0 0 0 0 0 0 0 0 0 0 0 0 0 0 0 0 1 
1 1 1 1 1 1 1 1 1 1 1 1 1 1 1 1 1 1 1 1 0 1 1 1 1 1 1 1 1 1 1 1 1 1 1 1 1 1 1 1 1 1 1 1 1 1 1 1 0 1 1 0 
1 1 1 0 2 0 1 0 1 0 1 0 1 0 1 0 1 0 1 0 0 0 1 0 1 0 1 0 2 0 1 0 1 0 1 0 1 0 1 0 1 0 1 0 0 1 1 0 1 1 0 0 
0 0 0 1 0 1 0 1 0 1 0 1 0 1 0 1 0 1 0 1 0 1 0 1 0 1 0 1 3 1 0 1 0 1 0 1 0 1 0 1 0 1 0 1 0 0 1 1 0 0 1 1 
0 0 0 0 1 1 1 0 0 1 1 0 0 1 1 0 0 1 1 0 1 1 1 0 0 1 1 0 0 1 1 0 0 1 1 0 0 1 1 0 0 1 1 0 0 0 0 1 0 1 1 1 
1 1 1 0 0 0 0 1 1 0 0 1 1 0 0 1 1 0 0 1 1 0 0 1 1 0 0 1 1 0 0 1 1 0 0 1 1 0 0 1 1 0 0 1 1 0 1 0 1 0 0 1 
1 1 0 1 0 0 0 0 0 1 1 1 1 0 0 0 0 1 1 1 1 0 0 0 0 1 1 1 2 0 0 0 0 1 1 1 1 0 0 0 0 1 1 1 1 1 0 0 1 0 1 0 
0 0 0 0 2 0 0 0 1 0 0 0 0 1 1 1 1 0 0 0 1 1 1 1 1 0 0 0 3 1 1 1 1 0 0 0 0 1 1 1 1 0 0 0 0 1 1 1 0 1 0 0 
1 0 1 1 2 1 0 1 0 0 0 0 0 0 0 0 0 0 1 1 2 0 0 1 1 1 0 0 0 1 1 0 0 0 1 1 1 0 0 1 1 1 0 0 0 0 0 1 0 1 0 1 
0 1 0 0 0 0 1 0 0 1 0 0 0 1 1 0 1 0 0 0 2 0 0 0 0 0 1 1 1 0 0 1 1 1 0 0 0 1 1 0 0 0 1 1 1 1 0 0 1 0 1 0 
0 0 1 0 1 0 0 1 1 0 0 1 0 0 0 1 0 1 0 0 2 1 1 0 0 0 0 0 2 0 0 0 0 0 0 0 0 0 0 0 0 0 0 0 0 0 1 0 1 0 0 1 
0 0 1 1 1 1 1 1 1 0 1 0 1 0 0 0 0 0 0 0 2 0 0 0 0 0 0 1 3 0 1 0 1 0 1 1 0 0 0 0 0 0 0 1 1 1 0 0 1 0 1 1 
0 1 0 0 0 0 0 0 1 0 0 1 1 0 0 1 1 0 0 0 3 0 1 0 0 0 0 1 0 0 1 1 0 1 0 1 1 1 1 1 1 1 1 0 0 1 1 1 0 0 0 0 
1 0 1 1 2 1 1 1 0 1 1 0 0 1 1 0 0 1 1 0 3 1 0 1 0 0 1 0 1 0 0 0 1 0 0 0 0 0 0 0 0 0 0 1 1 0 0 0 1 1 1 1 
0 1 1 0 1 1 1 1 0 1 0 0 0 1 0 0 0 1 1 1 3 1 1 1 1 1 1 0 2 1 1 1 1 1 1 0 1 1 0 1 0 0 1 1 0 1 0 0 0 0 0 1 
1 1 1 0 2 1 1 0 1 0 1 1 1 0 0 1 1 1 1 1 3 0 1 1 1 1 1 1 3 1 0 0 0 1 0 1 1 0 0 0 1 0 1 0 0 0 1 0 1 0 1 1 
1 1 0 0 0 1 1 1 0 0 1 1 0 0 0 1 1 1 1 0 3 0 0 1 1 0 1 0 0 0 0 1 1 1 1 0 1 0 1 0 0 0 1 1 1 0 1 0 1 1 1 1 
1 0 0 0 1 0 1 1 0 1 0 0 1 1 0 1 0 1 1 1 3 0 0 1 1 1 1 1 1 0 1 1 0 0 1 1 1 1 0 1 0 0 1 0 0 0 1 0 0 0 0 1 
0 0 1 0 0 1 1 1 1 0 1 1 1 1 1 1 0 0 0 0 0 1 0 0 0 1 1 1 2 0 0 1 0 0 1 0 1 0 1 0 0 1 1 0 0 1 1 1 0 0 1 1 

# Size = 19 | Time = 20 ms
0 0 0 0 0 0 0 0 0 0 0 0 0 0 0 0 0 0 0 0 0 0 0 0 0 0 0 0 0 0 0 0 0 0 0 0 0 0 0 0 0 0 0 0 0 0 0 0 0 0 0 1 
1 1 1 1 1 1 1 1 1 1 1 1 1 1 1 1 1 1 1 1 0 1 1 1 1 1 1 1 1 1 1 1 1 1 1 1 1 1 1 1 1 1 1 1 1 1 1 1 0 1 1 0 
1 1 1 0 2 0 1 0 1 0 1 0 1 0 1 0 1 0 1 0 0 0 1 0 1 0 1 0 2 0 1 0 1 0 1 0 1 0 1 0 1 0 1 0 0 1 1 0 1 1 0 0 
0 0 0 1 0 1 0 1 0 1 0 1 0 1 0 1 0 1 0 1 0 1 0 1 0 1 0 1 3 1 0 1 0 1 0 1 0 1 0 1 0 1 0 1 0 0 1 1 0 0 1 1 
0 0 0 0 1 1 1 0 0 1 1 0 0 1 1 0 0 1 1 0 1 1 1 0 0 1 1 0 0 1 1 0 0 1 1 0 0 1 1 0 0 1 1 0 0 0 0 1 0 1 1 1 
1 1 1 0 0 0 0 1 1 0 0 1 1 0 0 1 1 0 0 1 1 0 0 1 1 0 0 1 1 0 0 1 1 0 0 1 1 0 0 1 1 0 0 1 1 0 1 0 1 0 0 1 
1 1 0 1 0 0 0 0 0 1 1 1 1 0 0 0 0 1 1 1 1 0 0 0 0 1 1 1 2 0 0 0 0 1 1 1 1 0 0 0 0 1 1 1 1 1 0 0 1 0 1 0 
0 0 0 0 2 0 0 0 1 0 0 0 0 1 1 1 1 0 0 0 1 1 1 1 1 0 0 0 3 1 1 1 1 0 0 0 0 1 1 1 1 0 0 0 0 1 1 1 0 1 0 0 
1 0 1 1 2 1 0 1 0 0 0 0 0 0 0 0 0 0 1 1 2 0 0 1 1 1 0 0 0 1 1 0 0 0 1 1 1 0 0 1 1 1 0 0 0 0 0 1 0 1 0 1 
0 1 0 0 0 0 1 0 0 1 0 0 0 1 1 0 1 0 0 0 2 0 0 0 0 0 1 1 1 0 0 1 1 1 0 0 0 1 1 0 0 0 1 1 1 1 0 0 1 0 1 0 
0 0 0 1 1 0 0 1 1 0 0 1 0 0 0 1 0 1 0 0 2 1 1 0 0 0 0 0 2 0 0 0 0 0 0 0 0 0 0 0 0 0 0 0 0 0 1 0 1 0 0 1 
0 0 1 0 1 0 1 0 1 0 1 1 1 0 0 0 1 0 0 1 2 0 0 0 0 1 0 0 3 0 1 0 0 0 1 1 0 0 0 0 0 1 0 1 1 1 0 0 1 0 1 1 
0 1 0 0 0 0 0 0 1 0 0 1 1 0 0 1 1 0 0 0 3 0 1 0 0 0 0 1 0 0 1 1 0 1 0 1 1 1 1 1 1 1 1 0 0 1 1 1 0 0 0 0 
1 0 1 1 2 1 1 1 0 1 1 0 0 1 1 0 0 1 1 0 3 1 0 1 0 0 1 0 1 0 0 0 1 0 0 0 0 0 0 0 0 0 0 1 1 0 0 0 1 1 1 1 
1 1 1 1 1 1 1 0 0 1 0 0 0 1 1 1 1 1 1 1 3 0 1 1 1 1 1 0 2 1 0 1 1 0 1 0 1 1 1 1 0 0 0 1 1 0 1 0 0 1 0 1 
1 1 1 0 2 0 0 0 1 1 0 1 0 0 0 0 1 1 1 0 3 0 1 1 0 1 1 1 3 1 0 1 1 1 1 0 1 1 1 0 1 0 1 0 0 0 0 0 1 0 1 1 
1 1 1 1 0 1 0 1 0 1 0 0 0 1 1 0 1 0 0 0 0 0 1 0 1 1 1 0 0 1 1 0 1 0 1 0 1 0 1 0 1 1 1 1 1 1 0 0 1 1 0 1 
0 1 0 0 2 1 0 0 1 0 0 0 0 0 1 0 0 1 1 0 1 1 0 1 0 0 1 1 1 0 0 1 0 0 1 0 1 1 1 0 0 0 0 0 0 1 1 1 0 0 0 0 
1 1 1 0 2 0 0 1 0 1 1 1 1 0 1 0 1 0 1 1 1 1 0 1 0 1 1 1 2 0 1 0 1 1 1 1 1 1 0 0 1 1 0 1 0 1 1 1 0 1 0 1 

# Size = 19 | Time = 21 ms
0 0 0 0 0 0 0 0 0 0 0 0 0 0 0 0 0 0 0 0 0 0 0 0 0 0 0 0 0 0 0 0 0 0 0 0 0 0 0 0 0 0 0 0 0 0 0 0 0 0 0 1 
1 1 1 1 1 1 1 1 1 1 1 1 1 1 1 1 1 1 1 1 0 1 1 1 1 1 1 1 1 1 1 1 1 1 1 1 1 1 1 1 1 1 1 1 1 1 1 1 0 1 1 0 
1 1 1 0 2 0 1 0 1 0 1 0 1 0 1 0 1 0 1 0 0 0 1 0 1 0 1 0 2 0 1 0 1 0 1 0 1 0 1 0 1 0 1 0 0 1 1 0 1 1 0 0 
0 0 0 1 0 1 0 1 0 1 0 1 0 1 0 1 0 1 0 1 0 1 0 1 0 1 0 1 3 1 0 1 0 1 0 1 0 1 0 1 0 1 0 1 0 0 1 1 0 0 1 1 
0 0 0 0 1 1 1 0 0 1 1 0 0 1 1 0 0 1 1 0 1 1 1 0 0 1 1 0 0 1 1 0 0 1 1 0 0 1 1 0 0 1 1 0 0 0 0 1 0 1 1 1 
1 1 1 0 0 0 0 1 1 0 0 1 1 0 0 1 1 0 0 1 1 0 0 1 1 0 0 1 1 0 0 1 1 0 0 1 1 0 0 1 1 0 0 1 1 0 1 0 1 0 0 1 
1 1 0 1 0 0 0 0 0 1 1 1 1 0 0 0 0 1 1 1 1 0 0 0 0 1 1 1 2 0 0 0 0 1 1 1 1 0 0 0 0 1 1 1 1 1 0 0 1 0 1 0 
0 0 0 0 2 0 0 0 1 0 0 0 0 1 1 1 1 0 0 0 1 1 1 1 1 0 0 0 3 1 1 1 1 0 0 0 0 1 1 1 1 0 0 0 0 1 1 1 0 1 0 0 
1 0 1 1 2 1 0 1 0 0 0 0 0 0 0 0 0 0 1 1 2 0 0 1 1 1 0 0 0 1 1 0 0 0 1 1 1 0 0 1 1 1 0 0 0 0 0 1 0 1 0 1 
0 1 0 0 0 0 1 0 0 1 0 0 0 1 1 0 1 0 0 0 2 0 0 0 0 0 1 1 1 0 0 1 1 1 0 0 0 1 1 0 0 0 1 1 1 1 0 0 1 0 1 0 
0 0 1 0 1 0 0 1 1 0 0 1 0 0 0 1 0 1 0 0 2 1 1 0 0 0 0 0 2 0 0 0 0 0 0 0 0 0 0 0 0 0 0 0 0 0 1 0 1 0 0 1 
0 0 1 0 1 1 1 1 1 0 1 1 1 0 0 0 1 0 0 0 2 0 0 0 0 0 0 1 3 0 1 0 0 0 1 1 0 0 0 0 0 0 0 1 1 1 0 0 1 1 1 1 
0 1 0 0 0 0 0 0 1 0 0 1 1 0 0 1 1 0 0 0 3 0 1 0 0 0 0 1 0 0 1 1 0 1 0 1 1 1 1 1 1 1 1 0 0 1 1 1 0 0 0 0 
1 0 1 1 2 1 1 1 0 1 1 0 0 1 1 0 0 1 1 0 3 1 0 1 0 0 1 0 1 0 0 0 1 0 0 0 0 0 0 0 0 0 0 1 1 0 0 0 1 1 1 1 
0 0 0 0 1 1 1 1 1 1 0 1 0 1 1 1 1 0 0 1 3 0 0 1 1 1 1 1 2 1 0 1 1 0 1 0 1 1 0 1 0 0 0 0 0 0 1 0 0 1 0 1 
1 1 0 1 2 0 1 0 1 1 0 1 0 0 1 0 0 0 1 0 3 0 0 0 1 0 1 1 3 1 1 1 1 1 0 0 1 1 0 1 1 0 1 0 0 1 0 0 1 0 0 1 
1 0 1 1 0 0 0 0 1 0 1 0 1 1 0 1 0 0 0 1 2 1 0 1 0 1 0 1 0 1 0 0 1 0 1 0 0 1 0 1 0 1 0 1 1 0 1 0 1 1 0 1 
0 1 1 1 0 0 0 1 0 0 1 1 0 0 1 0 1 0 0 0 2 0 0 0 1 0 1 1 1 0 0 0 0 0 0 0 0 1 0 1 1 1 1 0 0 0 1 0 0 0 1 1 
0 1 0 0 1 1 1 0 1 0 1 0 1 0 1 0 1 0 0 1 1 0 0 1 1 1 1 1 2 1 1 1 0 0 1 1 0 0 0 0 0 0 1 0 0 1 1 1 0 0 0 1 

# Size = 19 | Time = 21 ms
0 0 0 0 0 0 0 0 0 0 0 0 0 0 0 0 0 0 0 0 0 0 0 0 0 0 0 0 0 0 0 0 0 0 0 0 0 0 0 0 0 0 0 0 0 0 0 0 0 0 0 1 
1 1 1 1 1 1 1 1 1 1 1 1 1 1 1 1 1 1 1 1 0 1 1 1 1 1 1 1 1 1 1 1 1 1 1 1 1 1 1 1 1 1 1 1 1 1 1 1 0 1 1 0 
1 1 1 0 2 0 1 0 1 0 1 0 1 0 1 0 1 0 1 0 0 0 1 0 1 0 1 0 2 0 1 0 1 0 1 0 1 0 1 0 1 0 1 0 0 1 1 0 1 1 0 0 
0 0 0 1 0 1 0 1 0 1 0 1 0 1 0 1 0 1 0 1 0 1 0 1 0 1 0 1 3 1 0 1 0 1 0 1 0 1 0 1 0 1 0 1 0 0 1 1 0 0 1 1 
0 0 0 0 1 1 1 0 0 1 1 0 0 1 1 0 0 1 1 0 1 1 1 0 0 1 1 0 0 1 1 0 0 1 1 0 0 1 1 0 0 1 1 0 0 0 0 1 0 1 1 1 
1 1 1 0 0 0 0 1 1 0 0 1 1 0 0 1 1 0 0 1 1 0 0 1 1 0 0 1 1 0 0 1 1 0 0 1 1 0 0 1 1 0 0 1 1 0 1 0 1 0 0 1 
1 1 0 1 0 0 0 0 0 1 1 1 1 0 0 0 0 1 1 1 1 0 0 0 0 1 1 1 2 0 0 0 0 1 1 1 1 0 0 0 0 1 1 1 1 1 0 0 1 0 1 0 
0 0 0 0 2 0 0 0 1 0 0 0 0 1 1 1 1 0 0 0 1 1 1 1 1 0 0 0 3 1 1 1 1 0 0 0 0 1 1 1 1 0 0 0 0 1 1 1 0 1 0 0 
1 0 1 1 2 1 0 1 0 0 0 0 0 0 0 0 0 0 1 1 2 0 0 1 1 1 0 0 0 1 1 0 0 0 1 1 1 0 0 1 1 1 0 0 0 0 0 1 0 1 0 1 
0 1 0 0 0 0 1 0 0 1 0 0 0 1 1 0 1 0 0 0 2 0 0 0 0 0 1 1 1 0 0 1 1 1 0 0 0 1 1 0 0 0 1 1 1 1 0 0 1 0 1 0 
0 0 0 0 1 0 0 1 1 0 0 1 0 0 0 1 0 1 0 0 2 1 1 0 0 0 0 0 2 0 0 0 0 0 0 0 0 0 0 0 0 0 0 0 0 0 1 0 1 0 0 1 
0 0 1 0 1 0 1 0 1 0 1 0 1 0 0 0 0 0 0 1 2 0 0 0 0 0 0 0 3 0 0 0 0 0 1 0 0 0 0 0 0 0 0 1 1 1 0 0 1 0 1 1 
0 1 0 0 0 0 0 0 1 0 0 1 1 0 0 1 1 0 0 0 3 0 1 0 0 0 0 1 0 0 1 1 0 1 0 1 1 1 1 1 1 1 1 0 0 1 1 1 0 0 0 0 
1 0 1 1 2 1 1 1 0 1 1 0 0 1 1 0 0 1 1 0 3 1 0 1 0 0 1 0 1 0 0 0 1 0 0 0 0 0 0 0 0 0 0 1 1 0 0 0 1 1 1 1 
0 0 1 1 1 1 0 1 1 1 0 0 0 1 1 0 1 0 0 1 3 0 1 1 1 1 0 1 2 1 1 1 1 0 1 0 0 1 0 1 0 0 0 0 0 0 1 0 0 0 0 1 
1 1 0 0 2 0 1 0 1 1 1 1 1 0 1 0 1 1 1 1 3 1 1 0 0 1 1 1 3 1 1 1 0 1 1 1 1 0 1 0 0 0 1 0 0 0 0 0 1 0 1 1 
1 0 0 1 0 0 0 1 1 0 0 1 0 1 1 0 1 0 1 1 3 0 1 1 0 1 1 1 0 0 1 0 1 1 0 0 1 1 1 1 0 1 0 1 1 1 0 0 1 1 0 0 
1 1 1 0 1 1 1 0 1 1 0 0 1 0 1 1 0 0 0 0 2 1 0 0 0 1 0 1 1 0 1 1 0 1 0 1 0 0 1 0 0 1 1 0 0 0 1 0 0 0 1 1 
1 0 0 1 1 0 1 0 1 0 1 1 1 0 1 0 1 1 1 0 0 0 1 0 1 0 0 0 2 0 1 1 0 1 1 0 1 0 1 0 1 1 1 1 0 0 0 1 0 1 0 1 

# Size = 19 | Time = 20 ms
0 0 0 0 0 0 0 0 0 0 0 0 0 0 0 0 0 0 0 0 0 0 0 0 0 0 0 0 0 0 0 0 0 0 0 0 0 0 0 0 0 0 0 0 0 0 0 0 0 0 0 1 
1 1 1 1 1 1 1 1 1 1 1 1 1 1 1 1 1 1 1 1 0 1 1 1 1 1 1 1 1 1 1 1 1 1 1 1 1 1 1 1 1 1 1 1 1 1 1 1 0 1 1 0 
1 1 1 0 2 0 1 0 1 0 1 0 1 0 1 0 1 0 1 0 0 0 1 0 1 0 1 0 2 0 1 0 1 0 1 0 1 0 1 0 1 0 1 0 0 1 1 0 1 1 0 0 
0 0 0 1 0 1 0 1 0 1 0 1 0 1 0 1 0 1 0 1 0 1 0 1 0 1 0 1 3 1 0 1 0 1 0 1 0 1 0 1 0 1 0 1 0 0 1 1 0 0 1 1 
0 0 0 0 1 1 1 0 0 1 1 0 0 1 1 0 0 1 1 0 1 1 1 0 0 1 1 0 0 1 1 0 0 1 1 0 0 1 1 0 0 1 1 0 0 0 0 1 0 1 1 1 
1 1 1 0 0 0 0 1 1 0 0 1 1 0 0 1 1 0 0 1 1 0 0 1 1 0 0 1 1 0 0 1 1 0 0 1 1 0 0 1 1 0 0 1 1 0 1 0 1 0 0 1 
1 1 0 1 0 0 0 0 0 1 1 1 1 0 0 0 0 1 1 1 1 0 0 0 0 1 1 1 2 0 0 0 0 1 1 1 1 0 0 0 0 1 1 1 1 1 0 0 1 0 1 0 
0 0 0 0 2 0 0 0 1 0 0 0 0 1 1 1 1 0 0 0 1 1 1 1 1 0 0 0 3 1 1 1 1 0 0 0 0 1 1 1 1 0 0 0 0 1 1 1 0 1 0 0 
1 0 1 1 2 1 0 1 0 0 0 0 0 0 0 0 0 0 1 1 2 0 0 1 1 1 0 0 0 1 1 0 0 0 1 1 1 0 0 1 1 1 0 0 0 0 0 1 0 1 0 1 
0 1 0 0 0 0 1 0 0 1 0 0 0 1 1 0 1 0 0 0 2 0 0 0 0 0 1 1 1 0 0 1 1 1 0 0 0 1 1 0 0 0 1 1 1 1 0 0 1 0 1 0 
0 0 0 0 1 0 0 1 1 0 0 1 0 0 0 1 0 1 0 0 2 1 1 0 0 0 0 0 2 0 0 0 0 0 0 0 0 0 0 0 0 0 0 0 0 0 1 0 1 0 0 1 
0 0 1 0 1 0 1 0 1 0 1 0 1 0 0 0 1 0 0 0 2 0 0 0 0 0 0 1 3 0 0 0 1 0 1 1 0 0 0 0 0 1 0 1 1 1 0 0 1 0 1 1 
0 1 0 0 0 0 0 0 1 0 0 1 1 0 0 1 1 0 0 0 3 0 1 0 0 0 0 1 0 0 1 1 0 1 0 1 1 1 1 1 1 1 1 0 0 1 1 1 0 0 0 0 
1 0 1 1 2 1 1 1 0 1 1 0 0 1 1 0 0 1 1 0 3 1 0 1 0 0 1 0 1 0 0 0 1 0 0 0 0 0 0 0 0 0 0 1 1 0 0 0 1 1 1 1 
1 0 1 1 1 1 1 1 0 1 1 1 1 1 0 1 0 1 1 1 3 0 1 1 1 1 0 1 2 1 1 1 1 0 1 0 1 1 0 1 0 0 1 0 0 0 1 0 0 0 0 1 
1 1 1 1 2 1 0 1 1 0 1 1 0 1 0 1 1 1 1 0 3 1 0 1 0 0 1 1 3 1 0 0 0 1 0 1 1 0 1 0 1 0 1 1 0 1 1 0 1 0 1 1 
1 1 1 0 0 0 0 1 0 0 0 1 0 0 0 0 0 0 0 0 3 0 0 1 0 0 0 0 0 1 0 0 1 0 0 0 0 1 0 1 0 0 1 1 1 0 0 0 1 1 0 1 
0 1 0 1 0 1 0 1 0 1 0 1 1 0 1 1 0 0 1 0 2 1 0 1 0 1 1 0 1 1 0 0 0 1 0 1 1 0 0 1 1 0 0 0 0 1 1 1 0 0 1 0 
0 1 0 1 1 1 0 1 0 0 1 1 1 1 0 1 1 1 1 1 1 0 0 0 1 1 1 0 2 0 1 0 1 1 0 0 0 0 1 1 1 1 0 0 0 0 1 1 0 0 0 1 

# Size = 19 | Time = 20 ms
0 0 0 0 0 0 0 0 0 0 0 0 0 0 0 0 0 0 0 0 0 0 0 0 0 0 0 0 0 0 0 0 0 0 0 0 0 0 0 0 0 0 0 0 0 0 0 0 0 0 0 1 
1 1 1 1 1 1 1 1 1 1 1 1 1 1 1 1 1 1 1 1 0 1 1 1 1 1 1 1 1 1 1 1 1 1 1 1 1 1 1 1 1 1 1 1 1 1 1 1 0 1 1 0 
1 1 1 0 2 0 1 0 1 0 1 0 1 0 1 0 1 0 1 0 0 0 1 0 1 0 1 0 2 0 1 0 1 0 1 0 1 0 1 0 1 0 1 0 0 1 1 0 1 1 0 0 
0 0 0 1 0 1 0 1 0 1 0 1 0 1 0 1 0 1 0 1 0 1 0 1 0 1 0 1 3 1 0 1 0 1 0 1 0 1 0 1 0 1 0 1 0 0 1 1 0 0 1 1 
0 0 0 0 1 1 1 0 0 1 1 0 0 1 1 0 0 1 1 0 1 1 1 0 0 1 1 0 0 1 1 0 0 1 1 0 0 1 1 0 0 1 1 0 0 0 0 1 0 1 1 1 
1 1 1 0 0 0 0 1 1 0 0 1 1 0 0 1 1 0 0 1 1 0 0 1 1 0 0 1 1 0 0 1 1 0 0 1 1 0 0 1 1 0 0 1 1 0 1 0 1 0 0 1 
1 1 0 1 0 0 0 0 0 1 1 1 1 0 0 0 0 1 1 1 1 0 0 0 0 1 1 1 2 0 0 0 0 1 1 1 1 0 0 0 0 1 1 1 1 1 0 0 1 0 1 0 
0 0 0 0 2 0 0 0 1 0 0 0 0 1 1 1 1 0 0 0 1 1 1 1 1 0 0 0 3 1 1 1 1 0 0 0 0 1 1 1 1 0 0 0 0 1 1 1 0 1 0 0 
1 0 1 1 2 1 0 1 0 0 0 0 0 0 0 0 0 0 1 1 2 0 0 1 1 1 0 0 0 1 1 0 0 0 1 1 1 0 0 1 1 1 0 0 0 0 0 1 0 1 0 1 
0 1 0 0 0 0 1 0 0 1 0 0 0 1 1 0 1 0 0 0 2 0 0 0 0 0 1 1 1 0 0 1 1 1 0 0 0 1 1 0 0 0 1 1 1 1 0 0 1 0 1 0 
0 0 1 0 1 0 0 1 1 0 0 1 0 0 0 1 0 1 0 0 2 1 1 0 0 0 0 0 2 0 0 0 0 0 0 0 0 0 0 0 0 0 0 0 0 0 1 0 1 0 0 1 
0 0 1 1 1 0 1 0 1 0 1 0 1 0 0 0 0 0 0 1 2 0 0 0 0 1 0 1 3 0 1 0 0 0 1 0 0 0 0 0 0 0 0 1 1 1 0 0 1 0 1 1 
0 1 0 0 0 0 0 0 1 0 0 1 1 0 0 1 1 0 0 0 3 0 1 0 0 0 0 1 0 0 1 1 0 1 0 1 1 1 1 1 1 1 1 0 0 1 1 1 0 0 0 0 
1 0 1 1 2 1 1 1 0 1 1 0 0 1 1 0 0 1 1 0 3 1 0 1 0 0 1 0 1 0 0 0 1 0 0 0 0 0 0 0 0 0 0 1 1 0 0 0 1 1 1 1 
0 1 1 0 1 1 1 0 0 1 0 0 1 1 1 1 0 0 0 1 3 0 1 1 1 1 0 0 2 1 1 1 0 1 1 0 1 1 1 1 0 0 1 1 1 0 1 0 0 0 0 1 
1 1 1 0 2 1 0 1 1 0 0 1 0 0 1 0 0 0 1 1 3 1 1 0 0 1 1 1 3 1 1 1 1 1 0 1 1 0 1 0 0 0 1 0 0 0 0 0 1 0 0 1 
1 0 1 0 0 0 0 0 0 0 0 0 0 0 0 0 1 0 1 0 1 1 1 1 0 0 1 0 0 1 1 0 1 0 0 1 0 1 1 1 0 0 1 1 1 1 1 0 1 1 0 1 
0 1 0 0 1 0 1 0 0 0 0 0 0 1 0 0 0 1 0 0 1 1 0 1 0 1 1 0 1 1 1 0 0 1 0 0 0 1 0 1 1 1 0 0 0 0 1 1 0 0 0 1 
0 0 1 1 0 0 1 1 0 0 1 0 1 1 1 0 0 0 0 1 1 1 1 1 1 1 1 1 2 1 0 0 0 0 0 1 0 0 0 1 1 1 0 1 0 0 0 1 0 0 0 1 

# Size = 19 | Time = 20 ms
0 0 0 0 0 0 0 0 0 0 0 0 0 0 0 0 0 0 0 0 0 0 0 0 0 0 0 0 0 0 0 0 0 0 0 0 0 0 0 0 0 0 0 0 0 0 0 0 0 0 0 1 
1 1 1 1 1 1 1 1 1 1 1 1 1 1 1 1 1 1 1 1 0 1 1 1 1 1 1 1 1 1 1 1 1 1 1 1 1 1 1 1 1 1 1 1 1 1 1 1 0 1 1 0 
1 1 1 0 2 0 1 0 1 0 1 0 1 0 1 0 1 0 1 0 0 0 1 0 1 0 1 0 2 0 1 0 1 0 1 0 1 0 1 0 1 0 1 0 0 1 1 0 1 1 0 0 
0 0 0 1 0 1 0 1 0 1 0 1 0 1 0 1 0 1 0 1 0 1 0 1 0 1 0 1 3 1 0 1 0 1 0 1 0 1 0 1 0 1 0 1 0 0 1 1 0 0 1 1 
0 0 0 0 1 1 1 0 0 1 1 0 0 1 1 0 0 1 1 0 1 1 1 0 0 1 1 0 0 1 1 0 0 1 1 0 0 1 1 0 0 1 1 0 0 0 0 1 0 1 1 1 
1 1 1 0 0 0 0 1 1 0 0 1 1 0 0 1 1 0 0 1 1 0 0 1 1 0 0 1 1 0 0 1 1 0 0 1 1 0 0 1 1 0 0 1 1 0 1 0 1 0 0 1 
1 1 0 1 0 0 0 0 0 1 1 1 1 0 0 0 0 1 1 1 1 0 0 0 0 1 1 1 2 0 0 0 0 1 1 1 1 0 0 0 0 1 1 1 1 1 0 0 1 0 1 0 
0 0 0 0 2 0 0 0 1 0 0 0 0 1 1 1 1 0 0 0 1 1 1 1 1 0 0 0 3 1 1 1 1 0 0 0 0 1 1 1 1 0 0 0 0 1 1 1 0 1 0 0 
1 0 1 1 2 1 0 1 0 0 0 0 0 0 0 0 0 0 1 1 2 0 0 1 1 1 0 0 0 1 1 0 0 0 1 1 1 0 0 1 1 1 0 0 0 0 0 1 0 1 0 1 
0 1 0 0 0 0 1 0 0 1 0 0 0 1 1 0 1 0 0 0 2 0 0 0 0 0 1 1 1 0 0 1 1 1 0 0 0 1 1 0 0 0 1 1 1 1 0 0 1 0 1 0 
0 0 0 1 1 0 0 1 1 0 0 1 0 0 0 1 0 1 0 0 2 1 1 0 0 0 0 0 2 0 0 0 0 0 0 0 0 0 0 0 0 0 0 0 0 0 1 0 1 0 0 1 
0 0 1 0 1 0 1 1 1 0 1 1 1 0 0 0 0 0 0 0 2 0 0 0 0 1 0 0 3 0 1 0 0 0 1 1 0 0 0 0 0 0 0 1 1 1 0 0 1 0 1 1 
0 1 0 0 0 0 0 0 1 0 0 1 1 0 0 1 1 0 0 0 3 0 1 0 0 0 0 1 0 0 1 1 0 1 0 1 1 1 1 1 1 1 1 0 0 1 1 1 0 0 0 0 
1 0 1 1 2 1 1 1 0 1 1 0 0 1 1 0 0 1 1 0 3 1 0 1 0 0 1 0 1 0 0 0 1 0 0 0 0 0 0 0 0 0 0 1 1 0 0 0 1 1 1 1 
0 0 0 1 1 1 0 1 0 1 1 1 0 1 1 1 0 1 0 1 3 0 0 1 1 1 0 1 2 1 0 1 0 1 1 0 0 1 1 1 0 0 1 0 0 0 1 0 0 1 0 1 
1 1 0 1 2 0 0 1 0 0 0 1 0 0 1 1 0 0 1 1 3 0 0 1 1 1 1 1 3 1 1 0 0 1 1 0 1 0 1 0 0 0 1 0 0 1 1 0 1 0 0 1 
0 0 0 1 0 1 0 1 0 1 1 0 1 1 1 0 0 1 1 0 2 1 0 0 0 0 1 0 0 0 0 0 1 1 1 1 0 1 0 1 0 1 0 1 1 1 1 0 1 1 1 1 
0 0 0 0 0 0 1 1 0 1 0 1 1 0 0 0 1 0 1 0 3 1 0 0 1 0 0 0 1 1 1 0 0 0 1 1 0 1 1 1 0 0 0 0 0 0 0 0 0 1 0 1 
1 0 0 1 2 1 0 1 1 0 0 0 0 1 0 0 1 0 1 0 0 0 1 1 1 1 0 0 2 1 0 1 0 0 0 0 0 0 1 0 0 0 0 0 0 1 1 1 0 0 1 1 

# Size = 19 | Time = 20 ms
0 0 0 0 0 0 0 0 0 0 0 0 0 0 0 0 0 0 0 0 0 0 0 0 0 0 0 0 0 0 0 0 0 0 0 0 0 0 0 0 0 0 0 0 0 0 0 0 0 0 0 1 
1 1 1 1 1 1 1 1 1 1 1 1 1 1 1 1 1 1 1 1 0 1 1 1 1 1 1 1 1 1 1 1 1 1 1 1 1 1 1 1 1 1 1 1 1 1 1 1 0 1 1 0 
1 1 1 0 2 0 1 0 1 0 1 0 1 0 1 0 1 0 1 0 0 0 1 0 1 0 1 0 2 0 1 0 1 0 1 0 1 0 1 0 1 0 1 0 0 1 1 0 1 1 0 0 
0 0 0 1 0 1 0 1 0 1 0 1 0 1 0 1 0 1 0 1 0 1 0 1 0 1 0 1 3 1 0 1 0 1 0 1 0 1 0 1 0 1 0 1 0 0 1 1 0 0 1 1 
0 0 0 0 1 1 1 0 0 1 1 0 0 1 1 0 0 1 1 0 1 1 1 0 0 1 1 0 0 1 1 0 0 1 1 0 0 1 1 0 0 1 1 0 0 0 0 1 0 1 1 1 
1 1 1 0 0 0 0 1 1 0 0 1 1 0 0 1 1 0 0 1 1 0 0 1 1 0 0 1 1 0 0 1 1 0 0 1 1 0 0 1 1 0 0 1 1 0 1 0 1 0 0 1 
1 1 0 1 0 0 0 0 0 1 1 1 1 0 0 0 0 1 1 1 1 0 0 0 0 1 1 1 2 0 0 0 0 1 1 1 1 0 0 0 0 1 1 1 1 1 0 0 1 0 1 0 
0 0 0 0 2 0 0 0 1 0 0 0 0 1 1 1 1 0 0 0 1 1 1 1 1 0 0 0 3 1 1 1 1 0 0 0 0 1 1 1 1 0 0 0 0 1 1 1 0 1 0 0 
1 0 1 1 2 1 0 1 0 0 0 0 0 0 0 0 0 0 1 1 2 0 0 1 1 1 0 0 0 1 1 0 0 0 1 1 1 0 0 1 1 1 0 0 0 0 0 1 0 1 0 1 
0 1 0 0 0 0 1 0 0 1 0 0 0 1 1 0 1 0 0 0 2 0 0 0 0 0 1 1 1 0 0 1 1 1 0 0 0 1 1 0 0 0 1 1 1 1 0 0 1 0 1 0 
0 0 0 0 1 0 0 1 1 0 0 1 0 0 0 1 0 1 0 0 2 1 1 0 0 0 0 0 2 0 0 0 0 0 0 0 0 0 0 0 0 0 0 0 0 0 1 0 1 0 0 1 
0 0 1 1 1 1 1 1 1 0 1 0 1 0 0 0 1 0 0 1 2 0 0 0 0 1 0 0 3 0 1 0 0 1 1 0 0 0 0 0 0 1 0 1 1 1 0 0 1 0 1 1 
0 1 0 0 0 0 0 0 1 0 0 1 1 0 0 1 1 0 0 0 3 0 1 0 0 0 0 1 0 0 1 1 0 1 0 1 1 1 1 1 1 1 1 0 0 1 1 1 0 0 0 0 
1 0 1 1 2 1 1 1 0 1 1 0 0 1 1 0 0 1 1 0 3 1 0 1 0 0 1 0 1 0 0 0 1 0 0 0 0 0 0 0 0 0 0 1 1 0 0 0 1 1 1 1 
0 0 1 1 1 1 1 0 1 1 0 1 1 1 1 1 0 1 0 1 3 0 1 1 1 1 0 0 2 1 0 1 0 0 1 0 1 1 0 1 0 0 0 1 1 1 1 0 0 0 0 0 
1 1 0 0 2 1 1 0 0 0 1 1 1 1 0 0 1 0 1 0 3 1 0 0 0 0 1 1 3 1 1 1 1 1 1 0 1 1 0 1 1 0 1 0 0 1 1 0 1 0 1 0 
1 0 1 1 0 0 0 0 1 1 0 1 0 0 0 1 0 0 0 0 1 1 0 1 1 0 0 0 0 0 0 1 1 0 1 1 0 0 1 1 1 0 1 1 1 1 1 0 1 1 0 0 
1 0 1 1 2 1 0 1 0 1 0 0 0 0 0 0 1 0 1 0 3 0 1 1 0 0 1 1 1 1 0 0 0 0 1 1 0 1 0 1 1 1 0 0 0 0 0 0 1 1 1 1 
1 1 0 0 0 1 1 0 1 0 1 0 1 0 0 1 1 0 0 1 2 0 0 1 0 1 0 1 2 1 1 0 0 0 0 1 1 0 1 0 1 0 1 0 0 0 1 1 0 0 0 1 

# Size = 19 | Time = 21 ms
0 0 0 0 0 0 0 0 0 0 0 0 0 0 0 0 0 0 0 0 0 0 0 0 0 0 0 0 0 0 0 0 0 0 0 0 0 0 0 0 0 0 0 0 0 0 0 0 0 0 0 1 
1 1 1 1 1 1 1 1 1 1 1 1 1 1 1 1 1 1 1 1 0 1 1 1 1 1 1 1 1 1 1 1 1 1 1 1 1 1 1 1 1 1 1 1 1 1 1 1 0 1 1 0 
1 1 1 0 2 0 1 0 1 0 1 0 1 0 1 0 1 0 1 0 0 0 1 0 1 0 1 0 2 0 1 0 1 0 1 0 1 0 1 0 1 0 1 0 0 1 1 0 1 1 0 0 
0 0 0 1 0 1 0 1 0 1 0 1 0 1 0 1 0 1 0 1 0 1 0 1 0 1 0 1 3 1 0 1 0 1 0 1 0 1 0 1 0 1 0 1 0 0 1 1 0 0 1 1 
0 0 0 0 1 1 1 0 0 1 1 0 0 1 1 0 0 1 1 0 1 1 1 0 0 1 1 0 0 1 1 0 0 1 1 0 0 1 1 0 0 1 1 0 0 0 0 1 0 1 1 1 
1 1 1 0 0 0 0 1 1 0 0 1 1 0 0 1 1 0 0 1 1 0 0 1 1 0 0 1 1 0 0 1 1 0 0 1 1 0 0 1 1 0 0 1 1 0 1 0 1 0 0 1 
1 1 0 1 0 0 0 0 0 1 1 1 1 0 0 0 0 1 1 1 1 0 0 0 0 1 1 1 2 0 0 0 0 1 1 1 1 0 0 0 0 1 1 1 1 1 0 0 1 0 1 0 
0 0 0 0 2 0 0 0 1 0 0 0 0 1 1 1 1 0 0 0 1 1 1 1 1 0 0 0 3 1 1 1 1 0 0 0 0 1 1 1 1 0 0 0 0 1 1 1 0 1 0 0 
1 0 1 1 2 1 0 1 0 0 0 0 0 0 0 0 0 0 1 1 2 0 0 1 1 1 0 0 0 1 1 0 0 0 1 1 1 0 0 1 1 1 0 0 0 0 0 1 0 1 0 1 
0 1 0 0 0 0 1 0 0 1 0 0 0 1 1 0 1 0 0 0 2 0 0 0 0 0 1 1 1 0 0 1 1 1 0 0 0 1 1 0 0 0 1 1 1 1 0 0 1 0 1 0 
0 0 0 1 1 0 0 1 1 0 0 1 0 0 0 1 0 1 0 0 2 1 1 0 0 0 0 0 2 0 0 0 0 0 0 0 0 0 0 0 0 0 0 0 0 0 1 0 1 0 0 1 
0 0 1 1 1 0 1 0 1 0 1 0 1 0 0 0 1 0 0 1 2 0 0 0 0 1 0 0 3 0 0 0 1 1 1 1 0 0 0 0 0 0 0 1 1 1 0 0 1 0 1 1 
0 1 0 0 0 0 0 0 1 0 0 1 1 0 0 1 1 0 0 0 3 0 1 0 0 0 0 1 0 0 1 1 0 1 0 1 1 1 1 1 1 1 1 0 0 1 1 1 0 0 0 0 
1 0 1 1 2 1 1 1 0 1 1 0 0 1 1 0 0 1 1 0 3 1 0 1 0 0 1 0 1 0 0 0 1 0 0 0 0 0 0 0 0 0 0 1 1 0 0 0 1 1 1 1 
1 0 0 0 1 1 1 0 0 1 0 1 0 1 1 1 1 1 1 1 3 0 0 1 1 1 0 0 2 1 0 1 1 0 1 0 1 1 1 1 0 0 0 1 1 0 1 0 0 0 0 1 
1 1 0 1 2 1 1 1 0 0 0 1 0 0 0 0 0 0 1 0 3 1 0 0 1 1 1 1 3 1 0 0 1 1 1 1 1 0 1 0 1 1 1 0 0 1 0 0 1 0 1 1 
1 0 1 1 0 1 1 1 0 1 0 1 0 1 1 1 1 0 0 1 3 1 0 0 0 1 0 0 0 1 1 0 1 0 1 0 1 1 0 0 0 0 0 1 1 0 1 0 1 1 0 1 
0 1 1 0 2 1 1 1 1 1 0 0 0 1 0 1 0 1 1 1 1 0 0 0 1 1 1 1 1 1 0 0 0 0 0 1 1 1 1 0 0 0 0 0 0 1 1 0 1 1 0 1 
1 1 1 0 1 0 1 0 1 1 0 0 1 0 1 1 1 0 0 1 2 1 1 1 0 0 0 1 2 1 1 0 1 0 0 1 1 1 1 0 0 0 0 0 0 1 1 1 0 0 1 0 

# Size = 19 | Time = 20 ms
0 0 0 0 0 0 0 0 0 0 0 0 0 0 0 0 0 0 0 0 0 0 0 0 0 0 0 0 0 0 0 0 0 0 0 0 0 0 0 0 0 0 0 0 0 0 0 0 0 0 0 1 
1 1 1 1 1 1 1 1 1 1 1 1 1 1 1 1 1 1 1 1 0 1 1 1 1 1 1 1 1 1 1 1 1 1 1 1 1 1 1 1 1 1 1 1 1 1 1 1 0 1 1 0 
1 1 1 0 2 0 1 0 1 0 1 0 1 0 1 0 1 0 1 0 0 0 1 0 1 0 1 0 2 0 1 0 1 0 1 0 1 0 1 0 1 0 1 0 0 1 1 0 1 1 0 0 
0 0 0 1 0 1 0 1 0 1 0 1 0 1 0 1 0 1 0 1 0 1 0 1 0 1 0 1 3 1 0 1 0 1 0 1 0 1 0 1 0 1 0 1 0 0 1 1 0 0 1 1 
0 0 0 0 1 1 1 0 0 1 1 0 0 1 1 0 0 1 1 0 1 1 1 0 0 1 1 0 0 1 1 0 0 1 1 0 0 1 1 0 0 1 1 0 0 0 0 1 0 1 1 1 
1 1 1 0 0 0 0 1 1 0 0 1 1 0 0 1 1 0 0 1 1 0 0 1 1 0 0 1 1 0 0 1 1 0 0 1 1 0 0 1 1 0 0 1 1 0 1 0 1 0 0 1 
1 1 0 1 0 0 0 0 0 1 1 1 1 0 0 0 0 1 1 1 1 0 0 0 0 1 1 1 2 0 0 0 0 1 1 1 1 0 0 0 0 1 1 1 1 1 0 0 1 0 1 0 
0 0 0 0 2 0 0 0 1 0 0 0 0 1 1 1 1 0 0 0 1 1 1 1 1 0 0 0 3 1 1 1 1 0 0 0 0 1 1 1 1 0 0 0 0 1 1 1 0 1 0 0 
1 0 1 1 2 1 0 1 0 0 0 0 0 0 0 0 0 0 1 1 2 0 0 1 1 1 0 0 0 1 1 0 0 0 1 1 1 0 0 1 1 1 0 0 0 0 0 1 0 1 0 1 
0 1 0 0 0 0 1 0 0 1 0 0 0 1 1 0 1 0 0 0 2 0 0 0 0 0 1 1 1 0 0 1 1 1 0 0 0 1 1 0 0 0 1 1 1 1 0 0 1 0 1 0 
0 0 1 0 1 0 0 1 1 0 0 1 0 0 0 1 0 1 0 0 2 1 1 0 0 0 0 0 2 0 0 0 0 0 0 0 0 0 0 0 0 0 0 0 0 0 1 0 1 0 0 1 
0 0 1 0 1 0 1 0 1 0 1 0 1 0 0 0 1 0 0 0 2 0 0 0 0 0 0 1 3 0 1 0 1 1 1 0 0 0 0 0 0 0 0 1 1 1 0 0 1 0 1 1 
0 1 0 0 0 0 0 0 1 0 0 1 1 0 0 1 1 0 0 0 3 0 1 0 0 0 0 1 0 0 1 1 0 1 0 1 1 1 1 1 1 1 1 0 0 1 1 1 0 0 0 0 
1 0 1 1 2 1 1 1 0 1 1 0 0 1 1 0 0 1 1 0 3 1 0 1 0 0 1 0 1 0 0 0 1 0 0 0 0 0 0 0 0 0 0 1 1 0 0 0 1 1 1 1 
1 1 0 1 1 1 1 1 1 1 0 1 0 1 1 0 0 1 0 1 3 1 1 1 1 1 0 1 2 1 1 1 0 1 1 0 1 1 1 1 0 0 0 0 0 0 1 0 0 1 0 1 
1 1 1 1 2 1 1 0 0 1 1 1 0 1 1 0 1 0 1 1 3 0 1 0 0 1 1 1 3 1 0 0 1 1 0 0 1 0 1 0 0 0 1 0 0 0 0 0 1 0 0 1 
0 1 1 1 0 0 0 0 0 0 1 1 0 1 0 0 1 1 0 0 3 1 0 1 0 0 1 0 0 1 0 0 1 1 0 0 1 0 0 1 0 0 1 1 1 1 0 0 1 1 0 0 
1 1 0 0 0 1 1 1 0 1 0 0 0 0 1 0 0 1 1 0 1 0 1 0 0 1 0 1 1 0 1 1 0 0 1 0 0 1 0 1 0 1 1 0 0 0 1 0 1 1 1 1 
0 0 1 0 1 1 0 0 1 1 0 1 0 1 1 1 1 0 1 0 2 0 0 0 0 1 1 0 2 1 0 0 1 0 0 0 1 1 0 1 1 0 1 0 0 0 1 1 0 1 1 1 

# Size = 19 | Time = 21 ms
0 0 0 0 0 0 0 0 0 0 0 0 0 0 0 0 0 0 0 0 0 0 0 0 0 0 0 0 0 0 0 0 0 0 0 0 0 0 0 0 0 0 0 0 0 0 0 0 0 0 0 1 
1 1 1 1 1 1 1 1 1 1 1 1 1 1 1 1 1 1 1 1 0 1 1 1 1 1 1 1 1 1 1 1 1 1 1 1 1 1 1 1 1 1 1 1 1 1 1 1 0 1 1 0 
1 1 1 0 2 0 1 0 1 0 1 0 1 0 1 0 1 0 1 0 0 0 1 0 1 0 1 0 2 0 1 0 1 0 1 0 1 0 1 0 1 0 1 0 0 1 1 0 1 1 0 0 
0 0 0 1 0 1 0 1 0 1 0 1 0 1 0 1 0 1 0 1 0 1 0 1 0 1 0 1 3 1 0 1 0 1 0 1 0 1 0 1 0 1 0 1 0 0 1 1 0 0 1 1 
0 0 0 0 1 1 1 0 0 1 1 0 0 1 1 0 0 1 1 0 1 1 1 0 0 1 1 0 0 1 1 0 0 1 1 0 0 1 1 0 0 1 1 0 0 0 0 1 0 1 1 1 
1 1 1 0 0 0 0 1 1 0 0 1 1 0 0 1 1 0 0 1 1 0 0 1 1 0 0 1 1 0 0 1 1 0 0 1 1 0 0 1 1 0 0 1 1 0 1 0 1 0 0 1 
1 1 0 1 0 0 0 0 0 1 1 1 1 0 0 0 0 1 1 1 1 0 0 0 0 1 1 1 2 0 0 0 0 1 1 1 1 0 0 0 0 1 1 1 1 1 0 0 1 0 1 0 
0 0 0 0 2 0 0 0 1 0 0 0 0 1 1 1 1 0 0 0 1 1 1 1 1 0 0 0 3 1 1 1 1 0 0 0 0 1 1 1 1 0 0 0 0 1 1 1 0 1 0 0 
1 0 1 1 2 1 0 1 0 0 0 0 0 0 0 0 0 0 1 1 2 0 0 1 1 1 0 0 0 1 1 0 0 0 1 1 1 0 0 1 1 1 0 0 0 0 0 1 0 1 0 1 
0 1 0 0 0 0 1 0 0 1 0 0 0 1 1 0 1 0 0 0 2 0 0 0 0 0 1 1 1 0 0 1 1 1 0 0 0 1 1 0 0 0 1 1 1 1 0 0 1 0 1 0 
0 0 0 1 1 0 0 1 1 0 0 1 0 0 0 1 0 1 0 0 2 1 1 0 0 0 0 0 2 0 0 0 0 0 0 0 0 0 0 0 0 0 0 0 0 0 1 0 1 0 0 1 
0 0 1 1 1 1 1 1 1 0 1 1 1 0 0 0 1 0 0 0 2 0 0 0 0 0 0 0 3 0 0 0 1 0 1 1 0 0 0 0 0 0 0 1 1 1 0 0 1 0 1 1 
0 1 0 0 0 0 0 0 1 0 0 1 1 0 0 1 1 0 0 0 3 0 1 0 0 0 0 1 0 0 1 1 0 1 0 1 1 1 1 1 1 1 1 0 0 1 1 1 0 0 0 0 
1 0 1 1 2 1 1 1 0 1 1 0 0 1 1 0 0 1 1 0 3 1 0 1 0 0 1 0 1 0 0 0 1 0 0 0 0 0 0 0 0 0 0 1 1 0 0 0 1 1 1 1 
1 1 0 1 1 1 0 0 1 1 0 0 1 1 0 1 0 0 1 1 3 1 1 1 1 1 0 1 2 1 1 1 0 0 1 0 1 1 0 1 0 0 1 0 0 1 1 0 0 1 0 1 
1 1 1 0 2 0 0 1 0 0 1 1 0 0 1 0 1 1 1 1 3 0 0 0 1 0 1 1 3 1 1 1 1 1 1 1 1 1 1 1 0 0 1 0 0 1 0 0 1 0 0 1 
1 1 0 0 0 1 1 0 1 0 1 0 0 0 1 0 0 1 0 0 2 1 0 0 0 1 1 0 0 0 1 1 1 0 0 0 1 0 1 1 0 1 1 1 1 1 1 0 1 1 1 1 
1 1 1 0 2 0 1 0 0 1 0 0 1 0 0 1 0 0 0 0 1 0 0 0 1 0 0 0 1 1 1 1 0 0 0 0 1 0 0 1 1 1 1 0 0 1 1 1 0 1 0 0 
0 0 1 1 2 0 0 0 1 0 0 0 0 1 1 1 1 0 1 1 3 0 0 0 1 0 1 0 2 0 1 1 0 0 1 0 0 0 1 0 0 1 0 0 0 1 1 1 0 0 1 0 

# Size = 19 | Time = 20 ms
0 0 0 0 0 0 0 0 0 0 0 0 0 0 0 0 0 0 0 0 0 0 0 0 0 0 0 0 0 0 0 0 0 0 0 0 0 0 0 0 0 0 0 0 0 0 0 0 0 0 0 1 
1 1 1 1 1 1 1 1 1 1 1 1 1 1 1 1 1 1 1 1 0 1 1 1 1 1 1 1 1 1 1 1 1 1 1 1 1 1 1 1 1 1 1 1 1 1 1 1 0 1 1 0 
1 1 1 0 2 0 1 0 1 0 1 0 1 0 1 0 1 0 1 0 0 0 1 0 1 0 1 0 2 0 1 0 1 0 1 0 1 0 1 0 1 0 1 0 0 1 1 0 1 1 0 0 
0 0 0 1 0 1 0 1 0 1 0 1 0 1 0 1 0 1 0 1 0 1 0 1 0 1 0 1 3 1 0 1 0 1 0 1 0 1 0 1 0 1 0 1 0 0 1 1 0 0 1 1 
0 0 0 0 1 1 1 0 0 1 1 0 0 1 1 0 0 1 1 0 1 1 1 0 0 1 1 0 0 1 1 0 0 1 1 0 0 1 1 0 0 1 1 0 0 0 0 1 0 1 1 1 
1 1 1 0 0 0 0 1 1 0 0 1 1 0 0 1 1 0 0 1 1 0 0 1 1 0 0 1 1 0 0 1 1 0 0 1 1 0 0 1 1 0 0 1 1 0 1 0 1 0 0 1 
1 1 0 1 0 0 0 0 0 1 1 1 1 0 0 0 0 1 1 1 1 0 0 0 0 1 1 1 2 0 0 0 0 1 1 1 1 0 0 0 0 1 1 1 1 1 0 0 1 0 1 0 
0 0 0 0 2 0 0 0 1 0 0 0 0 1 1 1 1 0 0 0 1 1 1 1 1 0 0 0 3 1 1 1 1 0 0 0 0 1 1 1 1 0 0 0 0 1 1 1 0 1 0 0 
1 0 1 1 2 1 0 1 0 0 0 0 0 0 0 0 0 0 1 1 2 0 0 1 1 1 0 0 0 1 1 0 0 0 1 1 1 0 0 1 1 1 0 0 0 0 0 1 0 1 0 1 
0 1 0 0 0 0 1 0 0 1 0 0 0 1 1 0 1 0 0 0 2 0 0 0 0 0 1 1 1 0 0 1 1 1 0 0 0 1 1 0 0 0 1 1 1 1 0 0 1 0 1 0 
0 0 0 1 1 0 0 1 1 0 0 1 0 0 0 1 0 1 0 0 2 1 1 0 0 0 0 0 2 0 0 0 0 0 0 0 0 0 0 0 0 0 0 0 0 0 1 0 1 0 0 1 
0 0 1 0 1 1 1 0 1 0 1 0 1 0 0 0 1 0 0 0 2 0 0 0 0 0 0 1 3 0 1 0 0 1 1 0 0 0 0 0 0 1 0 1 1 1 0 0 1 1 1 1 
0 1 0 0 0 0 0 0 1 0 0 1 1 0 0 1 1 0 0 0 3 0 1 0 0 0 0 1 0 0 1 1 0 1 0 1 1 1 1 1 1 1 1 0 0 1 1 1 0 0 0 0 
1 0 1 1 2 1 1 1 0 1 1 0 0 1 1 0 0 1 1 0 3 1 0 1 0 0 1 0 1 0 0 0 1 0 0 0 0 0 0 0 0 0 0 1 1 0 0 0 1 1 1 1 
0 0 1 0 1 1 1 1 0 1 1 1 0 1 1 0 1 1 1 1 3 1 0 1 1 1 0 1 2 1 1 1 0 1 1 0 0 1 1 1 0 0 1 1 0 0 0 0 0 1 0 1 
1 1 1 0 2 1 0 0 0 1 0 1 0 0 1 1 0 0 1 1 3 1 1 0 1 0 1 1 3 1 0 0 1 1 1 1 1 1 1 1 0 1 1 0 0 0 1 0 1 0 0 1 
1 1 1 1 0 0 0 1 0 1 1 1 0 0 1 1 0 1 0 1 2 1 1 1 1 0 1 1 0 0 0 0 1 1 1 1 1 1 1 0 0 0 1 1 1 1 1 0 1 1 0 1 
1 1 0 1 2 1 0 1 0 0 0 0 1 0 0 1 0 1 0 1 0 1 0 1 1 1 0 0 1 1 1 0 0 0 0 1 0 1 0 0 0 0 0 0 0 1 1 0 1 1 0 1 
0 1 1 1 0 0 1 1 1 0 1 1 0 0 0 1 0 1 1 0 1 0 1 1 0 1 1 1 2 1 1 0 0 0 1 0 0 1 1 1 0 1 1 1 0 1 1 1 0 0 1 0 

# Size = 19 | Time = 20 ms
0 0 0 0 0 0 0 0 0 0 0 0 0 0 0 0 0 0 0 0 0 0 0 0 0 0 0 0 0 0 0 0 0 0 0 0 0 0 0 0 0 0 0 0 0 0 0 0 0 0 0 1 
1 1 1 1 1 1 1 1 1 1 1 1 1 1 1 1 1 1 1 1 0 1 1 1 1 1 1 1 1 1 1 1 1 1 1 1 1 1 1 1 1 1 1 1 1 1 1 1 0 1 1 0 
1 1 1 0 2 0 1 0 1 0 1 0 1 0 1 0 1 0 1 0 0 0 1 0 1 0 1 0 2 0 1 0 1 0 1 0 1 0 1 0 1 0 1 0 0 1 1 0 1 1 0 0 
0 0 0 1 0 1 0 1 0 1 0 1 0 1 0 1 0 1 0 1 0 1 0 1 0 1 0 1 3 1 0 1 0 1 0 1 0 1 0 1 0 1 0 1 0 0 1 1 0 0 1 1 
0 0 0 0 1 1 1 0 0 1 1 0 0 1 1 0 0 1 1 0 1 1 1 0 0 1 1 0 0 1 1 0 0 1 1 0 0 1 1 0 0 1 1 0 0 0 0 1 0 1 1 1 
1 1 1 0 0 0 0 1 1 0 0 1 1 0 0 1 1 0 0 1 1 0 0 1 1 0 0 1 1 0 0 1 1 0 0 1 1 0 0 1 1 0 0 1 1 0 1 0 1 0 0 1 
1 1 0 1 0 0 0 0 0 1 1 1 1 0 0 0 0 1 1 1 1 0 0 0 0 1 1 1 2 0 0 0 0 1 1 1 1 0 0 0 0 1 1 1 1 1 0 0 1 0 1 0 
0 0 0 0 2 0 0 0 1 0 0 0 0 1 1 1 1 0 0 0 1 1 1 1 1 0 0 0 3 1 1 1 1 0 0 0 0 1 1 1 1 0 0 0 0 1 1 1 0 1 0 0 
1 0 1 1 2 1 0 1 0 0 0 0 0 0 0 0 0 0 1 1 2 0 0 1 1 1 0 0 0 1 1 0 0 0 1 1 1 0 0 1 1 1 0 0 0 0 0 1 0 1 0 1 
0 1 0 0 0 0 1 0 0 1 0 0 0 1 1 0 1 0 0 0 2 0 0 0 0 0 1 1 1 0 0 1 1 1 0 0 0 1 1 0 0 0 1 1 1 1 0 0 1 0 1 0 
0 0 1 1 1 0 0 1 1 0 0 1 0 0 0 1 0 1 0 0 2 1 1 0 0 0 0 0 2 0 0 0 0 0 0 0 0 0 0 0 0 0 0 0 0 0 1 0 1 0 0 1 
0 0 1 1 1 1 1 1 1 0 1 0 1 0 0 0 1 0 0 0 2 0 0 0 0 0 0 1 3 0 0 0 0 0 1 0 0 0 0 0 0 0 0 1 1 1 0 0 1 0 1 1 
0 1 0 0 0 0 0 0 1 0 0 1 1 0 0 1 1 0 0 0 3 0 1 0 0 0 0 1 0 0 1 1 0 1 0 1 1 1 1 1 1 1 1 0 0 1 1 1 0 0 0 0 
1 0 1 1 2 1 1 1 0 1 1 0 0 1 1 0 0 1 1 0 3 1 0 1 0 0 1 0 1 0 0 0 1 0 0 0 0 0 0 0 0 0 0 1 1 0 0 0 1 1 1 1 
0 1 0 0 1 1 0 1 0 1 0 0 1 1 0 1 0 1 0 1 3 1 0 1 1 1 0 0 2 1 1 1 0 0 1 0 0 1 1 1 0 0 1 0 0 1 1 0 0 1 0 0 
1 1 0 0 2 0 0 0 0 1 1 1 0 1 1 1 0 1 1 0 3 0 1 0 1 1 1 1 3 1 1 1 0 1 0 0 1 1 1 0 1 1 1 1 0 1 1 0 1 0 1 1 
1 1 0 1 0 1 0 1 1 0 1 1 0 0 1 0 1 1 1 1 0 0 0 0 0 0 1 1 0 1 0 1 1 0 0 0 1 1 1 0 0 0 1 1 1 1 1 0 1 1 1 0 
0 0 1 0 2 0 0 1 0 1 0 1 0 1 0 1 1 0 0 1 1 0 1 0 0 1 1 0 1 1 0 1 0 1 0 0 1 0 1 0 0 1 0 0 0 0 1 0 1 1 0 1 
0 1 0 1 2 0 1 0 0 1 0 0 0 1 1 0 1 1 1 0 0 1 0 0 1 1 0 1 2 1 1 1 1 0 0 0 1 1 1 0 0 1 0 1 1 1 1 1 0 0 1 0 

# Size = 19 | Time = 20 ms
0 0 0 0 0 0 0 0 0 0 0 0 0 0 0 0 0 0 0 0 0 0 0 0 0 0 0 0 0 0 0 0 0 0 0 0 0 0 0 0 0 0 0 0 0 0 0 0 0 0 0 1 
1 1 1 1 1 1 1 1 1 1 1 1 1 1 1 1 1 1 1 1 0 1 1 1 1 1 1 1 1 1 1 1 1 1 1 1 1 1 1 1 1 1 1 1 1 1 1 1 0 1 1 0 
1 1 1 0 2 0 1 0 1 0 1 0 1 0 1 0 1 0 1 0 0 0 1 0 1 0 1 0 2 0 1 0 1 0 1 0 1 0 1 0 1 0 1 0 0 1 1 0 1 1 0 0 
0 0 0 1 0 1 0 1 0 1 0 1 0 1 0 1 0 1 0 1 0 1 0 1 0 1 0 1 3 1 0 1 0 1 0 1 0 1 0 1 0 1 0 1 0 0 1 1 0 0 1 1 
0 0 0 0 1 1 1 0 0 1 1 0 0 1 1 0 0 1 1 0 1 1 1 0 0 1 1 0 0 1 1 0 0 1 1 0 0 1 1 0 0 1 1 0 0 0 0 1 0 1 1 1 
1 1 1 0 0 0 0 1 1 0 0 1 1 0 0 1 1 0 0 1 1 0 0 1 1 0 0 1 1 0 0 1 1 0 0 1 1 0 0 1 1 0 0 1 1 0 1 0 1 0 0 1 
1 1 0 1 0 0 0 0 0 1 1 1 1 0 0 0 0 1 1 1 1 0 0 0 0 1 1 1 2 0 0 0 0 1 1 1 1 0 0 0 0 1 1 1 1 1 0 0 1 0 1 0 
0 0 0 0 2 0 0 0 1 0 0 0 0 1 1 1 1 0 0 0 1 1 1 1 1 0 0 0 3 1 1 1 1 0 0 0 0 1 1 1 1 0 0 0 0 1 1 1 0 1 0 0 
1 0 1 1 2 1 0 1 0 0 0 0 0 0 0 0 0 0 1 1 2 0 0 1 1 1 0 0 0 1 1 0 0 0 1 1 1 0 0 1 1 1 0 0 0 0 0 1 0 1 0 1 
0 1 0 0 0 0 1 0 0 1 0 0 0 1 1 0 1 0 0 0 2 0 0 0 0 0 1 1 1 0 0 1 1 1 0 0 0 1 1 0 0 0 1 1 1 1 0 0 1 0 1 0 
0 0 1 1 1 0 0 1 1 0 0 1 0 0 0 1 0 1 0 0 2 1 1 0 0 0 0 0 2 0 0 0 0 0 0 0 0 0 0 0 0 0 0 0 0 0 1 0 1 0 0 1 
0 0 1 0 1 0 1 0 1 0 1 1 1 0 0 0 1 0 0 1 2 0 0 0 0 1 0 1 3 0 1 0 1 0 1 1 0 0 0 0 0 0 0 1 1 1 0 0 1 0 1 1 
0 1 0 0 0 0 0 0 1 0 0 1 1 0 0 1 1 0 0 0 3 0 1 0 0 0 0 1 0 0 1 1 0 1 0 1 1 1 1 1 1 1 1 0 0 1 1 1 0 0 0 0 
1 0 1 1 2 1 1 1 0 1 1 0 0 1 1 0 0 1 1 0 3 1 0 1 0 0 1 0 1 0 0 0 1 0 0 0 0 0 0 0 0 0 0 1 1 0 0 0 1 1 1 1 
0 1 0 0 1 1 1 1 1 1 1 0 1 1 0 0 0 1 1 1 3 1 1 1 1 1 0 1 2 1 1 1 0 1 1 0 1 1 0 1 0 0 1 0 0 0 1 0 0 0 0 1 
1 1 1 1 2 0 0 1 1 0 1 1 1 1 1 0 0 1 1 1 3 1 0 1 0 1 1 1 3 1 0 0 0 1 0 0 1 1 0 0 0 1 1 1 0 1 0 0 1 0 0 1 
1 0 1 0 0 1 1 0 1 0 1 1 0 1 0 1 0 1 0 1 1 1 1 1 1 0 0 0 0 1 0 0 1 0 1 0 0 0 1 0 1 0 0 1 1 0 1 0 1 1 0 1 
1 1 0 1 1 0 0 1 0 1 0 1 1 0 1 0 1 0 1 0 0 1 0 1 0 1 1 1 1 1 0 1 0 1 0 0 1 0 0 1 1 0 1 0 0 0 0 1 0 1 0 1 
0 1 0 1 0 1 1 1 1 1 1 0 1 1 0 1 0 0 0 0 0 0 1 0 0 0 1 1 2 0 0 1 1 1 0 1 0 0 1 1 0 0 0 1 1 0 1 1 0 1 0 1 

# Size = 19 | Time = 20 ms
0 0 0 0 0 0 0 0 0 0 0 0 0 0 0 0 0 0 0 0 0 0 0 0 0 0 0 0 0 0 0 0 0 0 0 0 0 0 0 0 0 0 0 0 0 0 0 0 0 0 0 1 
1 1 1 1 1 1 1 1 1 1 1 1 1 1 1 1 1 1 1 1 0 1 1 1 1 1 1 1 1 1 1 1 1 1 1 1 1 1 1 1 1 1 1 1 1 1 1 1 0 1 1 0 
1 1 1 0 2 0 1 0 1 0 1 0 1 0 1 0 1 0 1 0 0 0 1 0 1 0 1 0 2 0 1 0 1 0 1 0 1 0 1 0 1 0 1 0 0 1 1 0 1 1 0 0 
0 0 0 1 0 1 0 1 0 1 0 1 0 1 0 1 0 1 0 1 0 1 0 1 0 1 0 1 3 1 0 1 0 1 0 1 0 1 0 1 0 1 0 1 0 0 1 1 0 0 1 1 
0 0 0 0 1 1 1 0 0 1 1 0 0 1 1 0 0 1 1 0 1 1 1 0 0 1 1 0 0 1 1 0 0 1 1 0 0 1 1 0 0 1 1 0 0 0 0 1 0 1 1 1 
1 1 1 0 0 0 0 1 1 0 0 1 1 0 0 1 1 0 0 1 1 0 0 1 1 0 0 1 1 0 0 1 1 0 0 1 1 0 0 1 1 0 0 1 1 0 1 0 1 0 0 1 
1 1 0 1 0 0 0 0 0 1 1 1 1 0 0 0 0 1 1 1 1 0 0 0 0 1 1 1 2 0 0 0 0 1 1 1 1 0 0 0 0 1 1 1 1 1 0 0 1 0 1 0 
0 0 0 0 2 0 0 0 1 0 0 0 0 1 1 1 1 0 0 0 1 1 1 1 1 0 0 0 3 1 1 1 1 0 0 0 0 1 1 1 1 0 0 0 0 1 1 1 0 1 0 0 
1 0 1 1 2 1 0 1 0 0 0 0 0 0 0 0 0 0 1 1 2 0 0 1 1 1 0 0 0 1 1 0 0 0 1 1 1 0 0 1 1 1 0 0 0 0 0 1 0 1 0 1 
0 1 0 0 0 0 1 0 0 1 0 0 0 1 1 0 1 0 0 0 2 0 0 0 0 0 1 1 1 0 0 1 1 1 0 0 0 1 1 0 0 0 1 1 1 1 0 0 1 0 1 0 
0 0 0 1 1 0 0 1 1 0 0 1 0 0 0 1 0 1 0 0 2 1 1 0 0 0 0 0 2 0 0 0 0 0 0 0 0 0 0 0 0 0 0 0 0 0 1 0 1 0 0 1 
0 0 1 1 1 1 1 0 1 0 1 0 1 0 0 0 0 0 0 0 2 0 0 0 0 1 0 1 3 0 0 0 1 1 1 1 0 0 0 0 0 1 0 1 1 1 0 0 1 0 1 1 
0 1 0 0 0 0 0 0 1 0 0 1 1 0 0 1 1 0 0 0 3 0 1 0 0 0 0 1 0 0 1 1 0 1 0 1 1 1 1 1 1 1 1 0 0 1 1 1 0 0 0 0 
1 0 1 1 2 1 1 1 0 1 1 0 0 1 1 0 0 1 1 0 3 1 0 1 0 0 1 0 1 0 0 0 1 0 0 0 0 0 0 0 0 0 0 1 1 0 0 0 1 1 1 1 
0 0 0 0 1 1 0 1 1 1 0 0 0 1 1 1 1 1 0 1 3 0 1 1 1 1 1 0 2 1 1 1 1 1 1 0 0 1 1 1 0 0 1 1 0 1 1 0 0 0 0 1 
1 1 1 0 2 0 1 0 0 0 1 1 1 1 0 0 1 1 1 1 3 0 1 1 0 0 1 1 3 1 1 1 0 1 0 0 1 0 1 0 0 0 1 1 0 1 1 0 1 0 1 0 
1 0 0 0 0 1 0 0 0 1 1 0 1 0 1 1 0 0 1 1 0 0 1 1 0 1 1 1 0 1 0 1 1 1 1 1 1 0 0 0 1 1 1 1 1 0 1 0 1 1 0 1 
1 1 0 1 0 0 1 1 0 0 1 1 0 0 1 0 0 0 1 1 3 1 1 1 0 1 1 1 1 1 1 1 0 0 1 1 1 0 1 1 1 1 1 0 0 0 0 0 0 0 1 1 
0 1 1 0 2 0 1 0 1 0 1 1 0 0 1 1 0 0 0 1 0 0 0 1 1 1 0 1 2 1 1 0 1 0 1 1 1 0 1 0 1 1 0 0 0 1 1 1 0 1 0 0 

# Size = 19 | Time = 20 ms
0 0 0 0 0 0 0 0 0 0 0 0 0 0 0 0 0 0 0 0 0 0 0 0 0 0 0 0 0 0 0 0 0 0 0 0 0 0 0 0 0 0 0 0 0 0 0 0 0 0 0 1 
1 1 1 1 1 1 1 1 1 1 1 1 1 1 1 1 1 1 1 1 0 1 1 1 1 1 1 1 1 1 1 1 1 1 1 1 1 1 1 1 1 1 1 1 1 1 1 1 0 1 1 0 
1 1 1 0 2 0 1 0 1 0 1 0 1 0 1 0 1 0 1 0 0 0 1 0 1 0 1 0 2 0 1 0 1 0 1 0 1 0 1 0 1 0 1 0 0 1 1 0 1 1 0 0 
0 0 0 1 0 1 0 1 0 1 0 1 0 1 0 1 0 1 0 1 0 1 0 1 0 1 0 1 3 1 0 1 0 1 0 1 0 1 0 1 0 1 0 1 0 0 1 1 0 0 1 1 
0 0 0 0 1 1 1 0 0 1 1 0 0 1 1 0 0 1 1 0 1 1 1 0 0 1 1 0 0 1 1 0 0 1 1 0 0 1 1 0 0 1 1 0 0 0 0 1 0 1 1 1 
1 1 1 0 0 0 0 1 1 0 0 1 1 0 0 1 1 0 0 1 1 0 0 1 1 0 0 1 1 0 0 1 1 0 0 1 1 0 0 1 1 0 0 1 1 0 1 0 1 0 0 1 
1 1 0 1 0 0 0 0 0 1 1 1 1 0 0 0 0 1 1 1 1 0 0 0 0 1 1 1 2 0 0 0 0 1 1 1 1 0 0 0 0 1 1 1 1 1 0 0 1 0 1 0 
0 0 0 0 2 0 0 0 1 0 0 0 0 1 1 1 1 0 0 0 1 1 1 1 1 0 0 0 3 1 1 1 1 0 0 0 0 1 1 1 1 0 0 0 0 1 1 1 0 1 0 0 
1 0 1 1 2 1 0 1 0 0 0 0 0 0 0 0 0 0 1 1 2 0 0 1 1 1 0 0 0 1 1 0 0 0 1 1 1 0 0 1 1 1 0 0 0 0 0 1 0 1 0 1 
0 1 0 0 0 0 1 0 0 1 0 0 0 1 1 0 1 0 0 0 2 0 0 0 0 0 1 1 1 0 0 1 1 1 0 0 0 1 1 0 0 0 1 1 1 1 0 0 1 0 1 0 
0 0 0 1 1 0 0 1 1 0 0 1 0 0 0 1 0 1 0 0 2 1 1 0 0 0 0 0 2 0 0 0 0 0 0 0 0 0 0 0 0 0 0 0 0 0 1 0 1 0 0 1 
0 0 1 0 1 0 1 1 1 0 1 0 1 0 0 0 0 0 0 0 2 0 0 0 0 0 0 1 3 0 1 0 0 1 1 1 0 0 0 0 0 1 0 1 1 1 0 0 1 0 1 1 
0 1 0 0 0 0 0 0 1 0 0 1 1 0 0 1 1 0 0 0 3 0 1 0 0 0 0 1 0 0 1 1 0 1 0 1 1 1 1 1 1 1 1 0 0 1 1 1 0 0 0 0 
1 0 1 1 2 1 1 1 0 1 1 0 0 1 1 0 0 1 1 0 3 1 0 1 0 0 1 0 1 0 0 0 1 0 0 0 0 0 0 0 0 0 0 1 1 0 0 0 1 1 1 1 
0 1 0 1 1 1 1 1 1 1 0 1 0 1 1 1 1 1 1 1 3 1 1 1 1 1 0 1 2 1 0 1 0 0 1 0 0 1 0 1 0 0 0 1 0 1 1 0 0 1 0 1 
1 1 0 1 2 0 1 1 0 0 1 1 0 0 0 1 1 1 1 1 3 0 0 0 1 1 1 1 3 1 1 0 1 1 0 0 1 1 1 0 0 0 1 0 0 1 1 0 1 0 0 0 
1 0 1 1 0 0 0 1 1 1 0 1 0 0 0 1 1 0 1 0 1 0 1 0 0 1 0 1 0 1 0 1 1 1 1 1 0 0 1 0 0 1 1 1 1 1 1 0 1 1 0 0 
1 0 1 1 2 0 1 0 0 0 1 0 1 0 1 0 1 0 1 0 1 1 0 0 0 0 1 1 1 0 1 0 0 1 0 1 1 0 0 0 1 0 0 0 0 0 0 1 0 1 0 1 
1 0 0 1 1 0 1 0 0 1 0 0 0 0 1 0 1 0 0 0 1 1 1 0 1 0 1 1 2 1 0 1 0 1 1 1 0 1 1 0 1 1 0 1 1 1 0 1 0 1 0 0 

# Size = 19 | Time = 20 ms
0 0 0 0 0 0 0 0 0 0 0 0 0 0 0 0 0 0 0 0 0 0 0 0 0 0 0 0 0 0 0 0 0 0 0 0 0 0 0 0 0 0 0 0 0 0 0 0 0 0 0 1 
1 1 1 1 1 1 1 1 1 1 1 1 1 1 1 1 1 1 1 1 0 1 1 1 1 1 1 1 1 1 1 1 1 1 1 1 1 1 1 1 1 1 1 1 1 1 1 1 0 1 1 0 
1 1 1 0 2 0 1 0 1 0 1 0 1 0 1 0 1 0 1 0 0 0 1 0 1 0 1 0 2 0 1 0 1 0 1 0 1 0 1 0 1 0 1 0 0 1 1 0 1 1 0 0 
0 0 0 1 0 1 0 1 0 1 0 1 0 1 0 1 0 1 0 1 0 1 0 1 0 1 0 1 3 1 0 1 0 1 0 1 0 1 0 1 0 1 0 1 0 0 1 1 0 0 1 1 
0 0 0 0 1 1 1 0 0 1 1 0 0 1 1 0 0 1 1 0 1 1 1 0 0 1 1 0 0 1 1 0 0 1 1 0 0 1 1 0 0 1 1 0 0 0 0 1 0 1 1 1 
1 1 1 0 0 0 0 1 1 0 0 1 1 0 0 1 1 0 0 1 1 0 0 1 1 0 0 1 1 0 0 1 1 0 0 1 1 0 0 1 1 0 0 1 1 0 1 0 1 0 0 1 
1 1 0 1 0 0 0 0 0 1 1 1 1 0 0 0 0 1 1 1 1 0 0 0 0 1 1 1 2 0 0 0 0 1 1 1 1 0 0 0 0 1 1 1 1 1 0 0 1 0 1 0 
0 0 0 0 2 0 0 0 1 0 0 0 0 1 1 1 1 0 0 0 1 1 1 1 1 0 0 0 3 1 1 1 1 0 0 0 0 1 1 1 1 0 0 0 0 1 1 1 0 1 0 0 
1 0 1 1 2 1 0 1 0 0 0 0 0 0 0 0 0 0 1 1 2 0 0 1 1 1 0 0 0 1 1 0 0 0 1 1 1 0 0 1 1 1 0 0 0 0 0 1 0 1 0 1 
0 1 0 0 0 0 1 0 0 1 0 0 0 1 1 0 1 0 0 0 2 0 0 0 0 0 1 1 1 0 0 1 1 1 0 0 0 1 1 0 0 0 1 1 1 1 0 0 1 0 1 0 
0 0 0 1 1 0 0 1 1 0 0 1 0 0 0 1 0 1 0 0 2 1 1 0 0 0 0 0 2 0 0 0 0 0 0 0 0 0 0 0 0 0 0 0 0 0 1 0 1 0 0 1 
0 0 1 1 1 0 1 1 1 0 1 1 1 0 0 0 0 0 0 1 2 0 0 0 0 1 0 1 3 0 1 0 0 1 1 0 0 0 0 0 0 0 0 1 1 1 0 0 1 0 1 1 
0 1 0 0 0 0 0 0 1 0 0 1 1 0 0 1 1 0 0 0 3 0 1 0 0 0 0 1 0 0 1 1 0 1 0 1 1 1 1 1 1 1 1 0 0 1 1 1 0 0 0 0 
1 0 1 1 2 1 1 1 0 1 1 0 0 1 1 0 0 1 1 0 3 1 0 1 0 0 1 0 1 0 0 0 1 0 0 0 0 0 0 0 0 0 0 1 1 0 0 0 1 1 1 1 
0 0 1 0 1 1 1 1 0 1 1 0 1 1 0 0 1 0 1 1 3 0 0 1 1 1 1 1 2 1 1 1 0 0 1 0 1 1 0 1 0 0 1 1 0 0 0 0 0 0 0 1 
1 1 0 1 2 1 0 0 0 1 0 1 0 0 1 1 0 1 1 1 3 1 1 0 0 0 1 1 3 1 0 1 1 1 0 1 1 1 1 0 0 0 1 0 0 0 1 0 1 0 1 1 
0 0 0 1 0 1 0 0 0 1 1 1 0 0 1 1 1 0 1 0 0 1 1 0 0 1 0 1 0 1 1 0 1 0 1 1 0 1 1 1 0 1 1 1 1 1 1 0 1 1 0 1 
1 1 0 0 1 1 1 0 0 0 1 0 0 0 1 0 0 1 1 0 0 1 1 1 1 0 0 0 1 0 1 0 0 1 0 0 1 0 1 1 1 0 1 0 0 0 0 1 0 1 0 1 
0 1 1 1 1 0 0 1 1 0 1 1 0 1 0 0 0 0 1 0 3 0 0 0 0 0 0 1 2 1 0 0 1 0 1 0 0 0 0 1 0 1 0 0 0 1 1 1 0 0 0 1 

# Size = 19 | Time = 20 ms
0 0 0 0 0 0 0 0 0 0 0 0 0 0 0 0 0 0 0 0 0 0 0 0 0 0 0 0 0 0 0 0 0 0 0 0 0 0 0 0 0 0 0 0 0 0 0 0 0 0 0 1 
1 1 1 1 1 1 1 1 1 1 1 1 1 1 1 1 1 1 1 1 0 1 1 1 1 1 1 1 1 1 1 1 1 1 1 1 1 1 1 1 1 1 1 1 1 1 1 1 0 1 1 0 
1 1 1 0 2 0 1 0 1 0 1 0 1 0 1 0 1 0 1 0 0 0 1 0 1 0 1 0 2 0 1 0 1 0 1 0 1 0 1 0 1 0 1 0 0 1 1 0 1 1 0 0 
0 0 0 1 0 1 0 1 0 1 0 1 0 1 0 1 0 1 0 1 0 1 0 1 0 1 0 1 3 1 0 1 0 1 0 1 0 1 0 1 0 1 0 1 0 0 1 1 0 0 1 1 
0 0 0 0 1 1 1 0 0 1 1 0 0 1 1 0 0 1 1 0 1 1 1 0 0 1 1 0 0 1 1 0 0 1 1 0 0 1 1 0 0 1 1 0 0 0 0 1 0 1 1 1 
1 1 1 0 0 0 0 1 1 0 0 1 1 0 0 1 1 0 0 1 1 0 0 1 1 0 0 1 1 0 0 1 1 0 0 1 1 0 0 1 1 0 0 1 1 0 1 0 1 0 0 1 
1 1 0 1 0 0 0 0 0 1 1 1 1 0 0 0 0 1 1 1 1 0 0 0 0 1 1 1 2 0 0 0 0 1 1 1 1 0 0 0 0 1 1 1 1 1 0 0 1 0 1 0 
0 0 0 0 2 0 0 0 1 0 0 0 0 1 1 1 1 0 0 0 1 1 1 1 1 0 0 0 3 1 1 1 1 0 0 0 0 1 1 1 1 0 0 0 0 1 1 1 0 1 0 0 
1 0 1 1 2 1 0 1 0 0 0 0 0 0 0 0 0 0 1 1 2 0 0 1 1 1 0 0 0 1 1 0 0 0 1 1 1 0 0 1 1 1 0 0 0 0 0 1 0 1 0 1 
0 1 0 0 0 0 1 0 0 1 0 0 0 1 1 0 1 0 0 0 2 0 0 0 0 0 1 1 1 0 0 1 1 1 0 0 0 1 1 0 0 0 1 1 1 1 0 0 1 0 1 0 
0 0 0 1 1 0 0 1 1 0 0 1 0 0 0 1 0 1 0 0 2 1 1 0 0 0 0 0 2 0 0 0 0 0 0 0 0 0 0 0 0 0 0 0 0 0 1 0 1 0 0 1 
0 0 1 0 1 0 1 0 1 0 1 0 1 0 0 0 0 0 0 1 2 0 0 0 0 1 0 0 3 0 0 0 0 1 1 0 0 0 0 0 0 1 0 1 1 1 0 0 1 0 1 1 
0 1 0 0 0 0 0 0 1 0 0 1 1 0 0 1 1 0 0 0 3 0 1 0 0 0 0 1 0 0 1 1 0 1 0 1 1 1 1 1 1 1 1 0 0 1 1 1 0 0 0 0 
1 0 1 1 2 1 1 1 0 1 1 0 0 1 1 0 0 1 1 0 3 1 0 1 0 0 1 0 1 0 0 0 1 0 0 0 0 0 0 0 0 0 0 1 1 0 0 0 1 1 1 1 
0 1 1 1 1 1 0 0 0 1 1 1 1 1 0 1 0 1 1 1 3 0 1 1 1 1 1 1 2 1 1 1 0 1 1 0 0 1 0 1 0 0 1 1 1 0 1 0 0 0 0 1 
1 1 1 0 2 0 0 0 0 1 0 1 0 0 1 1 1 0 1 1 3 0 1 0 0 1 1 1 3 1 1 0 0 1 0 0 1 0 1 1 0 0 1 0 0 0 1 0 1 0 1 1 
0 0 1 1 0 1 0 0 1 0 0 0 0 0 0 0 1 0 0 0 2 0 0 1 0 1 1 0 0 1 0 1 1 1 1 1 1 1 0 1 1 1 1 1 1 0 1 0 1 1 1 1 
0 0 1 1 0 1 0 0 0 0 0 1 0 0 1 1 0 0 0 1 0 0 1 1 0 1 0 0 1 0 1 1 0 1 0 0 1 0 1 0 1 0 1 0 0 0 1 1 0 0 1 1 
0 1 1 0 1 0 1 1 1 1 0 1 0 0 0 0 1 1 1 0 2 1 1 0 0 0 1 1 2 1 1 0 0 1 0 0 1 1 0 1 1 1 1 1 0 0 1 1 0 0 0 1 

# Size = 19 | Time = 22 ms
0 0 0 0 0 0 0 0 0 0 0 0 0 0 0 0 0 0 0 0 0 0 0 0 0 0 0 0 0 0 0 0 0 0 0 0 0 0 0 0 0 0 0 0 0 0 0 0 0 0 0 1 
1 1 1 1 1 1 1 1 1 1 1 1 1 1 1 1 1 1 1 1 0 1 1 1 1 1 1 1 1 1 1 1 1 1 1 1 1 1 1 1 1 1 1 1 1 1 1 1 0 1 1 0 
1 1 1 0 2 0 1 0 1 0 1 0 1 0 1 0 1 0 1 0 0 0 1 0 1 0 1 0 2 0 1 0 1 0 1 0 1 0 1 0 1 0 1 0 0 1 1 0 1 1 0 0 
0 0 0 1 0 1 0 1 0 1 0 1 0 1 0 1 0 1 0 1 0 1 0 1 0 1 0 1 3 1 0 1 0 1 0 1 0 1 0 1 0 1 0 1 0 0 1 1 0 0 1 1 
0 0 0 0 1 1 1 0 0 1 1 0 0 1 1 0 0 1 1 0 1 1 1 0 0 1 1 0 0 1 1 0 0 1 1 0 0 1 1 0 0 1 1 0 0 0 0 1 0 1 1 1 
1 1 1 0 0 0 0 1 1 0 0 1 1 0 0 1 1 0 0 1 1 0 0 1 1 0 0 1 1 0 0 1 1 0 0 1 1 0 0 1 1 0 0 1 1 0 1 0 1 0 0 1 
1 1 0 1 0 0 0 0 0 1 1 1 1 0 0 0 0 1 1 1 1 0 0 0 0 1 1 1 2 0 0 0 0 1 1 1 1 0 0 0 0 1 1 1 1 1 0 0 1 0 1 0 
0 0 0 0 2 0 0 0 1 0 0 0 0 1 1 1 1 0 0 0 1 1 1 1 1 0 0 0 3 1 1 1 1 0 0 0 0 1 1 1 1 0 0 0 0 1 1 1 0 1 0 0 
1 0 1 1 2 1 0 1 0 0 0 0 0 0 0 0 0 0 1 1 2 0 0 1 1 1 0 0 0 1 1 0 0 0 1 1 1 0 0 1 1 1 0 0 0 0 0 1 0 1 0 1 
0 1 0 0 0 0 1 0 0 1 0 0 0 1 1 0 1 0 0 0 2 0 0 0 0 0 1 1 1 0 0 1 1 1 0 0 0 1 1 0 0 0 1 1 1 1 0 0 1 0 1 0 
0 0 1 1 1 0 0 1 1 0 0 1 0 0 0 1 0 1 0 0 2 1 1 0 0 0 0 0 2 0 0 0 0 0 0 0 0 0 0 0 0 0 0 0 0 0 1 0 1 0 0 1 
0 0 1 0 1 1 1 0 1 0 1 1 1 0 0 0 0 0 0 1 2 0 0 0 0 1 0 1 3 0 1 0 0 0 1 0 0 0 0 0 0 0 0 1 1 1 0 0 1 0 1 1 
0 1 0 0 0 0 0 0 1 0 0 1 1 0 0 1 1 0 0 0 3 0 1 0 0 0 0 1 0 0 1 1 0 1 0 1 1 1 1 1 1 1 1 0 0 1 1 1 0 0 0 0 
1 0 1 1 2 1 1 1 0 1 1 0 0 1 1 0 0 1 1 0 3 1 0 1 0 0 1 0 1 0 0 0 1 0 0 0 0 0 0 0 0 0 0 1 1 0 0 0 1 1 1 1 
1 0 1 0 1 1 0 1 1 1 0 1 1 1 0 0 0 1 1 1 3 0 1 1 1 1 1 1 2 1 0 1 0 0 1 0 0 1 1 1 0 0 1 1 0 0 1 0 0 0 0 1 
1 1 0 1 2 1 0 0 0 0 1 1 1 1 1 1 1 0 1 0 3 0 1 0 1 1 1 1 3 1 1 1 0 1 0 0 1 0 0 1 1 0 1 1 0 0 1 0 1 0 1 1 
0 0 1 0 0 0 1 0 1 0 1 1 0 0 1 0 0 0 0 0 2 1 0 0 1 0 0 0 0 1 1 1 1 1 0 1 0 1 0 0 0 1 1 1 1 0 0 0 1 1 0 1 
1 1 0 1 0 1 0 0 1 0 1 1 1 0 0 0 1 1 0 0 1 1 1 1 0 1 0 0 1 0 0 1 0 0 1 0 1 0 0 1 1 1 0 0 0 0 0 1 0 0 1 1 
0 1 1 0 2 0 1 0 1 1 0 1 0 0 1 0 1 0 1 0 2 1 0 0 0 1 0 0 2 0 0 0 1 1 1 1 0 0 0 1 1 1 0 1 0 0 0 1 0 0 1 1 

# Size = 19 | Time = 20 ms
0 0 0 0 0 0 0 0 0 0 0 0 0 0 0 0 0 0 0 0 0 0 0 0 0 0 0 0 0 0 0 0 0 0 0 0 0 0 0 0 0 0 0 0 0 0 0 0 0 0 0 1 
1 1 1 1 1 1 1 1 1 1 1 1 1 1 1 1 1 1 1 1 0 1 1 1 1 1 1 1 1 1 1 1 1 1 1 1 1 1 1 1 1 1 1 1 1 1 1 1 0 1 1 0 
1 1 1 0 2 0 1 0 1 0 1 0 1 0 1 0 1 0 1 0 0 0 1 0 1 0 1 0 2 0 1 0 1 0 1 0 1 0 1 0 1 0 1 0 0 1 1 0 1 1 0 0 
0 0 0 1 0 1 0 1 0 1 0 1 0 1 0 1 0 1 0 1 0 1 0 1 0 1 0 1 3 1 0 1 0 1 0 1 0 1 0 1 0 1 0 1 0 0 1 1 0 0 1 1 
0 0 0 0 1 1 1 0 0 1 1 0 0 1 1 0 0 1 1 0 1 1 1 0 0 1 1 0 0 1 1 0 0 1 1 0 0 1 1 0 0 1 1 0 0 0 0 1 0 1 1 1 
1 1 1 0 0 0 0 1 1 0 0 1 1 0 0 1 1 0 0 1 1 0 0 1 1 0 0 1 1 0 0 1 1 0 0 1 1 0 0 1 1 0 0 1 1 0 1 0 1 0 0 1 
1 1 0 1 0 0 0 0 0 1 1 1 1 0 0 0 0 1 1 1 1 0 0 0 0 1 1 1 2 0 0 0 0 1 1 1 1 0 0 0 0 1 1 1 1 1 0 0 1 0 1 0 
0 0 0 0 2 0 0 0 1 0 0 0 0 1 1 1 1 0 0 0 1 1 1 1 1 0 0 0 3 1 1 1 1 0 0 0 0 1 1 1 1 0 0 0 0 1 1 1 0 1 0 0 
1 0 1 1 2 1 0 1 0 0 0 0 0 0 0 0 0 0 1 1 2 0 0 1 1 1 0 0 0 1 1 0 0 0 1 1 1 0 0 1 1 1 0 0 0 0 0 1 0 1 0 1 
0 1 0 0 0 0 1 0 0 1 0 0 0 1 1 0 1 0 0 0 2 0 0 0 0 0 1 1 1 0 0 1 1 1 0 0 0 1 1 0 0 0 1 1 1 1 0 0 1 0 1 0 
0 0 0 1 1 0 0 1 1 0 0 1 0 0 0 1 0 1 0 0 2 1 1 0 0 0 0 0 2 0 0 0 0 0 0 0 0 0 0 0 0 0 0 0 0 0 1 0 1 0 0 1 
0 0 1 0 1 1 1 0 1 0 1 0 1 0 0 0 0 0 0 0 2 0 0 0 0 0 0 1 3 0 0 0 0 0 1 1 0 0 0 0 0 1 0 1 1 1 0 0 1 1 1 1 
0 1 0 0 0 0 0 0 1 0 0 1 1 0 0 1 1 0 0 0 3 0 1 0 0 0 0 1 0 0 1 1 0 1 0 1 1 1 1 1 1 1 1 0 0 1 1 1 0 0 0 0 
1 0 1 1 2 1 1 1 0 1 1 0 0 1 1 0 0 1 1 0 3 1 0 1 0 0 1 0 1 0 0 0 1 0 0 0 0 0 0 0 0 0 0 1 1 0 0 0 1 1 1 1 
1 1 0 0 1 1 0 1 0 1 1 0 0 1 1 1 1 0 0 1 3 1 1 1 1 1 0 1 2 1 1 1 0 1 1 0 1 1 1 1 0 0 0 1 0 1 1 0 0 1 0 0 
1 1 1 0 2 1 1 0 0 0 0 1 0 0 1 0 0 1 1 1 3 1 1 1 1 0 1 1 3 1 1 0 0 1 0 0 1 1 0 0 1 1 1 0 0 0 0 0 1 0 1 1 
0 0 0 0 0 0 1 0 0 0 1 0 0 0 1 0 0 1 1 1 2 1 1 1 1 1 0 1 0 1 1 0 1 0 1 0 0 1 0 0 0 1 1 1 1 0 1 0 1 1 0 1 
1 0 0 1 1 1 0 1 1 1 0 1 1 1 1 0 1 0 0 0 2 1 0 0 0 0 1 1 1 0 0 1 0 1 0 0 0 0 0 1 1 1 1 0 0 1 1 0 1 0 1 1 
1 0 1 1 1 1 0 1 1 1 0 0 1 1 1 1 1 0 1 1 2 1 0 1 1 1 1 1 2 0 0 1 1 0 0 0 0 0 1 1 0 0 0 1 0 1 1 1 0 0 1 0 

# Size = 19 | Time = 20 ms
0 0 0 0 0 0 0 0 0 0 0 0 0 0 0 0 0 0 0 0 0 0 0 0 0 0 0 0 0 0 0 0 0 0 0 0 0 0 0 0 0 0 0 0 0 0 0 0 0 0 0 1 
1 1 1 1 1 1 1 1 1 1 1 1 1 1 1 1 1 1 1 1 0 1 1 1 1 1 1 1 1 1 1 1 1 1 1 1 1 1 1 1 1 1 1 1 1 1 1 1 0 1 1 0 
1 1 1 0 2 0 1 0 1 0 1 0 1 0 1 0 1 0 1 0 0 0 1 0 1 0 1 0 2 0 1 0 1 0 1 0 1 0 1 0 1 0 1 0 0 1 1 0 1 1 0 0 
0 0 0 1 0 1 0 1 0 1 0 1 0 1 0 1 0 1 0 1 0 1 0 1 0 1 0 1 3 1 0 1 0 1 0 1 0 1 0 1 0 1 0 1 0 0 1 1 0 0 1 1 
0 0 0 0 1 1 1 0 0 1 1 0 0 1 1 0 0 1 1 0 1 1 1 0 0 1 1 0 0 1 1 0 0 1 1 0 0 1 1 0 0 1 1 0 0 0 0 1 0 1 1 1 
1 1 1 0 0 0 0 1 1 0 0 1 1 0 0 1 1 0 0 1 1 0 0 1 1 0 0 1 1 0 0 1 1 0 0 1 1 0 0 1 1 0 0 1 1 0 1 0 1 0 0 1 
1 1 0 1 0 0 0 0 0 1 1 1 1 0 0 0 0 1 1 1 1 0 0 0 0 1 1 1 2 0 0 0 0 1 1 1 1 0 0 0 0 1 1 1 1 1 0 0 1 0 1 0 
0 0 0 0 2 0 0 0 1 0 0 0 0 1 1 1 1 0 0 0 1 1 1 1 1 0 0 0 3 1 1 1 1 0 0 0 0 1 1 1 1 0 0 0 0 1 1 1 0 1 0 0 
1 0 1 1 2 1 0 1 0 0 0 0 0 0 0 0 0 0 1 1 2 0 0 1 1 1 0 0 0 1 1 0 0 0 1 1 1 0 0 1 1 1 0 0 0 0 0 1 0 1 0 1 
0 1 0 0 0 0 1 0 0 1 0 0 0 1 1 0 1 0 0 0 2 0 0 0 0 0 1 1 1 0 0 1 1 1 0 0 0 1 1 0 0 0 1 1 1 1 0 0 1 0 1 0 
0 0 1 1 1 0 0 1 1 0 0 1 0 0 0 1 0 1 0 0 2 1 1 0 0 0 0 0 2 0 0 0 0 0 0 0 0 0 0 0 0 0 0 0 0 0 1 0 1 0 0 1 
0 0 1 0 1 1 1 0 1 0 1 0 1 0 0 0 0 0 0 1 2 0 0 0 0 1 0 1 3 0 1 0 0 0 1 0 0 0 0 0 0 0 0 1 1 1 0 0 1 1 1 1 
0 1 0 0 0 0 0 0 1 0 0 1 1 0 0 1 1 0 0 0 3 0 1 0 0 0 0 1 0 0 1 1 0 1 0 1 1 1 1 1 1 1 1 0 0 1 1 1 0 0 0 0 
1 0 1 1 2 1 1 1 0 1 1 0 0 1 1 0 0 1 1 0 3 1 0 1 0 0 1 0 1 0 0 0 1 0 0 0 0 0 0 0 0 0 0 1 1 0 0 0 1 1 1 1 
0 0 0 0 1 1 1 1 0 1 1 0 1 1 0 1 1 1 0 1 3 0 0 1 1 1 1 1 2 1 0 1 1 0 1 0 1 1 0 1 0 0 1 0 0 1 1 0 0 0 0 1 
1 1 0 1 2 0 0 1 1 1 1 1 0 1 0 1 0 0 1 0 3 0 1 1 1 0 1 1 3 1 0 1 0 1 0 1 1 0 0 0 1 1 1 1 0 0 1 0 1 0 0 1 
1 0 0 1 0 1 1 1 0 1 1 0 0 0 1 0 1 0 1 1 0 1 0 1 0 1 1 1 0 1 1 1 1 0 0 0 0 0 1 0 0 0 0 1 1 0 1 0 1 1 1 1 
0 0 1 1 2 0 0 0 0 0 1 1 0 0 0 0 1 0 0 1 2 0 1 0 1 1 0 1 1 1 1 1 0 1 0 1 0 0 1 0 0 1 0 0 0 1 0 0 1 0 1 0 
1 0 1 1 2 0 1 1 0 1 1 1 1 0 0 0 1 1 0 0 0 1 1 1 0 1 0 1 2 1 0 1 1 0 0 0 0 0 1 0 0 1 0 1 1 1 1 1 0 1 0 0 

# Size = 19 | Time = 20 ms
0 0 0 0 0 0 0 0 0 0 0 0 0 0 0 0 0 0 0 0 0 0 0 0 0 0 0 0 0 0 0 0 0 0 0 0 0 0 0 0 0 0 0 0 0 0 0 0 0 0 0 1 
1 1 1 1 1 1 1 1 1 1 1 1 1 1 1 1 1 1 1 1 0 1 1 1 1 1 1 1 1 1 1 1 1 1 1 1 1 1 1 1 1 1 1 1 1 1 1 1 0 1 1 0 
1 1 1 0 2 0 1 0 1 0 1 0 1 0 1 0 1 0 1 0 0 0 1 0 1 0 1 0 2 0 1 0 1 0 1 0 1 0 1 0 1 0 1 0 0 1 1 0 1 1 0 0 
0 0 0 1 0 1 0 1 0 1 0 1 0 1 0 1 0 1 0 1 0 1 0 1 0 1 0 1 3 1 0 1 0 1 0 1 0 1 0 1 0 1 0 1 0 0 1 1 0 0 1 1 
0 0 0 0 1 1 1 0 0 1 1 0 0 1 1 0 0 1 1 0 1 1 1 0 0 1 1 0 0 1 1 0 0 1 1 0 0 1 1 0 0 1 1 0 0 0 0 1 0 1 1 1 
1 1 1 0 0 0 0 1 1 0 0 1 1 0 0 1 1 0 0 1 1 0 0 1 1 0 0 1 1 0 0 1 1 0 0 1 1 0 0 1 1 0 0 1 1 0 1 0 1 0 0 1 
1 1 0 1 0 0 0 0 0 1 1 1 1 0 0 0 0 1 1 1 1 0 0 0 0 1 1 1 2 0 0 0 0 1 1 1 1 0 0 0 0 1 1 1 1 1 0 0 1 0 1 0 
0 0 0 0 2 0 0 0 1 0 0 0 0 1 1 1 1 0 0 0 1 1 1 1 1 0 0 0 3 1 1 1 1 0 0 0 0 1 1 1 1 0 0 0 0 1 1 1 0 1 0 0 
1 0 1 1 2 1 0 1 0 0 0 0 0 0 0 0 0 0 1 1 2 0 0 1 1 1 0 0 0 1 1 0 0 0 1 1 1 0 0 1 1 1 0 0 0 0 0 1 0 1 0 1 
0 1 0 0 0 0 1 0 0 1 0 0 0 1 1 0 1 0 0 0 2 0 0 0 0 0 1 1 1 0 0 1 1 1 0 0 0 1 1 0 0 0 1 1 1 1 0 0 1 0 1 0 
0 0 0 0 1 0 0 1 1 0 0 1 0 0 0 1 0 1 0 0 2 1 1 0 0 0 0 0 2 0 0 0 0 0 0 0 0 0 0 0 0 0 0 0 0 0 1 0 1 0 0 1 
0 0 1 0 1 1 1 0 1 0 1 1 1 0 0 0 0 0 0 1 2 0 0 0 0 1 0 0 3 0 1 0 0 0 1 1 0 0 0 0 0 1 0 1 1 1 0 0 1 0 1 1 
0 1 0 0 0 0 0 0 1 0 0 1 1 0 0 1 1 0 0 0 3 0 1 0 0 0 0 1 0 0 1 1 0 1 0 1 1 1 1 1 1 1 1 0 0 1 1 1 0 0 0 0 
1 0 1 1 2 1 1 1 0 1 1 0 0 1 1 0 0 1 1 0 3 1 0 1 0 0 1 0 1 0 0 0 1 0 0 0 0 0 0 0 0 0 0 1 1 0 0 0 1 1 1 1 
1 1 0 1 1 1 0 0 0 1 0 1 0 1 1 0 1 0 0 1 3 0 0 1 1 1 0 0 2 1 0 1 1 1 1 0 1 1 0 1 0 0 0 1 1 0 1 0 0 0 0 1 
1 1 1 1 2 1 1 1 1 1 1 1 1 0 1 1 1 1 1 0 3 0 0 1 1 0 1 1 3 1 1 0 0 1 1 0 1 1 1 1 1 1 1 1 1 1 1 0 1 0 0 0 
0 1 0 1 0 0 1 1 0 0 1 1 0 0 1 1 0 1 0 0 0 0 1 0 0 1 0 0 0 0 1 1 1 1 0 0 0 1 1 0 1 1 1 1 1 1 1 0 1 1 0 0 
0 1 1 1 0 1 1 1 0 1 0 1 1 1 0 1 0 1 1 0 3 0 1 1 0 1 1 0 1 1 0 1 0 1 1 0 0 1 0 1 0 1 0 0 0 0 1 1 0 1 1 1 
0 0 1 0 0 1 0 0 1 0 1 0 1 0 1 0 0 0 1 1 2 0 1 1 1 1 1 1 2 1 1 1 0 0 1 0 0 0 1 1 1 1 1 0 0 1 1 1 0 0 1 1 

# Size = 19 | Time = 20 ms
0 0 0 0 0 0 0 0 0 0 0 0 0 0 0 0 0 0 0 0 0 0 0 0 0 0 0 0 0 0 0 0 0 0 0 0 0 0 0 0 0 0 0 0 0 0 0 0 0 0 0 1 
1 1 1 1 1 1 1 1 1 1 1 1 1 1 1 1 1 1 1 1 0 1 1 1 1 1 1 1 1 1 1 1 1 1 1 1 1 1 1 1 1 1 1 1 1 1 1 1 0 1 1 0 
1 1 1 0 2 0 1 0 1 0 1 0 1 0 1 0 1 0 1 0 0 0 1 0 1 0 1 0 2 0 1 0 1 0 1 0 1 0 1 0 1 0 1 0 0 1 1 0 1 1 0 0 
0 0 0 1 0 1 0 1 0 1 0 1 0 1 0 1 0 1 0 1 0 1 0 1 0 1 0 1 3 1 0 1 0 1 0 1 0 1 0 1 0 1 0 1 0 0 1 1 0 0 1 1 
0 0 0 0 1 1 1 0 0 1 1 0 0 1 1 0 0 1 1 0 1 1 1 0 0 1 1 0 0 1 1 0 0 1 1 0 0 1 1 0 0 1 1 0 0 0 0 1 0 1 1 1 
1 1 1 0 0 0 0 1 1 0 0 1 1 0 0 1 1 0 0 1 1 0 0 1 1 0 0 1 1 0 0 1 1 0 0 1 1 0 0 1 1 0 0 1 1 0 1 0 1 0 0 1 
1 1 0 1 0 0 0 0 0 1 1 1 1 0 0 0 0 1 1 1 1 0 0 0 0 1 1 1 2 0 0 0 0 1 1 1 1 0 0 0 0 1 1 1 1 1 0 0 1 0 1 0 
0 0 0 0 2 0 0 0 1 0 0 0 0 1 1 1 1 0 0 0 1 1 1 1 1 0 0 0 3 1 1 1 1 0 0 0 0 1 1 1 1 0 0 0 0 1 1 1 0 1 0 0 
1 0 1 1 2 1 0 1 0 0 0 0 0 0 0 0 0 0 1 1 2 0 0 1 1 1 0 0 0 1 1 0 0 0 1 1 1 0 0 1 1 1 0 0 0 0 0 1 0 1 0 1 
0 1 0 0 0 0 1 0 0 1 0 0 0 1 1 0 1 0 0 0 2 0 0 0 0 0 1 1 1 0 0 1 1 1 0 0 0 1 1 0 0 0 1 1 1 1 0 0 1 0 1 0 
0 0 1 0 1 0 0 1 1 0 0 1 0 0 0 1 0 1 0 0 2 1 1 0 0 0 0 0 2 0 0 0 0 0 0 0 0 0 0 0 0 0 0 0 0 0 1 0 1 0 0 1 
0 0 1 1 1 1 1 0 1 0 1 1 1 0 0 0 1 0 0 1 2 0 0 0 0 0 0 0 3 0 0 0 0 1 1 0 0 0 0 0 0 1 0 1 1 1 0 0 1 1 1 1 
0 1 0 0 0 0 0 0 1 0 0 1 1 0 0 1 1 0 0 0 3 0 1 0 0 0 0 1 0 0 1 1 0 1 0 1 1 1 1 1 1 1 1 0 0 1 1 1 0 0 0 0 
1 0 1 1 2 1 1 1 0 1 1 0 0 1 1 0 0 1 1 0 3 1 0 1 0 0 1 0 1 0 0 0 1 0 0 0 0 0 0 0 0 0 0 1 1 0 0 0 1 1 1 1 
1 1 0 1 1 1 0 0 0 1 1 1 1 1 0 0 0 0 0 1 3 1 1 1 1 1 1 0 2 1 1 1 1 1 1 0 1 1 1 1 0 0 1 0 0 1 0 0 0 0 0 0 
1 1 1 1 2 0 1 0 0 1 1 1 0 1 0 1 1 1 1 0 3 1 0 0 0 0 1 1 3 1 1 0 0 1 0 0 1 1 0 0 0 0 1 0 0 1 1 0 1 0 1 0 
1 1 1 0 0 1 1 0 0 0 0 0 1 1 0 0 0 0 0 1 0 0 0 1 0 1 1 0 0 0 0 0 1 0 0 1 0 0 1 0 0 1 0 1 1 1 1 0 1 1 0 1 
1 1 1 0 1 0 1 0 0 0 0 0 1 1 0 0 0 0 0 0 0 1 0 1 0 0 0 0 1 0 1 0 0 0 1 0 1 1 1 0 1 0 1 0 0 1 0 0 0 1 0 1 
0 1 1 1 1 0 0 0 1 0 0 1 1 1 0 1 1 0 1 0 0 1 1 1 1 0 0 0 2 1 1 0 0 1 0 1 0 1 1 0 0 0 1 0 0 0 1 1 0 1 0 1 

# Size = 19 | Time = 20 ms
0 0 0 0 0 0 0 0 0 0 0 0 0 0 0 0 0 0 0 0 0 0 0 0 0 0 0 0 0 0 0 0 0 0 0 0 0 0 0 0 0 0 0 0 0 0 0 0 0 0 0 1 
1 1 1 1 1 1 1 1 1 1 1 1 1 1 1 1 1 1 1 1 0 1 1 1 1 1 1 1 1 1 1 1 1 1 1 1 1 1 1 1 1 1 1 1 1 1 1 1 0 1 1 0 
1 1 1 0 2 0 1 0 1 0 1 0 1 0 1 0 1 0 1 0 0 0 1 0 1 0 1 0 2 0 1 0 1 0 1 0 1 0 1 0 1 0 1 0 0 1 1 0 1 1 0 0 
0 0 0 1 0 1 0 1 0 1 0 1 0 1 0 1 0 1 0 1 0 1 0 1 0 1 0 1 3 1 0 1 0 1 0 1 0 1 0 1 0 1 0 1 0 0 1 1 0 0 1 1 
0 0 0 0 1 1 1 0 0 1 1 0 0 1 1 0 0 1 1 0 1 1 1 0 0 1 1 0 0 1 1 0 0 1 1 0 0 1 1 0 0 1 1 0 0 0 0 1 0 1 1 1 
1 1 1 0 0 0 0 1 1 0 0 1 1 0 0 1 1 0 0 1 1 0 0 1 1 0 0 1 1 0 0 1 1 0 0 1 1 0 0 1 1 0 0 1 1 0 1 0 1 0 0 1 
1 1 0 1 0 0 0 0 0 1 1 1 1 0 0 0 0 1 1 1 1 0 0 0 0 1 1 1 2 0 0 0 0 1 1 1 1 0 0 0 0 1 1 1 1 1 0 0 1 0 1 0 
0 0 0 0 2 0 0 0 1 0 0 0 0 1 1 1 1 0 0 0 1 1 1 1 1 0 0 0 3 1 1 1 1 0 0 0 0 1 1 1 1 0 0 0 0 1 1 1 0 1 0 0 
1 0 1 1 2 1 0 1 0 0 0 0 0 0 0 0 0 0 1 1 2 0 0 1 1 1 0 0 0 1 1 0 0 0 1 1 1 0 0 1 1 1 0 0 0 0 0 1 0 1 0 1 
0 1 0 0 0 0 1 0 0 1 0 0 0 1 1 0 1 0 0 0 2 0 0 0 0 0 1 1 1 0 0 1 1 1 0 0 0 1 1 0 0 0 1 1 1 1 0 0 1 0 1 0 
0 0 0 1 1 0 0 1 1 0 0 1 0 0 0 1 0 1 0 0 2 1 1 0 0 0 0 0 2 0 0 0 0 0 0 0 0 0 0 0 0 0 0 0 0 0 1 0 1 0 0 1 
0 0 1 0 1 0 1 0 1 0 1 1 1 0 0 0 0 0 0 0 2 0 0 0 0 0 0 1 3 0 0 0 0 1 1 1 0 0 0 0 0 1 0 1 1 1 0 0 1 0 1 1 
0 1 0 0 0 0 0 0 1 0 0 1 1 0 0 1 1 0 0 0 3 0 1 0 0 0 0 1 0 0 1 1 0 1 0 1 1 1 1 1 1 1 1 0 0 1 1 1 0 0 0 0 
1 0 1 1 2 1 1 1 0 1 1 0 0 1 1 0 0 1 1 0 3 1 0 1 0 0 1 0 1 0 0 0 1 0 0 0 0 0 0 0 0 0 0 1 1 0 0 0 1 1 1 1 
1 0 0 1 1 1 0 0 0 1 0 0 0 1 1 1 0 0 0 1 3 1 1 1 1 1 0 0 2 1 1 1 0 0 1 0 0 1 0 1 0 0 1 0 0 1 1 0 0 0 0 0 
1 1 1 1 2 0 0 1 1 0 0 1 0 0 1 1 0 0 1 0 3 1 1 1 0 1 1 1 3 1 0 1 1 1 0 1 1 1 0 1 0 0 1 1 0 0 1 0 1 0 0 1 
1 1 0 0 0 1 1 1 0 0 0 1 0 0 1 1 0 0 0 1 1 1 0 1 0 1 1 1 0 0 0 1 1 1 0 0 0 1 0 0 1 0 1 1 1 1 1 0 1 1 0 0 
0 0 0 0 2 1 1 1 1 1 0 0 1 0 1 0 1 1 1 0 2 0 1 0 1 0 1 0 1 1 1 1 0 0 1 0 1 0 1 0 0 1 1 0 0 0 1 0 1 1 0 1 
1 1 0 1 1 1 1 1 1 0 0 0 0 0 1 1 0 1 0 1 1 1 1 0 1 0 1 0 2 1 0 1 1 0 1 1 1 1 0 0 0 1 1 0 0 1 1 1 0 1 1 1 

# Size = 19 | Time = 21 ms
0 0 0 0 0 0 0 0 0 0 0 0 0 0 0 0 0 0 0 0 0 0 0 0 0 0 0 0 0 0 0 0 0 0 0 0 0 0 0 0 0 0 0 0 0 0 0 0 0 0 0 1 
1 1 1 1 1 1 1 1 1 1 1 1 1 1 1 1 1 1 1 1 0 1 1 1 1 1 1 1 1 1 1 1 1 1 1 1 1 1 1 1 1 1 1 1 1 1 1 1 0 1 1 0 
1 1 1 0 2 0 1 0 1 0 1 0 1 0 1 0 1 0 1 0 0 0 1 0 1 0 1 0 2 0 1 0 1 0 1 0 1 0 1 0 1 0 1 0 0 1 1 0 1 1 0 0 
0 0 0 1 0 1 0 1 0 1 0 1 0 1 0 1 0 1 0 1 0 1 0 1 0 1 0 1 3 1 0 1 0 1 0 1 0 1 0 1 0 1 0 1 0 0 1 1 0 0 1 1 
0 0 0 0 1 1 1 0 0 1 1 0 0 1 1 0 0 1 1 0 1 1 1 0 0 1 1 0 0 1 1 0 0 1 1 0 0 1 1 0 0 1 1 0 0 0 0 1 0 1 1 1 
1 1 1 0 0 0 0 1 1 0 0 1 1 0 0 1 1 0 0 1 1 0 0 1 1 0 0 1 1 0 0 1 1 0 0 1 1 0 0 1 1 0 0 1 1 0 1 0 1 0 0 1 
1 1 0 1 0 0 0 0 0 1 1 1 1 0 0 0 0 1 1 1 1 0 0 0 0 1 1 1 2 0 0 0 0 1 1 1 1 0 0 0 0 1 1 1 1 1 0 0 1 0 1 0 
0 0 0 0 2 0 0 0 1 0 0 0 0 1 1 1 1 0 0 0 1 1 1 1 1 0 0 0 3 1 1 1 1 0 0 0 0 1 1 1 1 0 0 0 0 1 1 1 0 1 0 0 
1 0 1 1 2 1 0 1 0 0 0 0 0 0 0 0 0 0 1 1 2 0 0 1 1 1 0 0 0 1 1 0 0 0 1 1 1 0 0 1 1 1 0 0 0 0 0 1 0 1 0 1 
0 1 0 0 0 0 1 0 0 1 0 0 0 1 1 0 1 0 0 0 2 0 0 0 0 0 1 1 1 0 0 1 1 1 0 0 0 1 1 0 0 0 1 1 1 1 0 0 1 0 1 0 
0 0 1 1 1 0 0 1 1 0 0 1 0 0 0 1 0 1 0 0 2 1 1 0 0 0 0 0 2 0 0 0 0 0 0 0 0 0 0 0 0 0 0 0 0 0 1 0 1 0 0 1 
0 0 1 1 1 1 1 0 1 0 1 1 1 0 0 0 1 0 0 0 2 0 0 0 0 1 0 0 3 0 0 0 1 0 1 1 0 0 0 0 0 0 0 1 1 1 0 0 1 0 1 1 
0 1 0 0 0 0 0 0 1 0 0 1 1 0 0 1 1 0 0 0 3 0 1 0 0 0 0 1 0 0 1 1 0 1 0 1 1 1 1 1 1 1 1 0 0 1 1 1 0 0 0 0 
1 0 1 1 2 1 1 1 0 1 1 0 0 1 1 0 0 1 1 0 3 1 0 1 0 0 1 0 1 0 0 0 1 0 0 0 0 0 0 0 0 0 0 1 1 0 0 0 1 1 1 1 
0 0 0 1 1 1 1 0 0 1 0 1 1 1 0 0 0 0 0 1 3 0 1 1 1 1 1 0 2 1 1 1 1 0 1 0 0 1 0 1 0 0 1 0 0 1 0 0 0 0 0 1 
1 1 1 0 2 1 1 1 1 1 1 1 0 1 1 1 1 0 1 0 3 1 1 0 1 0 1 1 3 1 0 1 0 1 0 1 1 0 1 0 0 0 1 1 0 0 1 0 1 0 1 1 
1 0 1 0 0 1 1 0 0 0 0 1 1 1 0 0 1 1 0 0 2 1 0 0 1 0 0 1 0 0 0 1 1 0 1 0 0 1 0 1 1 1 0 1 1 1 1 0 1 1 0 0 
1 1 1 0 0 0 1 1 0 0 0 0 1 0 0 1 1 0 0 0 1 0 1 1 0 0 1 0 1 0 1 1 0 0 0 0 1 0 1 0 0 0 1 0 0 1 1 0 1 1 0 1 
1 0 1 0 0 0 0 0 1 1 1 1 0 0 1 1 1 0 1 0 1 0 1 1 0 0 0 0 2 0 0 0 0 0 0 0 0 0 1 1 0 1 1 0 0 1 1 1 0 1 0 0 

# Size = 19 | Time = 23 ms
0 0 0 0 0 0 0 0 0 0 0 0 0 0 0 0 0 0 0 0 0 0 0 0 0 0 0 0 0 0 0 0 0 0 0 0 0 0 0 0 0 0 0 0 0 0 0 0 0 0 0 1 
1 1 1 1 1 1 1 1 1 1 1 1 1 1 1 1 1 1 1 1 0 1 1 1 1 1 1 1 1 1 1 1 1 1 1 1 1 1 1 1 1 1 1 1 1 1 1 1 0 1 1 0 
1 1 1 0 2 0 1 0 1 0 1 0 1 0 1 0 1 0 1 0 0 0 1 0 1 0 1 0 2 0 1 0 1 0 1 0 1 0 1 0 1 0 1 0 0 1 1 0 1 1 0 0 
0 0 0 1 0 1 0 1 0 1 0 1 0 1 0 1 0 1 0 1 0 1 0 1 0 1 0 1 3 1 0 1 0 1 0 1 0 1 0 1 0 1 0 1 0 0 1 1 0 0 1 1 
0 0 0 0 1 1 1 0 0 1 1 0 0 1 1 0 0 1 1 0 1 1 1 0 0 1 1 0 0 1 1 0 0 1 1 0 0 1 1 0 0 1 1 0 0 0 0 1 0 1 1 1 
1 1 1 0 0 0 0 1 1 0 0 1 1 0 0 1 1 0 0 1 1 0 0 1 1 0 0 1 1 0 0 1 1 0 0 1 1 0 0 1 1 0 0 1 1 0 1 0 1 0 0 1 
1 1 0 1 0 0 0 0 0 1 1 1 1 0 0 0 0 1 1 1 1 0 0 0 0 1 1 1 2 0 0 0 0 1 1 1 1 0 0 0 0 1 1 1 1 1 0 0 1 0 1 0 
0 0 0 0 2 0 0 0 1 0 0 0 0 1 1 1 1 0 0 0 1 1 1 1 1 0 0 0 3 1 1 1 1 0 0 0 0 1 1 1 1 0 0 0 0 1 1 1 0 1 0 0 
1 0 1 1 2 1 0 1 0 0 0 0 0 0 0 0 0 0 1 1 2 0 0 1 1 1 0 0 0 1 1 0 0 0 1 1 1 0 0 1 1 1 0 0 0 0 0 1 0 1 0 1 
0 1 0 0 0 0 1 0 0 1 0 0 0 1 1 0 1 0 0 0 2 0 0 0 0 0 1 1 1 0 0 1 1 1 0 0 0 1 1 0 0 0 1 1 1 1 0 0 1 0 1 0 
0 0 1 1 1 0 0 1 1 0 0 1 0 0 0 1 0 1 0 0 2 1 1 0 0 0 0 0 2 0 0 0 0 0 0 0 0 0 0 0 0 0 0 0 0 0 1 0 1 0 0 1 
0 0 1 0 1 1 1 1 1 0 1 1 1 0 0 0 0 0 0 1 2 0 0 0 0 1 0 1 3 0 0 0 1 0 1 0 0 0 0 0 0 1 0 1 1 1 0 0 1 0 1 1 
0 1 0 0 0 0 0 0 1 0 0 1 1 0 0 1 1 0 0 0 3 0 1 0 0 0 0 1 0 0 1 1 0 1 0 1 1 1 1 1 1 1 1 0 0 1 1 1 0 0 0 0 
1 0 1 1 2 1 1 1 0 1 1 0 0 1 1 0 0 1 1 0 3 1 0 1 0 0 1 0 1 0 0 0 1 0 0 0 0 0 0 0 0 0 0 1 1 0 0 0 1 1 1 1 
0 1 0 1 1 1 0 1 0 1 0 0 1 1 1 1 1 0 0 1 3 0 0 1 1 1 1 0 2 1 1 1 0 0 1 0 0 1 0 1 0 0 0 0 0 1 1 0 0 1 0 0 
1 1 0 0 2 1 1 1 1 1 0 1 1 0 1 0 0 1 1 1 3 1 0 1 1 0 1 1 3 1 1 1 1 1 1 0 1 1 1 0 0 1 1 1 0 1 1 0 1 0 1 0 
1 0 1 0 0 1 0 1 1 1 0 1 1 1 1 1 0 0 1 1 2 0 0 1 1 1 1 0 0 0 1 0 1 0 1 0 0 0 1 1 1 1 1 1 1 0 1 0 1 1 0 1 
1 0 1 1 1 1 1 1 0 1 0 1 0 1 1 1 1 0 1 0 2 1 1 0 1 1 0 1 1 1 0 0 0 1 0 0 0 0 0 0 1 1 0 0 0 0 1 1 0 1 1 1 
0 0 1 0 0 1 0 1 1 1 0 0 0 1 1 1 1 0 1 1 3 0 1 1 1 0 0 0 2 1 0 1 0 0 0 0 1 1 1 0 1 0 0 1 1 1 1 1 0 0 1 1 

# Size = 19 | Time = 20 ms
0 0 0 0 0 0 0 0 0 0 0 0 0 0 0 0 0 0 0 0 0 0 0 0 0 0 0 0 0 0 0 0 0 0 0 0 0 0 0 0 0 0 0 0 0 0 0 0 0 0 0 1 
1 1 1 1 1 1 1 1 1 1 1 1 1 1 1 1 1 1 1 1 0 1 1 1 1 1 1 1 1 1 1 1 1 1 1 1 1 1 1 1 1 1 1 1 1 1 1 1 0 1 1 0 
1 1 1 0 2 0 1 0 1 0 1 0 1 0 1 0 1 0 1 0 0 0 1 0 1 0 1 0 2 0 1 0 1 0 1 0 1 0 1 0 1 0 1 0 0 1 1 0 1 1 0 0 
0 0 0 1 0 1 0 1 0 1 0 1 0 1 0 1 0 1 0 1 0 1 0 1 0 1 0 1 3 1 0 1 0 1 0 1 0 1 0 1 0 1 0 1 0 0 1 1 0 0 1 1 
0 0 0 0 1 1 1 0 0 1 1 0 0 1 1 0 0 1 1 0 1 1 1 0 0 1 1 0 0 1 1 0 0 1 1 0 0 1 1 0 0 1 1 0 0 0 0 1 0 1 1 1 
1 1 1 0 0 0 0 1 1 0 0 1 1 0 0 1 1 0 0 1 1 0 0 1 1 0 0 1 1 0 0 1 1 0 0 1 1 0 0 1 1 0 0 1 1 0 1 0 1 0 0 1 
1 1 0 1 0 0 0 0 0 1 1 1 1 0 0 0 0 1 1 1 1 0 0 0 0 1 1 1 2 0 0 0 0 1 1 1 1 0 0 0 0 1 1 1 1 1 0 0 1 0 1 0 
0 0 0 0 2 0 0 0 1 0 0 0 0 1 1 1 1 0 0 0 1 1 1 1 1 0 0 0 3 1 1 1 1 0 0 0 0 1 1 1 1 0 0 0 0 1 1 1 0 1 0 0 
1 0 1 1 2 1 0 1 0 0 0 0 0 0 0 0 0 0 1 1 2 0 0 1 1 1 0 0 0 1 1 0 0 0 1 1 1 0 0 1 1 1 0 0 0 0 0 1 0 1 0 1 
0 1 0 0 0 0 1 0 0 1 0 0 0 1 1 0 1 0 0 0 2 0 0 0 0 0 1 1 1 0 0 1 1 1 0 0 0 1 1 0 0 0 1 1 1 1 0 0 1 0 1 0 
0 0 0 1 1 0 0 1 1 0 0 1 0 0 0 1 0 1 0 0 2 1 1 0 0 0 0 0 2 0 0 0 0 0 0 0 0 0 0 0 0 0 0 0 0 0 1 0 1 0 0 1 
0 0 1 0 1 1 1 0 1 0 1 1 1 0 0 0 0 0 0 1 2 0 0 0 0 0 0 0 3 0 1 0 0 1 1 1 0 0 0 0 0 0 0 1 1 1 0 0 1 1 1 1 
0 1 0 0 0 0 0 0 1 0 0 1 1 0 0 1 1 0 0 0 3 0 1 0 0 0 0 1 0 0 1 1 0 1 0 1 1 1 1 1 1 1 1 0 0 1 1 1 0 0 0 0 
1 0 1 1 2 1 1 1 0 1 1 0 0 1 1 0 0 1 1 0 3 1 0 1 0 0 1 0 1 0 0 0 1 0 0 0 0 0 0 0 0 0 0 1 1 0 0 0 1 1 1 1 
0 1 1 0 1 1 1 0 1 1 0 1 1 1 0 1 1 1 0 1 3 0 0 1 1 1 0 0 2 1 1 1 1 0 1 0 0 1 1 1 0 0 1 0 0 0 1 0 0 1 0 1 
1 1 1 1 2 1 1 1 0 0 0 1 1 0 0 1 1 1 1 1 3 1 0 1 1 0 1 1 3 1 0 0 1 1 1 1 1 0 0 1 0 0 1 1 1 0 1 0 1 0 1 1 
0 0 1 1 0 0 0 1 0 1 1 1 0 1 0 0 0 1 0 1 3 0 0 0 0 1 0 0 0 1 0 0 1 0 0 1 0 0 0 1 1 0 0 1 1 0 0 0 1 1 0 1 
1 1 1 1 1 0 0 1 0 0 1 1 0 1 1 1 1 0 1 0 3 1 0 1 1 1 1 1 1 1 0 1 0 0 1 1 1 1 1 0 0 1 0 0 0 0 1 0 1 0 1 1 
1 0 1 0 0 0 1 0 1 1 0 1 1 0 0 1 0 0 1 0 3 0 0 0 0 0 0 0 2 0 1 1 0 1 0 1 1 0 1 0 1 0 0 1 0 1 1 1 0 1 0 1 

# Size = 19 | Time = 21 ms
0 0 0 0 0 0 0 0 0 0 0 0 0 0 0 0 0 0 0 0 0 0 0 0 0 0 0 0 0 0 0 0 0 0 0 0 0 0 0 0 0 0 0 0 0 0 0 0 0 0 0 1 
1 1 1 1 1 1 1 1 1 1 1 1 1 1 1 1 1 1 1 1 0 1 1 1 1 1 1 1 1 1 1 1 1 1 1 1 1 1 1 1 1 1 1 1 1 1 1 1 0 1 1 0 
1 1 1 0 2 0 1 0 1 0 1 0 1 0 1 0 1 0 1 0 0 0 1 0 1 0 1 0 2 0 1 0 1 0 1 0 1 0 1 0 1 0 1 0 0 1 1 0 1 1 0 0 
0 0 0 1 0 1 0 1 0 1 0 1 0 1 0 1 0 1 0 1 0 1 0 1 0 1 0 1 3 1 0 1 0 1 0 1 0 1 0 1 0 1 0 1 0 0 1 1 0 0 1 1 
0 0 0 0 1 1 1 0 0 1 1 0 0 1 1 0 0 1 1 0 1 1 1 0 0 1 1 0 0 1 1 0 0 1 1 0 0 1 1 0 0 1 1 0 0 0 0 1 0 1 1 1 
1 1 1 0 0 0 0 1 1 0 0 1 1 0 0 1 1 0 0 1 1 0 0 1 1 0 0 1 1 0 0 1 1 0 0 1 1 0 0 1 1 0 0 1 1 0 1 0 1 0 0 1 
1 1 0 1 0 0 0 0 0 1 1 1 1 0 0 0 0 1 1 1 1 0 0 0 0 1 1 1 2 0 0 0 0 1 1 1 1 0 0 0 0 1 1 1 1 1 0 0 1 0 1 0 
0 0 0 0 2 0 0 0 1 0 0 0 0 1 1 1 1 0 0 0 1 1 1 1 1 0 0 0 3 1 1 1 1 0 0 0 0 1 1 1 1 0 0 0 0 1 1 1 0 1 0 0 
1 0 1 1 2 1 0 1 0 0 0 0 0 0 0 0 0 0 1 1 2 0 0 1 1 1 0 0 0 1 1 0 0 0 1 1 1 0 0 1 1 1 0 0 0 0 0 1 0 1 0 1 
0 1 0 0 0 0 1 0 0 1 0 0 0 1 1 0 1 0 0 0 2 0 0 0 0 0 1 1 1 0 0 1 1 1 0 0 0 1 1 0 0 0 1 1 1 1 0 0 1 0 1 0 
0 0 0 0 1 0 0 1 1 0 0 1 0 0 0 1 0 1 0 0 2 1 1 0 0 0 0 0 2 0 0 0 0 0 0 0 0 0 0 0 0 0 0 0 0 0 1 0 1 0 0 1 
0 0 1 1 1 1 1 0 1 0 1 0 1 0 0 0 1 0 0 1 2 0 0 0 0 0 0 1 3 0 1 0 1 1 1 1 0 0 0 0 0 0 0 1 1 1 0 0 1 0 1 1 
0 1 0 0 0 0 0 0 1 0 0 1 1 0 0 1 1 0 0 0 3 0 1 0 0 0 0 1 0 0 1 1 0 1 0 1 1 1 1 1 1 1 1 0 0 1 1 1 0 0 0 0 
1 0 1 1 2 1 1 1 0 1 1 0 0 1 1 0 0 1 1 0 3 1 0 1 0 0 1 0 1 0 0 0 1 0 0 0 0 0 0 0 0 0 0 1 1 0 0 0 1 1 1 1 
0 1 0 0 1 1 1 1 0 1 1 0 1 1 0 1 0 1 1 1 3 1 0 1 1 1 1 0 2 1 1 1 1 0 1 0 1 1 0 1 0 0 1 1 0 0 1 0 0 1 0 1 
1 1 0 0 2 0 0 0 0 0 1 1 0 0 1 0 1 0 1 0 3 0 1 0 0 0 1 1 3 1 0 0 1 1 1 0 1 1 0 1 0 0 1 0 0 1 1 0 1 0 1 1 
0 0 1 0 0 0 0 1 1 1 0 1 0 0 1 1 1 1 1 0 0 1 0 1 1 0 0 0 0 0 1 0 1 1 1 0 1 1 1 0 1 0 1 1 1 0 1 0 1 1 0 1 
1 1 1 0 2 1 1 0 0 0 1 1 1 1 1 1 1 1 0 0 2 1 1 0 1 1 1 1 1 0 0 0 0 0 1 1 0 1 0 0 0 0 1 0 0 1 1 0 0 0 1 0 
1 0 1 0 1 0 0 1 1 1 1 0 1 1 0 1 1 0 0 0 3 1 0 0 1 1 1 0 2 0 1 0 0 0 0 0 0 0 0 0 0 0 0 1 1 1 1 1 0 0 0 1 

