# Size = 27 | Time = 70 ms
0 1 0 0 1 0 0 1 1 0 0 1 0 3 2 0 0 0 
0 0 0 0 1 1 0 0 0 0 0 0 0 0 1 3 1 2 
0 0 1 1 1 1 0 1 0 1 0 0 1 0 0 0 2 1 
0 0 0 1 1 0 0 0 0 0 0 0 0 3 2 2 1 3 
0 1 0 1 1 1 1 1 0 1 0 1 0 1 0 1 1 1 
0 1 1 0 0 1 1 0 0 0 1 1 0 0 0 3 3 0 
0 1 1 0 0 0 1 1 1 1 1 0 0 2 0 2 1 2 
0 1 0 0 0 1 0 0 0 0 1 0 0 1 3 0 2 1 
1 0 0 0 0 1 1 0 1 1 1 0 0 3 0 0 2 1 
0 0 0 1 1 0 1 1 1 1 0 1 0 3 3 2 3 1 
0 0 1 1 1 1 1 0 1 1 1 0 0 1 0 3 0 3 
0 1 0 0 0 0 1 0 1 0 1 1 1 1 3 0 1 2 
0 0 1 0 0 1 1 0 1 1 1 1 0 0 2 1 2 2 
0 1 0 0 0 1 0 0 1 1 0 1 0 2 1 2 0 1 
1 0 0 1 1 0 0 1 0 1 0 0 1 2 0 0 1 0 
0 1 1 1 1 0 1 1 0 1 1 0 0 1 1 2 2 0 
0 0 0 0 1 0 1 1 1 1 1 1 0 0 3 2 2 3 
0 0 1 1 1 1 1 0 0 0 0 0 1 3 1 0 0 2 
0 0 0 1 1 0 1 0 0 0 0 1 1 2 2 0 2 1 
0 0 0 0 0 0 1 1 1 0 1 1 0 2 2 3 2 1 
0 1 1 0 0 1 1 0 1 0 1 1 0 3 3 3 3 1 
0 0 1 0 1 0 0 0 0 0 0 0 0 2 3 1 0 0 
1 0 0 1 1 0 0 0 1 0 0 1 0 2 0 0 3 2 
0 1 0 0 0 1 1 1 0 0 1 0 1 1 2 0 3 3 
1 0 0 0 1 0 0 1 0 1 0 0 1 2 0 0 2 3 
1 0 0 0 0 1 0 1 0 1 0 1 1 0 0 0 0 2 
0 1 0 1 1 0 1 1 0 1 0 1 0 3 1 1 3 3 

# Size = 27 | Time = 67 ms
0 0 0 0 1 0 1 1 0 1 1 1 0 3 3 3 0 0 
0 1 1 1 1 1 1 0 0 1 0 1 0 3 0 0 2 2 
0 0 0 0 1 1 0 1 1 1 1 1 1 0 3 0 1 3 
0 1 1 0 0 0 0 1 0 1 1 0 0 3 0 2 3 1 
0 1 1 0 1 1 0 1 0 0 1 1 0 0 2 3 2 1 
0 1 1 0 1 1 0 0 0 0 1 0 0 2 2 3 1 1 
0 0 1 0 0 1 0 0 0 1 1 0 0 0 2 1 3 0 
0 0 1 1 1 0 1 0 1 1 0 0 1 1 1 0 2 1 
0 0 0 0 0 0 0 1 1 0 0 1 0 2 1 0 2 2 
0 1 1 1 1 0 1 0 1 0 0 0 0 0 0 3 1 3 
0 0 0 1 1 0 1 0 1 1 0 1 0 2 2 2 1 3 
0 1 0 1 1 0 1 0 1 0 0 0 0 1 3 1 3 1 
0 1 1 1 1 1 0 1 1 0 0 0 0 2 0 1 0 0 
0 0 1 0 0 0 0 0 1 0 1 1 0 3 2 1 1 2 
0 0 1 0 0 1 0 1 0 0 1 1 0 1 3 2 2 0 
1 0 0 0 0 1 0 0 1 1 0 1 0 0 0 0 0 1 
0 1 1 0 0 0 0 1 0 0 1 1 1 3 2 0 0 0 
0 1 0 0 0 1 1 1 0 1 0 1 1 2 3 0 3 2 
0 1 1 0 1 1 1 1 0 1 1 0 0 0 1 2 0 2 
0 0 1 0 0 1 1 0 0 0 0 0 0 3 1 1 1 0 
1 0 0 1 1 0 1 1 0 0 1 0 1 3 0 0 2 0 
0 0 1 0 0 1 1 1 0 1 1 0 0 3 1 1 2 3 
0 0 0 0 1 1 0 0 1 1 0 0 0 1 0 3 0 3 
1 0 0 1 1 0 0 0 1 1 0 0 1 2 0 0 3 3 
0 0 1 0 0 0 1 1 1 0 1 0 0 2 1 3 3 2 
1 0 0 1 1 1 0 0 1 0 1 0 0 3 0 0 1 2 
0 1 0 1 1 1 0 0 0 1 0 1 0 1 2 0 1 2 

# Size = 27 | Time = 68 ms
0 1 0 0 0 0 1 0 1 0 1 1 0 1 3 2 0 0 
0 0 1 1 1 1 0 0 0 1 0 1 0 0 2 2 0 0 
0 0 0 0 0 0 1 0 0 1 1 1 0 0 0 0 1 2 
0 1 1 0 0 0 1 1 0 1 1 0 0 2 2 1 0 3 
0 0 0 1 1 0 1 0 0 1 0 0 0 2 1 2 3 2 
0 0 1 1 1 1 0 1 0 0 0 1 0 3 3 1 2 3 
0 0 0 0 0 0 0 1 0 0 1 1 1 1 1 0 1 0 
0 1 1 0 0 1 0 0 0 0 0 1 0 3 2 2 1 3 
0 1 0 0 0 0 0 1 1 0 0 0 1 3 2 0 3 0 
0 1 1 0 0 0 1 1 0 0 1 0 0 1 2 1 0 2 
0 1 0 0 1 1 1 0 1 0 1 0 1 3 2 0 3 1 
1 0 0 0 0 1 1 1 1 0 1 1 0 0 0 0 3 3 
0 1 1 0 0 1 1 1 1 1 1 0 0 0 1 1 2 1 
0 1 1 1 1 1 1 1 1 1 1 0 0 3 1 3 1 2 
0 1 1 1 1 1 0 1 1 1 0 0 1 2 3 0 1 2 
1 0 0 1 1 0 0 0 0 0 0 0 1 2 0 0 1 1 
0 1 0 0 0 0 0 0 0 0 0 1 0 2 0 3 2 0 
1 0 0 0 1 1 1 1 0 1 0 0 1 3 0 0 2 2 
0 1 0 1 1 1 1 0 0 1 0 1 0 1 0 1 3 0 
0 0 1 1 1 0 0 0 0 1 1 1 0 1 2 3 2 1 
1 0 0 0 0 0 0 1 1 1 0 1 1 3 0 0 0 1 
0 1 1 0 0 1 1 1 0 1 1 1 0 2 0 2 2 1 
0 0 1 1 1 0 0 0 0 0 1 0 0 0 3 3 3 1 
1 0 0 0 0 1 0 1 1 0 1 0 1 0 0 0 2 0 
0 0 1 0 1 0 0 0 1 0 1 0 0 1 1 3 0 3 
0 0 1 0 1 0 0 0 1 0 1 0 0 3 1 1 1 3 
1 0 0 0 0 0 0 1 1 1 1 0 1 0 0 0 0 3 

# Size = 26 | Time = 71 ms
0 0 0 0 0 1 1 1 1 0 0 0 0 0 3 1 0 0 
0 0 0 0 0 1 0 1 0 0 0 0 0 1 1 3 1 2 
0 1 0 0 1 0 1 0 1 0 1 1 0 0 1 2 1 3 
0 0 1 0 0 0 0 0 0 1 0 1 1 3 1 0 2 0 
0 1 0 1 1 0 0 1 1 0 0 1 0 2 1 1 2 3 
0 1 0 0 0 0 1 1 0 0 0 0 0 1 2 2 3 1 
0 1 1 1 1 1 1 1 0 1 1 0 0 3 2 1 3 3 
0 1 0 1 1 0 1 1 0 1 1 0 1 0 3 0 1 2 
0 0 1 1 1 0 1 0 0 1 1 0 0 2 0 2 2 1 
0 1 1 0 0 0 0 0 1 0 1 1 0 3 3 3 3 2 
0 0 1 0 0 1 1 1 1 0 1 1 1 2 1 0 3 1 
0 0 1 0 1 0 0 0 1 1 0 1 0 0 2 0 0 2 
0 0 1 1 1 1 1 0 0 1 1 1 0 1 0 3 0 3 
0 1 1 0 1 1 0 0 1 0 1 1 0 1 0 1 1 0 
0 0 0 0 1 1 1 0 0 0 0 1 0 2 2 1 2 2 
0 1 1 1 1 1 1 0 1 1 0 1 0 2 2 3 3 0 
0 1 0 0 1 1 0 0 0 0 0 0 0 2 3 2 1 0 
1 0 0 0 0 0 1 1 0 0 0 1 0 0 0 0 1 2 
1 0 0 1 1 1 0 0 1 1 1 0 1 0 0 0 3 1 
0 0 1 1 1 0 0 1 1 0 0 0 0 0 3 3 2 1 
1 0 0 1 1 1 0 0 1 0 1 1 1 2 0 0 0 0 
0 1 0 1 1 1 0 1 0 1 1 1 0 3 1 2 0 2 
0 1 0 0 1 0 1 0 0 1 1 0 1 3 2 0 1 1 
1 0 0 0 0 0 1 0 0 0 0 0 1 3 0 0 2 3 
0 0 1 1 1 0 1 0 1 1 1 0 1 1 3 0 2 3 
0 1 1 0 1 1 0 1 1 1 0 1 0 1 3 1 0 1 

# Size = 29 | Time = 65 ms
0 1 1 0 1 1 1 0 0 0 1 0 0 2 3 2 3 1 
0 0 0 0 0 0 1 1 0 1 0 0 0 1 1 0 2 3 
0 1 0 1 1 0 1 1 0 0 0 0 0 0 0 1 1 0 
0 0 1 0 1 0 1 0 0 1 1 0 0 3 2 3 0 2 
0 0 0 0 0 1 0 0 0 1 0 1 0 0 2 1 3 0 
0 1 0 1 1 1 1 1 0 1 1 0 1 3 0 0 3 2 
0 0 1 0 1 1 0 0 1 0 1 0 0 3 1 2 1 1 
0 1 1 1 1 1 0 1 1 1 1 0 1 3 3 0 2 0 
0 1 1 0 1 1 1 1 1 0 1 1 1 0 3 0 0 3 
0 0 0 0 1 0 0 0 0 1 0 1 0 1 0 3 3 2 
0 1 0 0 0 0 1 1 1 1 0 1 0 3 2 3 1 2 
0 0 1 1 1 1 0 1 1 1 0 1 0 2 1 1 0 0 
0 0 1 0 0 0 1 1 1 1 1 1 1 1 0 0 2 1 
0 0 0 0 0 1 0 0 1 0 0 1 0 1 3 3 1 3 
0 0 0 0 0 0 1 1 1 1 0 1 0 2 0 2 0 3 
1 0 0 0 0 1 0 0 1 0 0 0 1 0 0 0 2 1 
0 0 0 1 1 1 1 0 0 0 0 1 0 0 2 3 2 1 
1 0 0 1 1 0 1 1 0 1 1 1 1 2 0 0 2 2 
0 0 1 0 1 0 0 1 1 0 1 1 0 3 3 1 2 2 
1 0 0 0 1 1 0 0 0 0 0 1 0 3 0 0 0 1 
0 1 0 1 1 0 1 0 0 1 0 0 0 1 2 2 0 0 
0 1 1 1 1 1 0 0 0 1 0 0 0 2 1 3 1 0 
1 0 0 1 1 1 0 0 0 1 1 1 1 0 0 0 1 0 
0 1 1 1 1 1 0 0 1 1 0 0 0 0 1 2 2 2 
0 0 1 1 1 0 1 0 1 1 1 1 1 2 2 0 3 3 
1 0 0 1 1 1 1 1 0 1 1 1 0 3 0 0 3 3 
0 1 0 1 1 1 0 1 1 0 1 0 0 1 1 1 2 3 
0 0 1 1 1 1 1 0 1 0 1 1 1 0 1 0 3 3 
0 1 1 1 1 1 1 0 1 0 1 1 0 2 2 1 1 1 

# Size = 29 | Time = 70 ms
0 0 1 0 0 1 1 0 1 1 0 0 0 1 1 0 0 2 
0 0 0 0 0 1 0 0 0 0 1 0 0 3 0 3 3 0 
0 1 1 0 1 1 1 0 0 0 1 0 0 2 0 1 1 3 
0 1 0 1 1 1 0 1 0 1 0 1 0 1 1 3 0 3 
0 0 1 0 0 0 1 1 1 1 0 1 0 2 1 1 1 1 
0 1 1 0 1 1 1 0 0 0 0 1 0 3 2 2 2 3 
0 1 0 0 1 0 1 1 0 1 0 1 0 0 3 3 1 0 
0 1 1 0 1 0 1 1 0 0 1 0 1 1 0 0 3 1 
0 0 1 0 0 0 0 0 1 0 1 0 0 2 3 2 0 3 
0 1 1 1 1 0 0 1 0 0 1 1 0 2 1 3 1 2 
0 0 1 0 0 0 0 0 1 1 1 0 0 0 2 1 3 3 
0 1 0 1 1 0 1 1 0 1 1 1 0 3 1 2 0 2 
0 0 0 1 1 1 0 0 1 1 0 1 1 3 2 0 1 3 
0 1 0 1 1 1 0 0 1 1 0 0 0 3 3 1 0 1 
0 0 0 1 1 0 0 1 1 1 1 0 0 0 1 1 2 0 
0 1 1 0 0 1 0 1 1 1 1 1 0 1 3 1 2 2 
1 0 0 0 0 1 1 1 0 0 1 1 1 0 0 0 0 3 
0 1 0 1 1 1 0 1 1 1 0 1 0 2 3 2 3 2 
0 1 1 1 1 1 0 0 1 0 0 1 0 0 1 2 3 1 
0 0 1 0 1 1 1 1 1 1 0 1 0 2 2 3 2 1 
0 1 1 1 1 1 0 0 1 1 0 1 0 1 0 2 2 2 
0 0 1 0 1 0 1 0 0 0 0 1 1 2 1 0 2 0 
0 1 1 0 0 1 0 1 0 1 0 1 0 1 2 2 1 0 
1 0 0 1 1 0 0 0 1 1 0 0 0 2 0 0 2 2 
0 0 1 1 1 0 0 0 1 1 0 1 1 0 3 0 2 2 
1 0 0 0 1 0 0 1 0 0 0 1 0 3 0 0 3 0 
0 0 1 1 1 0 1 1 1 0 1 0 0 0 2 1 0 2 
1 0 0 0 0 0 1 1 0 1 0 0 0 0 0 0 0 0 
1 0 0 0 0 0 0 1 1 0 1 1 0 3 0 0 1 1 

# Size = 28 | Time = 72 ms
0 1 1 0 1 0 0 1 0 0 1 1 0 3 1 0 2 1 
0 0 0 0 1 1 1 0 1 1 0 0 0 1 1 1 3 3 
0 0 1 1 1 0 0 0 1 0 0 1 0 2 2 3 3 1 
0 0 1 0 0 1 0 1 1 0 1 0 0 2 3 0 2 1 
0 0 0 0 0 0 1 0 0 1 0 0 0 0 1 3 1 1 
0 1 0 0 1 1 0 0 0 0 1 0 0 2 0 2 2 2 
0 0 0 0 1 0 1 0 0 1 1 1 0 2 1 3 0 0 
0 1 1 1 1 0 0 0 0 1 1 1 1 1 3 0 1 3 
0 0 1 0 0 0 1 1 0 1 1 1 0 0 0 1 3 1 
1 0 0 0 1 1 0 0 0 0 0 1 1 0 0 0 0 1 
0 0 1 1 1 0 1 1 1 1 0 1 0 0 1 2 3 2 
0 0 0 1 1 1 1 1 1 1 0 0 0 3 3 3 2 2 
0 1 1 0 0 1 0 1 0 1 1 0 0 0 2 1 0 0 
0 1 0 1 1 1 1 1 1 0 0 0 0 1 0 3 1 0 
0 1 0 0 0 0 1 1 1 1 1 0 1 1 2 0 2 2 
1 0 0 0 0 0 1 1 1 1 1 0 1 2 0 0 1 3 
0 1 0 0 0 1 0 1 1 0 0 1 0 1 3 2 1 0 
0 0 1 0 0 1 0 0 0 0 1 1 0 3 3 1 1 2 
1 0 0 1 1 0 1 0 0 0 0 1 1 0 0 0 2 0 
0 0 0 1 1 0 1 1 1 0 0 0 0 0 3 2 0 3 
0 1 1 1 1 0 1 1 1 1 1 1 1 1 3 0 3 1 
0 0 0 0 0 0 0 0 0 1 1 1 0 3 2 2 0 1 
0 0 1 0 0 0 0 1 0 1 0 0 1 1 1 0 0 2 
0 0 1 1 1 1 0 0 1 0 1 1 0 3 0 1 2 3 
0 0 1 1 1 0 0 1 1 1 1 0 0 2 2 1 1 3 
1 0 0 1 1 0 1 0 1 0 0 0 0 3 0 0 3 0 
1 0 0 1 1 1 1 0 0 1 1 0 1 3 0 0 1 2 
0 1 0 0 1 0 1 1 1 0 0 0 0 1 0 3 0 3 

# Size = 28 | Time = 67 ms
0 1 0 1 1 1 0 1 0 0 0 0 0 0 0 1 3 2 
0 0 0 1 1 0 0 0 1 1 1 1 1 2 2 0 0 0 
0 0 1 1 1 1 0 0 0 1 0 0 0 2 2 2 3 1 
0 1 1 1 1 1 0 1 0 0 1 1 0 3 0 0 1 1 
0 1 1 0 1 1 0 1 1 1 1 0 0 0 3 3 0 1 
0 0 0 0 1 0 1 0 1 1 1 0 0 3 0 2 2 2 
0 0 0 0 0 0 1 0 1 1 1 0 1 1 1 0 1 1 
0 0 0 0 0 1 0 1 1 1 0 1 0 3 2 0 3 3 
0 0 0 1 1 0 1 0 0 0 1 1 0 3 3 2 0 3 
1 0 0 0 0 0 0 0 0 0 0 1 1 0 0 0 1 3 
0 1 0 1 1 0 0 0 0 0 0 1 0 1 1 3 2 1 
0 1 1 0 0 1 1 1 1 0 1 0 1 2 1 0 2 3 
0 0 1 0 0 1 1 0 1 1 1 1 0 1 3 1 2 2 
0 1 1 0 0 1 1 1 0 0 0 0 0 1 2 1 1 0 
0 1 0 0 0 0 1 1 0 0 0 0 1 2 3 0 1 2 
0 0 0 0 0 0 1 1 1 1 1 1 0 0 1 3 1 2 
0 1 1 0 0 0 0 1 1 0 1 0 0 0 1 2 1 0 
0 0 1 0 1 0 1 1 1 1 1 0 0 2 0 3 3 3 
1 0 0 0 0 1 1 1 1 1 1 0 1 3 0 0 0 2 
0 0 0 0 1 0 1 0 1 1 0 0 0 3 1 1 0 0 
0 0 1 0 1 1 1 0 1 0 1 0 1 1 3 0 3 0 
1 0 0 1 1 0 0 0 1 0 1 0 0 0 0 0 2 0 
0 0 1 1 1 1 0 1 1 1 0 1 0 0 2 3 2 2 
0 0 0 1 1 1 1 0 1 0 0 1 0 3 1 3 3 0 
1 0 0 1 1 1 1 0 1 1 1 1 1 2 0 0 3 1 
0 0 0 0 0 0 1 1 0 1 0 1 0 2 1 1 2 1 
0 1 0 1 1 0 0 0 0 1 1 0 0 1 0 2 0 3 
0 1 1 1 1 0 0 1 0 0 1 1 0 3 3 1 3 3 

# Size = 27 | Time = 69 ms
0 0 1 0 0 0 1 0 0 0 1 0 0 0 1 2 2 0 
0 0 0 0 0 1 1 0 0 0 0 1 1 1 0 0 3 3 
1 0 0 1 1 1 0 1 1 1 1 0 0 3 0 0 2 2 
0 1 1 0 1 1 0 1 1 1 0 0 0 0 3 0 0 3 
0 0 1 1 1 1 0 0 0 1 0 0 0 3 2 3 0 0 
0 1 0 1 1 0 0 0 0 0 0 1 1 0 1 0 2 0 
0 1 0 0 0 0 0 1 1 1 1 1 0 2 0 1 0 1 
0 1 0 0 0 1 0 1 0 1 1 1 0 3 2 2 3 1 
0 0 1 0 1 0 1 0 0 0 1 1 0 2 2 3 2 2 
0 1 0 0 0 0 0 0 0 1 1 0 1 2 2 0 1 1 
0 0 0 0 1 1 0 0 0 0 0 0 0 0 0 1 3 0 
0 0 0 1 1 0 1 0 0 0 1 1 0 3 3 2 3 2 
0 1 0 1 1 1 0 0 1 0 1 1 0 2 1 3 2 3 
0 1 1 0 0 1 1 1 1 0 0 1 0 0 2 1 1 2 
0 0 1 1 1 0 0 1 1 0 1 0 0 1 0 3 3 1 
1 0 0 0 0 0 0 0 0 0 0 1 1 3 0 0 3 3 
0 0 0 1 1 1 0 1 0 1 0 1 0 3 1 1 1 3 
1 0 0 0 1 0 1 1 1 0 0 1 1 2 0 0 0 0 
0 0 1 0 0 1 1 0 1 1 0 1 1 2 3 0 1 0 
1 0 0 0 0 0 0 1 1 1 0 1 0 0 0 0 1 1 
0 1 1 1 1 0 1 1 1 1 1 1 0 1 3 1 2 1 
0 0 0 0 1 0 1 1 1 1 0 1 0 1 2 2 0 3 
0 0 0 0 0 0 0 0 0 1 1 1 0 0 3 3 1 2 
0 0 0 1 1 0 1 1 1 1 0 0 0 2 0 2 3 0 
0 0 1 1 1 0 0 0 1 0 0 0 1 1 1 0 0 2 
0 1 0 1 1 1 0 0 0 0 1 1 0 1 2 2 1 0 
0 0 1 0 0 1 0 1 1 1 0 1 1 2 1 0 3 1 

# Size = 27 | Time = 71 ms
0 1 0 1 1 1 1 0 0 0 1 1 0 0 0 0 2 1 
0 0 0 0 1 1 1 0 0 1 1 0 0 3 1 2 0 0 
0 1 1 0 1 0 0 0 0 0 1 0 1 2 1 0 3 1 
0 1 0 0 0 1 0 1 1 1 1 1 0 0 2 1 3 0 
0 0 1 0 1 1 0 1 1 1 0 1 1 1 2 0 0 2 
0 0 1 1 1 1 0 0 0 0 1 0 0 1 3 1 1 1 
0 1 1 0 1 0 0 0 0 1 0 1 0 0 3 2 0 2 
0 1 1 1 1 0 1 1 1 0 0 0 0 3 1 1 1 0 
0 0 1 1 1 0 1 0 0 0 0 0 0 2 2 3 3 3 
0 1 0 0 0 1 1 1 1 1 0 0 0 1 3 3 3 1 
1 0 0 1 1 0 1 1 0 0 1 0 1 0 0 0 3 2 
0 0 1 0 0 0 0 1 1 0 1 1 0 3 2 2 3 1 
0 1 0 0 0 1 0 1 0 0 1 1 0 0 1 3 0 3 
0 0 0 0 0 1 0 1 1 1 0 1 0 2 2 3 1 2 
0 0 1 0 1 0 0 1 1 1 0 0 0 3 2 3 2 2 
0 1 1 1 1 1 0 1 1 1 0 1 0 2 0 1 0 3 
0 1 1 1 1 1 0 0 0 0 0 1 0 0 0 2 1 0 
0 1 1 0 0 0 1 1 1 1 0 0 0 3 0 3 2 0 
0 1 0 0 0 0 1 0 0 1 1 1 1 1 3 0 2 0 
1 0 0 0 0 1 0 0 1 1 0 1 1 3 0 0 1 3 
0 1 0 1 1 0 0 0 1 1 1 1 0 3 3 1 2 3 
0 1 1 1 1 0 0 1 0 1 0 0 0 2 1 2 2 2 
0 1 0 1 1 0 0 1 0 0 0 0 0 1 1 2 2 3 
1 0 0 0 0 1 1 0 0 0 1 1 0 2 0 0 0 0 
0 0 1 0 1 1 1 1 1 0 0 1 0 1 0 1 0 1 
0 0 1 1 1 1 1 1 0 1 1 0 0 2 3 1 3 2 
1 0 0 1 1 0 0 1 1 0 1 0 0 3 0 0 2 1 

# Size = 27 | Time = 71 ms
0 1 0 1 1 1 1 1 0 1 0 1 0 1 3 3 2 2 
0 0 0 1 1 1 0 1 0 1 0 1 0 3 2 0 3 1 
0 0 0 1 1 0 1 0 1 1 0 0 0 2 3 2 1 1 
0 0 1 0 0 1 1 0 1 0 0 0 0 2 2 3 2 3 
0 1 1 0 0 1 0 1 1 1 1 1 0 0 2 2 3 1 
0 0 0 0 0 1 0 1 0 0 1 1 0 2 1 1 0 1 
0 1 1 0 1 0 1 0 0 0 1 1 0 2 0 1 1 0 
1 0 0 0 1 0 1 1 1 1 0 0 1 2 0 0 0 1 
0 1 1 0 0 0 0 0 1 0 1 0 0 0 1 3 0 2 
0 0 0 0 1 0 0 1 1 1 1 1 0 1 0 2 1 3 
0 1 1 0 0 1 0 0 0 0 1 0 1 1 3 0 0 3 
0 0 1 1 1 1 1 1 0 0 0 0 0 2 1 2 3 2 
0 1 1 0 0 0 1 0 1 1 1 0 0 3 0 2 3 0 
0 0 0 1 1 0 0 1 1 0 0 1 1 0 2 0 1 0 
0 1 1 1 1 0 0 1 0 1 1 0 1 3 1 0 2 3 
0 1 0 1 1 1 1 0 1 0 1 1 0 3 3 2 0 0 
0 1 0 0 0 1 1 0 0 1 1 1 0 3 0 3 1 1 
0 1 0 1 1 0 1 1 1 1 0 0 0 1 2 1 2 1 
1 0 0 1 1 1 0 0 0 0 1 1 0 3 0 0 3 2 
0 0 1 0 1 0 1 1 0 1 1 0 0 0 3 2 2 0 
0 0 1 0 1 1 1 0 1 0 0 1 0 0 3 1 3 3 
0 0 0 0 1 1 0 1 0 0 0 0 1 0 2 0 0 2 
0 1 0 0 1 0 0 1 0 1 0 0 1 1 1 0 3 0 
0 1 1 0 1 1 0 0 0 1 0 0 0 0 1 3 3 0 
1 0 0 0 0 0 0 1 1 1 0 0 0 0 0 0 1 0 
0 1 1 1 1 1 1 1 0 1 0 1 0 3 1 1 1 2 
1 0 0 0 1 0 0 0 1 0 0 0 0 2 0 0 2 3 

# Size = 30 | Time = 74 ms
0 1 1 0 0 0 0 0 0 0 1 0 0 1 1 2 2 3 
0 1 0 0 1 1 0 1 0 1 0 1 0 2 3 0 1 3 
0 0 0 0 1 0 0 0 0 1 1 0 1 3 0 0 1 3 
0 1 1 0 0 1 1 0 0 0 1 1 0 1 0 1 0 2 
0 0 1 1 1 1 0 1 0 0 1 0 1 0 1 0 0 0 
0 1 0 0 1 1 1 0 1 0 1 1 0 3 2 3 1 2 
0 0 0 1 1 1 1 1 1 0 0 1 0 2 0 2 2 1 
0 0 0 1 1 0 1 1 0 1 0 0 0 2 2 1 2 3 
0 0 0 0 0 0 0 0 0 1 0 0 0 2 0 3 0 1 
0 1 0 0 1 1 1 0 0 0 1 0 0 1 2 0 3 1 
0 1 1 1 1 1 1 1 1 1 0 1 0 3 1 3 2 2 
0 0 0 0 0 0 1 0 1 0 1 0 0 0 3 3 0 3 
0 1 0 1 1 0 1 1 1 1 0 1 1 0 0 0 3 2 
0 0 0 1 1 0 1 1 1 1 0 1 0 1 3 3 2 0 
0 0 1 0 0 0 0 0 0 1 1 0 0 2 3 2 3 2 
0 1 1 0 0 0 0 0 1 1 0 0 0 1 2 2 1 0 
1 0 0 0 1 1 0 1 0 0 1 0 1 2 0 0 0 0 
0 0 1 0 0 1 0 0 1 1 1 1 0 0 2 1 0 1 
0 0 0 0 0 0 0 1 1 1 1 0 0 3 1 1 1 1 
0 1 0 0 0 0 0 0 1 0 1 0 0 3 3 2 0 0 
1 0 0 0 0 0 1 0 1 1 0 1 1 3 0 0 3 1 
0 0 1 0 1 1 0 0 1 0 0 0 0 2 1 1 3 0 
0 0 1 1 1 1 1 0 0 1 1 1 1 1 3 0 2 1 
0 1 0 1 1 0 1 0 0 1 0 0 0 0 1 2 1 0 
0 1 0 1 1 1 1 0 1 1 0 1 0 3 3 1 1 3 
1 0 0 1 1 1 0 1 0 0 0 1 0 0 0 0 3 3 
0 0 1 1 1 1 1 1 1 0 1 0 1 3 2 0 3 3 
0 0 1 0 0 0 1 0 1 0 1 1 0 3 3 3 3 3 
1 0 0 1 1 1 1 1 0 0 1 1 0 2 0 0 1 2 
1 0 0 1 1 1 0 0 1 0 1 1 1 0 0 0 2 2 

# Size = 28 | Time = 71 ms
0 1 0 0 1 0 0 0 1 1 0 0 0 0 2 3 3 0 
0 1 0 1 1 1 1 1 1 0 1 0 0 3 3 0 1 1 
0 0 1 1 1 0 1 1 1 1 1 0 1 3 0 0 3 3 
0 1 0 0 0 1 1 1 0 1 1 1 0 2 3 2 0 0 
0 1 0 0 1 1 1 1 0 1 1 0 1 0 3 0 0 1 
0 0 0 1 1 1 0 0 1 0 0 1 0 1 0 1 0 1 
0 0 0 1 1 0 1 0 0 1 0 0 0 1 1 2 1 3 
0 0 0 0 0 0 1 1 0 1 0 0 1 3 1 0 2 2 
0 1 1 1 1 0 0 0 0 0 0 0 1 2 0 0 1 0 
0 1 1 0 0 0 0 0 1 0 1 1 0 3 0 2 0 2 
0 0 1 0 0 0 1 1 1 1 1 0 0 2 0 1 2 1 
0 0 1 1 1 1 1 1 0 0 1 1 0 1 2 3 2 0 
1 0 0 1 1 1 1 0 1 0 0 1 1 0 0 0 0 2 
0 1 1 0 0 1 0 1 1 0 1 1 0 0 1 1 0 3 
0 0 1 0 0 0 1 0 0 0 0 1 0 2 2 3 0 2 
0 1 0 0 0 1 1 0 0 0 0 1 0 2 1 1 3 2 
0 1 1 0 0 0 0 1 0 0 1 1 0 0 0 3 1 2 
0 1 1 0 0 0 0 0 1 0 0 0 0 1 3 3 2 3 
0 0 1 0 1 0 1 0 0 1 1 1 1 1 3 0 3 1 
0 1 1 0 0 1 1 1 0 0 1 0 0 3 2 1 1 0 
0 1 1 1 1 0 1 1 1 1 0 1 0 0 2 2 2 1 
1 0 0 0 0 0 0 1 0 1 1 0 0 2 0 0 2 1 
0 0 1 1 1 1 0 1 0 1 1 0 0 3 1 3 2 1 
1 0 0 1 1 0 1 0 1 0 0 1 1 2 0 0 3 3 
0 1 0 1 1 0 1 1 0 0 1 0 1 2 2 0 3 3 
1 0 0 0 1 0 0 0 0 0 1 0 0 3 0 0 1 0 
0 0 1 1 1 0 0 1 1 0 1 1 0 2 1 2 3 0 
0 0 1 1 1 1 1 0 1 1 1 1 0 1 3 1 0 2 

# Size = 30 | Time = 67 ms
0 1 1 0 0 0 0 0 1 1 1 0 0 3 2 1 3 1 
0 0 0 0 1 1 1 0 1 0 1 1 0 2 0 2 2 2 
0 0 0 0 0 1 1 1 1 1 1 1 1 1 3 0 1 2 
0 1 0 0 1 1 0 1 0 0 1 0 0 3 1 3 0 2 
0 0 1 0 0 0 1 0 1 0 0 0 0 0 3 3 2 0 
0 1 1 0 1 1 0 0 0 1 0 1 0 2 1 0 2 3 
0 0 1 0 1 0 0 0 0 1 1 1 0 2 3 1 3 3 
0 1 0 1 1 1 1 1 0 0 1 0 1 0 0 0 3 3 
0 0 1 1 1 1 0 1 0 1 0 1 0 0 1 3 3 0 
0 0 0 1 1 0 1 1 0 0 0 1 0 1 2 1 1 1 
0 0 1 0 0 0 1 1 0 1 0 1 0 2 3 2 0 0 
0 1 1 1 1 1 1 0 1 1 0 1 1 3 3 0 0 1 
0 1 1 0 0 0 0 0 1 0 0 0 0 1 1 3 1 3 
0 0 1 1 1 1 0 1 1 1 1 0 0 3 2 2 3 3 
1 0 0 1 1 0 0 1 0 1 0 1 0 3 0 0 2 3 
0 1 1 1 1 0 1 1 0 0 1 0 0 1 2 2 2 1 
0 1 0 0 0 1 1 1 0 0 1 1 1 1 0 0 3 0 
0 0 1 1 1 1 1 0 0 0 1 0 0 2 1 2 1 1 
1 0 0 1 1 0 1 0 1 0 0 0 1 0 0 0 0 2 
0 1 1 0 1 1 0 1 0 0 1 0 0 0 2 1 0 2 
0 0 1 0 0 0 0 0 1 0 1 0 0 0 0 3 1 1 
1 0 0 0 0 1 1 0 1 0 1 0 1 2 0 0 3 1 
0 0 1 1 1 1 1 0 0 1 1 0 0 0 1 2 1 0 
0 1 0 1 1 0 1 0 0 1 1 1 0 1 0 1 0 3 
0 1 0 1 1 1 0 1 1 0 0 0 1 2 2 0 3 2 
0 1 1 0 1 1 0 1 0 1 0 1 1 3 1 0 1 0 
0 0 0 0 0 1 0 0 0 0 0 0 1 0 1 0 2 1 
0 1 1 1 1 1 1 1 0 0 0 0 0 2 1 1 2 0 
1 0 0 0 0 1 1 0 1 1 1 0 0 0 0 0 1 0 
0 0 1 1 1 0 0 0 1 0 1 1 0 2 2 3 0 0 

# Size = 28 | Time = 73 ms
0 0 1 1 1 0 0 1 1 0 1 1 1 3 1 0 1 0 
0 1 1 0 1 0 0 0 0 1 1 0 0 0 0 2 0 1 
0 1 1 0 1 0 1 1 0 1 0 0 0 2 1 1 3 2 
0 1 0 0 0 1 0 0 0 1 1 0 0 2 2 3 2 3 
0 1 0 0 0 1 0 0 0 1 0 0 0 1 3 1 3 0 
0 1 0 0 0 0 1 1 1 1 0 1 1 2 2 0 0 1 
0 0 0 0 0 1 1 0 1 1 0 1 0 1 0 3 1 3 
0 0 1 1 1 0 1 0 1 0 1 0 1 1 0 0 2 3 
0 0 0 1 1 1 1 1 1 0 0 1 0 0 3 2 0 0 
0 0 0 1 1 1 0 0 0 1 1 1 0 0 1 3 3 3 
0 1 0 0 0 1 1 1 0 1 0 0 0 3 0 3 2 1 
1 0 0 0 1 1 0 0 1 1 1 1 1 2 0 0 2 2 
0 1 1 0 0 0 1 0 1 0 1 1 0 3 3 1 2 3 
0 0 1 1 1 1 1 1 1 0 1 0 0 1 2 1 0 2 
0 1 0 0 0 0 1 1 0 1 1 1 0 1 1 2 0 3 
0 1 1 1 1 0 0 1 0 0 0 0 1 0 3 0 1 1 
0 0 1 1 1 0 1 1 0 0 1 1 0 2 0 3 2 0 
1 0 0 1 1 0 1 1 0 0 0 0 0 3 0 0 1 2 
1 0 0 0 0 0 1 1 1 1 1 1 0 0 0 0 2 3 
0 0 1 0 0 0 0 0 1 1 1 1 0 0 2 1 1 0 
1 0 0 1 1 0 0 0 1 0 0 0 0 3 0 0 0 0 
0 1 1 0 0 1 1 0 1 0 0 1 0 3 2 2 3 2 
0 0 1 0 1 1 0 1 0 1 0 0 0 2 1 2 2 1 
0 0 1 1 1 1 1 1 0 0 0 0 0 2 3 3 0 2 
0 1 0 0 0 0 0 0 1 1 0 0 0 2 2 2 1 0 
1 0 0 1 1 1 1 0 1 0 1 0 1 0 0 0 3 1 
0 0 0 1 1 0 1 0 0 1 1 1 0 1 0 1 0 1 
1 0 0 1 1 0 0 1 1 0 0 1 1 0 0 0 0 2 

# Size = 29 | Time = 72 ms
0 1 1 0 1 0 1 0 0 1 1 0 1 3 2 0 1 2 
0 0 0 0 0 0 0 0 0 1 1 1 0 1 3 3 2 3 
0 0 1 1 1 1 1 0 0 1 0 0 0 1 1 0 0 3 
0 1 1 0 1 1 0 0 0 1 0 1 0 1 0 1 1 0 
0 0 1 0 0 1 1 0 0 1 1 1 0 2 2 0 0 0 
0 0 1 0 0 0 0 1 1 0 0 0 0 2 3 2 3 1 
0 1 0 0 0 0 0 1 1 0 1 0 1 0 0 0 0 1 
0 1 0 1 1 1 1 1 1 0 0 0 0 1 2 2 2 3 
0 1 0 1 1 0 0 1 1 0 1 0 0 2 1 3 0 0 
0 0 0 0 0 0 1 1 0 0 1 0 0 3 0 1 0 1 
0 1 0 0 1 0 1 0 0 1 1 1 0 3 0 2 3 0 
1 0 0 1 1 1 0 1 1 0 0 1 0 3 0 0 2 2 
0 0 1 0 0 1 1 0 0 1 0 1 0 0 2 3 1 1 
0 0 0 0 0 1 1 0 1 0 0 1 1 2 3 0 3 2 
0 1 0 1 1 1 0 1 1 0 0 0 0 2 3 1 0 2 
0 0 0 0 0 1 1 0 0 0 1 0 0 3 3 3 3 0 
0 1 1 0 0 1 0 1 1 0 1 1 0 2 1 1 2 1 
0 0 1 0 1 0 0 0 0 0 1 1 0 0 3 2 0 2 
0 0 0 1 1 0 1 1 1 1 0 1 1 3 1 0 3 3 
0 0 0 0 0 1 1 0 1 0 0 1 0 1 1 3 3 2 
1 0 0 0 0 0 1 0 0 1 1 0 1 2 0 0 0 3 
0 0 0 1 1 0 0 1 1 1 0 1 0 0 1 2 1 3 
0 1 0 1 1 0 1 0 0 0 0 0 0 2 0 3 1 3 
1 0 0 1 1 0 1 0 0 0 1 1 0 0 0 0 1 1 
0 0 1 0 1 1 0 0 1 1 1 1 1 1 2 0 2 1 
1 0 0 0 0 0 1 1 0 1 1 1 1 0 0 0 2 0 
0 1 1 1 1 0 1 0 1 0 0 0 0 0 3 1 1 3 
1 0 0 1 1 0 1 1 0 1 1 0 0 0 0 0 3 3 
0 0 0 1 1 1 0 1 0 1 0 0 0 1 2 1 3 1 

# Size = 27 | Time = 71 ms
0 1 1 1 1 0 1 1 1 1 1 0 0 0 3 1 0 2 
0 0 1 1 1 0 0 0 0 1 0 0 0 2 1 0 2 0 
0 1 1 1 1 0 1 1 1 0 0 1 0 1 0 2 1 1 
0 1 1 0 0 0 1 0 1 1 1 1 1 2 2 0 0 1 
0 0 0 1 1 0 1 0 1 1 1 1 0 1 3 3 3 0 
0 0 0 0 1 0 0 1 0 0 0 1 1 0 2 0 1 0 
0 1 0 0 0 1 0 0 0 0 0 0 0 1 0 2 0 0 
0 1 0 0 0 1 0 1 0 0 0 1 0 2 1 3 1 1 
0 1 1 0 0 0 1 1 0 0 1 0 0 3 2 3 2 3 
0 0 0 0 1 1 0 0 0 0 0 1 1 3 3 0 2 2 
0 1 1 1 1 1 1 0 0 0 1 1 0 0 2 1 3 0 
0 0 0 0 0 1 0 0 1 1 0 0 0 2 0 1 2 1 
0 0 0 1 1 0 0 1 1 1 1 0 0 3 2 2 3 2 
1 0 0 0 1 0 1 1 1 0 1 1 1 0 0 0 2 0 
0 1 1 0 0 1 1 1 1 1 1 0 0 1 1 1 2 2 
0 1 1 0 0 0 0 0 0 1 1 1 0 0 0 3 1 2 
1 0 0 1 1 1 0 0 0 1 0 1 1 2 0 0 0 3 
0 0 0 0 0 1 0 1 1 1 1 0 0 0 1 2 2 3 
0 0 0 1 1 1 0 1 0 0 1 0 1 1 2 0 1 3 
1 0 0 0 0 0 0 0 1 0 0 0 0 3 0 0 1 1 
1 0 0 0 0 1 1 0 1 1 0 0 1 2 0 0 3 1 
0 1 1 0 0 0 0 1 0 1 0 0 0 2 3 2 1 3 
0 1 1 0 1 0 1 0 1 1 0 0 0 3 1 3 0 0 
1 0 0 0 0 0 0 0 1 0 0 0 0 2 0 0 2 2 
0 1 1 0 1 0 1 1 1 0 0 1 1 0 1 0 3 1 
0 1 1 0 0 0 0 1 0 1 0 0 0 3 3 1 1 1 
0 1 1 1 1 1 0 0 1 0 0 1 0 1 1 1 3 3 

# Size = 27 | Time = 66 ms
0 0 0 0 0 0 1 1 0 1 0 1 1 0 1 0 1 1 
0 1 1 0 1 0 0 1 0 0 1 1 0 3 3 3 2 2 
0 1 1 0 1 1 0 1 0 0 1 1 0 1 1 2 1 3 
0 0 0 0 1 0 1 1 1 0 0 1 0 2 3 1 2 3 
0 1 0 1 1 0 1 0 0 1 0 1 0 0 0 2 2 0 
0 0 1 0 0 0 1 1 0 1 1 0 0 3 2 1 1 0 
0 0 1 0 1 1 1 0 0 0 1 0 0 1 0 3 0 3 
0 0 1 0 0 1 0 0 1 1 1 1 0 1 0 2 3 2 
0 0 0 1 1 1 0 0 0 0 0 0 0 2 0 1 3 1 
0 1 0 0 0 0 0 0 1 1 0 0 1 1 2 0 2 3 
0 1 0 0 0 1 0 1 1 0 1 0 0 0 2 2 0 0 
0 1 1 0 0 0 1 0 1 1 0 1 1 2 3 0 0 0 
0 1 0 1 1 0 1 1 1 1 0 0 0 2 2 3 3 2 
1 0 0 1 1 1 0 0 1 1 0 1 1 3 0 0 3 2 
1 0 0 0 0 0 1 1 1 0 1 0 1 0 0 0 1 2 
0 0 1 1 1 0 0 0 1 0 1 0 0 2 1 3 1 0 
0 1 0 1 1 1 0 0 1 0 1 0 0 3 3 2 0 1 
1 0 0 0 1 0 0 1 0 1 0 0 0 2 0 0 0 0 
0 1 1 1 1 0 0 0 1 0 1 0 0 1 1 1 3 0 
0 0 0 0 0 0 0 1 1 0 0 0 0 3 1 1 0 2 
0 1 1 1 1 1 0 0 0 1 0 0 1 3 1 0 2 3 
0 0 1 0 0 0 0 0 1 1 1 1 0 0 2 3 3 1 
1 0 0 0 0 0 1 0 1 1 0 1 0 0 0 0 3 3 
0 1 1 1 1 1 0 0 1 1 1 0 0 0 3 1 3 0 
0 1 1 0 1 1 0 1 1 0 1 1 0 1 3 0 1 1 
0 0 1 1 1 0 1 1 1 0 1 0 0 2 1 2 2 1 
1 0 0 0 1 1 0 1 0 0 0 0 0 2 0 0 2 1 

# Size = 29 | Time = 68 ms
0 1 1 0 1 0 0 1 1 0 0 0 0 3 1 2 2 1 
0 0 0 0 1 0 1 1 1 1 1 0 0 1 0 0 1 3 
0 0 1 1 1 1 1 0 1 0 0 1 0 3 3 3 0 2 
0 0 0 0 1 1 0 1 0 1 1 0 0 1 2 1 1 1 
0 0 1 0 1 0 1 0 1 0 1 1 1 2 0 0 0 0 
0 0 0 0 0 1 0 0 0 1 1 1 0 0 1 1 3 2 
0 1 1 0 1 1 0 1 1 1 1 1 0 3 0 1 2 0 
0 1 0 0 1 0 1 0 1 0 1 1 0 1 1 2 0 0 
0 1 0 1 1 1 1 1 1 0 0 1 0 1 3 2 0 1 
0 1 1 1 1 0 0 1 0 1 0 0 0 1 0 3 1 2 
0 1 0 1 1 1 1 0 0 0 0 0 1 3 1 0 2 1 
0 1 1 1 1 0 1 0 0 0 0 0 0 2 2 1 0 3 
0 1 1 0 0 0 1 1 1 0 0 0 0 2 3 2 3 0 
1 0 0 0 0 1 0 1 0 1 1 0 1 2 0 0 0 2 
0 0 1 1 1 0 1 1 1 0 0 0 0 0 0 2 0 2 
0 1 1 1 1 1 0 1 0 1 1 0 1 0 3 0 3 3 
0 0 0 0 0 0 1 1 1 1 1 1 1 1 2 0 3 1 
1 0 0 1 1 0 1 0 1 0 0 1 0 2 0 0 3 1 
0 0 0 0 0 1 0 0 0 0 1 0 0 2 1 3 2 0 
0 0 1 0 1 0 0 1 0 0 0 1 0 0 2 0 2 2 
1 0 0 1 1 0 1 1 0 0 1 0 1 3 0 0 3 0 
0 0 0 0 0 1 0 0 0 1 0 1 0 3 2 2 1 3 
1 0 0 1 1 1 1 1 1 0 0 0 1 0 0 0 1 0 
0 1 0 1 1 0 0 0 1 0 1 0 0 0 2 3 3 1 
1 0 0 1 1 1 0 0 0 0 1 1 1 2 0 0 2 3 
0 1 1 1 1 0 1 1 1 0 0 1 0 1 3 1 2 1 
0 0 1 1 1 0 0 0 0 0 0 1 1 0 2 0 2 0 
0 1 1 0 1 0 1 1 0 0 1 1 0 2 1 3 1 3 
0 1 0 1 1 1 1 1 1 0 1 0 0 2 3 2 1 0 

# Size = 28 | Time = 70 ms
0 1 0 0 0 1 1 1 0 0 0 0 0 3 3 1 0 2 
0 0 1 0 1 0 0 0 1 0 1 1 0 3 0 2 2 0 
0 0 0 0 0 1 1 1 1 1 0 0 0 0 3 3 2 3 
0 1 1 1 1 0 0 0 0 1 1 1 0 0 2 3 0 3 
0 0 1 0 0 0 0 0 0 0 0 0 0 2 1 0 0 2 
0 1 0 1 1 0 0 0 0 0 1 0 0 1 3 0 2 1 
0 1 0 0 0 1 1 1 0 1 0 0 0 2 0 2 0 1 
0 1 0 0 0 1 1 0 1 1 1 1 0 1 1 1 2 2 
0 1 0 1 1 0 1 1 1 0 0 0 0 0 2 1 3 0 
0 1 0 1 1 0 0 1 0 0 0 0 0 3 1 3 1 3 
0 0 0 0 1 1 1 1 1 1 0 1 1 0 1 0 1 1 
0 0 1 0 0 1 0 0 1 1 1 1 0 2 0 1 3 3 
1 0 0 1 1 1 1 1 1 0 1 1 0 0 0 0 0 2 
0 0 1 0 0 1 1 0 1 0 1 1 0 0 2 2 1 2 
0 0 1 1 1 1 1 1 0 0 1 0 0 2 2 3 3 1 
0 0 1 1 1 1 0 1 0 1 0 0 0 1 1 3 0 0 
0 1 1 1 1 0 0 1 1 1 1 1 1 3 2 0 0 3 
0 0 1 0 0 1 1 0 0 0 1 0 0 1 0 1 1 1 
0 1 0 1 1 1 0 1 1 0 1 0 0 3 1 2 3 2 
1 0 0 0 0 0 0 0 0 0 0 0 1 3 0 0 1 0 
0 0 1 0 0 1 0 0 0 0 0 1 1 2 3 0 3 2 
0 0 0 1 1 0 1 1 1 0 1 1 0 2 0 3 1 2 
1 0 0 1 1 1 0 0 0 1 1 0 1 3 0 0 2 1 
0 0 1 0 1 0 0 1 0 1 1 1 0 2 3 2 1 0 
1 0 0 0 1 0 0 1 1 1 1 1 0 2 0 0 2 3 
0 0 0 1 1 1 0 1 1 0 1 1 1 1 2 0 2 3 
1 0 0 0 0 1 0 0 1 1 0 0 0 0 0 0 3 1 
0 1 1 0 0 1 0 0 0 0 0 1 0 1 3 2 3 3 

# Size = 29 | Time = 70 ms
0 1 0 1 1 1 0 0 0 1 1 0 0 0 0 1 1 3 
0 0 0 0 1 0 0 0 1 1 0 0 0 1 3 2 3 2 
0 1 1 0 0 1 0 1 0 0 1 0 0 2 1 0 2 0 
0 1 0 0 1 0 0 1 1 0 1 0 0 3 2 3 0 1 
0 0 1 0 1 1 1 0 1 0 0 0 0 3 3 1 3 0 
0 0 0 0 1 1 1 1 0 1 0 1 0 3 0 0 1 1 
0 1 1 1 1 1 0 0 1 1 0 1 1 3 2 0 0 2 
0 0 0 1 1 0 1 0 1 1 0 1 0 2 0 3 2 0 
1 0 0 0 0 0 0 1 0 1 1 1 1 0 0 0 2 2 
0 1 0 1 1 0 1 0 1 0 0 1 0 1 1 1 3 1 
0 0 1 0 0 1 1 1 0 1 0 1 0 3 1 3 2 3 
0 0 0 0 0 0 1 1 0 0 1 0 0 2 2 1 2 2 
0 0 1 0 0 0 0 1 1 0 1 0 1 1 1 0 1 3 
0 1 1 1 1 1 1 1 0 0 0 1 1 0 3 0 3 1 
0 0 1 0 0 1 1 1 0 0 1 1 0 1 0 2 0 0 
0 1 1 1 1 0 0 1 1 1 1 1 0 3 1 2 2 2 
0 1 1 0 0 1 1 0 1 0 1 1 0 0 1 3 3 0 
0 1 1 0 0 0 0 0 1 1 0 1 0 2 2 2 1 1 
0 1 0 0 0 0 1 1 0 0 1 0 0 0 2 2 0 0 
0 1 1 0 0 1 0 0 0 0 1 0 1 2 3 0 0 3 
1 0 0 1 1 1 1 0 1 0 0 0 0 3 0 0 2 1 
0 0 0 1 1 1 0 1 1 0 0 0 0 1 3 3 2 2 
0 1 0 0 1 1 0 1 1 0 1 0 0 1 2 3 1 0 
0 0 0 1 1 1 1 1 0 1 0 1 0 2 2 2 3 3 
1 0 0 0 1 0 1 1 1 0 1 1 0 2 0 0 1 2 
0 0 0 1 1 1 1 0 1 0 1 0 0 2 3 1 1 2 
1 0 0 0 1 1 1 0 1 1 1 0 1 3 0 0 0 0 
0 0 1 0 0 0 0 0 1 1 1 0 0 2 1 1 0 1 
1 0 0 0 1 0 1 0 1 0 0 1 0 0 0 0 3 3 

# Size = 27 | Time = 70 ms
0 1 0 0 1 0 0 1 0 1 1 0 0 1 0 1 0 1 
0 0 0 1 1 1 1 0 0 0 1 1 0 3 1 2 2 3 
0 1 0 0 1 0 0 0 1 1 0 0 1 2 1 0 2 2 
0 0 0 1 1 0 0 0 0 1 1 1 0 0 2 3 1 2 
0 1 1 0 0 1 1 0 1 1 0 0 0 3 0 2 1 1 
0 1 0 0 0 0 0 1 0 1 0 0 0 3 3 2 0 2 
0 1 1 1 1 0 0 0 0 0 0 0 0 0 1 3 3 1 
0 1 1 0 1 1 1 1 0 0 0 1 0 2 2 0 0 1 
0 0 0 1 1 0 1 0 0 0 0 1 0 1 0 1 3 2 
1 0 0 0 1 1 0 0 1 0 1 0 1 3 0 0 3 2 
0 0 1 0 0 1 1 1 1 0 0 0 1 1 2 0 3 2 
0 0 0 0 1 1 0 1 1 0 0 1 0 2 3 3 1 0 
0 0 1 0 0 1 1 0 1 1 0 0 0 0 0 3 0 3 
0 1 1 1 1 0 0 1 1 1 1 1 0 2 2 2 3 3 
0 0 1 0 0 1 1 1 1 1 1 1 0 0 3 1 2 1 
0 1 0 1 1 1 1 1 1 1 1 1 0 1 1 3 0 3 
0 1 0 0 0 1 1 1 0 0 1 1 0 1 0 3 2 0 
0 1 1 1 1 1 1 0 0 1 1 0 1 1 3 0 3 0 
0 1 0 0 1 1 0 1 1 1 1 0 0 3 3 1 1 3 
1 0 0 1 1 0 1 1 0 1 0 1 0 3 0 0 2 0 
0 1 1 0 0 1 0 0 1 0 0 1 0 3 2 1 2 0 
0 0 0 0 0 0 1 0 0 1 0 1 0 1 1 2 1 0 
1 0 0 0 0 0 0 0 0 0 1 1 1 0 0 0 1 3 
0 1 0 0 1 1 0 0 0 0 0 1 0 3 2 3 0 0 
1 0 0 0 0 1 0 0 1 0 1 1 1 2 0 0 0 1 
0 0 0 1 1 0 1 1 1 1 0 0 0 0 3 2 2 0 
0 1 0 0 1 1 1 1 0 0 1 0 0 2 1 1 1 3 

# Size = 25 | Time = 67 ms
0 0 0 0 0 1 1 1 1 0 1 1 0 3 2 2 1 2 
0 0 1 0 1 0 0 0 1 1 1 0 1 1 2 0 0 3 
0 1 0 0 1 0 1 1 0 0 0 1 0 1 1 3 1 1 
0 0 1 0 1 1 0 1 1 0 0 1 0 3 3 0 2 1 
0 1 0 1 1 1 0 0 0 1 1 1 1 1 3 0 1 3 
0 0 0 0 0 1 0 0 1 0 1 0 1 0 1 0 0 1 
1 0 0 0 1 0 1 1 0 1 0 0 1 3 0 0 0 1 
0 1 1 0 1 0 0 0 0 1 1 0 0 1 3 1 3 0 
0 0 1 1 1 1 0 0 1 1 1 1 0 0 0 3 2 3 
0 0 0 1 1 1 1 0 1 0 0 1 0 2 0 2 3 1 
0 0 0 1 1 1 1 1 1 0 0 1 0 3 1 1 2 0 
0 1 1 1 1 0 0 1 0 1 0 1 0 2 3 3 0 2 
0 0 1 0 0 0 1 1 0 1 0 0 0 0 3 1 1 3 
1 0 0 0 0 1 0 0 1 0 1 1 1 2 0 0 1 0 
0 1 1 0 0 0 1 1 1 1 0 0 0 0 2 3 2 0 
0 1 1 1 1 0 0 0 0 1 0 0 0 2 1 2 2 3 
0 0 0 1 1 0 1 1 0 1 1 1 1 2 2 0 3 1 
0 1 1 1 1 0 0 1 1 0 1 1 0 2 2 1 0 1 
0 1 0 0 0 0 0 0 1 1 1 0 1 1 0 0 2 2 
0 0 0 0 0 1 1 1 0 0 0 0 0 1 1 2 3 2 
0 1 0 1 1 0 1 0 1 1 0 1 0 3 0 1 3 2 
1 0 0 1 1 0 0 0 0 1 1 1 0 0 0 0 3 2 
0 1 0 1 1 1 1 1 1 0 1 0 0 0 3 2 0 0 
0 1 1 0 0 1 1 1 0 0 0 0 0 3 0 3 3 3 
1 0 0 1 1 1 1 0 1 0 0 0 1 2 0 0 2 3 

# Size = 28 | Time = 69 ms
0 1 0 0 1 0 1 1 0 1 1 1 0 2 1 3 1 2 
0 1 1 0 1 1 1 1 1 1 1 1 0 1 2 1 3 1 
0 0 0 0 0 0 0 0 1 0 0 1 1 3 1 0 1 1 
0 0 0 0 0 1 1 1 1 0 0 1 0 2 0 3 0 3 
0 0 0 1 1 0 1 1 0 0 0 0 1 2 2 0 3 0 
0 1 1 0 1 0 1 0 0 0 0 0 0 3 0 0 2 1 
0 0 1 1 1 0 0 0 0 1 0 0 0 1 1 1 0 1 
0 1 1 1 1 0 1 0 1 1 0 0 0 0 0 1 3 3 
1 0 0 0 1 0 0 1 0 1 1 0 1 0 0 0 0 3 
0 0 1 0 0 0 1 0 1 0 0 0 1 1 3 0 3 2 
0 1 1 1 1 1 0 0 0 1 1 0 0 1 3 3 1 3 
0 0 1 0 0 0 1 0 1 1 1 1 0 3 2 2 2 0 
0 0 0 0 0 1 0 1 1 0 1 0 0 3 1 1 2 2 
0 1 0 0 0 1 0 1 0 0 0 0 0 0 1 2 0 0 
0 1 0 1 1 1 0 1 1 0 1 1 0 1 0 2 1 3 
0 0 0 1 1 0 0 1 0 1 0 1 0 2 3 3 2 1 
0 0 0 1 1 0 0 0 0 1 0 1 0 0 2 3 0 2 
0 1 1 1 1 1 0 0 0 0 1 0 0 1 0 3 2 0 
0 1 0 1 1 0 0 0 1 0 0 1 0 3 2 3 3 3 
0 0 1 0 0 1 1 0 0 1 0 0 0 2 1 1 2 3 
0 0 1 1 1 1 0 0 0 0 1 0 0 0 3 1 1 0 
0 1 0 0 0 0 0 0 1 1 0 1 0 2 0 2 3 2 
1 0 0 1 1 1 1 0 1 0 0 1 0 3 0 0 1 0 
0 1 0 1 1 1 0 0 0 0 1 1 1 0 2 0 1 1 
1 0 0 0 0 0 1 0 0 1 1 1 1 0 0 0 2 2 
0 0 1 0 1 0 1 1 1 1 0 0 0 3 3 2 0 1 
1 0 0 0 1 0 1 0 1 0 0 1 1 2 0 0 3 1 
0 1 1 1 1 1 1 1 0 0 0 1 1 0 1 0 3 0 

# Size = 27 | Time = 72 ms
0 1 1 0 0 1 1 0 1 0 1 0 0 0 1 1 1 1 
0 0 1 1 1 0 0 0 0 0 0 1 0 0 2 2 1 1 
0 1 0 0 1 1 0 0 0 0 0 0 1 1 2 0 0 2 
0 1 0 0 1 0 1 0 0 1 0 1 0 2 0 2 3 3 
0 0 0 0 0 1 0 0 0 1 1 0 1 2 3 0 1 3 
0 0 1 1 1 1 1 0 1 1 0 1 0 3 1 2 0 3 
0 1 0 0 0 1 1 1 0 1 0 0 0 3 1 3 2 0 
0 0 0 0 0 0 1 1 0 1 1 1 0 1 2 1 0 1 
0 0 1 1 1 0 1 1 1 0 1 1 1 1 1 0 3 1 
0 0 1 1 1 0 0 1 1 1 1 1 0 1 0 3 1 2 
1 0 0 0 1 1 0 0 0 1 0 1 0 0 0 0 2 1 
0 0 0 1 1 0 0 0 1 1 0 0 0 3 2 1 3 0 
0 0 1 0 0 0 1 0 1 0 1 0 0 3 0 1 2 1 
0 1 1 1 1 0 1 1 1 0 0 1 0 2 3 2 1 0 
0 1 0 1 1 1 0 1 1 0 0 0 1 3 3 0 0 1 
0 0 0 1 1 1 1 1 1 0 0 0 0 2 2 3 2 3 
0 0 0 0 0 1 0 1 1 0 0 0 0 0 3 3 3 3 
0 1 1 0 0 0 1 0 1 0 1 0 1 0 3 0 2 2 
1 0 0 1 1 0 1 1 1 0 1 0 1 3 0 0 1 3 
0 0 0 1 1 0 0 1 0 1 1 0 0 1 3 1 2 3 
1 0 0 0 0 0 1 1 0 1 1 0 1 0 0 0 0 0 
1 0 0 1 1 1 0 1 0 0 1 0 1 3 0 0 3 2 
0 0 1 0 0 0 0 1 1 1 1 0 0 2 1 2 0 2 
0 1 0 1 1 0 1 0 1 1 1 0 0 2 2 3 0 1 
1 0 0 0 1 1 0 0 1 1 0 0 0 2 0 0 0 3 
0 1 1 0 1 1 1 0 0 1 0 1 0 2 0 1 1 2 
0 0 1 1 1 1 0 1 1 1 0 1 0 1 1 2 2 0 

# Size = 27 | Time = 69 ms
0 0 0 1 1 0 0 0 0 1 0 1 0 0 3 2 1 1 
0 0 0 0 0 1 1 0 0 1 0 0 0 3 2 0 0 0 
0 1 0 0 1 0 1 1 0 0 1 1 0 2 3 1 1 0 
0 0 1 0 1 1 1 0 0 0 1 1 1 3 0 0 1 2 
0 1 1 1 1 0 0 1 1 1 0 1 0 3 3 3 2 3 
0 0 0 1 1 0 0 1 0 1 1 0 1 2 3 0 3 3 
0 0 0 0 0 0 1 0 1 0 0 1 0 1 0 3 3 0 
0 1 0 0 0 0 1 1 1 0 1 0 0 0 3 2 2 2 
0 1 1 1 1 0 1 1 0 0 1 1 0 2 1 3 2 1 
1 0 0 0 0 1 1 0 1 0 0 1 0 3 0 0 3 3 
0 0 1 1 1 1 0 0 0 1 0 0 0 1 0 1 3 3 
0 0 0 0 0 1 0 1 1 1 0 0 0 3 1 2 3 1 
0 1 0 1 1 0 0 1 1 0 1 1 1 1 2 0 2 1 
1 0 0 1 1 0 0 1 0 0 1 1 1 0 0 0 0 1 
0 1 1 1 1 1 0 0 1 1 0 0 0 1 1 3 0 2 
0 1 1 1 1 1 0 1 1 0 0 1 0 0 2 2 0 0 
0 1 0 0 0 0 0 0 0 1 1 1 0 0 2 3 3 3 
1 0 0 0 0 1 0 0 1 1 0 0 1 2 0 0 2 0 
0 1 1 0 0 1 1 1 1 0 1 0 0 1 0 2 1 3 
0 0 0 1 1 0 1 0 1 1 1 1 0 2 2 2 1 2 
0 0 1 0 0 1 0 1 1 1 1 1 0 0 1 1 0 3 
0 1 1 0 0 1 1 1 0 0 0 1 0 1 3 3 1 3 
0 1 1 1 1 0 0 0 1 1 1 0 0 3 2 1 2 2 
1 0 0 1 1 1 0 0 1 0 0 1 0 0 0 0 1 2 
0 1 0 1 1 0 0 1 0 0 1 1 1 0 1 0 1 0 
0 1 1 0 1 0 0 1 1 0 0 0 0 2 3 1 0 1 
1 0 0 1 1 1 0 0 0 1 0 1 0 0 0 0 3 2 

# Size = 29 | Time = 68 ms
0 1 1 1 1 0 1 1 1 0 0 0 0 3 0 0 0 1 
0 0 1 0 1 1 0 1 0 1 1 0 0 1 3 3 3 3 
0 0 0 0 0 1 0 0 0 1 1 1 0 3 0 1 1 1 
0 1 1 1 1 1 1 1 1 0 1 0 0 2 2 1 1 0 
0 1 1 0 1 1 0 0 1 0 1 1 0 1 0 2 0 0 
0 1 0 0 0 0 1 1 0 1 0 1 1 0 1 0 3 2 
0 0 0 0 0 0 1 0 0 1 0 1 0 1 2 0 2 1 
0 0 0 1 1 0 1 1 0 0 0 0 0 3 2 2 0 2 
0 1 1 0 1 1 0 1 0 1 0 1 0 1 1 1 1 1 
0 0 0 0 0 0 0 1 1 1 0 0 1 2 1 0 2 0 
0 1 1 1 1 1 0 0 0 1 1 1 0 1 1 2 2 2 
0 1 1 0 0 0 1 0 1 1 0 1 0 2 3 2 0 2 
0 1 1 1 1 1 1 0 1 0 1 0 0 0 2 2 3 3 
0 1 0 1 1 0 1 0 0 0 0 1 0 0 2 3 2 0 
0 0 0 1 1 0 0 1 0 0 0 0 0 0 3 1 0 0 
0 1 1 0 1 1 1 0 0 1 1 1 1 2 3 0 2 1 
0 0 1 0 0 1 1 1 1 0 0 1 0 2 0 3 3 1 
1 0 0 0 1 1 1 1 1 1 0 0 0 3 0 0 2 3 
1 0 0 1 1 0 0 0 0 0 1 1 1 0 0 0 1 1 
0 0 0 1 1 0 0 1 1 0 1 0 0 3 1 2 1 1 
1 0 0 0 0 1 0 1 1 0 0 1 1 3 0 0 3 0 
1 0 0 0 0 0 1 1 0 1 0 1 1 2 0 0 1 3 
0 0 0 1 1 1 0 1 1 1 1 0 0 3 0 1 2 2 
0 1 0 1 1 1 1 0 0 1 0 0 0 3 1 3 0 2 
1 0 0 1 1 1 1 0 0 1 0 1 0 2 0 0 1 2 
0 0 0 1 1 1 0 1 0 1 1 1 0 3 3 3 1 3 
0 0 0 0 1 1 0 0 0 0 0 1 1 1 2 0 0 3 
0 1 1 0 0 0 0 1 1 1 0 0 0 2 1 1 3 3 
1 0 0 0 1 1 0 1 1 0 1 1 0 2 0 0 0 2 

# Size = 27 | Time = 74 ms
0 0 0 0 0 1 1 0 0 0 1 0 1 1 1 0 3 1 
0 0 1 0 1 0 1 0 1 0 0 0 0 2 1 1 1 1 
0 0 0 1 1 0 1 0 0 1 1 1 0 3 3 2 1 0 
0 0 1 1 1 0 1 0 1 0 0 0 0 0 2 3 2 3 
0 0 1 0 1 0 1 1 0 1 1 1 0 2 0 3 2 2 
0 1 1 0 0 0 1 1 1 0 0 0 0 3 2 2 1 2 
0 1 0 0 0 0 1 1 1 1 1 1 1 1 3 0 0 1 
0 1 1 1 1 1 0 0 1 0 1 1 0 0 0 2 0 0 
0 0 1 1 1 1 0 1 0 1 0 1 1 0 3 0 2 1 
0 1 0 0 0 1 0 1 0 1 1 1 0 3 2 1 2 3 
1 0 0 1 1 1 0 1 0 1 0 0 0 2 0 0 0 1 
0 1 0 1 1 1 0 1 1 1 0 1 1 0 1 0 1 2 
0 1 1 0 0 0 0 1 1 1 0 0 0 3 1 3 3 0 
0 1 1 1 1 1 0 0 0 1 0 0 0 1 2 3 0 3 
0 1 1 1 1 0 1 1 0 0 1 1 0 2 3 2 3 3 
0 0 0 0 1 0 0 0 0 1 0 1 0 1 1 2 2 2 
0 0 1 1 1 0 1 0 1 0 1 0 0 1 1 1 1 3 
1 0 0 0 0 0 1 0 1 0 1 1 1 3 0 0 0 3 
0 0 0 0 0 0 1 1 0 0 1 0 0 2 2 2 3 1 
1 0 0 0 0 1 0 1 1 1 1 1 1 2 0 0 3 0 
0 0 1 0 0 0 1 1 0 1 1 1 0 1 0 1 2 0 
1 0 0 0 0 1 1 1 1 0 0 0 1 0 0 0 2 2 
0 0 0 0 1 0 0 0 0 0 0 0 1 0 2 0 3 0 
1 0 0 1 1 0 1 1 1 1 1 1 1 3 0 0 1 1 
0 1 0 0 0 0 0 0 0 0 0 0 0 0 3 1 3 2 
0 1 0 0 0 0 0 0 0 1 1 0 0 2 1 1 0 2 
0 0 0 1 1 1 1 0 0 1 0 0 0 1 3 3 1 1 

# Size = 27 | Time = 65 ms
0 1 0 0 1 1 1 1 1 1 0 1 0 0 1 0 1 0 
0 1 1 1 1 0 1 1 1 0 0 1 0 1 3 1 3 3 
0 1 0 0 1 1 0 1 0 1 1 1 1 2 0 0 2 3 
0 1 1 0 0 1 0 0 1 0 1 0 0 0 1 3 3 3 
0 0 1 1 1 0 0 0 0 1 0 1 0 0 0 0 1 2 
0 0 1 0 1 0 1 0 1 0 1 1 0 1 2 2 2 0 
0 0 0 0 0 1 0 0 0 1 0 1 0 2 1 1 2 1 
0 1 1 1 1 1 0 1 1 0 0 0 0 3 2 1 0 2 
1 0 0 1 1 0 1 1 0 1 1 0 1 0 0 0 2 2 
0 0 0 0 0 1 0 1 0 1 1 0 0 0 3 1 1 2 
0 0 0 1 1 1 0 1 0 1 0 0 0 1 0 2 3 1 
0 0 0 1 1 0 1 0 0 1 1 1 0 3 0 3 0 3 
0 0 0 0 0 1 1 0 0 1 0 0 1 2 2 0 3 2 
0 1 1 1 1 0 1 0 0 1 1 0 0 2 1 2 0 2 
1 0 0 0 0 1 0 0 1 0 0 1 1 2 0 0 1 3 
0 1 1 1 1 0 1 1 0 0 0 0 0 2 2 3 1 3 
0 1 1 0 0 0 1 0 1 0 1 1 1 3 3 0 2 1 
0 0 1 1 1 1 0 0 0 0 1 0 1 1 1 0 0 0 
0 0 0 0 0 0 0 1 0 0 1 0 0 3 1 2 1 1 
0 0 1 0 0 0 1 1 0 1 0 0 0 1 1 3 2 2 
1 0 0 0 0 0 0 0 1 1 1 0 0 3 0 0 3 0 
0 1 1 0 0 0 1 1 0 1 1 0 0 0 2 2 0 1 
0 1 1 1 1 1 1 1 1 0 0 0 0 2 0 1 0 0 
0 0 1 1 1 0 0 1 1 1 1 0 0 2 3 3 0 0 
0 0 1 0 1 0 1 0 1 1 0 1 0 1 3 2 1 3 
1 0 0 0 0 0 1 0 0 1 0 1 1 3 0 0 0 1 
0 0 1 0 0 0 0 0 1 1 0 1 0 0 1 3 1 1 

# Size = 29 | Time = 69 ms
0 1 0 1 1 0 1 0 0 0 0 0 0 3 0 3 1 1 
0 1 0 0 0 1 1 0 0 0 1 1 0 2 3 0 0 2 
0 1 1 1 1 1 1 0 0 0 0 1 0 0 1 2 2 3 
0 0 1 1 1 1 0 0 1 0 0 0 1 1 0 0 1 3 
0 0 1 0 1 1 0 0 0 1 1 1 1 3 0 0 2 0 
0 1 1 0 0 1 0 0 0 1 1 0 1 1 2 0 0 2 
0 0 1 1 1 0 1 0 1 1 0 0 0 2 1 1 2 2 
0 1 0 0 1 0 1 1 0 0 1 1 0 1 1 1 3 0 
0 0 0 1 1 0 0 1 1 1 1 1 0 1 1 2 0 1 
0 0 0 1 1 0 1 1 1 1 1 0 0 0 2 0 1 0 
0 0 1 0 0 1 0 1 0 1 1 0 1 2 1 0 1 1 
0 1 1 0 0 1 0 1 0 1 0 1 0 0 0 1 1 1 
0 1 1 0 0 1 0 1 1 0 1 1 0 3 2 3 1 2 
0 0 1 0 0 0 0 1 0 1 1 0 0 0 1 3 0 3 
0 0 1 1 1 0 0 0 1 1 1 0 0 1 3 3 1 1 
1 0 0 1 1 0 0 1 0 1 1 0 1 3 0 0 2 3 
0 0 1 1 1 1 0 0 1 1 0 0 0 2 2 1 3 3 
0 0 1 0 0 1 0 1 0 0 0 1 0 1 3 3 2 1 
0 1 1 0 1 1 0 1 1 1 0 0 0 3 3 1 0 3 
0 0 1 1 1 1 1 0 1 0 1 0 1 0 2 0 2 2 
0 0 1 0 0 1 1 1 0 0 1 0 0 2 0 2 3 2 
0 1 1 0 1 1 0 0 0 0 1 0 1 3 1 0 3 1 
1 0 0 0 0 1 1 0 1 0 0 1 0 0 0 0 3 2 
1 0 0 0 1 1 0 0 1 1 0 0 0 2 0 0 1 1 
0 0 0 0 0 1 1 0 0 0 1 1 0 3 2 2 1 1 
1 0 0 0 0 0 1 1 1 0 0 0 1 2 0 0 0 0 
0 0 1 0 1 0 0 1 0 0 1 0 0 2 3 3 3 0 
0 0 1 1 1 0 0 1 1 1 1 1 1 0 3 0 3 2 
0 1 0 1 1 0 1 1 0 0 0 0 0 1 3 2 2 0 

