# Size = 19 | Time = 419 ms
0 0 0 1 2 1 0 0 0 0 0 1 1 0 0 0 1 1 0 0 0 0 1 1 1 1 0 1 3 0 1 1 1 1 1 0 0 1 0 1 0 0 1 0 0 1 0 1 0 0 0 1 
1 1 0 0 1 0 1 1 0 0 1 1 0 0 1 0 1 1 0 0 2 0 0 0 1 1 1 1 0 1 1 1 1 0 1 1 1 1 0 1 0 1 0 1 1 1 1 0 0 1 0 1 
0 1 1 1 2 1 1 0 0 0 1 1 1 0 0 0 0 1 0 0 2 0 1 1 0 0 0 1 2 0 1 0 1 0 1 0 1 0 1 0 0 1 1 1 1 0 1 0 0 0 0 1 
0 0 1 1 1 1 1 0 1 1 0 1 0 0 0 0 0 0 0 0 3 1 1 1 1 0 0 0 0 0 1 1 0 0 0 1 1 1 1 1 0 1 0 0 0 1 0 0 1 1 1 1 
1 0 0 0 0 1 1 0 1 1 1 1 0 1 0 1 0 0 0 0 0 1 0 1 0 0 1 0 3 1 0 1 0 0 1 0 1 1 0 1 0 0 1 1 1 1 1 0 1 1 1 0 
1 0 0 1 0 0 1 0 1 1 0 0 0 1 1 0 1 0 1 1 1 1 1 1 1 1 1 1 2 0 0 0 0 1 0 0 0 1 0 0 1 0 1 0 0 1 0 0 1 0 1 1 
1 0 0 0 2 0 0 1 1 1 0 1 0 1 1 0 1 0 0 1 2 1 1 1 0 1 1 0 1 0 0 0 0 1 0 0 1 1 0 1 1 0 0 0 0 1 0 1 0 0 1 0 
0 1 1 1 1 0 0 0 1 1 1 1 1 0 0 1 0 1 1 0 1 0 0 0 0 0 1 0 3 1 1 0 0 0 0 1 1 1 0 0 1 1 0 0 0 0 1 1 0 1 0 1 
0 1 1 0 1 0 0 1 1 0 0 0 0 1 1 1 1 1 1 1 0 1 0 0 1 1 0 0 2 1 0 0 1 1 0 1 1 0 1 1 1 1 0 1 1 1 1 0 0 1 0 0 
1 1 1 0 2 1 0 1 0 0 1 0 1 0 1 1 0 1 1 0 3 1 0 0 0 1 1 1 0 0 0 1 1 1 1 0 0 0 0 0 1 0 1 1 1 0 1 1 0 0 1 1 
0 1 1 1 0 1 0 1 0 0 0 0 1 0 1 1 1 1 1 1 2 0 1 0 0 1 0 0 0 1 1 1 1 0 1 1 0 0 1 1 0 1 0 0 0 0 1 0 1 0 0 1 
0 1 1 1 2 1 1 0 0 0 1 0 1 0 0 1 0 1 1 0 1 0 0 0 1 0 0 1 1 1 1 1 1 0 1 1 0 0 1 0 0 1 1 1 1 0 1 0 1 1 0 1 
1 1 0 1 0 0 1 1 0 0 1 1 1 1 1 0 1 0 1 1 3 0 0 0 0 0 1 1 1 1 1 0 0 1 0 1 0 0 1 0 1 0 1 1 1 1 0 1 0 1 0 0 
1 0 0 1 1 1 0 1 0 1 1 0 0 0 1 0 0 0 0 1 2 0 0 0 1 1 0 1 3 0 0 0 1 0 1 0 0 0 1 1 1 1 1 1 0 0 0 1 0 0 1 1 
1 0 0 1 1 1 0 1 0 0 1 1 1 0 0 1 0 0 0 1 0 1 1 1 1 1 0 1 1 1 1 0 0 0 0 1 0 0 1 0 1 0 0 1 0 1 1 1 0 0 1 0 
1 1 1 0 0 0 1 0 0 0 0 0 1 1 1 1 1 0 0 0 3 0 0 1 1 1 0 0 3 1 0 0 1 0 0 0 1 1 0 0 1 1 1 1 0 1 1 1 0 1 0 0 
0 0 1 0 1 1 0 0 0 0 0 1 1 0 1 1 0 0 0 0 3 1 1 0 1 0 0 0 2 1 1 1 0 1 1 0 1 1 0 1 0 1 0 1 1 0 1 1 0 1 0 1 
1 0 0 0 1 1 1 1 1 0 1 1 0 1 1 0 0 0 0 0 0 1 1 1 0 0 0 1 0 1 1 0 0 1 0 0 0 0 0 0 1 0 0 1 1 0 1 1 0 0 0 1 
1 0 1 0 0 1 1 1 0 0 0 1 1 0 1 1 1 1 0 0 1 1 1 1 1 0 1 1 0 1 0 1 1 1 1 0 1 0 0 1 1 1 0 0 0 1 1 1 0 0 1 0 

# Size = 20 | Time = 390 ms
0 0 0 0 2 0 1 1 1 1 0 0 1 0 1 0 0 1 1 0 1 1 0 0 1 1 1 0 0 1 1 0 0 0 1 0 1 1 1 0 1 0 1 1 0 0 0 0 0 0 1 1 
0 1 1 1 0 0 0 1 1 1 1 1 0 0 1 0 0 1 0 0 2 0 0 1 1 0 0 0 1 1 1 0 0 1 0 1 1 1 0 1 0 1 0 1 1 1 1 0 0 1 0 1 
0 1 0 1 2 1 0 1 1 0 1 1 0 1 0 1 0 0 0 1 3 1 1 0 1 0 0 1 0 0 1 1 1 1 0 0 1 1 1 0 0 1 1 1 0 1 1 1 0 0 1 1 
1 0 0 0 1 1 1 0 1 1 0 1 1 1 1 0 0 1 0 1 0 0 1 0 0 0 1 1 1 1 0 1 1 0 0 1 1 1 1 0 1 1 1 1 0 1 0 0 0 1 1 1 
0 0 1 1 2 1 1 1 1 1 0 0 0 0 1 0 0 1 0 1 0 1 0 1 1 0 0 0 2 1 1 0 1 0 1 1 0 1 1 1 1 1 1 1 1 0 1 1 0 1 1 1 
0 0 0 1 0 0 1 0 1 0 0 0 1 1 1 0 1 0 1 1 3 0 1 1 0 1 1 1 2 0 1 1 1 1 1 0 1 1 0 0 1 0 0 0 0 1 1 1 0 0 0 0 
1 1 1 0 2 0 0 0 0 0 1 0 1 0 0 1 1 0 0 1 0 1 0 0 0 1 1 1 2 0 0 0 0 0 0 1 0 0 0 0 0 0 1 1 1 1 1 0 1 0 0 0 
1 1 1 1 1 0 1 1 1 0 0 1 1 1 0 0 1 0 1 0 1 1 1 0 1 1 0 0 3 1 0 0 0 1 1 1 1 0 0 1 0 0 1 0 0 1 0 1 0 1 0 1 
1 0 0 0 2 1 1 0 1 1 1 1 0 1 0 1 1 0 1 1 2 1 1 1 1 0 1 1 1 0 0 1 1 0 1 0 0 0 1 0 1 0 1 0 0 0 1 0 1 0 1 1 
1 0 0 0 1 1 0 1 0 0 1 1 0 1 1 1 0 1 1 0 0 1 0 1 0 1 1 1 2 1 1 1 0 1 1 0 0 0 1 1 1 1 0 0 0 0 1 1 0 0 0 1 
1 0 1 0 0 1 1 0 0 1 1 1 0 1 0 0 1 1 1 0 3 0 0 0 0 0 0 0 0 1 0 0 0 1 1 1 0 0 0 1 1 1 1 1 1 1 0 0 1 1 0 0 
0 1 0 0 2 1 0 0 0 1 1 0 0 0 0 1 0 1 0 1 3 0 0 1 0 0 1 1 3 0 1 1 1 0 0 0 0 1 0 0 1 1 0 1 1 0 1 0 1 0 1 1 
0 0 1 1 1 1 0 1 0 0 0 0 1 0 1 0 0 1 1 0 2 1 1 0 0 1 0 0 2 0 0 1 1 0 0 0 1 0 1 1 1 1 0 1 1 1 0 1 0 1 1 0 
0 0 0 1 0 1 1 0 0 0 0 0 1 1 1 0 0 0 1 0 2 0 1 1 1 1 0 1 3 1 1 1 0 0 1 0 1 1 1 0 0 0 0 0 0 0 0 0 1 0 1 1 
1 0 0 1 0 1 0 1 0 0 1 0 0 0 0 1 0 0 1 1 1 1 0 1 0 0 0 1 1 0 1 1 1 0 0 0 0 1 0 0 0 1 0 1 1 1 1 0 1 1 0 0 
1 0 1 0 1 0 1 0 0 0 0 1 1 0 1 1 1 0 0 0 2 0 1 1 0 1 0 0 0 0 1 1 1 1 0 1 1 0 1 1 1 1 0 0 0 1 1 0 1 1 0 1 
0 0 0 0 0 1 0 1 0 1 0 0 0 0 0 0 0 1 0 1 0 1 1 1 1 0 0 1 0 1 0 1 0 0 0 0 0 0 1 0 0 1 0 0 0 1 1 1 0 0 0 1 
0 1 0 1 1 1 0 1 1 0 1 0 0 1 1 0 1 0 0 0 0 0 0 0 1 0 0 1 3 0 1 0 0 0 1 0 1 1 1 1 1 1 0 0 0 1 1 1 0 0 0 0 
0 0 0 1 1 0 0 0 1 1 0 1 0 0 1 1 0 0 0 1 3 1 0 1 1 1 0 1 1 0 1 1 0 1 1 1 1 0 1 0 1 1 0 1 0 1 1 1 0 1 0 1 
1 1 0 1 1 1 1 0 0 1 1 1 1 1 1 0 0 0 0 0 1 0 1 1 1 0 1 0 2 0 1 1 1 0 1 0 0 1 1 1 0 1 0 1 0 1 1 0 1 0 1 0 

# Size = 20 | Time = 422 ms
1 1 1 1 0 1 0 0 0 0 1 1 1 0 0 1 1 1 1 1 3 0 1 0 0 1 1 0 0 0 1 0 1 0 0 0 0 0 1 1 0 1 0 1 1 1 1 0 1 0 1 1 
1 0 1 0 2 1 0 1 0 1 1 1 0 0 0 0 1 0 0 0 1 0 1 0 1 0 0 1 0 0 0 0 0 1 0 0 1 1 1 1 1 0 0 1 0 1 1 0 1 0 0 0 
1 0 0 0 2 1 0 1 0 1 0 0 0 0 1 0 0 0 1 0 3 0 0 0 1 1 1 1 2 1 1 0 1 1 1 1 1 1 0 0 1 0 1 1 1 0 1 1 0 0 1 1 
0 1 1 0 1 1 1 1 0 1 0 0 0 1 0 0 0 0 1 0 0 0 0 1 0 1 1 1 3 1 1 1 0 0 0 1 1 0 1 1 1 0 0 0 0 1 1 0 1 0 1 1 
0 1 0 0 1 1 0 0 1 0 0 0 0 0 0 0 1 1 1 1 2 1 0 1 1 0 0 1 2 1 1 1 0 0 1 1 0 1 1 0 1 0 1 1 1 1 1 1 0 1 1 0 
1 0 0 1 1 0 1 0 0 0 1 0 1 0 0 1 1 0 0 1 3 0 1 0 0 0 0 0 1 0 0 1 0 1 1 1 1 0 0 1 0 1 1 1 0 1 1 0 1 0 1 0 
0 0 0 1 2 0 1 0 1 1 1 1 0 0 1 1 0 1 0 0 1 1 0 1 1 1 0 0 3 1 0 0 1 1 1 0 0 0 0 0 0 1 0 1 1 1 1 0 0 1 0 0 
0 0 0 1 2 0 1 1 1 1 1 1 1 1 1 0 0 0 1 1 2 1 1 0 1 1 1 0 1 0 0 0 1 1 0 0 1 1 0 0 1 1 0 0 0 1 0 1 0 1 0 0 
1 1 0 1 0 0 1 1 1 0 1 1 0 1 1 0 1 1 0 1 0 0 1 0 0 0 1 0 2 0 1 0 1 1 1 1 1 0 0 1 0 0 0 0 0 0 0 0 1 1 0 1 
0 0 0 0 1 0 1 0 1 0 0 1 1 1 1 0 0 0 0 0 3 1 1 1 0 0 0 0 0 1 0 1 1 0 0 0 0 0 1 1 0 1 1 0 0 0 0 1 0 0 0 1 
1 1 1 1 2 0 0 0 0 0 0 0 0 1 1 0 1 1 1 1 0 1 0 1 0 0 0 1 1 1 1 1 0 0 1 0 0 1 0 0 0 1 1 1 1 1 0 0 1 1 0 0 
1 0 1 0 0 1 0 0 0 0 0 0 1 0 0 0 1 0 0 1 2 0 1 0 1 0 0 1 3 0 0 1 0 1 0 1 1 1 0 1 1 0 1 0 0 0 0 0 1 0 0 1 
1 1 1 1 1 1 1 1 0 0 0 0 1 1 0 0 0 0 1 1 1 0 0 1 0 1 1 0 0 0 1 1 1 0 1 1 0 1 0 0 0 1 1 0 0 0 0 0 1 1 1 1 
0 1 1 0 0 1 1 1 1 1 1 1 0 0 1 0 0 0 1 0 1 1 0 1 0 1 1 0 1 1 1 0 0 0 1 1 1 0 1 0 0 0 1 1 0 1 0 1 0 1 0 0 
1 1 1 0 1 1 1 1 1 0 0 1 1 1 0 1 1 0 0 0 0 0 1 1 1 1 0 1 2 0 0 0 1 1 0 0 0 1 1 0 1 1 0 0 0 0 1 1 0 0 1 1 
0 0 1 1 0 1 0 1 0 0 0 0 1 0 0 0 0 1 0 1 3 1 1 1 1 0 1 1 3 0 0 0 1 1 1 1 0 0 0 0 1 1 0 1 0 1 1 1 0 1 0 1 
0 0 1 0 2 1 1 1 1 1 0 1 1 0 1 1 0 0 1 0 0 0 0 0 0 0 0 1 0 0 0 1 1 1 0 1 0 1 0 1 1 0 0 0 0 0 1 1 0 1 1 1 
1 1 0 1 1 0 0 1 1 1 0 0 1 0 1 1 0 0 0 0 1 0 0 1 0 1 0 1 2 1 0 1 1 0 1 1 0 0 0 1 1 1 1 0 0 0 1 1 0 0 1 1 
0 1 0 1 0 0 0 1 0 1 0 1 0 1 0 1 1 1 1 0 2 1 1 1 0 0 0 1 0 0 1 1 0 1 0 0 0 0 0 1 0 0 1 1 1 1 1 1 0 1 0 0 
1 0 0 0 1 0 1 1 1 0 0 1 1 0 0 0 1 0 1 1 3 1 1 1 0 0 1 1 1 0 1 0 0 0 0 0 0 0 0 0 0 0 0 0 0 0 0 0 1 0 0 1 

# Size = 18 | Time = 399 ms
1 1 1 0 1 1 0 1 0 1 0 1 0 0 1 0 0 1 0 0 3 0 0 1 0 1 0 0 3 1 1 0 0 0 0 0 1 0 1 1 1 0 1 0 0 0 1 1 0 1 0 1 
0 0 0 1 1 1 1 1 1 0 1 1 1 1 1 1 0 0 0 0 2 0 0 0 0 1 0 1 1 0 1 1 1 1 1 0 0 1 0 0 0 1 0 1 1 0 1 0 1 1 1 1 
1 1 0 0 0 0 1 1 1 1 0 0 1 0 0 0 0 0 1 0 1 0 1 0 0 0 0 1 2 0 0 1 0 1 1 0 1 0 1 1 1 0 1 1 0 0 1 1 0 0 0 1 
0 0 0 1 2 0 0 0 1 1 0 0 0 1 0 1 0 0 1 0 0 1 1 0 1 0 1 0 3 1 1 1 1 0 1 0 0 1 1 1 1 0 0 1 1 1 1 1 0 0 0 1 
0 0 0 0 2 0 1 0 1 1 0 1 0 0 1 1 1 0 1 1 3 0 0 0 0 1 1 1 0 0 0 1 1 1 1 1 0 1 1 1 0 1 1 1 0 0 1 1 0 0 1 1 
0 1 0 1 0 0 1 0 1 0 1 1 0 0 0 1 1 1 0 0 1 1 1 1 0 1 1 0 3 0 0 0 1 0 1 0 0 0 1 0 1 1 0 0 0 1 1 0 1 1 0 0 
0 0 1 0 0 1 0 0 1 0 0 1 1 1 1 0 1 1 0 1 3 0 1 1 1 0 1 1 1 0 1 0 0 1 0 1 0 0 0 0 0 0 1 1 1 1 0 0 1 0 0 0 
1 1 1 0 2 1 1 1 0 0 0 0 0 0 0 0 1 1 1 1 2 1 0 0 0 1 1 0 2 1 0 0 0 0 0 1 1 1 1 1 1 1 1 0 0 1 0 1 0 1 0 0 
1 0 1 1 1 0 0 0 0 1 1 0 1 1 0 0 0 1 0 0 2 1 1 1 1 0 0 0 0 1 1 1 0 0 0 0 1 0 0 0 1 0 0 0 0 1 0 0 1 0 1 0 
1 1 1 1 2 1 1 1 0 0 1 1 0 0 1 1 1 1 0 0 0 1 0 1 1 1 0 1 2 0 1 0 0 1 0 1 0 0 0 0 0 1 0 1 1 0 1 0 1 1 1 1 
1 1 1 1 2 0 0 0 0 1 1 0 0 1 1 1 0 0 1 1 3 1 0 1 0 1 0 0 1 1 0 0 1 1 0 0 1 1 0 0 0 1 0 0 0 1 1 1 0 0 0 0 
0 1 0 1 2 1 0 1 0 0 1 1 1 1 1 0 0 0 1 1 1 1 0 1 1 0 1 1 0 1 1 1 0 0 0 1 1 1 0 1 0 1 1 1 1 1 0 0 0 1 0 1 
1 1 0 1 0 1 1 0 0 0 1 1 1 0 0 0 0 0 0 1 2 0 0 0 1 0 0 1 3 1 0 0 0 1 1 1 1 1 0 1 0 1 0 0 0 0 0 1 0 1 1 1 
0 0 0 0 1 1 0 0 0 0 1 1 1 1 1 0 1 0 1 1 0 0 1 1 1 1 1 0 2 1 0 1 1 0 0 1 1 1 1 1 0 1 0 0 0 1 0 0 1 1 0 0 
0 1 1 0 0 0 1 0 1 0 0 0 0 1 0 1 0 0 0 0 0 0 0 0 0 1 0 0 0 1 0 0 0 1 0 0 1 1 0 1 1 1 1 1 1 0 1 1 0 0 1 1 
0 0 1 0 1 0 1 1 1 1 0 1 1 0 0 1 1 1 1 1 1 0 0 0 1 1 1 1 1 1 0 1 0 0 1 0 0 1 1 1 1 0 0 0 0 0 1 0 0 0 1 1 
1 0 1 1 1 0 1 0 1 1 1 0 1 0 0 1 1 0 1 1 3 0 0 0 0 0 0 1 2 0 1 1 0 1 1 0 0 1 1 1 0 0 1 1 0 1 1 0 1 0 1 0 
0 1 0 1 2 1 1 1 1 0 1 0 0 0 0 0 1 1 0 0 0 1 1 0 0 0 1 0 1 1 0 1 0 0 1 0 0 1 1 0 1 1 0 0 0 0 1 0 0 0 0 1 

# Size = 19 | Time = 401 ms
0 0 0 0 2 0 1 1 0 1 1 0 0 1 1 0 1 1 1 1 2 0 1 1 1 0 1 0 3 1 1 1 1 1 0 1 1 1 1 0 1 0 1 0 0 0 1 0 1 0 1 1 
1 0 0 0 0 1 0 1 1 0 1 1 1 1 1 1 1 0 0 1 3 0 0 1 0 1 0 0 2 0 1 0 1 1 0 1 1 1 0 1 1 0 1 0 0 1 1 0 1 0 0 1 
0 0 0 1 2 0 0 0 1 1 0 1 1 0 0 0 1 0 0 0 1 1 0 1 0 1 1 0 3 0 1 0 1 1 0 0 1 1 1 1 0 1 0 1 1 0 1 1 0 1 0 1 
1 1 0 1 0 0 0 0 0 1 1 0 0 0 0 0 0 1 0 1 3 1 0 0 1 0 1 1 0 0 0 0 1 0 1 0 0 1 1 0 0 1 1 1 0 1 0 0 1 0 0 1 
0 1 0 0 2 0 1 0 0 0 1 0 0 1 1 0 0 1 1 1 3 0 0 1 0 0 0 1 2 0 1 1 1 1 1 1 0 0 0 0 0 0 1 1 0 1 1 0 0 0 0 0 
1 0 1 1 2 0 0 0 0 1 0 1 1 1 1 0 0 1 1 1 2 1 1 1 1 0 0 0 1 1 1 1 0 1 1 1 1 1 0 1 0 0 1 0 0 1 0 1 0 0 0 1 
0 1 0 1 1 1 1 1 1 0 0 1 0 0 0 1 0 1 1 1 2 0 0 1 0 0 1 0 0 0 1 0 0 0 0 0 1 0 0 1 1 1 0 0 0 1 1 0 0 0 0 0 
1 1 1 0 0 0 1 0 1 0 0 0 0 0 1 0 1 0 0 1 0 0 0 0 1 0 1 1 2 0 0 0 1 1 0 1 1 1 1 1 1 1 1 1 0 1 0 1 0 0 1 1 
1 0 1 0 0 1 0 1 1 1 0 0 1 0 0 1 0 0 0 0 2 1 1 0 1 1 0 1 2 1 0 1 0 0 1 0 0 0 1 0 1 1 0 1 0 1 1 0 1 1 1 0 
1 1 1 0 1 1 1 1 1 0 1 0 0 1 0 0 0 0 0 1 1 0 1 0 1 0 0 1 1 0 0 1 0 0 0 1 0 0 1 0 1 0 1 1 0 1 1 0 1 1 1 0 
0 0 0 0 2 1 0 1 0 1 1 1 0 1 1 1 0 1 1 0 0 1 1 1 0 1 0 0 0 1 0 1 0 0 1 1 0 0 0 0 0 0 0 1 1 0 1 1 0 1 1 1 
0 0 0 1 0 0 1 1 0 0 0 1 1 0 1 0 1 0 1 0 3 0 1 0 0 1 1 1 1 1 0 0 0 0 1 0 0 0 0 1 0 0 1 0 0 1 0 1 0 0 1 0 
1 1 1 1 1 1 0 0 1 1 0 1 1 1 0 0 0 0 0 0 0 1 0 0 0 1 0 1 3 1 1 1 0 1 1 0 0 0 1 1 0 1 0 0 0 0 0 1 0 1 0 1 
0 0 1 1 1 0 1 0 1 0 0 0 1 0 1 1 1 1 1 1 0 1 0 0 0 1 1 1 1 1 1 0 1 1 0 1 1 1 0 1 1 1 0 1 1 1 1 0 1 0 1 0 
1 1 0 1 0 0 0 0 0 0 0 1 0 1 1 1 1 1 1 0 2 0 1 0 1 0 0 1 3 0 0 0 1 0 1 0 0 0 0 1 0 1 1 1 1 1 1 1 0 1 0 0 
1 1 1 1 1 0 0 1 0 0 1 1 0 1 1 1 0 1 1 1 1 1 0 0 0 0 0 0 2 1 1 0 0 0 1 0 1 1 0 0 0 0 1 1 1 0 1 1 0 0 1 1 
0 1 1 0 1 0 1 1 0 1 0 0 1 1 1 0 1 0 0 1 3 1 0 1 0 0 0 0 3 1 0 1 1 1 0 0 0 0 0 0 1 0 0 1 1 0 0 0 0 1 0 1 
1 1 1 1 0 1 0 0 0 0 1 1 1 0 0 0 1 0 1 1 1 1 1 0 0 1 1 1 0 1 0 1 0 1 1 1 1 0 1 0 1 0 0 0 0 0 0 0 0 1 1 1 
0 0 0 0 2 0 0 0 0 0 1 1 1 0 1 1 0 1 1 1 1 1 0 0 0 1 0 0 1 1 0 1 0 1 0 0 0 0 1 0 0 0 0 1 1 0 1 0 1 1 0 1 

# Size = 19 | Time = 400 ms
0 1 1 0 1 0 1 0 0 1 0 0 0 1 0 1 1 0 0 0 2 0 1 1 0 0 1 0 0 0 1 1 1 0 1 1 1 1 1 1 1 1 1 1 0 0 1 0 0 1 0 1 
1 0 1 1 0 0 1 0 0 0 1 1 1 0 0 1 0 0 0 1 3 0 1 1 1 0 0 0 3 1 0 0 1 1 0 0 1 0 1 1 1 0 0 1 1 1 1 0 1 1 0 1 
1 1 0 0 2 1 0 1 1 1 1 1 0 1 0 0 1 1 0 0 3 0 1 0 1 1 0 1 3 1 1 1 1 0 0 0 1 1 1 0 0 1 0 0 0 0 1 1 0 0 0 1 
1 0 1 0 2 1 0 0 0 0 1 1 0 0 1 1 1 0 1 1 1 0 1 1 0 0 0 0 1 0 1 0 1 1 0 1 1 0 0 1 1 1 1 1 0 1 1 0 1 0 1 0 
1 1 0 0 1 1 1 1 0 1 1 0 0 1 1 0 1 0 0 1 0 1 1 0 1 0 1 0 1 1 0 0 1 1 0 1 1 1 0 0 0 0 0 1 0 0 1 1 0 0 0 1 
0 1 1 0 2 1 0 0 0 0 0 1 0 1 1 0 1 0 1 0 1 0 1 0 0 0 1 1 0 0 0 1 0 0 0 0 0 1 1 0 0 0 0 0 0 1 1 0 1 0 0 0 
0 0 0 1 2 1 1 0 1 1 0 0 1 0 0 0 0 0 1 0 0 1 1 0 0 1 0 0 0 1 0 0 1 1 0 0 1 0 0 1 1 1 0 1 1 0 1 1 0 0 0 1 
0 0 0 1 2 1 1 1 1 0 1 1 0 1 1 0 0 0 0 0 3 0 0 1 1 0 1 0 0 0 0 1 0 1 1 1 1 0 1 1 1 0 1 1 0 1 0 0 0 0 0 0 
0 0 1 0 0 1 0 1 1 1 1 1 0 1 1 1 1 1 1 0 0 1 0 1 1 1 1 1 2 0 1 1 0 0 1 1 1 1 1 0 0 0 1 0 0 1 1 0 1 1 1 0 
0 1 0 1 0 0 0 1 1 0 0 0 1 1 0 1 0 1 0 0 1 1 0 0 0 1 1 1 1 1 1 1 0 1 0 1 0 1 0 0 0 1 0 0 0 0 1 1 0 1 0 1 
0 0 0 0 1 0 1 1 1 0 0 0 1 0 0 0 0 1 1 1 3 1 0 1 0 1 0 1 1 0 0 1 0 0 1 0 0 0 0 1 0 1 1 1 1 1 0 0 1 0 1 0 
0 1 1 1 0 0 1 0 0 0 0 0 1 0 1 0 0 1 0 1 0 0 1 0 0 1 1 0 3 0 0 0 0 0 1 1 0 1 0 1 1 0 0 0 0 0 0 1 0 0 1 1 
1 0 0 1 0 1 1 0 0 1 0 0 0 1 0 0 0 0 0 1 2 0 1 0 1 0 1 0 2 1 0 0 1 1 0 1 0 0 0 1 0 1 0 1 1 0 0 1 0 0 0 1 
1 1 1 1 0 1 1 0 0 1 0 0 0 1 1 0 1 1 0 1 1 1 0 1 1 0 1 1 0 1 1 0 1 0 1 0 0 1 0 1 1 0 1 1 1 1 0 1 0 1 1 0 
1 1 1 1 1 1 0 1 0 0 0 1 1 0 1 0 1 0 1 1 1 0 1 1 0 1 0 1 2 0 1 1 0 0 1 0 1 0 0 0 1 0 1 0 0 0 0 0 1 0 1 1 
0 1 0 0 1 1 0 1 1 0 1 1 1 0 1 1 0 1 1 1 2 1 0 0 1 1 0 1 3 0 1 0 0 0 0 0 0 1 1 0 1 0 1 1 1 1 1 0 1 1 1 0 
1 1 0 0 2 0 1 0 1 0 1 1 1 1 1 0 1 1 0 0 3 0 1 1 0 1 1 1 2 0 1 0 1 0 1 0 0 0 0 0 1 1 0 1 0 0 1 0 1 1 0 1 
1 1 1 1 0 1 0 1 1 1 0 0 1 1 1 1 0 1 1 1 1 0 1 1 0 1 1 1 3 1 1 0 1 0 1 0 0 0 0 0 0 1 0 0 0 1 1 1 0 1 0 1 
1 0 1 0 2 0 1 1 1 1 0 0 0 0 1 0 0 1 0 1 2 1 0 1 1 0 0 0 1 1 1 1 1 1 0 1 0 0 1 1 0 0 0 0 0 1 0 0 0 1 0 0 

# Size = 19 | Time = 398 ms
0 0 1 1 2 0 1 0 0 1 1 0 1 1 1 1 1 1 1 0 1 1 1 1 1 0 1 0 3 0 0 0 1 1 1 1 1 0 0 0 0 1 1 1 1 1 1 1 0 0 1 0 
1 0 1 0 1 0 1 0 1 1 1 1 0 1 1 0 1 1 0 1 0 0 1 1 1 0 1 0 1 1 1 0 0 1 1 0 0 1 1 1 1 0 0 1 1 1 1 0 0 0 0 1 
0 1 0 0 1 1 0 0 0 1 1 1 1 1 0 1 0 1 1 0 2 0 0 0 1 1 1 1 0 0 1 0 1 1 1 0 1 0 1 1 0 0 1 1 0 1 1 1 0 0 0 0 
0 0 1 0 2 0 1 0 1 0 0 1 0 1 0 0 0 0 1 0 2 0 1 1 1 0 0 1 1 1 1 0 0 0 1 0 0 1 1 0 0 0 0 0 0 0 0 0 0 0 1 1 
1 1 0 0 1 0 1 1 1 1 0 0 1 1 0 1 1 0 1 1 1 0 0 1 0 1 1 0 1 0 0 1 0 1 1 0 1 0 0 1 1 1 0 0 0 0 1 1 0 0 1 1 
0 0 1 1 1 1 0 1 0 0 1 0 0 0 1 0 1 1 0 1 3 0 1 0 0 1 0 0 3 0 0 1 1 0 1 1 0 1 1 0 1 1 1 1 1 1 0 0 1 0 0 1 
1 1 1 0 0 0 0 1 0 0 0 1 0 0 1 0 1 0 0 0 0 1 0 1 0 0 0 0 0 1 0 1 1 0 0 1 0 1 0 0 0 0 0 0 0 1 1 0 1 0 0 0 
0 1 1 1 1 1 1 1 0 1 0 0 1 1 1 0 0 0 0 1 0 1 1 0 0 1 1 1 2 1 0 0 1 0 1 1 0 1 0 1 0 0 1 1 1 1 0 0 1 0 0 0 
1 1 1 1 2 1 0 0 0 0 0 0 0 0 1 1 1 1 0 1 2 1 0 1 0 0 0 0 1 1 0 1 1 1 0 1 1 0 0 1 1 1 0 1 1 0 1 0 1 1 0 1 
1 1 0 0 0 1 1 1 0 0 0 0 1 1 0 0 0 0 1 1 2 1 1 0 0 1 1 0 3 0 1 0 0 1 0 0 1 0 1 1 0 1 0 0 0 1 0 0 1 1 1 0 
1 0 0 0 0 0 0 0 1 0 1 1 0 0 0 1 1 1 0 0 1 0 0 1 1 0 0 0 2 1 1 1 0 0 0 0 0 1 1 0 1 0 0 0 0 0 1 1 0 1 0 1 
0 0 0 0 2 1 1 1 1 1 1 0 1 0 1 1 1 0 1 1 3 1 1 1 1 1 1 1 0 1 1 0 1 1 1 0 0 0 0 1 1 0 0 0 0 1 1 1 0 1 1 0 
0 1 0 1 2 0 0 1 1 1 1 1 0 1 0 0 1 1 1 1 2 1 0 0 1 0 0 1 2 0 1 0 0 1 0 1 1 0 1 0 1 1 0 0 0 0 0 1 0 0 1 1 
0 1 0 1 0 1 0 0 1 1 0 0 1 0 0 0 0 0 0 0 1 1 1 0 1 0 0 1 1 0 1 1 0 0 1 0 1 0 1 1 1 1 1 1 1 1 0 0 1 1 1 0 
1 1 1 1 0 0 1 0 0 1 0 1 0 1 0 0 0 0 1 0 3 1 0 0 1 0 0 1 2 0 0 0 0 0 0 0 1 1 0 0 0 0 1 0 0 0 1 1 0 0 0 1 
0 0 0 1 1 1 0 0 0 1 1 0 0 0 0 0 1 0 1 0 1 1 1 0 0 1 1 1 0 0 0 1 0 1 0 0 0 1 1 0 1 1 1 1 1 0 0 1 0 1 0 1 
0 1 0 1 2 1 1 0 1 1 1 1 0 0 0 1 0 0 1 1 0 1 0 0 0 1 0 1 3 1 0 1 1 1 0 1 1 0 0 1 0 0 1 1 1 0 1 1 0 1 1 1 
0 0 1 0 1 1 0 1 0 0 1 1 0 1 1 1 1 0 1 0 0 1 1 0 1 0 0 1 2 0 0 1 0 0 0 0 0 0 1 1 0 1 0 1 0 1 1 0 0 0 0 0 
1 1 1 1 1 1 0 1 1 0 0 0 1 1 1 1 0 1 0 0 3 0 0 1 1 1 1 0 1 0 1 1 1 1 0 1 1 0 0 0 1 0 1 0 0 1 1 1 0 0 0 1 

# Size = 20 | Time = 374 ms
0 0 1 1 0 1 0 1 1 0 0 0 1 1 1 0 1 1 1 0 2 1 1 0 0 1 1 0 1 0 0 0 0 0 0 1 1 0 0 1 1 1 0 1 1 0 0 0 0 0 1 1 
0 1 1 1 2 1 0 1 1 0 0 0 0 1 1 0 0 1 0 0 1 1 1 1 0 1 0 0 3 1 1 0 0 0 0 1 1 1 0 1 1 1 1 1 0 1 1 0 1 1 1 1 
1 0 0 0 1 0 1 1 1 0 1 0 0 0 1 0 0 1 0 1 2 0 1 1 0 1 1 1 2 1 1 0 1 1 0 0 0 1 1 1 1 0 1 0 0 0 0 0 1 1 0 1 
1 1 0 0 1 1 0 0 0 1 1 0 0 0 1 1 0 0 0 1 1 0 1 0 1 1 0 0 1 0 0 1 1 1 0 0 0 0 0 0 0 1 0 1 0 1 1 0 1 1 0 0 
0 0 0 1 2 0 0 1 0 0 0 0 0 1 1 0 0 0 0 1 2 0 1 0 0 1 0 0 3 0 1 1 1 1 1 0 0 1 1 1 1 1 1 1 0 1 1 0 0 1 0 1 
1 1 1 0 0 0 1 1 0 0 1 1 0 0 0 0 0 1 1 1 3 0 1 0 1 1 0 0 2 0 0 0 1 0 1 0 0 1 0 1 1 0 0 0 0 1 1 1 0 1 0 1 
1 0 0 0 2 1 0 0 0 1 1 1 0 1 1 0 1 1 1 1 0 0 1 1 0 1 0 1 0 1 0 1 1 1 1 0 1 1 1 1 1 0 1 1 1 1 0 0 1 0 0 1 
0 0 1 0 2 0 1 0 0 0 1 1 1 0 0 1 1 1 1 0 3 0 0 1 1 0 1 1 3 1 1 0 0 0 0 0 0 0 0 0 0 0 0 0 0 1 1 0 0 0 1 0 
0 1 0 1 2 1 0 0 1 1 0 1 1 0 0 0 0 0 0 0 0 1 0 0 1 0 0 1 2 1 1 0 0 1 0 1 1 1 1 0 0 1 0 1 1 1 0 1 0 1 1 0 
1 0 1 0 0 0 1 1 1 0 1 1 1 1 0 1 0 0 0 0 1 1 0 0 1 1 1 1 0 0 1 1 1 1 1 1 0 0 1 0 1 0 0 0 0 1 1 1 0 0 1 0 
0 1 0 0 1 1 1 0 0 1 0 1 1 1 0 1 1 0 1 1 2 0 0 1 1 0 0 0 0 0 0 0 0 0 0 1 1 1 1 0 0 1 1 0 0 0 1 1 0 1 1 1 
1 1 0 1 0 1 1 0 0 1 1 1 0 1 1 0 1 0 1 1 1 1 0 1 0 0 1 1 1 1 1 1 1 0 1 0 0 0 1 1 1 0 1 1 1 0 0 0 1 0 0 1 
1 1 1 1 1 0 1 1 1 0 0 0 1 0 1 0 1 0 1 0 0 1 1 1 0 0 1 0 3 0 0 1 0 0 1 1 0 0 0 1 0 0 0 1 1 0 0 1 0 0 0 1 
0 1 0 1 2 1 0 1 1 1 0 0 1 1 0 1 1 0 0 1 3 1 1 1 0 0 1 0 2 0 1 1 0 1 1 1 1 0 1 0 0 1 1 1 1 0 1 0 1 0 0 1 
0 0 1 1 0 0 0 0 1 1 0 0 1 0 0 1 0 1 1 0 2 1 0 0 0 1 1 1 0 1 1 0 0 0 1 1 1 1 0 1 1 1 1 0 0 1 1 0 0 1 0 0 
0 0 0 0 2 1 1 1 1 0 0 1 1 1 0 1 0 1 0 1 1 0 1 0 0 0 0 1 2 0 1 0 1 0 1 1 1 0 1 1 1 0 0 0 0 0 1 0 0 0 0 1 
1 1 1 1 1 0 0 1 1 0 1 1 1 0 1 0 1 0 0 0 3 0 0 1 0 0 1 0 0 1 0 0 1 0 0 1 0 0 1 1 0 1 1 0 0 0 0 0 0 0 0 1 
0 0 0 1 2 0 0 0 1 1 1 0 0 1 0 1 0 0 1 0 0 1 1 0 0 1 1 0 1 1 0 0 1 0 0 0 0 1 1 1 0 0 0 0 0 1 1 1 0 0 1 1 
1 0 0 0 0 0 0 1 0 1 0 0 0 0 0 1 1 1 0 0 0 1 0 0 0 1 0 0 3 1 1 1 0 1 0 0 0 0 1 0 0 1 1 0 0 0 1 1 0 0 1 1 
1 0 0 0 2 1 1 1 1 0 0 1 1 0 0 1 0 0 1 1 3 1 0 1 1 0 0 0 1 0 0 1 1 1 1 0 1 1 1 1 1 0 0 0 0 0 1 1 0 0 0 1 

# Size = 19 | Time = 367 ms
0 0 1 0 2 1 0 1 0 0 1 0 1 1 0 0 1 1 0 0 2 0 0 0 0 0 0 1 0 0 0 0 0 1 1 1 1 0 0 0 1 1 1 1 1 1 0 1 0 0 1 0 
1 1 1 1 0 1 1 0 1 1 0 1 0 0 0 1 0 0 1 1 3 0 1 0 1 1 1 0 1 1 0 1 1 0 0 1 0 1 1 1 0 0 1 1 1 0 1 0 1 1 0 1 
1 0 1 1 0 0 1 0 1 1 1 0 0 0 1 1 0 1 0 1 3 1 0 1 1 1 1 0 0 0 0 0 0 1 1 0 0 1 0 0 1 1 0 1 0 1 1 1 0 0 0 1 
0 1 1 1 0 1 1 1 1 0 1 0 1 0 1 1 0 0 1 0 1 1 1 0 0 1 1 1 0 1 1 0 1 0 0 0 1 0 1 1 0 0 0 1 0 1 1 0 1 1 0 1 
1 0 0 1 0 1 1 0 0 0 1 0 1 1 1 0 1 0 0 0 0 0 1 1 1 0 1 0 1 1 0 1 0 0 1 0 1 0 1 1 1 0 1 0 0 1 0 0 1 1 0 1 
0 1 0 1 0 1 0 1 1 0 0 0 1 1 1 0 1 0 0 1 3 1 0 1 1 0 0 0 3 0 1 1 1 0 0 0 0 0 0 0 1 0 1 0 0 1 1 0 1 0 1 0 
1 0 1 1 2 0 1 0 1 0 0 1 0 0 0 0 1 0 1 1 2 1 0 1 0 1 1 0 2 0 0 1 0 0 1 1 0 1 0 0 0 1 0 1 0 1 0 0 0 0 0 0 
0 0 0 1 1 0 0 0 0 1 0 1 0 0 0 0 1 1 1 0 0 1 0 0 0 0 1 0 0 0 1 0 1 1 1 1 0 1 1 0 1 1 1 1 1 1 1 0 0 1 0 0 
0 1 0 0 0 0 0 1 0 0 1 1 0 1 0 0 1 1 1 1 1 1 0 0 1 1 0 0 1 1 1 0 0 1 1 0 0 0 1 0 1 1 1 0 0 0 1 1 0 0 1 1 
1 1 1 0 2 0 0 1 0 1 0 1 1 1 1 0 0 1 0 1 0 0 1 1 0 0 0 1 1 1 1 1 1 1 0 0 1 1 0 1 0 1 0 0 0 1 0 0 1 1 0 0 
0 0 0 0 0 1 0 1 0 1 1 0 1 1 1 1 1 1 0 0 1 0 1 0 1 0 0 1 2 1 1 0 0 0 0 1 0 0 1 1 1 0 1 1 1 0 1 1 0 1 1 1 
0 1 0 0 0 0 1 0 1 1 0 1 0 0 1 1 0 1 1 0 2 0 0 0 1 1 0 1 3 1 1 0 1 1 0 0 1 1 1 1 0 0 0 1 1 1 1 0 1 1 0 0 
1 0 0 0 2 0 1 0 0 0 0 0 0 0 0 1 0 0 0 0 1 0 0 1 1 0 1 1 0 0 0 1 1 1 1 1 0 1 1 1 0 0 1 0 0 0 1 1 0 0 1 1 
1 1 1 1 1 1 1 1 1 0 1 0 1 1 1 1 0 0 0 1 0 0 1 1 1 1 0 1 3 1 0 1 0 0 0 0 0 0 0 1 0 0 0 1 1 0 1 1 0 0 1 1 
0 1 0 0 1 0 0 0 0 0 0 1 1 1 0 0 0 0 0 0 3 1 1 0 0 1 1 1 2 1 1 0 1 1 0 0 1 1 1 0 0 0 1 0 0 0 0 0 1 0 1 1 
1 1 0 1 1 1 1 1 0 1 0 0 1 0 0 0 1 0 1 1 2 0 1 1 0 0 1 1 1 0 1 0 0 0 0 1 0 0 0 0 0 1 1 0 0 0 1 1 0 0 1 1 
0 0 1 0 2 1 0 0 0 1 0 1 1 1 0 1 0 0 1 1 3 0 0 1 0 0 1 1 3 0 1 0 1 0 1 1 1 1 0 1 1 1 1 0 0 1 1 0 1 0 1 1 
0 1 1 0 0 1 0 0 1 1 1 0 0 1 1 0 0 0 1 1 0 1 0 0 0 0 1 1 2 1 0 1 1 1 1 1 1 0 1 1 0 0 0 1 1 0 0 1 0 1 1 1 
1 0 0 0 1 1 0 0 0 1 1 1 0 0 0 0 1 0 1 0 1 0 1 0 0 1 1 1 3 1 1 1 0 1 1 1 0 1 0 1 1 0 0 1 1 1 0 0 0 1 0 0 

# Size = 19 | Time = 398 ms
0 0 1 1 0 1 1 0 1 1 0 0 0 1 0 1 0 0 1 1 3 0 1 1 0 0 1 1 3 0 0 0 0 0 1 1 1 1 0 0 1 0 0 0 0 1 1 0 0 1 1 1 
0 1 1 0 0 0 0 0 1 0 1 0 1 0 1 0 1 1 1 1 0 1 0 1 1 0 0 0 3 0 0 1 0 0 1 1 1 0 0 0 0 0 1 1 0 1 1 0 0 0 0 0 
0 0 0 0 0 1 0 1 1 0 0 0 0 0 1 1 1 0 1 0 2 1 1 0 0 0 1 0 2 0 0 1 0 0 0 0 0 1 0 1 1 1 0 1 0 0 1 0 0 1 0 1 
1 0 1 0 0 0 1 0 0 0 1 1 1 0 0 0 1 0 0 0 2 1 0 0 1 1 0 1 1 1 0 1 1 1 0 1 0 1 1 0 0 0 0 1 1 1 0 0 0 1 0 0 
0 1 1 0 2 0 1 0 1 0 0 1 1 0 1 0 0 0 0 0 1 1 0 0 0 1 1 0 3 0 1 1 1 1 0 0 1 0 0 0 0 1 0 1 0 1 0 1 0 0 1 0 
0 0 1 0 0 1 1 0 0 0 1 0 0 1 1 1 0 0 0 1 2 0 0 1 1 0 0 1 0 1 1 1 0 1 0 1 1 0 1 1 1 0 0 1 0 0 1 1 0 1 1 1 
1 0 0 1 1 0 0 1 0 1 0 1 0 0 0 0 1 0 1 1 0 1 1 0 0 1 1 1 0 1 1 1 1 0 0 0 0 1 1 0 1 1 1 1 1 1 0 0 1 0 0 0 
1 1 0 1 2 1 0 1 0 1 1 0 0 1 0 0 1 1 1 0 2 0 0 1 1 0 0 0 0 0 0 0 1 1 1 0 1 1 1 1 0 0 1 1 1 0 1 0 1 1 0 1 
0 1 0 1 2 1 0 1 1 0 1 1 1 0 1 0 1 1 1 1 1 0 1 1 1 1 1 1 1 1 1 0 0 0 1 1 0 0 1 1 1 0 1 0 0 0 1 1 0 0 1 1 
1 1 0 0 1 0 0 1 1 0 1 1 1 1 1 0 0 1 0 1 3 0 0 0 1 1 0 1 2 0 1 0 1 1 1 1 0 0 1 1 0 1 1 1 1 0 0 0 1 0 1 1 
1 0 0 0 2 0 1 1 0 1 1 1 1 1 1 1 1 1 0 0 1 1 1 1 0 1 0 0 3 1 1 0 1 0 1 0 0 0 1 1 0 0 1 1 1 0 1 0 1 1 0 1 
1 1 0 0 2 1 0 0 1 0 0 1 1 0 0 1 1 1 0 0 3 1 0 0 1 0 0 0 0 1 0 0 1 1 0 0 1 0 0 1 0 1 0 0 0 1 1 0 1 0 0 0 
1 0 1 1 2 1 1 0 0 1 0 0 1 1 0 0 0 1 0 0 0 0 1 1 1 1 1 1 2 1 0 0 0 1 1 1 1 1 0 0 0 0 0 0 0 0 0 1 0 1 1 1 
0 0 1 1 1 1 1 0 1 0 0 0 0 0 0 1 1 0 1 0 1 1 0 1 1 0 1 0 0 1 0 1 0 0 1 1 1 1 0 1 1 0 0 1 0 0 1 1 0 1 0 1 
1 1 1 0 1 0 1 1 1 0 0 1 0 1 1 0 0 0 0 0 2 0 1 0 1 0 1 0 3 1 0 1 0 0 0 1 0 1 1 0 1 1 1 0 0 1 0 0 1 0 1 1 
0 0 1 0 0 0 0 1 0 1 0 0 1 1 1 1 0 0 1 0 0 0 0 1 0 1 0 1 2 1 0 0 0 0 1 1 0 0 0 1 1 0 1 1 1 1 1 0 1 1 0 0 
0 1 0 0 1 1 0 1 0 1 0 0 0 1 1 1 0 1 0 1 3 1 0 1 0 0 0 0 1 0 1 1 0 0 1 0 1 0 0 1 1 1 1 1 1 1 1 1 0 1 0 1 
0 0 0 1 0 0 0 1 0 0 0 0 0 1 1 1 1 0 0 0 0 1 0 0 0 1 1 1 1 0 1 1 0 0 1 1 0 1 1 1 1 0 1 0 0 0 1 0 1 1 0 1 
1 0 1 0 0 0 0 0 0 1 0 1 1 0 1 1 0 1 0 1 1 0 1 0 0 0 1 0 2 0 1 0 1 1 1 1 1 0 1 0 0 0 1 0 0 0 1 1 0 0 1 1 

# Size = 20 | Time = 500 ms
0 0 0 0 2 1 0 1 0 0 1 0 1 0 0 0 1 1 1 0 3 0 1 0 1 1 1 0 1 1 1 1 1 0 1 1 1 1 1 0 1 0 0 1 0 1 0 1 0 1 0 0 
1 0 1 1 1 1 0 0 1 1 1 1 0 1 0 0 1 1 0 1 2 1 0 0 1 0 0 0 3 0 1 0 1 1 1 1 0 1 1 0 1 0 0 1 1 1 0 1 0 0 1 1 
0 0 0 0 1 0 0 0 0 0 0 1 0 1 0 1 0 1 1 1 1 0 1 0 0 1 1 0 2 0 0 1 1 1 1 1 0 0 1 1 0 1 0 1 1 1 1 0 1 1 0 1 
0 1 1 1 1 1 1 1 0 1 0 1 0 1 0 0 0 1 1 1 3 1 0 0 0 0 0 1 1 1 1 0 1 0 1 0 0 1 1 1 0 1 1 1 1 1 0 0 1 1 1 1 
1 0 1 1 0 0 0 0 1 0 0 0 0 0 1 1 1 1 0 1 1 0 1 0 1 0 1 1 2 1 1 1 0 1 1 0 1 1 0 0 1 1 1 1 1 1 1 0 0 0 1 0 
1 0 1 1 1 1 1 1 1 1 1 0 0 0 0 1 0 1 1 0 3 1 0 0 0 0 0 1 2 0 0 1 0 1 1 1 0 1 0 1 1 1 1 1 1 1 1 1 0 1 1 1 
1 0 1 0 2 1 1 1 0 0 1 0 0 1 0 1 0 1 1 1 1 0 1 0 1 0 0 1 3 0 1 0 0 0 1 1 0 1 1 0 1 1 0 1 1 1 1 0 1 1 1 0 
1 1 0 0 1 1 1 1 1 1 1 0 0 0 0 1 0 1 0 1 2 1 0 0 0 1 1 0 0 1 1 1 0 1 0 1 1 0 0 0 0 1 0 0 0 0 1 0 1 0 0 1 
0 0 0 1 1 1 0 0 1 1 1 1 0 1 0 0 0 0 1 1 0 1 1 0 1 0 0 0 3 0 0 1 0 1 0 0 0 1 1 0 0 1 0 1 1 1 0 0 0 0 1 0 
0 1 1 1 2 0 0 0 1 1 0 1 1 1 0 0 1 0 0 0 1 1 1 1 0 0 0 1 0 0 0 1 1 1 0 0 0 0 0 1 0 0 1 0 0 0 0 1 0 0 1 1 
0 0 0 1 2 1 1 0 1 0 0 0 1 1 1 0 0 0 0 1 2 0 1 1 1 0 1 0 2 0 0 0 0 0 0 1 0 1 1 0 0 0 1 0 0 0 0 0 1 1 0 1 
0 1 0 0 0 1 1 0 0 0 0 1 1 0 0 1 0 0 0 0 3 1 0 1 1 1 1 0 3 1 0 0 0 0 0 0 0 0 0 1 0 1 1 0 0 0 1 0 0 1 1 1 
1 1 0 0 0 0 1 1 1 1 1 0 0 1 1 0 1 0 0 0 0 0 0 1 0 1 1 1 1 1 1 0 1 0 1 1 1 0 0 1 1 0 1 0 0 0 0 0 1 0 0 1 
1 0 1 1 2 1 0 1 0 0 0 1 1 0 1 1 0 1 1 1 0 0 0 1 1 1 0 1 0 0 0 0 0 0 1 0 1 1 1 1 1 0 0 1 1 1 1 1 0 1 0 0 
1 1 1 1 0 1 1 0 0 0 1 0 1 1 0 0 0 1 1 0 1 1 0 0 0 0 0 0 0 0 0 0 1 1 0 0 0 0 1 1 0 1 0 1 1 0 1 1 0 0 1 1 
1 0 1 0 1 0 0 0 0 0 1 0 1 0 1 0 1 0 1 0 3 1 0 1 0 1 0 0 0 0 1 0 0 0 1 0 0 1 1 0 0 1 1 0 0 1 1 0 1 0 1 0 
0 1 1 1 0 0 1 0 0 1 0 1 1 1 1 1 0 1 1 0 2 1 0 1 0 0 1 1 1 0 0 0 0 1 0 0 0 1 1 1 1 1 1 0 0 1 1 0 0 0 0 0 
1 1 0 1 2 1 1 0 0 1 1 0 1 1 1 0 1 1 1 1 1 0 1 1 0 0 0 1 1 0 1 1 0 0 1 0 0 1 0 0 1 0 1 0 0 1 1 0 1 1 1 1 
0 1 0 0 1 0 0 0 0 1 0 0 1 0 1 1 0 1 0 1 2 0 0 0 0 0 1 1 3 0 1 1 1 0 1 1 1 1 0 0 0 0 1 1 0 0 1 0 1 0 0 1 
0 1 1 0 0 1 1 0 0 0 1 1 0 0 0 1 0 1 1 1 0 1 0 0 1 0 0 1 2 1 0 1 0 0 1 1 0 0 1 1 0 1 0 0 0 1 1 0 0 0 0 0 

# Size = 19 | Time = 342 ms
0 1 0 0 0 0 0 1 1 1 0 0 1 1 0 1 1 1 0 0 0 1 1 1 0 0 0 1 1 0 1 0 0 0 1 1 1 0 0 0 1 0 1 0 0 1 1 0 0 1 0 1 
0 1 0 1 0 1 0 1 1 0 0 1 0 0 1 0 0 0 0 0 0 1 0 1 1 1 0 1 2 1 0 1 1 0 0 0 0 0 0 1 0 1 1 1 0 1 0 1 0 1 1 1 
1 0 1 0 1 0 0 1 1 0 0 0 1 0 0 1 0 1 1 1 3 0 1 0 1 1 1 0 2 0 1 0 1 1 0 1 1 1 1 1 1 1 0 0 0 1 1 0 1 1 0 0 
0 0 0 1 2 0 1 1 1 0 0 1 1 1 1 0 0 1 1 0 1 1 0 1 1 1 1 0 0 0 0 1 1 0 1 0 0 1 1 1 1 0 1 1 0 0 1 1 0 0 0 1 
1 0 1 0 1 0 1 0 0 1 0 0 0 0 0 1 0 1 0 1 0 0 1 0 1 1 0 1 3 0 1 0 0 1 1 1 1 1 0 1 0 0 1 0 0 1 1 0 0 1 0 0 
0 0 1 0 2 1 1 0 0 1 1 1 1 0 1 0 0 0 1 0 3 0 1 1 0 0 1 0 2 0 0 0 0 0 1 1 0 0 0 0 0 0 0 1 1 1 0 0 1 0 1 0 
0 1 0 0 2 1 0 0 1 0 1 1 1 1 0 1 1 1 0 1 1 0 0 1 0 0 1 0 3 1 0 0 0 1 0 0 0 1 1 0 1 1 0 0 0 1 1 1 0 0 1 0 
0 0 1 1 1 0 1 0 1 0 1 0 0 0 0 0 0 0 1 0 2 0 0 1 0 1 0 0 1 1 0 1 0 1 1 1 0 1 1 1 0 1 0 1 1 1 0 1 0 0 1 0 
1 1 1 0 1 1 1 0 0 0 1 0 0 1 0 0 1 0 0 1 3 0 1 1 0 0 0 1 0 1 0 0 0 1 0 1 1 0 0 0 0 1 0 1 1 0 0 1 0 1 1 1 
1 1 1 0 2 1 1 0 0 1 1 0 0 0 1 0 1 0 1 0 0 1 1 0 0 0 1 0 3 1 1 1 1 0 1 0 1 0 1 1 1 0 0 0 0 0 1 0 1 1 1 1 
1 1 0 0 0 1 0 1 0 1 0 1 1 1 1 1 1 1 0 1 2 0 1 0 1 0 1 1 2 0 1 0 1 0 0 0 1 0 0 0 1 0 0 0 0 0 1 0 1 1 0 1 
0 0 0 1 1 1 0 1 0 1 0 1 0 0 1 1 1 0 1 1 1 1 1 0 1 1 0 1 3 1 1 1 1 0 0 0 1 0 0 0 1 1 1 1 1 1 1 0 1 0 0 1 
0 0 0 0 2 1 1 1 0 1 1 0 0 0 1 0 1 1 1 1 2 1 1 0 1 0 0 1 3 1 1 0 0 1 0 1 0 1 1 0 1 0 1 0 0 1 0 1 0 1 0 0 
1 0 1 1 0 1 0 0 0 1 1 0 0 0 1 1 0 1 1 1 0 1 0 0 0 0 0 0 0 1 1 0 1 1 0 1 0 1 1 1 0 1 0 1 1 1 1 0 1 0 1 0 
1 0 0 1 2 1 0 1 0 1 0 1 1 0 1 0 1 0 1 1 3 1 0 0 1 1 1 1 1 0 0 1 1 1 0 0 1 0 1 1 1 0 1 0 0 0 0 0 1 0 0 1 
0 0 1 0 0 1 1 0 0 0 1 0 1 0 0 0 0 1 0 0 2 1 1 0 0 1 0 1 0 1 0 0 0 0 0 1 1 1 0 0 0 0 0 0 0 0 1 0 0 1 1 1 
1 0 0 1 0 0 0 1 0 1 0 0 0 1 0 0 0 0 1 0 3 0 0 0 0 1 1 0 3 0 1 0 1 1 0 1 1 1 1 0 1 1 0 0 0 1 0 1 0 0 0 0 
1 0 1 0 0 1 1 1 1 0 0 0 1 0 0 0 0 0 0 0 1 1 0 0 0 1 0 0 1 0 1 0 0 1 1 1 0 1 1 0 0 0 0 1 1 1 0 1 0 1 0 0 
1 1 0 0 0 0 0 0 1 1 0 0 0 1 1 1 1 0 0 0 1 0 1 0 1 0 1 1 2 1 0 0 0 1 1 1 0 0 0 1 1 1 0 0 0 0 1 1 0 1 0 1 

# Size = 21 | Time = 429 ms
1 1 1 1 0 0 0 0 1 0 1 0 1 1 0 0 1 1 0 0 1 1 1 0 0 0 0 1 2 1 1 1 0 0 1 1 0 0 0 1 0 1 1 1 0 1 0 0 1 0 1 0 
0 1 0 1 2 0 1 1 0 1 1 1 1 0 1 0 0 1 1 0 0 0 1 1 0 1 1 0 1 1 0 1 0 0 1 0 0 0 0 0 1 0 0 1 0 1 1 0 0 0 1 1 
1 0 1 1 1 1 1 0 0 1 0 0 0 1 0 0 0 0 1 1 0 0 0 0 1 0 1 1 3 1 1 0 1 0 1 1 0 0 1 1 1 1 0 1 0 1 0 0 0 0 0 1 
0 1 0 1 1 1 1 0 0 1 1 0 0 0 0 0 0 1 0 1 2 0 0 0 0 0 1 0 0 1 0 0 0 0 1 1 0 0 1 1 0 1 0 0 0 1 1 1 0 0 1 1 
1 0 1 0 2 1 0 0 1 1 1 0 0 1 0 1 1 1 1 0 3 0 1 1 1 1 0 0 3 1 1 0 1 0 1 1 0 1 1 0 1 1 1 0 0 1 1 1 0 1 0 1 
0 1 0 0 2 0 0 0 0 0 1 1 1 0 0 0 1 0 1 1 2 0 1 0 0 0 0 0 2 1 1 1 0 1 0 0 0 1 1 1 1 1 1 1 0 1 1 1 0 0 0 1 
0 0 1 0 1 0 0 1 1 0 0 0 0 0 1 0 0 0 0 1 3 1 0 0 0 0 0 1 3 0 1 0 0 1 0 0 0 1 1 0 0 0 1 1 1 0 0 0 1 1 0 1 
1 0 1 0 2 1 1 1 1 0 0 1 1 1 1 1 1 1 0 0 2 1 0 1 1 0 0 1 0 0 0 1 1 1 0 0 1 0 1 1 0 0 0 0 0 1 1 0 1 1 1 0 
0 0 0 0 0 1 0 1 1 0 0 1 0 0 0 0 0 0 0 1 1 0 0 1 1 1 1 1 2 0 1 0 0 0 0 0 1 1 1 0 1 0 0 0 0 0 0 1 0 0 1 1 
0 1 0 0 0 0 1 1 0 1 0 1 1 1 0 1 0 0 0 1 3 1 0 1 1 0 0 1 1 0 0 0 0 1 0 1 1 0 1 1 0 1 0 1 1 1 1 1 0 1 0 0 
1 1 1 0 0 1 1 0 0 1 1 1 1 0 1 1 1 1 0 0 0 1 0 0 0 1 0 0 2 1 0 1 1 1 0 1 1 1 0 1 0 0 0 1 1 0 1 0 1 1 1 1 
1 0 1 1 1 1 1 0 1 0 1 1 0 1 1 0 1 0 1 0 1 0 1 1 1 1 1 0 1 0 1 0 1 1 1 1 1 1 0 1 1 1 1 0 0 1 0 0 1 1 0 0 
0 1 0 1 1 0 1 1 0 1 0 1 0 0 1 1 0 1 1 1 3 1 1 0 1 1 1 0 3 0 0 1 1 1 0 0 1 0 0 0 0 0 1 1 1 1 1 1 0 0 1 0 
1 1 0 0 0 0 0 1 1 0 0 1 0 1 0 0 0 0 1 0 0 1 1 0 0 1 1 0 0 0 1 0 1 0 1 1 0 1 0 0 1 1 1 0 0 0 0 1 0 0 0 1 
0 1 0 1 0 0 0 1 1 1 0 0 1 1 0 0 1 0 0 1 2 0 1 1 1 1 1 1 3 0 0 0 0 0 1 1 1 0 0 0 1 1 0 1 1 0 0 0 1 0 1 1 
0 0 1 0 1 1 1 0 1 1 0 1 1 1 1 0 0 0 1 0 3 0 1 1 1 0 1 0 2 0 0 1 1 0 0 1 0 0 1 0 1 1 1 0 0 0 1 1 0 1 1 1 
0 0 1 0 2 0 1 0 1 0 1 0 1 1 0 1 0 0 0 1 3 0 1 0 1 0 0 1 0 1 0 1 0 0 1 0 1 0 0 1 0 1 0 1 0 0 1 0 1 0 1 1 
1 1 1 1 2 1 0 0 0 1 0 0 1 0 1 0 1 1 0 1 1 0 0 1 0 1 0 0 0 1 0 0 0 1 1 0 0 1 0 1 0 1 0 1 1 0 0 1 0 0 0 1 
0 0 1 1 1 0 0 0 1 1 1 0 1 1 1 0 0 0 0 0 2 1 1 0 1 0 1 0 1 0 0 1 0 1 1 1 1 0 0 0 1 0 1 1 1 0 0 0 1 1 0 1 
1 1 1 0 2 0 0 1 1 0 0 1 1 1 0 1 1 1 1 0 1 1 1 0 0 0 0 0 3 1 0 0 0 0 0 1 1 0 0 1 0 1 0 0 0 1 1 1 0 1 0 0 
0 1 0 0 0 1 1 0 0 1 1 0 0 0 1 1 1 1 0 0 0 1 0 1 0 0 0 0 2 1 0 1 0 1 0 1 1 1 0 0 1 1 1 1 0 1 1 1 0 0 0 0 

# Size = 21 | Time = 442 ms
1 1 0 1 1 1 0 0 0 0 0 0 1 0 1 0 0 0 1 0 3 1 1 1 0 1 0 1 0 0 1 0 0 1 0 0 0 1 1 1 0 1 1 0 0 1 1 1 0 1 1 1 
0 0 1 0 2 1 1 0 0 1 1 0 1 1 1 0 0 1 0 0 1 0 1 0 0 1 0 1 3 1 1 1 0 0 0 0 1 1 1 0 1 1 1 1 1 1 1 0 0 0 1 0 
1 0 0 0 0 0 1 1 1 0 0 1 0 0 0 0 1 0 1 1 3 1 0 1 1 0 1 1 2 0 0 1 1 1 1 1 0 0 0 1 0 0 1 0 0 0 0 0 1 1 0 1 
0 0 0 1 0 0 1 0 1 1 1 1 0 0 0 0 1 0 1 0 1 1 0 1 0 0 1 0 3 0 0 1 0 0 0 1 0 1 1 1 1 1 0 1 0 1 1 0 1 1 0 1 
0 0 1 0 2 1 1 0 0 0 0 0 1 0 0 0 1 0 0 1 0 0 0 0 0 1 0 1 1 1 0 1 0 0 1 1 1 1 1 1 0 1 1 1 1 1 1 0 0 0 1 1 
0 0 1 0 1 1 1 1 1 0 1 0 0 1 1 1 0 0 0 1 3 1 1 1 0 0 1 1 1 1 0 0 0 1 0 1 0 1 1 0 1 0 0 1 0 0 1 1 0 0 0 1 
1 0 0 1 1 1 0 1 1 0 1 1 1 0 1 1 0 0 1 0 1 1 1 1 0 0 1 1 2 0 1 0 1 1 1 1 1 0 1 0 1 0 0 1 0 1 1 0 0 1 1 0 
0 1 1 1 1 0 1 1 1 1 1 0 1 0 0 0 0 0 0 0 1 0 0 1 0 1 0 0 1 1 1 0 0 1 0 1 1 0 0 1 1 0 0 1 1 1 1 0 0 0 1 1 
1 1 1 1 0 0 0 0 1 1 0 1 1 1 0 1 1 1 1 0 0 0 0 0 1 1 0 0 1 1 0 0 1 0 1 0 0 0 0 0 1 1 1 1 0 1 1 0 1 0 1 0 
0 1 1 0 2 1 0 0 0 0 1 1 1 1 1 1 0 1 1 1 2 1 0 1 1 1 0 0 2 1 0 0 0 0 1 1 0 1 0 1 1 0 1 1 1 1 1 1 0 1 1 1 
0 0 1 0 1 0 0 1 0 1 1 1 0 1 1 1 1 1 0 1 1 1 0 0 1 0 1 0 0 0 0 1 1 0 0 1 1 0 1 0 1 0 0 1 1 0 1 1 0 0 1 1 
1 1 1 1 0 1 0 0 0 1 1 0 1 1 1 0 0 1 0 1 3 0 1 0 1 1 0 0 1 0 1 0 0 0 1 0 1 0 0 1 0 0 1 1 1 1 0 1 0 1 0 0 
0 0 1 1 1 0 1 1 1 1 1 0 0 1 1 0 1 1 0 0 2 0 1 0 0 0 1 0 0 1 1 1 1 1 1 0 1 1 0 0 1 1 0 0 0 1 0 0 1 0 1 0 
1 1 0 1 2 0 0 1 1 1 1 0 0 1 1 0 0 1 0 0 0 1 1 1 1 0 1 0 2 0 1 1 1 1 0 0 0 0 1 0 0 0 0 0 0 0 0 1 0 1 0 1 
1 1 0 1 1 1 0 1 0 0 0 0 1 0 1 1 0 1 1 1 0 0 0 0 1 1 1 0 3 1 1 0 1 1 1 1 0 0 0 0 0 0 0 0 0 0 1 0 1 0 0 1 
0 1 1 0 0 1 1 0 1 0 1 1 0 0 0 1 0 1 0 0 0 0 1 0 1 0 0 1 0 0 1 1 0 1 0 1 1 0 1 0 0 1 1 0 0 0 1 1 0 0 0 1 
1 0 0 0 0 0 0 0 1 1 0 1 0 0 0 0 1 0 1 1 2 0 1 0 0 1 1 1 3 0 0 1 1 1 0 0 0 0 1 0 0 0 1 1 1 0 0 1 0 1 0 1 
1 1 1 0 2 0 1 1 1 0 1 1 0 1 1 0 1 0 0 1 3 0 0 0 1 1 0 1 2 0 0 1 0 0 0 0 0 1 0 0 0 1 0 1 1 1 0 0 1 0 0 1 
1 0 1 0 0 0 1 0 1 0 0 1 0 1 1 1 0 1 1 0 3 0 0 0 0 0 0 1 3 0 0 0 1 1 1 0 0 0 1 1 0 0 1 1 0 1 1 1 0 0 0 0 
0 0 1 1 2 0 0 0 1 0 0 0 0 0 0 0 1 0 1 0 1 1 0 0 0 0 0 1 0 1 0 0 1 0 0 0 0 1 1 0 0 0 1 0 0 0 0 1 0 1 0 1 
1 0 0 0 2 1 0 1 1 1 0 1 1 0 1 1 1 0 1 1 2 0 0 0 0 0 0 1 1 0 1 1 1 1 1 1 0 0 1 0 0 1 1 0 0 1 1 1 0 0 1 0 

# Size = 20 | Time = 427 ms
0 0 1 1 0 1 1 0 1 0 0 1 1 1 1 0 1 0 0 0 0 0 0 1 0 0 1 0 3 1 1 1 1 1 0 1 1 1 1 0 0 1 0 1 0 0 0 0 1 0 1 1 
0 1 1 1 2 1 1 1 0 1 0 0 0 0 1 0 1 0 1 1 3 1 0 1 0 1 0 0 1 0 0 1 0 1 1 0 1 0 0 0 0 1 0 1 0 1 1 0 1 1 1 0 
1 0 1 0 2 1 1 1 1 0 0 0 1 0 0 1 0 1 0 0 3 0 1 0 1 0 1 1 1 1 0 1 0 0 0 1 1 1 0 0 1 1 0 0 0 0 1 1 0 1 1 1 
0 1 0 1 2 1 1 1 1 1 1 1 0 0 0 0 0 1 1 1 0 1 0 0 0 1 0 1 3 1 1 1 1 0 1 1 1 0 0 1 1 0 1 1 1 1 1 0 1 1 1 0 
0 1 0 1 2 1 1 0 0 0 0 0 0 0 1 1 0 1 0 0 0 1 1 0 1 1 1 0 0 0 0 0 0 0 1 1 0 1 0 0 0 1 1 0 0 0 1 0 0 1 1 1 
0 1 1 1 1 0 0 0 0 1 0 0 1 1 0 1 0 1 1 1 0 1 1 0 0 0 0 0 2 1 0 1 1 0 0 0 0 0 0 1 1 1 0 1 0 1 1 1 0 0 0 1 
1 0 0 1 0 0 0 1 0 0 1 1 1 0 0 0 1 0 1 0 2 1 0 0 1 0 1 0 2 0 1 0 0 1 1 0 0 0 0 0 1 0 1 1 1 0 0 0 1 0 0 1 
1 0 1 1 1 1 0 1 1 0 1 1 0 1 0 0 1 0 0 1 1 0 1 0 1 1 0 1 1 0 1 0 0 0 0 1 0 1 1 0 1 0 1 0 0 0 0 0 1 1 0 1 
1 0 0 0 1 0 0 0 0 1 1 0 1 1 1 0 1 0 0 1 0 0 0 1 0 1 1 1 3 0 1 0 1 0 1 1 0 0 1 1 0 1 0 1 1 0 0 1 0 0 0 1 
0 1 1 0 1 1 1 0 1 1 0 1 0 1 0 1 1 0 1 1 2 0 1 1 0 1 0 1 0 1 1 1 1 1 0 1 1 1 1 1 0 0 0 0 0 1 1 1 0 1 1 0 
1 1 1 0 2 1 1 1 1 1 0 1 1 0 1 1 1 1 0 0 1 0 0 1 1 1 1 1 2 1 0 0 1 1 1 1 1 1 1 1 0 0 0 1 1 1 1 0 1 0 0 0 
0 1 0 0 0 0 1 0 1 1 1 0 0 1 1 1 0 1 0 1 1 1 1 1 1 1 0 1 1 0 0 1 1 0 0 0 0 0 1 1 1 0 1 1 1 1 1 1 0 1 0 0 
1 0 0 0 0 0 0 1 0 0 1 1 0 1 0 0 0 0 0 0 3 0 0 0 0 0 1 0 0 0 1 0 1 1 0 0 1 0 1 1 1 0 1 1 1 1 0 0 1 0 0 0 
0 1 1 0 2 0 0 1 1 0 1 0 1 1 1 0 0 1 0 0 2 1 1 1 1 0 1 1 3 1 0 1 0 0 1 0 1 1 1 1 1 1 1 0 0 0 0 0 0 0 1 1 
0 0 1 0 0 0 0 0 1 0 0 1 0 1 0 0 1 0 1 1 2 0 0 1 1 0 0 1 1 0 0 0 1 1 0 0 0 0 1 0 1 0 0 0 0 1 1 1 0 0 0 1 
1 0 0 0 1 0 1 1 0 0 1 0 1 0 0 0 0 1 1 0 0 0 0 1 0 1 0 0 1 0 0 1 0 0 1 1 1 1 0 1 0 1 1 1 0 1 0 0 0 0 0 0 
0 1 0 1 1 0 0 0 1 1 1 0 0 0 1 1 1 1 1 1 3 1 0 0 0 0 1 0 3 1 1 0 0 0 1 1 0 1 1 1 1 0 1 0 0 0 1 0 0 1 0 1 
1 0 0 1 2 0 1 1 0 0 1 0 1 1 0 0 1 1 1 1 1 1 0 1 0 0 1 0 0 1 0 1 1 1 0 1 0 0 0 1 0 1 0 1 0 1 0 0 0 0 1 0 
1 1 0 0 2 1 0 1 0 0 0 0 0 0 0 1 0 0 0 0 3 0 1 0 1 1 1 0 2 0 0 1 1 0 1 0 1 0 1 1 0 1 1 0 0 0 1 0 1 1 1 1 
0 1 0 0 1 1 1 1 0 0 0 1 1 0 0 0 1 0 0 1 1 0 0 0 0 1 0 1 3 1 0 0 1 0 0 0 0 1 1 0 1 1 1 0 0 1 1 0 0 0 0 0 

# Size = 22 | Time = 446 ms
1 0 0 0 2 1 0 0 0 1 1 0 0 0 1 0 1 0 0 0 3 1 0 1 0 0 1 0 3 1 1 1 0 0 0 1 1 1 1 0 0 0 1 0 0 1 0 0 1 1 1 0 
0 1 1 1 0 0 1 1 1 0 0 1 1 1 0 1 0 1 1 1 2 0 1 0 1 1 0 1 2 0 0 0 1 1 1 0 0 0 0 1 0 1 0 1 1 0 1 1 0 0 0 1 
1 1 0 1 2 0 1 1 1 0 0 0 0 0 0 1 0 1 1 0 3 1 1 1 1 0 0 0 3 1 0 1 1 0 1 1 0 0 0 1 1 0 0 0 0 1 1 1 0 1 0 0 
0 1 0 1 0 1 1 1 0 1 1 1 1 1 1 0 0 0 1 1 1 1 1 0 1 0 0 1 1 1 0 0 1 0 0 0 1 1 1 1 0 1 1 0 0 1 1 0 0 0 1 0 
0 0 1 0 2 0 1 1 1 1 0 0 0 0 0 1 0 1 0 1 0 0 0 1 0 1 1 0 1 0 1 1 0 0 0 0 0 0 1 1 1 0 1 0 0 1 1 1 0 0 1 1 
0 0 0 0 2 1 0 0 0 1 1 0 1 1 1 1 0 0 0 0 2 1 0 0 1 1 0 1 2 1 0 1 1 0 0 1 1 1 1 0 1 1 1 0 0 1 1 0 1 0 1 0 
0 1 0 1 0 1 1 0 1 0 0 1 0 0 1 0 1 1 0 1 3 0 1 1 0 0 1 1 3 0 0 0 0 1 0 1 0 0 0 0 1 1 1 1 1 1 1 0 0 0 0 1 
0 0 1 1 1 0 1 1 1 0 0 0 1 1 0 1 0 0 1 1 1 1 1 1 0 1 0 0 3 1 0 1 0 0 0 1 1 1 1 0 1 1 0 0 0 0 1 0 1 0 0 1 
0 1 1 1 1 0 0 1 1 0 1 1 0 0 1 1 1 0 1 1 0 0 0 0 0 0 0 1 2 0 1 0 1 1 1 0 1 0 1 1 1 0 0 1 1 1 1 0 0 1 0 1 
0 1 0 1 0 0 1 1 0 0 0 0 0 1 1 1 1 0 0 0 2 1 1 0 0 1 0 1 0 0 0 1 0 0 0 1 0 1 1 0 1 0 0 0 0 0 1 1 0 0 0 1 
1 0 1 0 1 1 0 0 0 1 1 0 1 0 0 0 1 1 1 0 1 0 0 0 1 0 1 0 0 0 1 0 1 1 1 0 1 0 0 1 0 0 1 1 1 1 0 1 0 1 1 0 
1 0 0 1 0 1 1 0 1 1 1 1 1 1 1 0 0 1 1 0 0 1 0 1 1 0 0 0 1 1 1 0 0 1 1 1 0 1 0 0 0 1 1 1 0 0 0 0 1 0 0 1 
0 1 1 0 2 0 0 0 0 0 0 1 1 1 0 0 0 0 1 1 0 1 1 1 0 0 1 1 0 0 0 1 1 1 0 0 0 0 0 1 1 1 0 1 1 1 0 0 1 1 0 0 
1 0 1 0 2 1 0 1 0 1 0 0 1 0 1 0 0 1 0 1 2 1 1 1 0 1 1 0 2 1 1 1 0 0 1 1 1 0 1 1 0 0 0 1 1 0 0 1 0 1 1 1 
1 0 1 0 0 1 0 1 1 0 1 1 1 1 1 1 1 0 0 1 3 1 1 0 1 1 1 1 3 1 0 0 1 1 0 0 1 0 1 0 0 0 1 0 0 0 1 1 0 1 1 1 
0 1 1 1 2 1 0 0 1 0 0 0 0 1 0 0 0 1 0 0 1 0 0 0 1 1 0 0 2 0 1 0 0 0 1 1 0 0 1 0 1 1 1 0 0 1 0 0 0 1 1 0 
0 1 0 0 2 1 0 1 0 1 0 0 0 1 0 0 1 0 0 1 0 1 0 0 0 0 1 1 3 1 0 0 0 1 1 0 0 0 0 0 0 1 0 1 0 1 0 0 1 0 1 1 
1 1 0 0 1 1 0 1 0 1 1 1 1 1 0 1 1 0 0 0 2 1 0 1 0 0 0 0 3 1 1 0 1 1 1 1 0 1 1 1 1 0 0 0 0 0 1 0 0 0 0 1 
1 0 0 0 1 1 0 1 0 0 1 1 0 1 0 1 1 0 1 0 2 0 1 1 0 1 0 1 1 1 1 1 1 0 1 0 1 1 1 0 1 0 0 1 1 0 1 0 1 1 1 1 
1 1 1 1 1 1 0 1 1 1 0 0 0 0 0 0 1 0 1 1 3 1 1 0 0 1 1 1 0 1 0 1 1 0 1 1 0 1 1 0 1 0 0 0 0 0 1 0 1 1 1 1 
0 1 0 0 0 1 0 1 1 0 0 0 0 0 0 0 1 0 0 1 3 1 1 1 1 0 1 0 2 1 0 1 0 1 0 1 0 0 1 1 0 1 1 0 0 1 0 0 0 1 1 1 
0 0 0 0 1 0 0 0 0 0 1 1 1 0 1 0 1 1 0 1 3 0 1 1 0 0 0 1 1 1 1 1 1 1 0 1 0 1 1 0 0 0 0 0 0 1 0 1 0 0 0 0 

# Size = 18 | Time = 380 ms
0 0 1 1 2 1 0 1 0 0 1 0 1 0 1 0 0 1 0 0 1 1 1 0 1 0 0 0 0 0 1 1 1 1 1 1 1 1 0 1 1 0 1 0 0 1 1 1 0 1 1 1 
1 0 1 0 2 1 1 0 1 1 0 0 0 0 0 0 0 0 1 1 2 0 1 0 1 1 1 0 2 1 1 1 1 0 1 1 1 0 1 1 1 0 1 1 1 0 1 1 0 1 0 1 
1 1 0 0 1 0 0 0 0 0 1 0 1 0 0 0 1 1 1 1 1 1 0 1 0 1 1 0 1 1 0 0 0 0 1 0 0 0 0 1 0 0 0 1 0 1 0 0 1 0 0 0 
0 1 1 0 1 1 1 0 0 1 1 0 1 0 0 1 1 1 1 1 1 0 0 0 1 0 0 0 3 0 0 0 0 1 0 1 1 1 1 1 0 0 0 1 1 0 1 0 0 0 1 1 
0 1 1 1 2 1 0 1 1 1 1 1 1 1 1 0 0 0 1 0 2 0 1 0 0 1 1 1 0 0 1 0 0 0 0 0 0 1 0 0 0 1 0 1 0 1 0 0 1 0 1 0 
1 0 0 0 1 0 1 1 1 1 0 1 1 0 0 0 1 1 0 0 3 1 1 0 1 1 0 0 2 1 1 1 1 1 1 0 0 1 0 0 0 0 0 1 0 1 0 0 1 0 1 0 
1 0 0 1 0 0 0 1 1 0 0 1 0 1 1 1 0 0 0 0 3 1 1 1 0 1 1 1 3 1 1 1 1 0 1 1 0 0 0 1 1 0 1 0 0 0 1 0 1 0 0 1 
0 1 1 1 1 0 1 0 1 1 0 0 1 1 0 1 0 0 1 0 0 0 1 0 0 0 1 1 1 1 1 1 1 1 0 1 1 1 0 1 1 0 1 1 0 0 1 1 0 0 1 1 
1 1 0 1 2 0 0 1 0 1 0 1 0 1 0 0 1 1 1 1 0 0 0 1 1 0 0 0 0 0 0 0 0 0 1 1 1 0 1 0 1 1 0 0 0 1 0 0 1 1 0 0 
0 1 1 0 1 0 0 0 0 0 1 1 0 1 1 0 1 0 0 0 2 0 1 1 0 0 0 1 2 1 0 0 0 1 0 0 0 0 1 1 0 1 1 0 0 0 0 1 0 1 0 1 
1 0 0 0 2 1 1 1 1 0 1 0 0 0 1 0 0 0 0 0 0 1 0 1 0 1 1 1 3 1 0 0 1 1 0 0 1 0 1 0 1 1 0 0 0 1 0 1 0 1 1 0 
0 1 0 0 2 0 0 1 0 0 0 1 0 1 0 1 0 1 0 0 2 1 0 1 0 0 0 1 3 1 0 1 0 0 1 0 0 1 0 0 1 1 1 1 1 1 1 0 1 1 0 0 
0 1 1 1 2 1 0 1 0 1 1 0 0 0 1 1 1 1 1 1 3 0 0 1 1 0 0 1 1 0 0 0 0 0 0 1 1 1 0 0 1 1 1 1 1 0 1 1 0 1 0 1 
0 1 1 1 0 1 1 0 0 1 1 0 1 0 0 0 1 1 1 1 0 0 0 0 1 0 0 0 2 0 1 0 1 1 0 0 1 1 1 0 0 0 0 1 1 1 0 1 0 1 1 0 
1 0 0 0 1 0 1 0 0 0 0 1 0 0 1 1 1 1 0 1 3 1 0 1 1 1 0 0 0 1 1 1 0 0 0 0 0 0 1 0 0 0 1 1 0 0 1 1 0 0 0 1 
0 1 1 0 0 0 0 0 1 1 1 0 0 0 0 0 1 0 0 0 0 0 0 1 1 0 1 0 0 1 0 0 0 1 1 0 0 1 0 1 0 1 0 1 1 1 0 0 0 0 0 1 
0 1 1 0 0 0 0 1 1 0 0 1 0 1 0 1 1 0 1 0 1 1 0 0 1 1 1 1 2 0 0 1 1 0 0 0 1 1 1 0 0 1 0 0 0 1 1 0 1 0 1 1 
0 0 1 1 0 0 0 0 0 1 0 1 0 0 1 0 1 1 0 0 2 0 0 1 1 1 1 1 1 0 1 1 0 1 1 0 1 1 1 0 1 0 0 0 0 1 1 1 0 0 0 1 

# Size = 19 | Time = 355 ms
0 0 0 1 0 1 1 1 0 1 0 1 0 0 0 0 1 0 1 0 2 0 1 0 1 1 0 1 3 0 1 1 1 1 1 0 0 1 1 1 0 1 1 1 0 1 1 0 1 1 0 1 
1 0 0 1 2 1 0 1 1 1 1 0 1 1 1 0 1 1 1 0 1 0 0 1 0 1 1 0 0 1 0 1 1 1 0 1 0 1 0 0 0 1 1 0 0 1 1 1 0 0 0 0 
1 1 0 0 0 1 0 0 1 0 1 0 1 0 0 0 0 0 1 0 1 0 0 0 0 1 1 0 0 0 1 0 0 1 1 1 0 1 1 1 1 0 0 1 1 1 0 0 1 1 1 1 
1 0 1 0 1 0 0 1 1 0 1 1 0 0 0 0 1 1 1 1 3 0 1 0 1 0 1 1 2 1 1 1 1 1 1 1 0 1 0 0 0 0 1 1 0 1 1 0 0 0 1 1 
0 1 1 1 2 1 1 0 1 1 1 0 1 1 1 0 0 0 1 0 0 0 0 1 0 1 1 0 1 0 1 0 1 1 1 0 1 0 1 1 1 1 1 1 1 1 1 1 0 1 0 0 
1 0 0 1 1 0 0 1 1 1 0 0 0 1 1 0 1 1 0 0 0 0 0 1 1 1 0 0 3 1 0 0 1 0 0 1 1 1 1 1 1 0 0 1 0 0 0 1 0 0 1 1 
0 1 1 0 1 0 1 1 0 1 1 0 0 1 1 1 0 0 1 1 3 1 1 1 0 0 0 0 1 1 0 1 0 0 1 0 1 0 1 1 0 0 1 1 1 1 1 0 1 0 1 0 
1 1 0 0 2 0 0 0 0 0 0 1 1 1 0 1 0 0 0 1 0 1 1 0 1 1 0 1 2 0 0 1 0 1 0 0 0 1 0 1 0 1 1 0 0 1 1 0 1 0 1 1 
0 1 1 0 1 1 0 1 1 0 1 1 1 0 1 0 0 0 0 0 0 1 1 1 0 0 1 1 2 0 0 0 0 0 0 0 0 0 1 0 0 1 0 0 0 0 0 0 0 1 0 1 
0 1 1 0 0 1 1 0 0 0 0 1 0 1 1 0 0 1 0 1 1 1 0 0 0 0 0 0 3 1 1 1 1 0 1 0 1 0 0 0 1 1 0 0 0 1 0 1 0 1 0 0 
1 0 0 1 0 0 0 0 0 0 0 1 1 0 0 1 1 1 0 1 1 1 0 0 1 0 1 1 1 0 0 1 1 1 0 1 0 1 0 0 1 0 0 0 0 0 1 0 1 0 0 1 
1 1 1 0 1 0 0 0 1 0 1 1 1 1 1 1 0 1 0 1 2 1 1 1 0 0 0 1 0 1 0 0 0 1 0 0 1 0 0 0 1 0 0 1 1 1 1 1 0 1 0 0 
0 0 0 1 0 1 1 0 0 0 0 0 1 0 0 0 0 0 0 0 3 0 0 1 1 1 1 1 0 0 1 0 0 0 0 1 1 0 1 0 1 1 0 0 0 0 0 1 0 1 0 1 
1 1 0 1 0 1 1 0 0 1 0 0 1 0 0 1 1 0 1 0 1 0 0 0 1 0 1 0 2 1 1 0 0 1 1 0 1 0 1 0 1 1 0 1 1 1 1 1 0 0 1 0 
1 0 1 0 2 1 1 0 0 0 0 0 0 1 0 0 0 0 1 0 2 1 0 0 1 0 1 0 1 1 0 0 0 0 1 1 0 1 1 0 1 0 0 0 0 0 0 0 1 0 1 1 
0 0 0 0 2 1 1 1 0 1 1 0 0 0 0 1 0 0 1 0 3 0 0 0 0 1 1 1 3 0 0 1 0 0 0 0 0 1 1 0 0 0 1 1 1 0 1 1 0 0 0 1 
0 1 0 1 0 1 1 0 1 1 0 0 0 0 0 0 1 0 0 1 0 0 0 1 0 0 1 1 0 1 1 0 0 0 0 1 1 1 1 1 1 0 1 1 0 1 0 0 0 1 0 0 
0 0 0 0 2 1 1 1 1 1 1 0 1 1 1 1 0 0 1 0 2 1 0 1 1 0 0 1 2 0 0 1 1 1 0 0 1 0 0 1 1 1 0 0 0 1 1 1 0 1 0 0 
1 1 0 1 1 1 1 0 1 0 0 0 1 0 1 1 0 0 0 1 1 1 1 0 1 1 0 0 3 0 1 1 0 0 1 0 0 1 0 1 0 0 1 0 0 0 1 1 0 1 1 1 

# Size = 17 | Time = 355 ms
1 1 0 1 0 0 1 1 0 0 1 1 0 0 1 0 1 0 0 0 2 1 1 1 0 0 0 1 2 1 0 0 0 1 1 1 1 0 0 0 1 1 0 1 1 1 0 0 0 0 1 0 
0 1 0 1 1 1 1 0 0 1 1 0 1 1 0 1 0 0 1 0 3 0 1 1 1 0 1 0 1 1 1 0 0 1 0 1 1 1 1 0 0 1 0 0 0 1 1 0 0 1 0 0 
1 0 1 0 1 0 0 1 1 1 0 1 0 0 1 0 1 1 0 1 1 1 0 0 0 1 0 0 3 0 0 0 1 0 1 0 0 0 0 1 1 0 1 1 1 0 0 0 1 0 1 1 
1 0 1 1 1 0 1 0 1 0 1 0 1 1 0 0 0 1 0 1 0 0 0 1 0 0 0 1 1 0 0 1 1 1 0 1 0 0 0 1 1 0 1 1 1 1 0 0 0 0 0 0 
0 0 1 0 2 1 1 0 1 0 1 0 1 1 0 0 0 1 0 0 0 0 0 0 0 0 0 0 2 1 1 1 1 1 0 1 0 0 1 1 0 0 1 1 1 1 0 0 0 0 1 1 
0 0 1 0 2 1 0 1 1 0 0 0 1 1 1 1 1 0 0 1 0 0 0 0 1 1 1 1 0 0 0 1 0 1 1 0 1 1 0 0 0 1 1 0 0 1 1 0 1 1 0 1 
0 1 1 1 0 1 0 0 0 1 0 1 0 1 1 1 1 1 1 0 0 1 0 1 1 0 0 1 3 0 1 1 1 1 1 0 0 0 1 1 0 0 0 1 0 1 1 0 1 1 1 1 
0 0 1 0 0 0 0 0 0 1 0 1 1 0 0 0 1 0 0 1 3 0 0 0 1 1 1 0 2 0 0 1 1 0 0 0 0 0 1 1 1 0 1 0 0 1 0 0 1 1 0 0 
0 0 1 0 0 0 0 0 0 0 1 0 1 1 0 1 1 0 0 0 1 1 1 1 1 1 1 1 0 0 1 1 1 1 1 1 1 1 1 0 0 1 0 0 0 0 1 1 0 0 1 1 
1 0 1 0 2 1 0 1 0 1 0 0 1 0 1 0 1 1 1 0 2 1 1 0 1 1 1 0 1 0 0 1 1 0 1 0 0 1 0 0 0 0 1 1 1 0 1 0 1 1 1 1 
1 1 0 0 1 1 0 1 1 1 1 1 0 0 1 0 0 1 1 1 3 1 0 0 0 0 0 0 0 1 1 1 1 0 0 0 0 0 0 1 1 0 1 1 1 1 0 1 0 0 0 0 
1 1 0 1 1 1 1 1 1 0 0 1 0 0 0 1 0 1 1 0 1 0 0 1 0 0 1 1 2 1 0 1 0 0 0 0 1 1 1 1 1 0 0 0 0 0 1 1 0 1 0 1 
0 0 0 0 0 1 1 1 1 0 0 1 0 0 1 0 0 1 0 1 0 0 1 1 0 1 0 0 1 1 1 0 0 0 1 1 0 1 1 1 0 1 0 0 0 0 0 1 0 1 1 1 
0 1 0 1 1 1 1 0 1 0 1 0 1 1 0 1 0 0 1 1 2 0 0 1 0 0 1 0 3 1 1 1 0 0 0 0 1 1 1 1 1 0 1 0 0 1 1 1 0 1 0 0 
0 1 0 1 2 0 0 1 0 1 0 1 0 1 1 1 1 1 1 1 1 1 0 0 0 1 1 1 1 0 1 0 1 0 1 0 0 0 0 0 1 0 0 1 1 1 1 1 0 1 0 0 
1 0 0 1 0 0 1 1 0 0 1 0 0 1 0 0 0 0 1 0 2 0 1 0 0 0 0 1 0 1 1 0 0 1 1 1 0 1 0 0 0 1 1 1 0 0 0 0 1 1 0 1 
1 1 1 0 2 1 1 0 0 0 0 0 0 1 1 0 1 0 1 0 3 1 1 1 1 1 1 1 3 1 0 1 1 0 1 1 0 0 0 0 0 1 1 0 0 0 1 1 0 0 1 1 

# Size = 19 | Time = 446 ms
0 0 1 1 1 1 1 1 0 0 0 1 1 0 0 0 0 1 0 0 3 0 1 0 1 0 1 0 3 1 0 1 0 1 0 0 1 0 0 1 0 0 1 0 0 0 1 1 0 1 0 1 
1 0 1 1 2 0 1 0 1 1 1 0 1 0 1 1 0 0 0 1 1 1 0 0 1 0 1 0 1 0 1 0 1 1 0 1 0 0 0 0 1 0 0 0 0 1 1 1 0 0 0 0 
0 1 0 0 2 1 0 1 0 0 1 1 0 1 0 0 1 1 1 0 0 0 1 1 0 0 0 1 0 1 0 1 0 0 1 0 1 1 1 1 0 1 1 1 1 1 0 0 1 1 1 1 
0 1 1 1 0 1 1 1 1 1 0 1 0 1 1 0 0 0 1 1 0 1 0 1 0 1 1 1 3 0 1 1 1 0 0 0 0 0 0 1 0 1 0 0 0 1 1 0 0 0 0 1 
1 0 1 0 2 0 1 0 1 0 0 1 1 1 0 0 1 0 1 0 2 1 1 0 1 0 1 0 2 1 0 0 0 0 0 0 1 0 1 1 0 0 0 0 0 0 1 0 1 1 0 1 
0 1 1 1 1 0 1 0 0 0 1 0 1 0 1 0 0 0 0 1 2 0 1 0 1 0 0 1 0 0 1 1 1 1 1 0 0 0 0 1 1 1 1 1 0 1 0 1 0 1 0 0 
0 0 0 0 2 1 0 0 0 0 0 0 1 0 1 0 0 0 1 0 1 0 1 1 0 0 0 0 0 1 0 1 1 1 1 1 0 0 1 1 0 0 1 1 1 0 0 0 1 1 0 1 
1 0 0 0 0 0 1 0 1 0 0 1 0 1 0 1 0 1 0 1 2 0 1 1 1 1 1 1 1 0 1 0 1 0 1 1 0 0 0 1 0 1 1 0 0 0 1 0 0 0 1 1 
1 1 0 0 1 1 0 1 1 1 1 0 0 0 0 1 1 1 0 0 2 1 1 0 0 1 0 0 2 0 1 0 1 1 1 1 1 1 1 0 1 1 0 1 0 1 1 0 1 0 1 0 
1 1 0 0 0 0 0 0 1 1 1 1 0 1 0 1 1 0 1 0 3 1 0 0 1 1 1 0 0 1 0 0 0 1 0 1 1 1 1 0 1 0 0 0 0 1 1 0 0 0 1 1 
1 0 0 0 1 1 0 0 0 1 0 0 0 0 1 0 1 1 1 1 0 1 0 0 1 1 0 0 1 0 0 0 0 1 0 0 1 1 1 0 1 0 1 1 1 1 0 1 0 1 1 0 
1 1 1 0 2 0 1 1 0 1 1 0 0 1 0 0 1 1 0 1 1 0 0 1 0 1 0 1 3 1 1 0 0 0 1 1 0 1 1 0 1 1 0 1 1 0 0 0 1 0 0 1 
1 1 1 1 0 1 0 0 0 0 0 0 1 0 1 0 0 0 0 1 1 1 0 0 0 0 0 0 3 1 1 1 0 0 1 0 1 1 0 0 0 1 1 0 0 1 0 0 1 1 1 0 
0 0 0 1 0 0 1 1 0 0 0 1 1 1 1 1 1 0 0 1 0 0 0 1 0 1 1 1 2 0 1 0 1 0 1 1 0 0 0 0 1 0 1 1 1 0 1 1 0 1 0 1 
0 1 0 1 2 1 0 1 1 1 0 0 1 1 1 0 1 0 0 1 3 0 0 1 0 1 0 1 1 0 1 1 1 0 1 0 0 0 1 0 1 1 1 1 1 1 0 0 1 1 0 0 
1 0 0 1 1 1 1 1 1 0 1 0 0 1 0 1 0 1 0 0 2 0 0 1 1 1 0 0 3 0 0 1 1 0 1 0 0 1 1 0 1 0 1 1 1 0 1 1 0 0 1 1 
0 1 1 0 2 1 1 0 0 0 0 0 0 0 0 0 0 0 0 1 3 0 0 0 1 0 1 1 2 0 1 1 1 0 0 0 0 0 0 1 1 1 0 0 0 1 0 0 0 0 0 1 
1 1 0 1 1 1 1 1 0 0 1 1 1 0 1 1 1 1 1 0 1 0 1 0 1 0 0 1 1 1 1 1 1 1 0 0 0 0 1 1 0 1 1 0 0 1 1 0 0 0 0 0 
0 0 0 1 1 0 1 1 0 0 1 1 1 0 0 1 1 1 0 0 1 0 0 0 1 0 0 0 2 0 1 1 0 1 0 1 1 0 1 0 0 1 1 0 0 0 1 1 0 1 0 1 

# Size = 19 | Time = 449 ms
0 0 0 0 0 0 0 0 0 1 0 0 0 1 1 0 1 1 1 0 3 0 1 0 0 0 0 1 2 1 0 0 0 1 0 1 0 1 1 0 1 0 1 1 0 1 1 1 0 0 1 1 
0 1 0 1 1 1 0 1 0 0 0 0 1 1 1 1 1 1 0 1 1 0 0 0 1 1 0 0 3 0 0 0 0 1 0 0 1 0 0 1 0 1 1 1 1 1 1 0 0 1 1 1 
1 0 1 1 2 1 1 1 0 1 1 0 0 1 0 0 1 1 0 0 1 0 1 1 1 1 1 0 1 1 0 1 1 0 0 1 0 1 1 0 1 0 0 1 0 1 1 1 0 0 1 1 
1 1 0 0 2 1 0 0 1 0 0 1 1 0 1 1 0 0 1 0 2 0 0 1 0 0 0 1 1 1 0 1 0 1 0 0 1 0 0 0 0 0 0 0 0 0 1 1 0 1 0 1 
1 0 1 0 1 0 1 1 1 0 0 1 1 0 0 1 0 0 1 1 1 0 1 0 1 1 0 1 0 0 0 0 0 0 1 1 0 1 0 1 1 0 1 1 1 1 1 1 0 0 1 0 
1 1 1 1 0 0 1 1 1 1 1 1 1 0 1 1 0 1 0 0 0 1 0 1 0 1 0 1 0 0 0 1 1 1 1 0 0 0 0 0 1 0 0 0 0 1 1 0 1 1 0 1 
1 0 1 1 2 0 1 1 1 1 1 0 1 0 1 0 0 0 0 0 3 1 1 1 1 1 0 0 2 0 0 1 0 0 1 1 1 0 0 0 1 1 1 1 1 1 0 0 1 1 0 0 
1 0 1 1 0 0 1 1 1 1 1 1 0 1 0 0 0 1 1 1 2 0 1 1 1 1 1 0 3 0 1 0 0 1 1 1 0 0 0 0 0 0 1 1 1 1 0 0 1 1 0 1 
0 1 0 0 0 0 0 0 0 0 1 0 0 0 1 1 0 0 0 1 2 1 0 0 0 1 1 0 2 0 1 0 1 0 0 1 0 1 1 1 1 1 0 1 1 0 1 0 0 1 0 1 
0 1 0 1 2 1 0 0 0 0 1 1 1 1 0 1 1 1 0 1 3 1 1 1 1 0 1 0 0 1 1 1 1 0 0 1 1 1 1 1 0 1 0 0 0 0 1 0 1 0 1 1 
0 0 0 0 2 0 0 0 0 0 0 0 0 1 1 0 1 0 1 1 0 0 1 0 1 0 1 0 1 0 1 0 0 0 0 1 1 1 1 1 0 1 1 1 1 1 0 1 0 0 0 0 
0 1 1 0 1 1 1 1 0 1 0 0 0 0 0 0 1 0 1 0 2 0 1 1 0 0 1 1 0 1 1 1 1 1 1 0 1 1 1 1 0 1 0 0 0 0 0 0 1 0 0 1 
0 0 1 0 2 1 0 0 1 1 0 1 1 0 0 0 1 0 0 0 0 1 0 0 0 0 0 1 3 1 0 1 1 0 1 0 0 1 1 1 1 0 1 0 0 0 0 0 1 0 1 1 
0 1 0 0 0 1 1 0 1 0 0 0 0 0 1 0 1 1 1 1 3 1 0 1 0 0 0 1 1 0 1 0 1 1 1 0 1 0 1 1 1 1 0 0 0 1 1 0 1 0 1 0 
0 1 0 1 1 1 0 0 1 1 1 1 0 1 0 1 1 0 0 0 0 0 0 0 1 0 1 0 2 1 0 0 1 1 1 0 0 1 0 0 0 0 1 0 0 1 1 1 0 1 1 0 
1 0 0 0 1 1 1 0 0 0 0 0 0 0 1 0 1 1 1 1 1 1 0 0 0 0 0 1 1 1 1 1 1 1 1 1 1 1 0 1 1 1 0 0 0 0 0 1 0 1 0 1 
1 0 1 1 1 0 0 1 1 1 0 1 0 0 1 0 1 1 0 1 3 1 0 1 0 0 1 0 3 1 1 0 1 1 0 0 1 1 1 1 1 0 0 1 1 1 0 1 0 1 0 0 
0 0 0 0 1 1 1 1 0 1 1 1 1 1 0 1 0 1 1 0 2 0 0 0 0 1 1 0 0 1 0 1 0 1 0 0 1 0 0 0 1 0 0 1 1 1 1 1 0 1 1 0 
1 1 1 1 0 1 1 1 0 1 1 1 0 0 1 0 1 1 1 0 1 0 0 1 0 0 1 0 2 1 0 1 1 1 0 0 1 1 0 1 1 0 0 1 1 1 0 0 1 0 0 1 

# Size = 20 | Time = 359 ms
0 0 1 0 1 0 0 0 0 1 1 1 0 0 1 0 1 0 0 1 1 1 1 1 1 1 0 0 2 1 0 0 0 0 1 0 1 0 1 0 1 1 1 1 1 1 0 0 1 0 0 0 
1 1 0 1 0 1 1 1 1 0 0 0 1 1 0 1 0 1 1 0 2 0 0 0 0 0 1 1 0 0 1 1 1 0 0 1 0 1 0 1 0 0 0 0 0 0 1 1 0 1 1 1 
1 0 1 1 2 1 1 0 0 0 0 1 1 0 0 1 1 0 1 1 0 1 1 0 0 1 0 1 1 1 1 1 1 1 1 0 1 1 1 1 1 0 0 1 0 1 1 0 0 0 1 0 
1 0 1 1 0 1 0 0 1 0 1 0 0 0 0 0 1 0 1 1 0 0 0 1 1 1 0 0 0 0 0 1 0 1 0 0 0 0 0 0 0 0 1 0 0 1 0 1 0 0 0 1 
0 0 0 1 1 1 0 1 1 1 0 0 1 1 1 0 1 1 1 1 1 1 0 0 0 1 1 1 2 0 1 1 1 1 1 1 0 0 0 1 1 1 1 1 0 1 0 1 0 1 1 1 
1 1 0 0 2 1 0 0 0 1 0 0 1 1 1 0 0 1 0 0 3 0 0 0 1 0 0 1 3 1 0 1 0 0 1 1 0 1 1 0 0 1 0 1 1 1 1 0 1 1 0 1 
0 1 1 1 1 0 1 1 0 1 1 1 0 1 0 1 1 0 0 1 3 0 1 1 0 1 1 0 3 0 0 0 0 1 1 0 1 1 0 1 1 1 1 0 0 1 1 1 0 0 1 0 
0 1 1 1 0 0 0 1 0 0 0 0 0 0 1 0 0 1 0 1 2 0 1 1 0 1 1 1 1 1 0 0 0 0 1 0 1 1 0 1 1 1 1 1 1 0 0 0 1 1 0 1 
1 0 0 0 0 0 1 1 1 0 1 1 0 0 0 1 0 0 1 0 3 0 1 0 0 0 1 1 2 0 1 0 1 1 0 1 1 0 1 0 0 0 0 1 1 0 1 0 1 0 0 1 
0 0 0 0 0 0 1 0 0 1 1 0 0 0 1 0 0 1 0 0 2 1 0 0 1 0 0 0 3 0 1 0 0 1 0 0 0 0 1 0 1 1 0 0 0 1 0 1 0 0 1 0 
0 1 1 0 1 0 0 1 0 1 1 1 1 1 1 1 0 0 0 1 0 0 1 1 1 0 1 0 0 1 0 1 1 0 1 1 1 0 0 1 1 1 0 1 1 1 1 0 1 1 0 0 
0 1 0 0 2 1 0 1 1 1 1 1 1 1 1 0 1 1 0 0 3 1 1 0 1 0 0 1 0 0 0 0 0 0 0 1 0 0 0 1 0 0 1 0 0 1 0 1 0 0 1 0 
1 1 0 0 2 0 1 0 1 0 0 1 0 0 0 1 0 0 1 0 1 0 1 1 1 0 1 0 3 1 1 0 1 0 0 0 1 0 1 0 0 0 0 0 0 0 1 1 0 1 0 1 
1 1 1 1 1 1 1 1 1 0 0 0 0 1 0 0 1 1 0 0 0 1 0 1 0 1 0 1 2 0 1 0 0 1 0 0 1 1 0 0 0 0 1 0 0 0 0 0 1 1 1 1 
0 1 0 0 1 1 0 1 1 1 1 0 0 1 1 0 1 1 0 0 3 0 0 0 1 0 1 0 1 0 0 1 0 1 0 1 0 0 0 0 0 0 0 0 0 0 1 0 1 0 1 1 
0 0 0 1 0 0 0 1 1 1 0 1 1 0 0 0 0 0 1 1 1 1 0 1 0 0 0 0 0 1 0 0 0 1 1 0 0 1 1 0 1 0 1 0 0 0 1 1 0 1 0 1 
1 1 1 1 2 1 1 1 1 1 0 0 0 1 1 1 0 0 0 0 1 1 0 0 1 1 1 1 1 0 0 1 0 1 1 1 0 0 0 1 0 0 1 1 1 1 1 1 0 0 1 0 
0 1 1 1 2 1 0 0 0 0 1 1 0 1 0 1 1 0 1 0 2 1 0 0 1 0 0 1 2 0 1 0 0 1 0 0 1 0 1 0 0 1 1 0 0 0 1 1 0 0 0 1 
0 1 1 1 1 1 0 1 1 0 0 0 0 0 0 0 0 1 1 0 2 1 1 0 0 1 0 1 2 1 1 1 0 0 0 0 1 0 0 1 0 0 1 0 0 1 1 0 1 1 0 1 
1 1 0 1 2 1 1 1 0 0 0 0 0 1 1 0 1 1 0 1 0 1 0 0 1 0 1 1 3 0 1 1 0 0 1 0 0 0 0 1 0 1 0 0 0 0 0 1 0 0 1 1 

# Size = 22 | Time = 401 ms
1 0 0 0 0 1 1 1 0 1 0 0 1 1 1 1 1 0 0 0 3 1 1 1 0 1 1 1 0 0 1 0 0 1 0 1 1 0 0 0 1 1 1 1 0 1 1 1 0 0 0 1 
0 0 1 1 1 0 0 1 0 0 0 1 1 1 0 0 1 1 1 0 1 0 0 0 1 1 0 0 1 0 0 0 1 0 0 1 1 1 0 1 1 0 1 1 1 1 1 1 0 1 0 1 
0 0 1 0 2 1 0 0 1 1 1 1 0 1 0 1 0 1 1 0 2 1 1 1 1 0 1 0 2 0 1 1 1 1 0 1 0 0 1 0 0 0 1 1 0 1 1 1 0 1 1 0 
1 0 1 0 1 1 1 1 0 1 1 1 0 0 1 1 1 0 0 1 0 1 1 1 0 1 0 1 2 1 1 1 0 0 0 0 1 0 0 0 0 0 1 1 1 1 1 0 0 0 1 1 
0 1 0 0 0 1 1 1 0 0 1 0 1 0 1 0 0 0 0 1 0 1 0 1 0 0 0 1 2 0 0 0 1 1 1 1 0 1 0 0 1 1 1 0 0 0 1 1 0 1 0 1 
0 1 0 1 0 0 0 1 0 0 1 0 0 1 0 1 0 0 1 0 2 1 0 0 1 1 0 0 3 1 0 1 1 1 0 0 1 1 1 0 1 0 1 0 0 1 1 0 0 0 0 0 
1 1 1 0 1 1 0 0 0 0 0 0 0 0 1 1 1 0 1 0 3 0 1 1 0 1 0 1 0 0 0 1 1 0 0 0 1 1 1 1 1 1 0 1 1 0 1 0 1 0 1 1 
0 0 0 1 1 1 1 0 0 0 0 0 1 1 1 1 0 1 1 1 1 1 1 1 1 0 0 0 2 1 0 0 0 0 1 0 0 0 1 0 1 1 0 1 0 1 1 1 0 0 0 1 
1 0 0 1 0 1 1 1 0 1 1 1 0 1 1 1 1 1 0 0 3 0 1 0 1 0 1 1 3 1 1 0 1 1 0 1 0 0 1 1 1 0 1 1 0 1 1 0 1 0 0 0 
0 0 1 0 2 1 1 1 0 1 0 1 0 0 0 1 1 1 0 1 2 0 1 1 1 1 1 1 1 0 1 0 1 1 1 1 1 0 0 1 0 1 0 1 0 0 1 1 0 1 1 1 
0 1 0 1 1 1 1 0 1 1 1 1 1 0 1 0 0 1 0 1 0 0 0 0 1 0 1 0 2 0 0 1 0 1 1 0 1 0 1 1 0 1 1 0 0 1 0 0 1 0 0 0 
1 1 0 1 1 0 1 0 0 0 0 0 1 0 0 0 0 1 1 1 2 0 0 1 0 1 0 1 3 0 1 0 0 0 1 1 0 1 0 0 0 1 0 1 1 0 0 1 0 0 1 1 
1 1 1 1 0 0 0 0 1 1 1 0 0 0 0 0 0 0 0 1 1 1 0 0 0 0 1 0 0 1 1 1 1 0 1 0 0 0 0 1 0 0 0 1 1 0 0 0 1 1 0 1 
1 0 1 0 2 0 0 0 1 1 1 0 1 1 1 0 1 0 1 1 3 1 1 0 0 0 0 0 1 1 1 1 0 0 1 0 0 1 0 0 0 1 0 0 0 1 0 0 1 1 0 0 
0 1 1 0 2 1 0 1 1 0 0 1 1 1 0 0 0 0 1 0 0 0 0 0 0 1 1 1 3 0 0 0 1 1 0 1 0 1 1 0 1 1 0 0 0 0 0 1 0 1 1 1 
1 1 0 0 2 0 0 1 0 0 0 0 1 0 1 1 0 1 1 0 1 1 0 1 1 0 0 1 1 1 1 0 0 1 1 0 0 0 1 1 1 0 0 0 0 1 1 1 0 0 1 0 
0 1 0 0 0 1 1 1 1 1 1 0 0 1 0 0 0 1 1 0 3 1 0 0 0 0 0 1 1 1 1 0 1 0 0 0 1 0 0 0 1 0 1 1 0 1 1 0 1 0 1 1 
0 0 0 1 2 0 1 0 0 0 1 1 0 1 1 0 1 1 1 0 0 0 1 1 1 0 0 1 0 1 1 1 0 1 0 1 0 1 1 1 1 1 0 0 0 1 1 1 0 1 0 0 
1 1 1 1 2 0 0 0 1 1 0 1 0 0 1 0 0 0 0 1 3 1 1 0 1 1 1 0 2 0 1 0 0 1 0 1 1 1 0 0 0 0 0 1 1 1 0 1 0 0 1 0 
0 0 1 0 1 0 1 1 1 0 1 0 0 1 0 1 0 0 0 1 1 0 0 0 1 1 1 0 3 1 1 0 1 0 0 0 1 0 0 1 1 1 1 1 0 1 1 1 0 0 1 0 
0 0 0 1 1 1 1 0 0 1 0 1 1 0 1 1 1 1 0 1 0 0 0 1 1 1 1 0 1 1 0 1 0 0 0 0 1 0 1 0 0 0 1 1 0 0 1 1 0 0 1 1 
1 0 1 1 1 1 0 0 1 1 0 1 0 0 1 1 1 0 0 0 2 1 1 1 0 0 0 1 0 0 1 0 0 1 1 0 0 1 1 1 1 0 0 0 0 0 1 0 1 1 1 1 

# Size = 20 | Time = 430 ms
1 0 0 0 2 1 0 1 1 1 0 1 0 0 0 0 0 0 0 0 0 0 1 0 0 0 1 0 0 0 1 0 0 1 0 1 1 1 0 0 0 0 1 1 0 1 1 0 0 0 1 0 
1 0 0 0 2 0 1 0 1 0 0 0 1 1 0 1 1 1 1 1 2 1 0 0 0 1 0 0 1 0 0 1 1 1 0 0 0 1 0 1 1 1 0 1 0 0 1 0 0 0 1 1 
0 0 1 0 1 1 1 1 0 0 1 0 0 0 1 0 1 0 0 1 2 1 1 1 1 0 0 0 1 1 1 1 0 1 0 1 0 0 1 1 1 1 0 0 0 1 0 0 0 1 1 0 
0 0 1 0 0 1 1 0 0 0 1 0 0 0 1 1 0 1 1 1 1 1 0 0 1 1 0 0 3 0 0 0 1 1 0 1 1 1 0 0 1 1 0 0 0 1 1 0 1 1 0 1 
1 0 1 0 2 0 1 1 0 0 1 0 1 1 0 1 0 0 1 1 1 1 1 0 1 1 0 1 0 0 1 0 0 1 0 0 1 0 1 0 1 0 0 1 0 0 1 1 0 0 0 1 
0 0 0 1 0 0 1 1 0 1 0 1 1 1 1 0 0 0 0 1 3 0 0 1 0 1 1 1 0 1 1 0 0 0 1 0 1 1 0 0 0 1 0 1 1 1 1 0 0 0 0 0 
1 1 0 1 0 0 0 0 0 0 1 0 0 1 0 0 1 1 1 0 0 0 1 1 1 0 1 0 0 1 0 1 1 1 1 0 0 0 1 1 1 0 1 1 1 0 0 0 1 1 0 1 
0 0 1 1 1 1 0 0 1 1 1 0 0 1 0 0 1 1 0 0 2 0 0 0 0 1 1 0 2 1 0 0 1 0 0 0 1 1 1 0 1 0 1 1 1 0 1 0 0 0 0 1 
0 1 1 0 2 0 0 0 1 0 0 0 0 0 0 0 1 1 1 0 3 1 0 1 1 0 0 0 1 1 0 0 0 0 1 1 0 0 1 0 1 0 1 1 1 0 0 1 0 0 1 1 
1 1 0 1 1 0 0 1 1 1 0 1 1 1 0 0 1 1 0 0 1 0 1 1 0 0 1 1 3 1 1 1 0 0 1 0 0 0 1 1 0 1 1 1 1 1 0 1 0 0 1 0 
1 1 1 1 1 1 1 0 1 0 1 1 0 1 1 1 0 0 0 0 3 0 1 0 0 1 1 1 0 1 1 1 1 0 0 1 1 1 0 1 1 0 1 0 0 1 1 0 1 0 1 0 
0 1 1 0 0 1 0 1 1 1 0 1 1 0 1 1 0 0 1 1 0 1 0 0 1 1 1 1 2 0 0 0 1 0 1 1 0 1 0 1 0 1 1 0 0 0 1 1 0 1 1 1 
1 1 0 1 2 0 0 1 0 1 0 1 1 0 1 0 0 1 1 0 3 0 1 0 0 1 0 1 2 0 0 1 0 1 0 1 1 1 0 0 0 1 0 0 0 1 0 0 1 1 0 0 
0 0 1 1 0 1 1 0 1 1 1 1 0 0 0 1 0 1 1 1 0 0 0 1 1 0 1 1 1 0 0 1 1 0 0 0 1 1 1 0 0 1 0 1 1 0 1 0 1 0 0 1 
1 1 0 1 0 0 1 1 1 0 1 1 1 1 0 1 0 0 1 0 2 1 0 1 1 1 1 1 3 0 1 1 0 0 1 0 0 1 1 0 0 0 1 0 0 0 1 1 0 1 0 1 
0 0 0 0 0 0 0 1 1 1 0 0 1 1 1 1 0 0 0 1 1 1 1 0 0 0 1 0 1 1 0 0 0 0 1 1 1 1 1 0 0 0 0 0 0 1 1 1 0 1 0 0 
1 0 1 0 1 0 0 0 1 0 0 0 1 1 0 0 1 0 1 0 0 0 0 0 1 0 0 1 3 0 0 1 0 1 1 1 0 1 1 1 0 0 0 1 1 1 1 0 0 0 0 1 
1 1 0 1 1 1 0 1 0 0 0 0 1 0 0 1 0 0 1 0 2 1 0 0 1 1 0 1 0 1 1 1 0 1 0 1 0 0 0 1 1 1 0 1 1 1 1 0 1 0 1 1 
0 0 0 0 2 1 0 0 1 1 1 1 0 1 0 1 1 0 1 0 3 1 0 1 1 0 0 1 3 0 0 0 1 0 0 0 1 1 1 0 1 1 0 0 0 1 1 1 0 0 1 1 
1 0 0 1 0 1 1 1 0 0 1 1 1 0 0 1 1 0 1 1 1 1 1 1 1 0 0 0 2 1 1 0 1 1 1 0 1 0 0 0 0 0 0 1 0 0 1 0 0 0 1 1 

# Size = 21 | Time = 401 ms
1 1 0 0 2 0 1 0 1 1 1 1 1 0 0 1 1 0 1 0 3 1 1 1 0 0 1 0 0 1 0 1 1 0 1 1 0 1 1 1 0 0 1 1 0 1 1 0 1 1 0 0 
0 0 0 1 1 1 1 1 0 0 1 0 1 0 0 0 1 1 1 0 0 1 1 0 0 0 0 0 1 0 1 1 1 1 1 1 1 0 0 1 1 1 0 0 0 1 0 0 1 1 0 1 
0 0 1 0 0 1 1 0 0 0 1 1 1 1 1 1 0 0 1 0 1 1 0 0 1 1 0 0 2 1 0 0 0 1 1 0 0 0 1 1 1 0 0 1 0 1 1 1 0 0 1 0 
1 0 1 1 0 1 0 1 0 1 0 0 0 1 1 0 0 1 0 1 2 1 1 0 0 0 1 0 3 1 1 0 1 0 1 1 1 1 1 1 1 0 1 0 0 0 1 0 1 1 1 1 
0 0 1 0 0 0 0 1 1 0 1 0 0 0 1 0 1 0 0 0 0 1 0 1 1 0 1 1 3 0 0 0 0 1 0 1 1 1 1 1 1 1 1 1 1 1 0 0 1 1 0 0 
0 1 0 0 2 0 1 1 1 1 0 0 1 0 1 1 0 1 0 0 2 0 0 0 1 0 0 1 2 0 0 0 1 0 1 1 0 0 1 0 1 0 0 0 0 1 1 0 1 0 1 1 
1 1 1 1 1 1 0 1 0 1 0 1 1 0 1 0 1 1 0 1 0 0 1 1 1 1 0 0 0 1 0 0 0 0 0 1 0 0 0 1 0 0 1 1 1 1 0 1 0 1 0 1 
1 1 1 0 2 1 0 0 1 0 0 1 1 0 1 0 1 0 0 1 3 1 1 1 1 0 0 0 3 0 1 0 1 0 0 1 1 0 0 0 0 1 1 1 1 0 1 0 0 0 0 1 
0 1 1 0 0 0 0 1 0 1 1 0 0 0 1 0 1 1 0 0 0 0 0 0 1 0 0 0 2 1 1 0 0 1 1 0 1 1 1 0 1 1 1 1 0 1 1 0 1 0 1 1 
1 1 1 1 0 1 0 0 1 0 0 0 0 0 1 0 0 0 1 0 3 1 1 0 0 0 0 0 1 0 1 1 1 0 0 0 0 0 0 1 0 1 1 1 1 1 1 1 0 0 0 1 
0 0 0 1 1 1 0 0 0 1 0 0 0 1 0 1 0 0 0 1 1 0 1 1 1 0 1 1 2 0 1 1 1 0 0 0 1 1 0 0 0 1 1 1 1 1 1 1 0 1 1 0 
0 1 0 1 0 0 1 0 1 0 1 0 0 1 0 1 1 0 1 1 2 0 0 1 0 1 1 1 3 0 1 1 0 1 0 0 0 0 0 0 0 1 0 1 1 0 1 1 0 0 0 1 
1 0 1 0 2 0 1 0 0 1 0 1 0 1 0 1 0 1 0 1 0 0 0 1 1 1 1 1 1 1 0 0 0 1 0 0 1 1 1 0 0 0 0 0 0 0 1 1 0 0 1 1 
0 0 0 0 1 0 0 0 0 0 1 0 0 1 1 0 0 0 0 0 3 0 0 0 0 1 0 1 0 0 1 0 0 1 1 0 1 0 1 0 1 1 0 0 0 0 0 0 0 0 1 1 
1 1 1 1 2 0 0 1 1 1 0 1 0 0 0 0 1 1 1 0 1 1 0 1 0 1 0 1 1 0 0 0 1 1 0 1 1 1 1 1 1 1 1 0 0 1 0 0 1 1 0 0 
1 1 0 0 1 0 0 1 1 1 1 1 1 1 0 0 1 1 1 1 2 0 1 1 0 0 1 1 2 1 1 0 1 1 1 1 1 0 0 0 1 1 0 1 1 0 0 1 0 1 0 1 
0 1 0 1 0 1 0 0 0 0 1 0 0 0 0 0 0 0 0 1 2 0 0 1 1 1 0 1 0 1 0 0 0 1 0 1 1 0 0 0 0 0 0 1 1 1 0 0 0 1 0 0 
1 0 0 1 1 0 0 1 0 0 1 0 0 0 1 0 0 1 0 1 2 1 0 1 0 0 1 0 1 0 1 1 0 0 0 1 0 0 1 0 1 1 0 0 0 1 1 1 0 1 0 1 
1 1 0 0 1 0 0 1 0 0 0 1 0 1 1 0 0 0 1 0 1 1 1 0 0 1 1 0 3 1 0 1 0 1 0 0 1 0 0 0 1 0 0 0 0 0 0 0 0 1 0 1 
1 0 1 1 2 0 1 0 0 1 1 0 1 0 0 1 1 1 1 0 1 1 0 1 0 1 1 0 0 0 0 0 1 1 1 0 1 1 1 0 1 1 1 0 0 1 1 0 0 1 0 0 
0 0 1 0 0 1 0 1 1 1 0 1 1 1 1 0 0 1 0 0 3 0 1 1 1 0 1 1 2 0 1 1 0 1 0 1 1 1 1 1 0 0 0 0 0 0 1 1 0 0 1 1 

# Size = 20 | Time = 386 ms
1 1 0 0 2 0 0 0 1 0 1 0 0 0 1 0 1 0 0 0 2 1 0 0 0 1 0 0 0 1 1 1 0 1 1 0 1 0 0 0 0 0 0 1 1 0 0 0 0 1 0 1 
0 0 1 1 1 1 1 1 0 1 0 1 1 1 0 1 0 1 1 1 0 0 1 1 1 0 1 1 1 0 0 0 1 0 0 1 0 1 1 1 1 1 1 0 0 1 1 0 1 0 1 0 
0 0 0 1 1 1 0 1 0 0 1 0 0 1 1 0 1 0 0 1 0 0 1 0 0 1 0 0 2 0 0 1 1 1 1 1 1 1 0 0 1 1 0 0 0 1 1 1 0 1 0 0 
1 1 0 0 2 0 0 0 1 0 0 1 0 0 1 0 0 0 1 1 0 1 1 0 0 0 1 1 3 1 1 0 1 1 0 0 1 0 1 0 0 1 0 1 0 0 1 0 1 1 0 1 
1 1 0 1 0 0 0 1 0 0 0 0 0 1 0 0 1 1 1 0 0 1 0 0 0 0 0 1 1 0 1 1 0 0 1 1 0 1 0 0 0 0 1 1 1 0 0 1 0 0 1 1 
0 0 0 0 1 0 0 0 0 0 1 0 1 1 0 0 0 1 0 1 2 1 0 0 0 0 1 1 2 1 1 0 1 1 0 0 1 0 0 1 0 1 0 0 0 1 0 1 0 0 0 1 
0 1 0 0 2 0 1 1 1 0 0 1 1 0 1 0 1 1 0 0 2 1 1 1 1 0 1 0 1 0 0 1 0 0 0 0 0 0 0 0 1 0 1 0 0 1 1 0 0 0 1 1 
1 0 0 1 0 1 1 0 1 0 0 1 0 0 1 1 0 1 1 0 1 0 0 1 1 1 1 1 3 1 0 1 0 1 0 1 1 0 0 1 1 1 0 1 1 1 1 0 1 1 0 0 
0 1 1 1 0 0 0 1 0 0 1 0 1 0 1 0 1 0 1 1 2 0 1 0 0 0 0 1 3 0 1 1 0 0 0 0 0 0 1 1 0 0 1 1 1 1 1 0 1 0 0 0 
0 1 0 0 0 1 0 0 0 1 1 0 0 1 1 1 1 0 0 0 3 1 0 1 0 1 0 0 3 0 1 0 1 1 0 0 1 1 0 1 0 0 1 0 0 0 1 1 0 0 1 1 
1 1 1 0 2 1 0 1 1 1 1 1 0 1 0 0 0 0 1 0 1 0 1 1 0 1 1 0 2 1 0 1 0 1 1 1 0 1 0 1 1 0 1 0 0 0 0 0 0 1 1 1 
1 0 1 1 2 0 0 0 0 1 1 0 1 0 0 1 1 0 0 0 1 1 0 0 1 1 0 0 1 1 1 0 0 1 1 0 1 0 1 0 0 0 0 1 1 0 1 1 0 1 0 1 
1 0 1 0 1 1 1 1 1 1 1 0 1 1 0 1 0 0 1 0 2 0 1 0 0 1 0 1 0 0 1 0 0 0 1 1 1 1 1 1 1 1 1 1 1 1 1 1 0 0 1 0 
1 0 1 1 1 0 1 1 1 0 0 1 1 0 0 0 0 1 1 1 3 0 1 0 1 0 1 1 1 1 1 1 1 0 1 1 0 0 1 0 1 1 0 1 1 1 0 0 1 1 0 0 
0 0 0 1 0 1 1 0 0 1 0 1 0 1 0 1 1 1 0 1 3 0 1 1 1 0 1 0 0 1 0 0 0 0 0 1 0 1 1 1 0 0 0 0 0 0 1 0 1 1 1 1 
0 1 0 0 1 0 1 1 1 0 0 1 0 1 0 0 0 0 0 1 1 0 1 1 1 0 0 0 3 0 1 0 1 0 1 1 1 1 0 1 1 0 1 1 0 0 0 1 0 0 0 1 
0 0 0 1 0 0 1 0 0 0 0 0 1 0 1 1 0 1 0 1 3 0 1 0 1 0 1 1 2 0 0 1 1 0 1 1 1 1 1 1 1 1 0 1 1 1 1 0 1 1 0 1 
0 0 0 0 2 0 0 0 1 1 0 1 0 0 0 1 1 1 0 1 3 1 0 0 0 0 1 0 2 1 1 1 0 0 1 0 1 1 1 1 1 0 1 1 1 1 1 0 1 0 1 0 
1 0 0 0 1 0 0 1 1 0 0 1 1 1 0 0 1 1 0 1 0 1 0 0 1 1 1 0 0 0 0 0 1 1 0 1 0 1 0 0 1 0 0 1 1 1 1 1 0 0 0 1 
0 1 1 0 0 0 0 1 0 0 1 1 1 1 1 1 0 0 1 0 1 0 0 1 1 1 0 0 0 0 0 1 0 1 0 1 0 1 0 1 1 0 1 1 0 1 1 0 1 1 0 0 

# Size = 20 | Time = 339 ms
0 0 1 1 2 1 0 0 1 0 0 0 0 0 1 0 1 1 0 1 0 1 0 0 0 0 1 0 3 0 0 1 0 1 1 1 1 0 1 0 0 1 1 1 1 1 1 0 1 1 1 0 
1 0 1 0 0 0 1 0 1 1 1 0 0 1 0 1 0 1 1 0 3 1 1 1 1 0 0 1 2 1 0 1 0 0 1 1 0 0 1 1 1 0 0 1 0 1 1 0 1 0 1 0 
0 1 1 1 1 1 0 0 1 1 0 1 1 1 1 1 0 0 0 1 1 1 0 0 1 0 0 1 1 0 0 0 0 1 0 1 0 0 0 0 1 0 1 1 1 1 1 0 0 0 0 0 
0 0 0 0 0 1 0 0 1 0 0 0 0 0 1 0 1 1 0 1 1 0 1 0 0 1 1 0 1 1 0 0 1 1 1 0 1 0 1 0 0 1 1 1 0 1 0 0 1 0 1 1 
0 1 1 1 0 0 1 0 1 1 1 0 1 0 1 1 1 0 1 1 2 1 0 1 0 0 0 1 0 1 1 0 1 1 1 1 1 1 0 0 0 0 0 1 0 1 1 0 1 0 0 1 
0 0 0 1 2 1 1 0 1 0 0 1 1 1 1 0 1 0 0 1 1 0 0 1 1 0 1 0 2 0 0 0 1 0 0 0 1 0 1 0 1 0 0 1 0 1 1 0 1 1 0 1 
1 1 0 0 1 1 1 0 0 0 0 0 1 1 1 0 0 0 0 0 3 1 1 1 1 1 1 0 3 0 0 1 0 1 1 0 1 0 0 1 1 0 0 1 0 1 0 0 1 0 1 1 
1 0 0 0 0 0 0 1 0 1 0 1 1 0 0 1 1 1 0 0 1 0 0 0 1 1 0 0 3 0 0 0 0 1 0 0 1 0 1 0 1 0 1 1 0 1 1 0 0 1 0 1 
0 0 0 1 1 1 1 1 0 1 1 1 0 0 0 0 1 1 1 0 1 0 1 1 0 0 1 0 1 1 1 1 1 0 0 1 0 1 1 1 1 0 1 0 0 0 0 0 0 1 0 1 
0 0 0 1 0 0 0 1 0 0 1 0 1 0 1 0 0 1 1 0 3 1 1 0 0 1 0 1 0 0 1 0 1 0 1 0 1 0 0 1 1 1 1 0 0 0 0 1 0 1 0 1 
1 1 0 1 2 1 1 0 0 0 1 1 0 1 0 0 0 1 1 0 2 1 0 0 1 0 1 0 3 0 0 1 1 0 0 0 0 1 1 1 1 1 1 0 0 0 0 1 0 1 1 1 
1 1 1 0 1 0 0 1 0 1 1 0 0 0 0 0 1 0 0 1 2 0 1 0 0 1 1 1 2 0 1 0 1 1 0 0 0 1 0 1 0 1 1 1 1 0 0 1 0 0 1 1 
1 1 0 0 2 0 1 1 0 1 1 1 0 1 0 1 0 0 0 0 0 0 1 1 1 1 0 0 0 1 1 0 1 0 0 0 0 1 0 1 0 0 0 0 0 0 1 0 1 0 0 1 
1 1 0 0 1 1 1 1 0 0 0 1 1 1 1 0 1 0 1 0 0 0 1 1 0 1 0 1 3 1 1 1 1 0 1 1 0 1 1 0 1 0 0 1 1 1 0 1 0 1 1 0 
0 0 1 1 1 1 0 1 1 0 0 0 0 1 0 1 1 1 0 1 1 0 0 0 0 1 1 0 0 0 0 1 0 1 1 0 0 1 1 1 1 1 0 0 0 1 1 1 0 1 1 0 
0 0 0 1 0 1 0 0 1 0 0 0 1 0 0 1 0 0 1 0 0 1 1 1 0 0 0 0 2 0 0 1 0 0 1 1 0 0 1 0 1 1 0 0 0 0 1 1 0 1 0 1 
1 0 0 1 2 0 0 1 0 0 0 1 1 0 0 1 1 1 0 1 3 0 0 1 0 0 0 1 1 0 0 0 1 1 0 1 0 1 0 0 0 1 0 1 1 0 1 1 0 1 0 1 
0 0 0 1 0 1 0 0 0 1 0 0 1 1 1 0 1 1 1 0 0 1 0 0 1 1 1 0 1 0 1 1 1 1 0 0 0 0 1 0 1 1 0 1 1 1 0 1 0 0 1 1 
1 0 0 0 0 0 1 0 1 0 0 1 1 1 1 0 0 0 0 1 2 0 0 1 0 1 0 0 0 0 1 1 0 1 0 1 1 0 1 1 1 0 0 1 1 1 0 0 1 0 0 0 
1 0 1 0 2 0 1 1 0 1 0 0 1 0 0 0 0 1 0 1 2 1 1 1 1 0 1 1 1 1 1 1 1 0 0 0 0 0 0 1 0 0 0 1 0 0 1 1 0 1 0 1 

# Size = 19 | Time = 370 ms
1 0 0 0 1 1 0 1 0 0 0 1 0 1 0 0 1 1 0 1 1 0 1 0 0 1 1 1 0 0 1 1 0 1 1 0 1 1 0 1 0 1 1 1 0 1 0 1 0 1 1 1 
1 1 1 1 0 0 0 1 0 1 1 1 0 0 1 0 1 0 1 0 2 0 1 1 0 1 1 1 1 1 1 1 1 0 1 0 0 1 0 0 1 0 1 0 0 0 1 1 0 0 0 1 
0 1 1 1 0 0 0 0 1 0 0 1 0 0 0 1 0 1 0 1 0 1 1 1 0 0 1 0 0 1 1 0 0 0 0 1 1 1 1 0 1 0 1 1 1 1 1 0 0 1 0 0 
1 1 1 0 1 1 0 1 0 0 1 1 1 1 1 1 1 0 1 1 1 1 1 1 0 0 0 1 2 1 0 0 1 1 0 1 0 0 1 0 1 0 1 1 0 0 1 0 0 0 0 1 
0 1 0 0 2 1 0 0 1 1 0 1 0 1 0 0 0 0 0 0 0 0 0 1 1 1 1 1 2 1 0 0 1 1 1 0 1 1 1 0 1 0 0 1 0 0 1 1 0 0 0 1 
0 0 0 1 1 1 0 0 1 1 0 0 1 0 1 0 1 1 1 1 3 1 1 1 0 1 0 1 1 0 0 1 0 1 0 1 0 0 1 1 0 0 1 0 0 1 0 1 0 0 0 1 
1 1 1 1 0 0 1 0 0 0 0 1 0 0 0 0 1 0 0 1 2 0 0 0 1 1 1 1 2 1 1 1 1 0 0 0 1 0 1 0 1 1 0 1 0 1 0 1 0 1 0 0 
1 0 1 1 2 0 0 0 1 0 1 0 0 0 1 0 0 1 1 1 1 0 1 0 1 0 0 1 1 1 1 1 1 0 1 1 0 0 1 0 1 1 1 0 0 0 1 0 0 0 1 1 
0 0 0 0 1 1 1 1 0 1 1 0 0 1 0 1 0 0 0 0 3 1 0 0 1 0 0 0 2 0 1 1 0 0 0 1 0 0 0 1 0 1 0 1 1 1 1 0 1 1 1 0 
1 0 1 0 2 0 1 1 1 0 1 0 1 0 0 1 1 1 0 0 0 0 1 0 0 1 0 0 1 0 0 0 0 1 1 0 1 1 0 1 1 1 1 1 0 1 1 1 0 1 0 0 
0 0 0 0 1 1 1 1 1 1 1 0 1 1 0 1 0 1 0 0 2 0 0 0 0 0 0 0 3 1 1 0 1 1 0 1 1 1 0 1 0 0 1 0 0 0 1 0 1 0 0 1 
0 0 0 1 0 0 1 0 1 1 1 0 1 1 1 0 1 1 1 0 1 0 1 1 0 1 0 0 1 0 0 0 1 1 1 0 1 0 1 1 0 0 0 1 1 0 0 0 1 1 0 1 
1 1 1 1 2 0 0 0 0 0 0 1 0 0 0 0 1 0 1 1 3 0 0 1 1 1 1 1 3 0 0 0 1 0 1 0 1 1 1 0 0 1 0 1 1 0 0 0 1 1 0 1 
1 1 0 0 2 0 1 0 0 1 1 0 1 1 1 0 0 0 0 0 2 1 0 1 1 0 0 0 0 0 0 0 1 0 1 0 0 0 0 1 1 0 0 1 1 0 0 0 1 0 1 1 
1 1 1 0 1 0 1 1 0 0 1 0 1 0 1 0 1 1 0 0 2 1 0 0 0 0 1 1 1 0 0 0 0 0 0 1 1 0 0 1 1 1 0 1 1 0 1 1 0 1 0 1 
0 0 0 1 1 1 1 0 0 1 1 1 0 1 1 0 1 1 1 0 0 1 0 1 0 1 1 1 2 0 0 1 1 1 1 0 0 0 1 0 0 1 0 0 0 1 0 0 1 1 1 0 
0 1 1 0 0 1 0 0 1 0 1 1 0 1 0 0 1 0 1 1 3 1 1 0 0 0 1 0 0 1 1 0 0 0 0 0 0 0 0 0 1 1 1 0 0 1 0 1 0 1 1 0 
0 1 1 1 0 1 1 1 1 1 0 1 0 1 1 1 1 1 0 1 1 1 0 0 1 0 1 1 3 0 0 1 0 0 1 1 0 0 1 0 1 1 1 1 1 1 1 1 0 0 1 0 
0 0 0 1 2 1 0 0 0 0 1 1 0 1 0 1 1 1 1 0 0 0 1 0 0 1 1 1 3 1 0 1 0 0 0 1 0 1 1 0 1 1 0 1 0 0 1 1 0 0 0 1 

# Size = 22 | Time = 484 ms
0 0 1 0 2 0 1 0 0 0 0 1 1 1 1 0 1 1 0 1 3 0 0 0 1 1 0 1 3 0 0 1 0 1 1 1 0 1 0 1 0 1 0 1 1 1 0 1 0 0 1 0 
1 1 0 1 0 1 0 1 1 1 1 0 1 0 0 1 0 0 1 0 2 1 1 1 0 0 1 0 1 1 1 0 1 0 0 0 1 0 1 0 1 0 1 0 0 0 1 0 1 1 0 1 
1 1 0 1 2 1 0 0 1 0 1 0 1 1 1 1 1 1 0 1 3 1 1 1 0 0 1 1 3 0 1 0 1 0 1 1 1 0 0 0 1 0 1 1 0 1 1 1 0 1 1 0 
0 1 1 1 2 1 1 0 1 0 0 1 1 0 1 0 1 1 0 0 0 0 1 0 1 0 0 0 2 1 0 1 0 1 1 0 0 1 0 0 1 1 0 0 0 1 0 0 1 0 0 1 
0 1 1 0 1 1 1 1 0 0 0 1 1 1 1 0 1 1 0 1 2 1 0 1 0 0 1 0 1 0 0 1 0 0 1 0 1 0 0 1 0 0 1 0 0 1 0 0 1 0 1 1 
1 0 0 1 2 0 1 1 0 0 0 0 0 0 1 0 0 1 1 1 0 0 1 1 1 1 1 1 2 1 0 1 1 1 0 1 1 0 1 1 1 0 1 1 0 1 0 1 0 1 0 1 
0 0 1 0 2 1 1 0 1 0 1 0 1 0 0 1 1 1 1 1 0 1 0 1 1 0 1 1 3 1 1 1 1 1 1 0 0 0 0 1 1 1 0 1 0 0 1 1 0 0 0 1 
1 1 1 0 1 0 1 0 0 1 0 1 1 1 0 1 1 0 1 0 3 0 1 0 1 1 1 0 1 0 0 1 0 1 0 1 1 1 0 0 0 1 1 1 1 1 1 1 0 1 0 0 
0 0 0 1 1 0 0 0 0 0 0 0 1 1 1 1 1 0 1 0 2 1 0 1 0 1 0 0 0 1 0 0 0 0 0 0 0 1 1 1 0 0 1 1 1 1 1 1 0 1 0 1 
1 1 1 0 1 0 1 1 1 1 1 1 0 0 0 0 1 0 0 0 0 0 0 0 0 0 0 1 2 0 1 0 0 0 1 0 0 1 0 1 1 1 0 1 1 1 0 0 1 0 1 0 
0 1 0 1 0 1 1 1 1 1 0 1 1 0 1 0 0 1 0 0 1 0 1 0 1 1 0 1 0 0 1 1 0 1 1 0 0 0 0 1 1 1 0 0 0 1 1 0 1 1 1 1 
0 0 1 0 0 0 0 1 0 1 0 1 0 0 1 0 0 0 1 0 3 0 0 0 1 1 0 0 3 1 1 1 1 0 0 1 0 1 1 0 0 1 0 0 0 0 1 0 1 0 1 1 
0 0 0 0 0 0 0 0 0 0 1 0 0 1 0 1 1 0 0 1 2 0 0 0 1 1 0 1 2 0 0 0 1 1 0 1 1 1 1 1 0 1 0 0 0 1 1 1 0 0 1 0 
1 0 1 0 2 0 0 0 0 1 1 0 0 1 0 0 1 0 1 1 1 1 0 1 0 0 1 0 0 1 0 0 1 0 1 1 1 1 1 0 0 0 1 1 1 1 0 1 0 0 0 0 
0 0 1 0 2 1 1 0 1 0 1 0 0 1 1 1 0 0 0 1 1 1 1 0 0 0 0 1 1 0 0 0 1 1 0 0 1 0 1 1 0 0 0 1 0 1 1 0 0 1 1 0 
0 0 0 0 0 1 1 0 1 0 1 0 0 1 1 0 0 0 0 0 3 0 1 0 1 0 0 1 0 0 0 1 0 1 0 0 1 0 0 0 1 0 0 1 1 0 0 1 0 1 1 1 
1 0 1 0 2 1 0 0 1 1 1 0 0 1 0 0 0 1 0 0 2 1 0 1 0 0 1 0 3 1 1 1 0 0 1 1 0 1 1 1 0 0 0 0 0 0 1 0 1 0 0 1 
1 0 0 1 2 0 0 0 0 0 0 0 1 0 0 0 1 0 1 1 3 1 1 0 1 1 0 0 2 1 0 0 1 0 0 0 1 1 1 1 1 1 0 0 0 0 1 1 0 1 0 1 
0 0 1 1 0 0 0 1 1 0 1 0 1 1 1 0 1 1 1 0 0 0 1 1 0 1 1 0 1 1 0 1 0 0 0 1 0 0 0 1 0 0 1 1 0 0 1 1 0 0 0 1 
1 0 0 0 1 1 0 0 1 0 1 0 1 0 1 1 0 0 1 0 1 1 1 1 1 1 1 0 3 1 1 0 1 0 1 0 0 1 0 0 1 0 1 1 0 0 1 0 0 0 0 1 
1 0 1 0 1 0 1 0 1 1 1 1 1 0 1 1 1 1 1 1 1 1 1 1 1 1 0 0 2 1 1 1 1 0 1 1 0 1 1 0 1 1 1 1 0 1 1 0 0 1 0 0 
1 0 1 0 2 0 1 1 0 1 1 0 1 1 1 0 1 0 0 1 0 1 0 1 1 0 0 1 0 1 1 0 0 1 1 0 0 0 1 1 1 1 0 0 0 0 0 0 0 1 0 1 

# Size = 21 | Time = 437 ms
0 1 0 0 0 0 1 0 1 0 1 1 0 1 0 0 0 1 0 1 3 1 0 1 0 1 0 0 2 0 0 1 1 1 1 0 1 0 1 0 1 1 0 1 0 0 1 1 0 0 0 1 
1 0 1 1 0 0 0 1 0 1 1 1 0 1 1 0 0 1 0 1 1 0 0 0 0 0 1 1 3 1 1 1 1 1 1 1 1 1 1 1 1 0 0 1 1 1 0 1 0 1 0 1 
0 1 1 0 2 1 1 1 1 0 1 1 0 1 0 0 0 0 1 1 2 0 0 0 0 1 0 1 0 1 0 1 0 0 0 0 1 0 0 0 0 1 0 1 0 1 1 0 1 1 0 1 
1 0 1 0 0 0 0 0 0 1 1 0 1 1 1 0 1 1 1 1 2 0 0 1 0 1 1 1 3 0 1 0 0 1 0 1 0 1 0 0 1 1 1 1 0 1 0 0 0 0 1 1 
1 1 0 1 1 1 0 1 0 1 0 1 1 0 1 0 1 1 1 1 0 0 0 0 1 0 0 1 0 1 1 0 0 0 1 1 1 0 0 0 0 1 0 1 1 1 0 0 1 0 0 1 
0 0 1 0 1 1 0 1 0 0 1 1 1 0 0 0 0 1 1 0 1 0 1 0 0 1 0 0 2 0 0 0 0 0 0 0 1 1 0 0 1 0 0 1 0 0 0 0 0 1 1 1 
0 1 1 0 2 1 1 1 0 1 0 0 0 1 1 0 1 1 1 0 3 0 0 0 0 1 1 1 1 0 1 0 1 0 1 1 0 1 1 0 1 0 1 1 1 0 1 0 0 1 0 1 
0 1 1 1 0 0 0 0 0 0 1 1 1 1 0 0 0 0 1 0 3 0 1 1 0 1 0 0 0 1 1 1 0 1 0 1 0 0 1 0 0 0 0 1 0 1 1 1 0 0 0 0 
1 0 1 1 0 0 0 0 1 0 1 1 0 0 1 0 0 1 1 1 1 0 1 1 1 1 0 0 1 0 0 1 0 0 1 1 0 0 0 1 1 1 0 0 0 0 1 1 0 1 0 1 
0 0 0 1 1 1 1 0 1 1 0 0 0 0 0 1 0 0 1 0 2 0 1 0 1 0 0 1 0 0 1 0 1 1 1 0 1 1 1 1 1 1 1 0 0 0 1 1 0 0 1 1 
1 0 0 1 1 1 1 0 1 1 0 0 1 0 0 0 1 0 0 0 1 1 1 1 1 0 1 0 3 1 0 1 1 0 0 0 0 1 0 1 0 0 1 1 1 0 0 0 1 0 1 1 
0 0 0 0 2 0 0 0 1 1 1 0 0 0 0 0 0 0 0 0 0 1 1 1 1 1 1 1 1 0 1 0 1 1 0 1 1 0 1 1 1 0 1 0 0 1 0 0 1 1 0 0 
1 0 1 1 2 0 0 1 0 1 1 0 1 1 1 1 1 1 0 1 3 1 0 1 1 0 1 1 2 1 1 1 0 0 0 1 0 0 0 1 0 0 1 1 1 1 1 1 0 0 0 0 
0 1 0 1 1 1 0 1 0 0 1 1 1 0 1 1 1 0 0 0 3 0 0 0 0 1 0 0 3 1 0 0 0 0 1 0 1 1 0 0 0 1 1 0 0 1 1 0 1 1 1 0 
0 1 0 0 0 1 1 0 1 0 0 0 1 0 0 1 0 1 1 0 1 1 0 0 1 0 1 1 1 0 1 0 0 1 1 0 0 0 0 1 0 0 0 0 0 1 1 0 1 0 1 0 
0 1 1 1 2 1 0 0 0 0 1 0 0 1 0 1 1 0 0 1 1 1 0 0 0 1 1 0 0 1 0 1 0 1 0 0 0 0 0 1 0 1 1 0 0 1 1 1 0 1 1 1 
1 1 1 1 1 0 0 0 0 0 0 1 1 1 1 1 1 0 1 0 2 1 1 1 0 1 1 0 2 0 0 1 1 1 1 0 0 0 1 0 1 0 0 1 1 1 1 0 1 0 1 0 
0 1 1 1 2 0 1 1 0 0 1 0 1 1 1 1 0 1 1 1 0 1 0 0 0 0 0 0 3 1 0 1 0 1 1 0 0 1 1 0 0 1 1 0 0 0 1 1 0 0 1 1 
1 1 0 0 2 1 0 1 1 0 1 1 0 0 0 0 1 0 0 0 3 1 0 1 0 0 1 0 3 0 1 0 1 0 1 1 1 0 1 1 1 1 0 1 1 1 0 1 0 1 0 1 
1 1 0 1 0 1 1 1 1 1 0 1 0 0 0 1 1 0 0 0 0 1 1 1 0 1 0 0 2 1 1 0 1 1 0 1 0 0 1 0 0 1 1 0 0 1 1 0 0 0 0 1 
0 1 1 0 1 1 0 1 0 0 1 0 1 0 1 0 0 1 0 0 2 1 1 0 0 1 0 1 1 1 1 0 1 0 0 1 1 0 1 0 0 1 0 1 1 1 0 0 0 0 0 1 

