# Size = 31 | Time = 3414 ms
0 0 0 1 1 0 1 0 1 1 0 1 0 1 0 2 1 2 
0 0 1 0 0 1 0 1 0 0 1 0 1 3 3 0 2 0 
0 1 0 0 0 1 1 1 0 1 0 0 0 0 2 1 0 1 
0 1 1 1 1 0 0 0 0 0 1 1 0 2 1 3 3 3 
1 0 0 1 1 1 0 1 1 0 1 1 1 0 0 0 0 1 
1 0 0 0 0 0 1 0 1 1 0 0 1 2 0 0 3 3 
0 1 1 1 1 0 1 0 1 1 0 1 0 3 3 1 2 0 
0 1 1 0 0 1 0 1 0 0 1 0 0 1 1 2 1 2 
0 0 1 0 0 0 1 0 1 0 1 1 0 0 2 3 1 1 
0 0 0 1 1 0 0 1 1 1 0 0 0 3 1 3 0 0 
0 1 0 1 1 1 0 0 1 0 0 1 1 1 2 0 3 2 
0 0 0 0 0 1 0 1 0 0 1 1 0 2 3 1 1 3 
1 0 0 0 1 1 1 0 0 1 1 1 0 3 0 0 1 0 
0 1 0 0 1 0 1 1 1 1 0 1 0 0 3 2 3 1 
0 0 1 0 1 1 1 0 1 0 0 1 0 1 3 3 0 2 
0 0 0 0 1 1 0 1 0 0 0 0 0 2 2 2 2 3 
0 1 1 0 1 1 1 0 1 1 1 0 1 0 1 0 2 1 
0 1 1 1 1 0 1 1 1 1 0 0 0 1 0 1 2 2 
0 0 0 1 1 0 0 1 0 1 0 0 0 3 2 2 3 0 
1 0 0 0 0 0 0 0 1 1 0 1 1 2 0 0 2 2 
0 1 0 0 1 0 1 1 1 0 1 0 0 1 0 3 2 0 
0 0 1 0 0 0 1 0 0 1 0 0 0 1 3 2 0 3 
0 0 0 1 1 1 1 0 1 1 1 1 0 0 1 1 3 2 
0 1 0 1 1 0 0 0 0 0 0 0 1 0 2 0 1 3 
1 0 0 1 1 0 0 1 1 0 1 1 0 2 0 0 0 0 
0 1 1 1 1 1 1 0 0 0 1 0 1 3 0 0 0 3 
1 0 0 1 1 1 1 0 0 0 0 0 1 3 0 0 0 1 
0 1 1 1 1 1 0 1 0 0 1 1 0 3 1 3 3 2 
0 0 1 0 0 0 0 1 1 1 1 0 0 1 3 2 3 1 
0 1 0 0 0 0 0 1 1 1 1 1 0 2 0 3 0 1 
0 0 1 1 1 0 1 1 0 1 1 1 0 0 1 2 2 0 

# Size = 27 | Time = 2867 ms
0 1 0 0 0 0 0 0 1 1 0 1 1 0 1 0 2 2 
0 0 1 1 1 1 1 1 0 0 0 0 0 3 2 1 1 3 
1 0 0 1 1 0 1 0 1 1 1 0 0 2 0 0 0 1 
0 1 1 0 0 1 0 1 0 0 1 1 0 1 3 3 3 0 
1 0 0 0 0 1 0 0 0 0 1 1 1 3 0 0 1 3 
0 0 1 1 1 1 1 1 0 0 1 0 0 0 1 2 2 2 
0 0 1 1 1 0 1 0 1 1 0 0 1 1 3 0 3 0 
0 1 1 0 0 1 0 1 0 1 0 1 0 2 2 2 0 1 
0 1 0 1 1 0 0 1 1 1 0 0 0 0 0 3 1 3 
0 1 0 0 1 0 1 1 1 0 1 1 0 1 2 1 2 0 
0 1 0 0 0 0 0 0 1 1 0 0 0 3 1 1 3 1 
0 1 0 1 1 0 1 0 0 0 1 1 0 2 3 2 1 0 
0 0 1 0 0 1 1 0 1 0 0 1 0 3 2 3 0 2 
1 0 0 1 1 0 1 1 0 0 0 0 1 2 0 0 3 2 
0 0 0 1 1 1 1 1 1 0 1 1 0 0 3 1 0 1 
0 0 1 0 0 0 0 1 1 0 0 1 0 1 0 2 0 3 
0 1 1 0 0 1 1 0 1 1 0 1 0 2 1 3 2 3 
0 1 0 1 1 1 1 1 1 1 1 0 1 0 2 0 3 3 
0 0 1 0 0 1 0 0 0 0 1 0 0 1 1 1 1 2 
1 0 0 1 1 1 1 1 0 0 1 1 1 0 0 0 0 0 
0 1 1 0 1 0 0 0 1 0 0 0 1 3 3 0 2 1 
0 0 1 1 1 1 1 1 0 0 0 1 0 3 1 2 0 0 
0 1 0 1 1 1 0 1 0 1 1 0 0 2 0 1 2 1 
0 0 0 0 0 1 0 0 0 1 0 0 0 1 2 3 1 1 
0 1 0 1 1 1 0 0 1 1 0 1 0 2 3 2 3 3 
0 1 1 1 1 1 1 1 0 0 1 0 0 1 3 3 3 2 
1 0 0 0 0 0 1 1 1 1 0 0 0 2 0 0 2 3 

# Size = 27 | Time = 2922 ms
0 1 1 1 1 0 0 1 1 0 0 0 0 3 0 1 1 1 
0 0 0 0 0 1 1 0 0 1 1 1 0 0 2 3 3 0 
1 0 0 1 1 0 1 0 1 1 0 1 1 2 0 0 0 3 
0 1 1 0 0 1 0 1 0 0 1 0 1 1 3 0 2 2 
0 0 1 0 0 1 0 1 1 0 1 1 0 2 1 2 0 3 
0 0 0 1 1 0 1 0 0 1 0 0 0 1 1 2 1 2 
0 1 1 1 1 0 0 0 1 0 0 0 0 0 3 3 3 0 
0 0 0 0 0 0 1 0 0 1 1 1 0 3 3 1 2 1 
1 0 0 0 1 1 0 1 0 0 1 0 1 0 0 0 1 0 
0 1 1 1 1 1 1 1 1 1 0 0 0 3 2 2 2 3 
0 1 0 0 0 0 1 1 1 0 0 1 0 2 2 3 1 2 
0 0 0 1 1 1 0 1 0 1 1 0 1 2 2 0 3 1 
0 1 0 0 0 1 1 1 0 0 0 0 1 3 1 0 0 0 
0 1 0 0 0 1 0 1 1 1 1 1 0 1 0 1 3 2 
1 0 0 0 0 1 1 1 1 1 1 0 0 3 0 0 3 2 
0 0 1 1 1 0 1 1 0 0 1 0 0 0 1 1 3 3 
0 1 1 1 1 0 0 0 1 1 1 1 0 1 2 3 0 1 
0 0 0 1 1 1 0 1 0 1 0 0 0 0 0 2 2 1 
0 1 0 1 1 0 1 0 0 1 0 0 0 2 3 1 0 0 
0 1 1 0 0 0 1 0 1 1 1 0 0 1 3 3 1 3 
0 0 0 1 1 0 0 1 0 1 0 1 0 2 1 3 2 0 
0 1 1 0 0 0 0 0 1 0 0 0 0 0 3 2 0 2 
0 0 1 0 0 0 1 1 1 1 0 0 0 1 1 2 3 0 
0 0 0 0 0 0 1 1 0 1 1 0 0 3 0 3 1 1 
1 0 0 0 0 1 0 1 0 0 1 0 1 3 0 0 2 1 
0 0 0 0 1 1 0 1 1 1 1 1 0 1 2 1 1 2 
0 0 0 0 1 0 0 0 0 1 1 0 0 3 1 2 0 1 

# Size = 28 | Time = 2995 ms
0 0 0 1 1 0 0 1 1 0 1 0 1 1 0 0 0 1 
0 1 1 0 0 1 1 0 1 1 0 1 0 3 3 1 2 3 
0 1 0 0 1 1 0 0 0 1 1 0 0 2 1 2 1 2 
1 0 0 0 0 1 1 1 0 0 0 1 1 0 0 0 3 0 
0 1 1 1 1 0 0 0 1 1 0 0 0 0 2 3 3 0 
0 0 1 1 1 0 1 1 0 0 1 1 0 3 2 2 1 3 
0 1 1 0 0 1 1 0 0 0 0 1 0 1 1 3 0 1 
0 0 0 1 1 0 0 1 0 0 1 0 0 2 3 1 2 2 
0 1 1 0 0 0 0 0 1 1 0 1 1 2 0 0 1 2 
1 0 0 1 1 1 0 0 1 1 1 0 0 3 0 0 0 3 
0 1 0 0 0 1 1 1 1 1 1 0 0 1 2 3 2 2 
0 0 1 1 1 0 0 1 1 1 0 0 0 0 1 2 2 1 
0 1 0 0 0 0 1 1 1 1 1 0 0 2 3 2 3 0 
0 0 0 0 0 0 1 1 1 1 1 0 1 3 1 0 3 3 
0 0 0 0 0 0 1 0 0 1 1 0 0 0 3 3 1 3 
0 1 1 0 0 1 1 1 0 1 1 0 0 1 1 1 1 0 
0 1 0 1 1 0 0 0 0 0 1 0 0 2 2 1 0 1 
1 0 0 1 1 0 0 1 1 1 1 1 1 2 0 0 2 1 
0 1 0 0 1 0 1 0 0 1 0 1 1 0 3 0 0 2 
0 1 1 1 1 0 0 0 0 1 1 0 0 1 3 2 3 1 
0 1 0 1 1 0 1 0 0 1 0 1 0 3 0 1 3 2 
0 0 0 0 0 0 1 1 1 0 1 0 0 3 0 3 1 1 
0 0 0 0 1 1 0 0 0 0 0 0 0 3 0 2 0 0 
0 0 1 0 0 1 0 0 1 0 1 0 1 3 2 0 2 0 
0 0 1 1 1 1 1 1 0 0 0 1 0 2 3 3 1 3 
1 0 0 0 1 1 1 0 0 0 1 0 1 2 0 0 1 2 
0 1 1 0 1 0 0 1 0 0 1 0 0 0 0 1 1 1 
0 0 0 0 0 1 0 1 1 0 0 1 1 1 0 0 2 3 

# Size = 27 | Time = 3079 ms
0 0 1 0 0 0 0 0 0 1 1 1 0 1 1 1 3 1 
0 1 1 1 1 1 1 1 1 0 0 0 1 2 0 0 1 0 
0 0 0 0 0 1 1 0 1 0 0 1 0 0 3 3 2 2 
1 0 0 1 1 0 0 1 0 1 1 0 0 3 0 0 0 3 
0 1 0 0 0 0 0 0 0 0 1 1 0 2 2 2 1 0 
0 1 1 0 0 1 1 0 1 1 0 0 1 3 1 0 0 3 
0 1 1 1 1 0 0 1 0 1 1 1 1 0 3 0 2 2 
0 1 0 1 1 1 0 1 1 0 0 0 0 1 2 1 3 1 
1 0 0 0 1 0 1 0 1 0 0 1 1 0 0 0 3 1 
0 0 1 1 1 1 1 1 1 1 1 0 0 1 1 2 2 0 
0 0 1 0 1 1 1 1 0 1 1 1 0 3 2 3 1 3 
0 0 0 1 1 0 0 0 0 1 0 0 0 2 1 3 3 2 
0 0 1 0 0 1 1 1 0 0 0 1 0 3 3 1 0 0 
0 1 1 0 0 1 1 0 0 1 0 0 0 1 0 2 0 2 
0 0 0 1 1 1 0 0 0 0 1 0 0 2 3 1 2 3 
0 1 0 0 1 0 0 0 1 0 1 0 0 0 1 1 1 2 
0 0 1 0 1 0 1 1 1 1 0 0 0 3 3 2 3 1 
0 1 0 0 0 0 1 0 0 1 1 0 0 0 2 3 0 0 
1 0 0 0 0 1 1 0 1 0 1 0 1 3 0 0 2 2 
0 1 0 0 0 0 0 1 0 0 1 0 1 1 3 0 1 3 
0 1 0 0 1 1 0 1 1 1 1 1 0 2 0 3 0 1 
0 1 1 0 0 0 0 0 1 0 0 1 1 1 2 0 2 1 
0 1 0 0 0 0 1 0 1 0 0 0 0 0 1 2 3 3 
1 0 0 1 1 1 1 0 1 0 1 0 0 2 0 0 1 0 
0 1 0 1 1 1 0 0 0 0 0 0 0 2 0 1 3 0 
0 0 0 1 1 1 0 1 0 1 0 0 0 1 2 3 3 2 
0 1 1 0 0 1 0 1 1 1 1 0 0 3 1 1 1 1 

# Size = 26 | Time = 2865 ms
0 1 0 0 1 1 1 1 0 1 0 1 1 0 3 0 0 3 
0 0 1 1 1 0 0 0 1 0 1 0 0 2 1 2 1 0 
1 0 0 0 0 0 1 1 0 0 1 0 0 3 0 0 3 1 
0 1 1 0 0 1 0 0 1 1 0 1 0 1 2 1 2 2 
1 0 0 1 1 1 0 0 1 1 0 1 1 3 0 0 3 0 
0 0 1 1 1 0 1 1 0 0 1 0 0 1 3 3 2 2 
0 1 0 0 0 1 1 0 0 1 0 1 0 2 1 3 1 1 
0 1 1 1 1 0 0 1 0 0 1 0 0 0 2 1 0 3 
0 1 0 0 0 1 1 1 0 0 0 1 0 3 2 2 2 0 
0 1 1 0 0 1 1 1 1 1 1 0 1 2 0 0 3 3 
0 0 1 1 1 0 0 0 1 1 0 1 0 0 3 2 0 1 
1 0 0 0 0 0 0 1 1 0 0 0 1 0 0 0 1 2 
0 0 0 1 1 1 0 0 0 0 1 1 1 1 1 0 2 3 
0 0 1 0 0 1 0 1 1 1 1 0 0 3 1 3 0 2 
0 0 0 0 0 1 1 0 1 1 1 1 0 3 3 1 1 3 
0 0 0 0 0 1 0 1 1 1 0 0 0 0 2 3 3 0 
0 0 0 0 1 1 1 0 0 0 1 0 0 1 0 1 0 0 
0 0 0 1 1 0 1 0 0 1 0 1 1 2 2 0 2 1 
0 1 1 1 1 1 0 0 0 0 0 0 0 2 1 1 3 2 
0 1 0 0 1 0 1 0 1 0 0 0 0 1 0 2 3 2 
1 0 0 1 1 0 0 0 1 0 0 0 1 2 0 0 0 3 
0 1 0 1 1 0 0 0 0 0 1 0 0 0 0 3 2 3 
0 1 0 1 1 1 0 1 1 0 0 0 0 1 2 1 1 1 
0 1 1 1 1 1 0 0 0 1 1 1 0 2 3 0 3 0 
0 1 0 1 1 1 1 1 0 1 0 0 0 0 1 2 1 3 
1 0 0 0 1 1 1 1 0 0 1 1 0 3 0 0 2 1 

# Size = 26 | Time = 2689 ms
1 0 0 0 1 1 0 0 0 0 1 1 1 2 0 0 1 1 
0 1 1 0 0 0 0 1 1 1 0 0 0 1 2 1 2 2 
0 0 0 1 1 0 1 0 1 0 0 0 0 0 1 2 3 3 
0 1 1 1 1 1 1 1 0 1 1 1 1 3 3 0 0 0 
0 0 0 0 0 0 0 1 0 0 0 0 0 3 3 3 0 1 
0 1 1 0 0 1 1 0 1 1 0 1 0 2 0 3 1 3 
0 1 1 0 0 1 0 1 0 1 1 1 0 0 1 2 3 1 
0 0 0 1 1 1 1 0 0 0 1 1 0 1 2 1 2 0 
1 0 0 1 1 0 1 1 1 1 1 0 1 0 0 0 2 2 
0 0 1 0 0 0 1 1 1 0 0 0 1 2 1 0 1 0 
0 1 0 1 1 0 0 0 1 0 1 1 0 3 3 3 1 2 
1 0 0 0 0 1 0 0 1 0 1 0 0 3 0 0 0 3 
0 1 0 1 1 0 1 0 1 0 1 0 1 1 2 0 3 1 
0 0 0 1 1 1 1 1 0 1 1 0 0 2 2 2 0 2 
0 1 0 1 1 0 0 1 0 1 1 0 0 2 3 1 3 3 
0 0 0 0 0 0 0 0 0 1 0 0 0 1 0 2 1 0 
0 0 1 1 1 0 1 0 0 1 1 1 0 1 1 3 2 3 
0 1 0 0 0 1 1 0 0 0 1 1 0 0 2 3 3 0 
0 1 1 0 0 0 1 1 0 0 0 1 0 3 1 1 0 2 
0 1 0 1 1 0 0 0 1 0 0 0 0 3 3 2 2 1 
0 0 0 0 1 1 1 0 1 1 0 0 0 0 3 1 1 1 
1 0 0 1 1 0 0 1 1 0 0 0 0 3 0 0 3 2 
0 1 0 0 0 0 1 0 1 0 0 1 1 3 2 0 1 3 
0 0 1 0 1 0 0 0 1 0 1 0 0 1 3 0 0 3 
0 0 0 0 0 0 0 1 1 0 0 0 0 2 0 1 2 1 
1 0 0 0 1 0 1 1 1 1 1 0 1 0 0 0 0 0 

# Size = 26 | Time = 2850 ms
0 0 0 0 0 0 0 0 1 0 0 1 0 0 0 0 3 0 
0 1 1 1 1 1 1 1 0 1 1 0 0 2 3 1 1 1 
1 0 0 1 1 0 0 1 0 0 1 0 1 3 0 0 0 2 
0 1 1 0 0 1 1 0 1 1 0 0 1 1 2 0 2 3 
0 1 1 0 0 1 0 1 1 1 1 1 0 3 1 3 0 2 
0 0 0 1 1 0 1 0 0 0 0 1 0 1 1 2 2 3 
0 0 0 0 0 0 0 0 1 0 0 1 0 2 2 1 1 1 
0 1 1 1 1 1 1 1 0 1 1 0 0 0 2 2 3 0 
0 1 0 0 1 0 1 0 0 0 0 0 0 3 3 3 0 3 
1 0 0 0 0 1 1 0 1 1 0 1 1 2 0 0 1 0 
0 0 1 1 1 0 0 1 1 1 1 1 0 1 3 3 2 0 
0 0 1 0 0 1 1 1 0 0 0 1 1 0 3 0 3 2 
0 1 1 0 0 0 0 0 1 1 1 0 0 3 0 2 2 1 
0 0 0 0 0 0 0 1 0 1 1 0 0 0 1 3 1 3 
0 0 1 1 1 0 1 1 1 1 1 0 1 2 1 0 3 1 
0 1 0 0 1 1 0 0 1 1 0 1 0 2 2 2 0 2 
0 1 0 0 0 0 1 1 0 1 0 1 0 1 0 1 3 3 
0 0 1 0 1 0 0 1 1 0 1 0 0 0 1 1 0 0 
1 0 0 0 0 1 0 1 1 0 1 0 0 0 0 0 2 1 
0 1 0 0 0 1 1 1 0 0 0 0 0 1 2 3 0 1 
0 1 0 1 1 0 0 1 1 1 0 1 0 1 3 2 1 2 
0 0 1 0 0 1 0 1 1 1 0 1 0 3 2 1 2 2 
0 1 0 1 1 1 0 1 0 0 1 0 0 3 0 3 3 0 
0 0 0 0 0 1 0 0 0 0 0 1 0 2 3 3 2 3 
1 0 0 0 0 1 0 1 0 0 1 0 1 3 0 0 1 3 
1 0 0 1 1 1 1 0 0 0 1 0 1 3 0 0 3 3 

# Size = 26 | Time = 2936 ms
0 0 0 0 1 1 1 1 1 0 1 1 0 0 3 1 3 0 
0 1 1 1 1 0 0 0 0 1 0 0 1 2 1 0 1 3 
1 0 0 0 0 1 1 1 0 1 0 0 1 3 0 0 2 2 
0 1 1 0 0 0 0 0 1 0 1 1 0 1 0 3 0 1 
0 0 1 1 1 0 0 1 1 0 1 1 0 3 2 2 2 2 
0 0 0 1 1 1 1 0 0 1 0 0 0 1 3 3 0 1 
0 1 0 0 0 1 1 1 1 0 1 0 0 2 1 2 1 3 
0 1 1 0 0 0 0 0 0 1 0 0 0 0 2 1 3 0 
1 0 0 1 1 0 0 0 0 0 1 1 1 0 0 0 1 0 
0 1 1 0 0 0 1 0 1 1 0 1 1 3 3 0 3 3 
0 0 0 0 0 1 1 1 1 0 0 1 1 2 2 0 0 1 
0 1 1 0 1 1 0 0 0 1 0 1 0 1 1 2 2 0 
0 0 1 1 1 1 1 0 1 1 1 1 0 3 1 1 0 2 
0 1 1 1 1 0 0 1 0 1 1 0 0 2 3 3 3 2 
0 0 1 1 1 1 0 1 1 1 1 0 0 1 2 1 1 3 
1 0 0 0 1 0 0 0 1 0 1 1 0 2 0 0 3 1 
0 0 1 1 1 1 0 0 1 1 0 0 0 0 1 3 2 3 
0 1 0 0 0 0 0 0 1 0 0 0 0 2 3 1 2 1 
0 1 1 1 1 1 0 1 1 1 1 1 0 3 2 3 1 0 
0 0 1 0 0 0 1 0 1 1 1 1 0 0 1 2 3 1 
0 0 1 0 0 1 1 1 1 0 0 1 1 1 3 0 1 2 
1 0 0 1 1 1 0 1 0 1 1 1 0 0 0 0 0 3 
0 0 0 1 1 0 1 0 1 1 1 0 0 2 3 2 0 0 
0 1 0 1 1 1 0 1 0 1 0 1 0 3 0 2 1 1 
0 1 0 0 1 0 1 1 0 1 1 0 0 1 0 1 3 3 
0 1 0 0 1 0 1 0 1 0 1 1 0 0 0 1 3 2 

# Size = 26 | Time = 2739 ms
0 1 1 1 1 0 1 1 0 0 0 1 0 1 1 2 1 2 
0 0 0 0 0 1 0 0 1 1 1 0 0 3 3 1 1 3 
1 0 0 1 1 1 1 0 0 1 0 0 1 0 0 0 0 1 
0 1 1 0 0 0 0 1 1 0 1 1 1 2 2 0 3 0 
0 0 1 0 0 0 1 1 1 0 1 0 0 0 0 3 2 1 
0 1 0 1 1 1 0 0 0 1 0 1 0 2 2 3 2 3 
0 0 0 0 1 1 0 0 1 1 1 0 0 1 1 2 3 2 
0 1 1 1 1 0 1 1 0 0 0 1 0 3 3 1 0 0 
1 0 0 0 0 0 0 1 0 0 0 1 0 3 0 0 3 3 
0 0 0 0 0 1 1 0 1 0 1 0 0 2 2 2 0 0 
0 1 1 0 0 0 1 0 1 1 0 0 1 1 1 0 2 3 
0 1 1 1 1 1 0 1 0 1 1 1 1 0 3 0 1 1 
1 0 0 1 1 1 0 1 1 0 1 0 1 2 0 0 1 2 
0 0 0 0 0 0 0 0 1 0 1 1 0 1 3 3 0 2 
0 1 0 1 1 1 1 1 1 1 1 0 0 0 1 3 3 0 
0 1 0 1 1 0 0 1 0 1 0 1 0 2 1 1 3 1 
0 1 1 1 1 0 0 1 1 1 1 1 0 1 0 1 2 0 
0 1 0 0 1 0 1 0 1 1 1 1 0 3 3 2 2 1 
0 0 1 0 0 1 1 1 0 1 1 0 0 0 2 1 2 2 
0 0 1 0 0 1 1 0 1 0 0 1 0 3 2 3 1 1 
0 1 1 0 1 1 0 1 0 1 0 0 0 0 0 2 0 3 
0 0 1 0 0 1 0 1 1 1 0 1 1 3 1 0 0 2 
1 0 0 0 0 0 0 1 0 0 0 0 1 2 0 0 2 0 
0 0 0 0 0 1 0 0 0 0 1 1 0 1 2 2 1 1 
0 1 0 0 1 0 0 0 1 0 1 0 1 2 3 0 3 0 
1 0 0 1 1 1 1 0 1 1 0 1 0 3 0 0 1 0 

# Size = 27 | Time = 2860 ms
0 1 1 0 0 0 1 0 1 0 1 0 0 0 2 3 0 0 
0 0 0 1 1 1 0 1 0 1 0 1 1 2 2 0 1 2 
1 0 0 0 0 1 0 0 0 0 1 0 0 3 0 0 3 3 
0 1 1 1 1 0 1 1 1 0 0 1 0 1 3 1 2 1 
0 1 1 1 1 0 1 0 1 1 1 1 0 3 1 2 3 3 
1 0 0 0 0 0 1 1 1 1 0 1 1 0 0 0 0 1 
0 1 1 0 0 1 0 0 0 1 1 0 1 1 3 0 2 2 
0 1 0 0 0 1 0 1 1 0 0 0 0 2 1 2 1 0 
0 0 1 1 1 0 0 0 0 1 0 0 0 2 0 3 1 1 
0 0 0 0 1 1 0 1 0 1 1 0 0 0 1 1 0 0 
0 0 0 0 1 1 1 1 1 0 0 1 0 3 3 3 3 2 
1 0 0 1 1 1 1 0 0 0 0 0 1 2 0 0 2 0 
0 0 0 0 0 1 1 0 1 0 1 1 0 1 2 1 1 3 
0 0 1 1 1 0 0 1 0 0 0 0 0 0 3 2 0 3 
0 0 0 1 1 1 1 0 0 0 1 1 0 3 2 2 2 1 
0 1 0 0 1 0 1 0 1 1 1 1 0 1 0 2 0 2 
0 1 0 1 1 1 1 0 1 1 1 1 0 2 3 1 3 0 
0 0 1 0 0 1 1 1 0 1 1 0 1 1 1 0 3 1 
0 1 1 0 0 1 1 0 1 1 0 0 0 2 1 3 2 3 
0 1 1 0 0 0 1 0 1 0 1 1 1 3 3 0 1 3 
0 0 1 1 1 0 0 0 1 1 0 1 0 3 1 1 0 2 
1 0 0 0 0 1 0 1 1 0 0 0 1 0 0 0 1 2 
0 1 0 0 0 0 1 0 1 1 1 1 0 1 2 3 3 0 
0 1 0 1 1 1 1 0 1 0 0 1 0 0 0 1 2 3 
0 0 0 1 1 0 0 1 1 1 1 0 0 3 0 3 0 0 
0 0 1 0 0 1 0 0 1 1 1 1 0 0 2 3 3 0 
0 1 1 0 1 1 1 1 0 0 0 0 0 2 1 1 0 3 

# Size = 27 | Time = 2862 ms
0 0 1 0 0 1 1 0 1 1 1 0 0 2 3 1 2 2 
0 1 0 1 1 0 0 1 0 0 0 1 1 2 0 0 1 3 
0 0 1 1 1 0 1 1 0 1 1 1 0 3 2 3 3 1 
1 0 0 0 0 1 0 0 1 1 0 0 1 0 0 0 0 0 
0 1 1 0 1 1 1 0 1 0 1 1 0 1 1 2 0 3 
0 1 0 0 0 0 0 1 0 0 0 0 0 1 2 2 3 2 
0 1 1 1 1 0 1 1 0 0 0 1 0 0 3 1 2 0 
0 1 0 0 0 1 0 0 1 0 0 0 0 3 1 3 1 1 
1 0 0 1 1 1 1 1 1 0 1 0 1 3 0 0 3 2 
0 0 1 1 1 0 0 0 0 1 1 0 1 1 1 0 2 1 
0 0 1 0 0 1 1 0 1 1 1 1 0 0 2 2 1 3 
0 1 0 1 1 0 0 1 1 1 1 0 0 3 3 1 0 3 
1 0 0 0 0 0 1 0 0 0 1 1 0 2 0 0 2 1 
0 1 0 1 1 1 0 1 0 0 1 0 0 2 1 2 3 0 
0 0 1 0 0 0 0 0 0 0 0 1 0 0 0 3 0 2 
0 0 1 1 1 1 1 0 1 1 1 1 0 1 0 1 1 0 
0 0 1 0 0 1 0 0 1 0 0 0 0 0 1 1 3 1 
0 1 0 1 1 0 0 0 0 1 1 0 1 2 2 0 0 1 
0 0 1 0 1 1 0 1 1 1 1 0 0 3 3 2 2 1 
0 0 0 1 1 0 1 0 1 1 0 0 0 1 3 3 2 3 
0 0 0 1 1 1 0 1 1 1 0 0 1 3 3 0 1 0 
0 1 0 0 0 0 0 0 0 1 1 0 0 2 2 3 2 0 
0 1 0 0 0 0 1 1 0 0 1 0 0 0 0 2 3 3 
0 0 0 1 1 0 0 1 1 1 1 1 0 1 2 1 1 2 
1 0 0 0 1 1 1 1 0 1 0 1 1 0 0 0 1 3 
0 0 1 0 0 0 0 0 1 1 1 0 1 1 3 0 3 2 
0 0 1 1 1 1 0 0 0 1 1 1 0 1 1 1 1 2 

# Size = 27 | Time = 3034 ms
0 1 1 0 0 1 0 1 0 0 1 0 1 0 1 0 3 3 
0 0 0 1 1 0 1 1 1 1 0 1 0 3 2 3 1 2 
1 0 0 1 1 0 0 0 0 1 1 0 1 2 0 0 2 0 
0 1 1 0 0 1 1 0 1 0 0 1 0 1 3 2 0 1 
0 0 1 0 0 0 1 1 0 0 0 1 0 2 0 1 2 0 
0 0 0 1 1 1 0 0 1 1 1 0 0 0 1 1 0 1 
0 1 1 0 0 1 0 0 0 0 1 0 0 3 2 3 1 2 
0 0 0 1 1 0 1 1 0 1 1 0 0 1 3 2 3 3 
1 0 0 0 1 1 1 1 1 0 0 1 1 0 0 0 1 3 
0 1 1 1 1 1 0 0 1 1 0 1 0 2 1 2 3 0 
1 0 0 0 0 0 0 1 0 1 1 1 1 3 0 0 0 1 
0 1 0 0 0 0 0 1 1 1 0 0 1 1 3 0 2 2 
0 0 0 1 1 0 1 1 1 0 1 1 0 1 1 3 1 0 
0 1 1 0 0 1 1 0 0 1 0 1 0 3 2 1 2 3 
1 0 0 0 0 0 1 0 1 0 0 0 0 0 0 0 3 2 
0 1 0 1 1 1 1 0 1 0 1 1 0 2 3 3 0 3 
0 1 1 0 0 0 0 0 0 1 1 1 0 0 2 2 2 0 
0 0 0 0 1 1 1 0 0 1 1 0 0 2 2 3 3 1 
0 1 1 1 1 0 1 1 0 0 1 1 0 3 3 1 1 0 
0 1 1 0 1 1 0 1 0 0 1 1 0 2 0 2 1 2 
0 1 1 0 1 1 0 0 0 0 1 1 0 1 2 1 0 2 
0 1 1 0 1 0 0 1 0 1 1 1 0 0 3 3 2 1 
0 0 0 1 1 0 0 1 0 1 0 0 0 3 1 2 3 2 
0 1 0 1 1 0 0 0 1 0 1 0 1 2 2 0 0 0 
0 0 1 1 1 1 0 0 0 0 0 0 0 1 0 3 1 1 
0 1 0 0 1 0 1 1 1 0 1 1 0 1 1 0 2 3 
0 0 1 1 1 1 0 0 1 1 1 1 0 1 3 1 3 2 

# Size = 27 | Time = 2854 ms
0 1 1 1 1 1 0 0 1 0 0 1 0 3 3 0 0 0 
0 0 0 0 0 0 1 1 0 1 1 0 0 2 2 3 2 1 
1 0 0 0 0 1 0 1 0 0 0 1 1 0 0 0 3 3 
0 1 1 1 1 0 1 0 0 1 1 0 1 1 1 0 1 2 
0 1 1 0 1 0 1 1 1 1 1 0 0 0 0 1 3 0 
0 0 0 0 0 1 0 1 1 0 0 1 0 1 1 2 1 2 
0 1 0 1 1 1 0 0 1 1 0 1 0 2 2 1 2 3 
0 0 1 0 0 0 1 0 0 1 1 0 0 3 3 2 0 3 
1 0 0 1 1 1 1 0 1 0 1 0 1 2 0 0 0 1 
0 1 1 1 1 0 0 0 1 0 0 1 0 0 2 3 3 1 
1 0 0 1 1 0 0 1 0 1 1 0 1 3 0 0 2 0 
0 0 0 0 0 1 1 1 0 0 0 1 0 1 3 1 1 1 
0 1 1 1 1 1 1 1 1 0 0 0 0 0 3 2 2 2 
0 1 1 0 0 1 1 1 0 1 1 1 0 1 0 3 1 0 
0 1 1 0 0 0 1 1 0 0 1 1 0 3 2 1 0 2 
0 1 1 0 0 0 0 0 0 1 0 1 0 2 1 2 3 0 
0 0 1 0 1 0 0 1 0 1 1 1 0 3 1 3 0 1 
0 0 0 0 0 1 1 1 0 1 0 0 0 2 3 3 3 2 
0 1 1 1 1 0 1 1 0 0 1 0 1 1 2 0 1 3 
1 0 0 0 0 1 0 0 1 0 1 1 0 0 0 0 1 2 
0 1 1 0 1 1 1 0 1 1 0 0 0 0 1 3 0 3 
0 1 1 0 0 0 1 1 0 1 0 0 0 1 1 1 2 1 
0 0 1 0 0 0 1 0 0 0 0 1 0 3 0 2 3 1 
0 1 1 1 1 1 0 1 0 0 0 0 0 1 2 2 3 0 
0 0 1 0 0 0 0 1 1 0 1 0 1 1 3 0 0 1 
0 0 1 0 0 1 0 1 1 1 0 0 1 3 0 0 1 0 
0 0 0 0 0 0 0 1 1 1 0 0 0 2 1 0 1 3 

# Size = 28 | Time = 3097 ms
0 1 1 1 1 0 0 0 1 0 0 0 0 1 1 3 1 3 
0 0 1 0 0 1 1 1 0 1 1 1 1 2 3 0 2 2 
1 0 0 0 0 0 0 1 1 0 0 0 1 3 0 0 3 1 
0 1 0 1 1 1 1 0 0 1 0 1 0 0 2 2 0 0 
0 1 1 1 1 0 0 0 0 1 1 1 0 3 0 1 3 1 
0 0 0 0 0 1 1 1 1 0 1 0 0 1 2 1 1 0 
0 1 0 1 1 0 0 1 1 0 0 0 0 2 3 2 2 2 
1 0 0 0 1 1 1 0 1 1 1 1 1 0 0 0 0 3 
0 1 1 0 0 0 1 1 0 0 1 0 0 0 1 3 0 1 
0 0 1 0 0 1 0 0 0 1 1 1 0 1 1 2 1 1 
1 0 0 1 1 0 0 0 0 0 1 1 1 2 0 0 1 0 
0 0 0 0 0 1 1 1 0 1 1 1 0 3 3 3 3 3 
0 1 1 0 1 0 0 0 1 1 1 0 1 1 2 0 0 2 
0 1 1 1 1 0 0 0 0 1 0 1 0 0 3 1 2 0 
0 1 0 0 0 1 1 0 1 0 0 1 0 2 1 1 3 2 
1 0 0 1 1 1 1 1 0 1 1 0 0 3 0 0 2 2 
0 0 0 0 0 1 1 0 1 0 0 1 0 2 2 3 2 3 
0 1 0 0 1 1 0 0 0 1 1 1 0 3 1 2 3 0 
0 1 0 0 1 0 1 1 0 1 0 1 1 2 1 0 2 1 
0 0 0 0 0 1 0 0 0 0 1 0 0 0 0 3 1 2 
0 1 0 1 1 1 0 1 1 0 0 0 0 1 0 2 2 3 
0 1 1 0 0 0 1 0 0 1 1 0 0 1 3 1 0 1 
0 1 1 0 0 1 0 1 0 1 1 1 1 3 2 0 1 1 
0 0 0 0 0 1 1 1 1 0 1 0 0 0 2 3 3 0 
0 1 1 1 1 1 1 0 0 1 0 0 0 2 0 1 0 3 
0 1 0 1 1 0 1 1 1 0 0 0 0 3 3 3 1 1 
1 0 0 0 0 0 0 0 1 0 0 1 1 3 0 0 0 0 
0 0 1 0 0 0 1 1 0 1 1 0 0 1 2 0 3 3 

# Size = 26 | Time = 2674 ms
0 0 0 1 1 1 0 0 1 0 1 1 0 2 2 1 2 1 
0 1 1 0 0 0 1 1 1 1 0 0 0 3 0 2 0 0 
1 0 0 0 1 1 1 0 0 0 0 0 1 0 0 0 1 3 
0 1 1 1 1 0 0 1 0 1 1 1 1 1 3 0 3 2 
0 0 1 0 0 1 1 0 1 0 0 1 0 1 1 3 3 2 
0 1 0 0 0 0 0 1 0 1 1 0 0 2 1 1 1 3 
0 0 0 1 1 1 1 0 0 0 1 1 0 3 3 2 0 0 
0 1 1 0 0 0 1 1 0 1 0 0 0 0 2 3 2 1 
1 0 0 1 1 1 0 1 1 1 0 0 1 2 0 0 3 0 
0 1 1 1 1 0 0 0 1 1 1 1 0 0 3 3 1 3 
1 0 0 0 0 0 0 1 1 0 1 1 1 3 0 0 0 1 
0 1 1 0 0 1 1 0 0 1 0 0 0 2 3 1 0 2 
0 1 0 1 1 0 0 1 1 0 1 0 0 1 2 2 0 3 
0 1 0 1 1 0 0 0 1 0 1 0 0 0 1 2 2 2 
1 0 0 1 1 0 1 0 0 0 1 0 0 3 0 0 2 2 
0 0 0 0 1 0 1 1 1 1 0 0 0 3 1 3 0 0 
0 0 0 0 0 0 1 0 1 1 1 1 1 3 2 0 1 2 
0 0 1 1 1 0 0 0 1 1 0 0 0 1 0 1 1 0 
0 0 1 0 1 1 0 0 1 0 1 0 1 1 1 0 2 1 
0 1 0 0 0 1 0 1 0 0 1 1 0 0 2 1 3 0 
0 1 1 0 0 0 0 1 1 0 1 1 0 2 3 2 3 1 
0 0 1 1 1 1 0 1 1 1 0 0 0 3 3 1 3 3 
0 0 1 1 1 1 0 1 1 0 1 0 0 2 0 3 2 0 
0 1 0 1 1 0 0 0 1 0 0 1 0 2 3 2 1 1 
0 0 1 0 0 1 1 1 1 0 0 1 0 0 3 1 2 3 
0 1 0 1 1 0 0 0 0 0 0 0 1 0 3 0 0 0 

# Size = 26 | Time = 2802 ms
0 1 1 1 1 0 0 0 0 1 0 1 1 1 1 0 2 2 
0 0 0 0 0 1 1 1 1 0 1 1 0 0 3 2 0 3 
1 0 0 1 1 0 1 1 0 0 1 0 1 3 0 0 3 1 
0 1 1 0 0 1 0 0 1 1 0 0 0 2 2 1 1 0 
0 1 0 0 0 0 0 0 1 1 0 1 0 3 0 3 3 1 
0 0 1 1 1 1 1 1 0 0 1 0 0 1 2 3 1 2 
0 0 0 1 1 0 1 1 1 0 1 1 0 2 1 1 2 0 
0 1 1 1 1 0 0 0 0 1 0 0 0 0 3 2 0 3 
1 0 0 0 0 1 0 0 1 0 0 1 1 0 0 0 1 2 
0 1 1 0 0 1 1 1 0 0 0 0 0 3 1 2 2 1 
0 1 0 0 0 0 0 1 1 1 1 1 1 1 2 0 0 3 
0 0 1 1 1 1 1 0 0 1 1 0 1 2 3 0 3 0 
1 0 0 0 1 0 0 0 0 1 0 1 0 2 0 0 0 3 
0 1 1 0 1 0 0 0 0 0 1 0 0 3 3 1 0 2 
0 1 1 0 0 0 1 0 1 0 0 0 0 1 0 2 1 0 
0 0 0 0 0 1 1 0 0 0 0 0 0 0 1 1 3 3 
0 1 0 1 1 1 1 1 1 1 0 0 0 1 3 1 1 1 
0 1 1 0 1 0 1 1 1 0 1 0 0 2 2 2 3 2 
0 1 0 0 0 1 0 0 1 1 0 1 0 0 1 3 0 0 
0 1 0 1 1 0 0 1 0 0 0 1 0 0 2 3 2 1 
0 0 0 0 0 0 1 1 1 0 1 1 0 3 1 3 1 3 
1 0 0 1 1 1 0 1 0 0 0 0 1 3 0 0 2 0 
0 1 1 1 1 1 1 1 0 1 0 1 0 2 3 3 0 1 
0 1 1 1 1 0 1 1 0 1 0 0 1 3 2 0 2 3 
0 0 0 0 1 0 0 0 1 0 1 0 0 1 0 1 3 2 
0 0 1 1 1 0 1 0 1 1 1 1 0 0 3 3 2 3 

# Size = 26 | Time = 2850 ms
0 0 1 1 1 1 1 1 1 1 1 1 0 3 1 3 2 3 
0 1 0 0 0 0 0 0 0 0 0 0 1 2 2 0 0 3 
1 0 0 0 0 1 1 1 0 1 0 0 0 0 0 0 1 2 
0 1 1 1 1 0 0 0 1 0 1 1 0 1 0 2 3 1 
0 0 1 1 1 1 1 0 1 0 0 0 0 2 3 1 1 0 
0 1 0 0 0 0 0 1 0 1 1 1 0 3 3 1 3 0 
0 1 1 1 1 1 1 1 1 1 1 1 1 0 2 0 0 2 
0 0 0 0 0 0 1 0 0 1 0 0 0 1 1 2 2 1 
1 0 0 1 1 0 0 0 1 0 0 1 1 3 0 0 2 2 
0 1 1 0 0 1 0 0 1 0 0 0 0 0 1 3 3 2 
0 0 1 0 1 0 0 1 0 0 1 0 0 3 2 3 1 1 
1 0 0 1 1 1 1 1 0 1 1 1 1 2 0 0 3 1 
0 1 1 0 1 1 1 1 0 0 0 1 1 1 1 0 1 0 
0 0 1 0 1 1 1 1 1 1 0 0 0 1 3 2 0 3 
0 1 0 1 1 0 0 0 1 0 1 1 0 0 3 3 2 0 
0 1 0 0 0 0 0 1 0 0 0 0 0 0 0 1 0 1 
0 1 0 1 1 0 0 0 1 0 0 1 0 1 2 1 2 2 
0 1 1 0 1 0 0 0 0 1 1 1 0 3 2 2 0 0 
0 1 1 1 1 1 0 1 1 0 0 0 0 2 3 2 1 2 
0 0 1 0 0 0 1 1 0 1 0 0 0 2 1 3 0 1 
1 0 0 1 1 1 0 0 1 0 0 0 0 0 0 0 1 3 
0 0 1 1 1 1 0 0 0 0 0 0 1 2 3 0 2 1 
0 1 1 1 1 1 1 1 1 0 1 1 0 2 1 1 3 3 
1 0 0 0 0 0 0 0 1 1 1 0 1 0 0 0 0 0 
0 1 0 0 0 1 0 1 1 1 1 1 0 1 0 3 2 0 
0 0 1 1 1 0 1 0 1 1 1 1 0 0 2 2 3 3 

# Size = 25 | Time = 2701 ms
0 0 0 1 1 1 0 0 0 0 1 1 0 2 3 1 2 3 
0 1 1 0 0 0 1 1 1 1 0 0 0 3 1 2 0 0 
1 0 0 1 1 0 0 0 1 1 0 0 1 0 0 0 3 2 
0 1 1 0 0 1 1 1 0 0 1 1 1 1 2 0 1 1 
0 0 1 0 0 0 0 1 0 0 1 1 0 0 0 3 0 2 
0 1 0 0 1 1 1 0 1 1 0 0 0 1 3 3 1 1 
0 0 0 1 1 1 0 0 0 0 1 1 0 3 1 2 3 0 
0 1 1 0 1 0 1 1 1 1 0 0 0 2 2 1 2 3 
1 0 0 0 0 1 1 0 1 0 0 1 1 2 0 0 0 3 
1 0 0 1 1 0 0 1 0 1 1 0 0 3 0 0 1 1 
0 1 1 1 1 1 1 0 1 1 1 1 0 0 2 2 3 2 
0 1 1 0 0 0 0 1 0 0 0 0 0 1 3 1 3 0 
1 0 0 0 0 0 0 1 0 1 1 0 1 0 0 0 2 0 
0 0 0 1 1 0 0 1 0 1 0 1 0 1 2 3 0 0 
0 1 0 1 1 0 1 1 1 1 0 1 0 2 1 1 1 2 
0 1 1 0 0 1 0 1 0 1 1 0 0 1 0 2 2 2 
0 0 0 0 0 1 1 0 1 1 0 1 0 3 1 3 2 3 
0 0 0 0 1 1 0 1 1 1 0 1 0 0 1 1 0 1 
0 0 1 0 0 0 0 0 1 1 1 0 1 3 3 0 0 2 
0 0 0 0 0 0 1 1 1 1 0 0 0 0 3 2 1 3 
0 0 1 0 0 1 0 0 0 0 1 1 1 1 1 0 3 3 
0 0 0 1 1 1 0 0 1 0 1 0 0 2 0 2 3 1 
0 1 1 0 0 0 1 1 0 0 1 1 0 2 2 3 3 0 
0 1 1 1 1 1 0 1 0 1 1 1 0 3 0 1 2 1 
0 1 1 0 0 0 0 1 0 1 1 1 0 3 2 3 1 0 

# Size = 27 | Time = 2829 ms
1 0 0 1 1 1 0 0 1 0 0 1 1 0 0 0 1 3 
0 1 1 0 1 0 1 1 0 1 1 0 0 1 1 3 2 1 
0 0 0 0 0 1 0 1 1 0 1 0 0 2 3 2 3 0 
0 1 1 0 0 0 1 0 0 1 0 1 1 3 2 0 0 2 
0 1 1 1 1 0 0 1 1 1 1 0 0 3 0 1 1 2 
0 1 1 1 1 1 1 0 0 1 1 1 0 0 3 2 3 3 
0 0 0 1 1 1 0 1 1 0 0 1 0 1 2 3 0 1 
1 0 0 0 0 0 1 0 0 1 0 0 1 2 0 0 2 0 
0 0 0 0 0 1 1 0 1 0 0 1 0 3 1 1 2 2 
0 1 1 0 0 0 0 1 0 0 1 0 1 0 1 0 0 3 
0 1 0 0 0 0 1 0 0 1 0 0 1 1 3 0 1 1 
0 1 1 1 1 0 1 1 0 1 0 1 0 2 1 2 1 0 
0 0 1 1 1 1 0 1 0 0 1 0 0 0 2 1 2 0 
1 0 0 1 1 0 0 1 0 1 1 1 0 3 0 0 3 1 
0 1 1 0 0 0 0 0 0 1 0 0 0 2 3 3 3 2 
0 0 1 1 1 1 0 1 1 1 1 0 0 2 2 1 3 3 
0 1 1 0 0 1 1 0 0 1 1 1 0 1 0 2 0 0 
0 1 1 1 1 0 1 1 0 1 0 1 0 2 3 1 0 1 
0 1 1 1 1 0 1 0 1 1 1 0 0 3 3 3 2 3 
0 0 0 0 1 0 0 1 0 1 1 0 0 3 2 2 2 1 
0 0 1 1 1 0 1 0 0 1 1 1 0 0 0 3 1 0 
0 1 1 0 0 0 0 1 1 1 0 1 0 1 1 1 3 2 
1 0 0 0 0 0 0 0 0 0 0 1 1 0 0 0 0 2 
0 1 0 1 1 1 0 1 0 0 1 1 1 3 2 0 3 0 
0 0 0 1 1 1 1 1 0 1 0 0 0 1 2 2 1 3 
0 0 0 0 1 1 0 1 1 0 0 0 1 0 2 0 3 1 
0 1 1 1 1 0 1 0 1 0 1 1 0 0 2 2 3 2 

# Size = 26 | Time = 2804 ms
1 0 0 0 0 0 0 0 0 1 1 1 1 3 0 0 0 3 
0 1 1 1 1 1 1 1 1 1 0 0 0 2 1 2 2 1 
0 0 0 1 1 0 1 0 0 0 1 0 0 1 3 1 3 0 
0 1 1 0 0 1 0 1 0 0 0 1 0 0 2 3 1 2 
1 0 0 1 1 1 1 1 1 0 1 0 1 0 0 0 1 2 
0 1 1 0 0 0 0 0 1 1 0 1 1 2 3 0 3 0 
0 1 1 0 1 1 1 1 1 0 0 0 0 3 2 1 0 3 
0 0 0 0 0 0 0 0 0 0 1 1 0 0 1 2 2 1 
0 1 0 1 1 0 0 0 1 1 0 1 0 1 2 3 1 2 
0 0 1 0 0 1 1 1 1 1 1 0 0 1 0 3 3 1 
1 0 0 1 1 1 1 1 0 0 0 1 0 2 0 0 2 0 
0 1 0 1 1 0 0 1 1 1 1 1 0 3 3 1 1 1 
0 0 1 1 1 1 0 0 0 0 1 0 0 2 3 3 0 3 
0 0 0 0 1 0 1 0 0 0 1 1 1 1 2 0 2 1 
0 0 1 0 0 1 0 0 0 1 1 0 0 0 1 1 3 3 
0 1 1 0 1 0 1 0 0 1 0 0 0 3 1 3 1 0 
0 1 1 1 1 0 1 1 1 0 0 0 0 3 0 2 3 2 
0 0 1 1 1 1 0 0 1 0 0 1 0 0 3 2 0 0 
0 0 1 0 0 0 1 1 1 1 1 1 1 1 1 0 0 2 
0 1 0 1 1 0 0 1 1 0 0 1 0 2 3 1 2 2 
0 1 0 0 0 1 1 0 1 1 1 0 0 1 2 2 1 3 
0 1 1 0 0 0 1 0 0 1 0 1 0 3 1 3 2 3 
0 1 1 1 1 0 1 0 1 1 0 0 0 2 2 0 3 0 
0 0 0 0 1 0 1 0 0 1 0 0 0 0 0 1 0 1 
1 0 0 0 0 0 0 0 0 1 1 1 0 0 0 0 3 1 
0 0 0 0 1 1 0 0 1 0 0 1 1 2 1 0 1 2 

# Size = 27 | Time = 2866 ms
0 0 1 1 1 1 0 1 1 1 0 0 0 1 3 1 0 3 
1 0 0 0 0 0 1 1 0 0 1 1 1 0 0 0 2 2 
0 1 0 0 0 1 1 0 1 1 1 0 0 2 2 2 3 0 
0 1 1 1 1 0 0 0 0 0 0 1 0 3 1 3 1 1 
0 1 1 1 1 1 0 0 1 1 0 0 1 0 0 0 2 2 
0 0 0 0 0 1 1 1 1 1 1 0 0 3 1 3 1 1 
0 0 0 1 1 0 0 1 0 0 0 1 0 1 2 2 3 0 
0 1 1 0 0 1 1 0 0 0 1 1 0 2 3 1 0 3 
1 0 0 0 1 0 0 0 1 0 0 0 0 2 0 0 1 3 
1 0 0 1 1 0 0 0 0 1 1 1 1 3 0 0 0 0 
0 1 1 0 0 0 1 1 0 1 1 0 1 1 3 0 3 1 
0 1 0 1 1 0 1 0 1 1 0 1 0 0 3 1 1 2 
0 1 1 0 0 1 0 1 1 0 0 1 0 3 2 2 2 3 
0 1 1 1 1 0 1 1 1 0 0 0 0 2 1 3 2 0 
0 1 0 0 1 0 1 0 1 0 1 0 1 0 1 0 3 3 
0 1 0 1 1 0 0 0 1 1 1 0 0 0 2 3 0 2 
0 0 1 0 0 1 1 0 0 1 1 1 0 1 0 1 2 1 
0 0 1 0 0 0 0 1 1 0 1 0 0 3 1 1 3 2 
0 1 0 1 1 1 1 0 0 1 1 1 1 2 2 0 1 1 
0 0 0 0 1 0 1 1 1 1 1 0 0 0 1 2 0 1 
0 1 1 0 0 0 1 0 1 1 0 1 0 1 0 3 3 3 
0 0 1 0 1 0 0 0 0 0 0 1 0 1 1 2 1 2 
0 0 0 1 1 0 0 1 0 1 0 0 0 0 2 1 1 0 
0 0 1 0 0 0 0 1 0 1 0 0 0 3 3 3 2 0 
1 0 0 0 0 1 0 0 1 1 1 1 1 2 0 0 3 1 
0 1 0 1 1 1 0 0 0 0 0 1 0 2 0 2 1 2 
0 0 0 0 0 1 1 1 1 0 1 0 0 3 3 2 3 3 

# Size = 28 | Time = 3553 ms
0 0 0 1 1 0 1 0 0 1 0 1 0 2 0 2 1 3 
0 1 1 0 0 1 0 1 1 0 1 0 1 3 3 0 3 2 
0 0 0 0 0 1 0 0 1 1 1 1 0 0 2 1 0 0 
0 1 1 0 1 0 1 1 0 0 0 0 0 1 1 3 2 1 
1 0 0 1 1 1 0 0 0 0 1 1 1 3 0 0 2 1 
0 1 1 1 1 0 1 1 1 1 0 0 1 0 2 0 0 0 
0 1 0 1 1 0 1 0 0 1 0 1 0 1 3 1 3 2 
0 1 1 0 0 1 0 1 1 0 1 0 0 2 1 2 1 3 
1 0 0 0 0 0 1 1 1 1 0 0 0 3 0 0 0 1 
0 0 1 1 1 1 0 0 1 1 1 1 0 1 1 3 3 0 
0 0 1 0 0 0 1 0 0 0 1 0 0 0 3 1 2 3 
0 0 0 0 0 1 1 0 0 0 0 0 0 2 2 3 0 2 
0 0 0 0 0 0 0 1 1 0 0 1 1 1 1 0 1 3 
0 1 1 0 1 1 0 1 0 0 1 1 0 3 0 1 1 0 
0 1 0 0 0 1 1 0 1 1 1 1 0 2 3 2 2 0 
0 1 0 1 1 1 1 0 1 1 0 0 0 0 2 2 3 1 
0 1 1 1 1 1 1 0 0 0 1 1 0 0 0 3 1 2 
1 0 0 0 0 1 0 1 1 0 0 1 1 2 0 0 3 3 
0 1 1 0 1 0 1 0 0 0 1 1 0 1 2 2 0 3 
0 1 0 1 1 0 0 0 0 0 0 0 0 2 3 1 1 1 
0 1 1 1 1 1 0 0 0 1 1 0 0 3 3 3 0 3 
0 0 0 1 1 0 1 0 0 1 1 1 0 3 1 2 2 2 
1 0 0 1 1 1 1 1 1 1 1 1 0 0 0 0 1 0 
0 0 0 1 1 1 0 1 1 1 1 1 0 0 1 1 0 1 
0 0 1 0 0 0 0 0 0 1 0 0 0 3 2 2 1 0 
0 1 0 0 1 0 0 0 0 1 1 1 0 3 2 1 2 0 
1 0 0 0 1 0 0 0 0 0 0 1 1 3 0 0 3 2 
0 0 0 1 1 0 0 0 0 0 0 1 0 1 0 0 3 3 

# Size = 28 | Time = 3032 ms
0 1 1 0 0 1 0 0 1 0 1 0 0 3 3 0 2 3 
0 0 0 1 1 0 1 1 0 1 0 1 0 2 2 3 1 1 
1 0 0 0 1 1 0 1 1 1 1 1 1 0 0 0 0 0 
0 1 1 1 1 0 1 0 0 0 0 0 1 1 1 0 0 2 
0 1 1 0 0 0 1 0 0 1 0 0 0 0 0 2 3 0 
0 0 0 0 0 1 0 1 1 0 1 1 0 1 1 1 3 2 
0 1 1 0 0 1 0 0 1 0 1 0 0 2 2 3 1 1 
0 0 0 1 1 0 1 0 0 1 0 1 0 3 3 1 2 3 
1 0 0 1 1 1 1 1 0 0 1 0 1 2 0 0 3 3 
0 1 0 1 1 0 0 1 1 0 1 1 0 0 2 2 2 2 
0 0 1 0 0 1 0 1 0 1 0 1 0 3 3 2 0 1 
1 0 0 0 0 0 0 0 1 1 0 1 1 3 0 0 1 2 
0 1 1 1 1 0 1 1 1 0 1 0 0 2 2 1 0 0 
0 0 0 0 0 1 1 0 0 1 0 1 0 1 1 3 2 0 
0 0 0 1 1 0 0 1 0 0 0 1 0 0 1 2 1 3 
1 0 0 1 1 0 1 0 1 1 0 0 1 2 0 0 2 1 
0 0 1 0 1 0 0 0 1 1 0 1 0 3 3 3 3 2 
0 1 1 1 1 0 0 1 0 1 1 0 1 1 2 0 3 3 
0 0 0 0 0 1 1 1 1 1 0 1 1 1 3 0 1 0 
0 1 0 0 0 0 0 1 0 0 0 1 0 0 0 3 0 3 
0 0 1 1 1 1 0 0 0 1 1 1 0 1 0 1 3 1 
0 1 1 0 1 1 0 0 1 1 0 1 0 0 3 1 1 1 
0 1 1 0 1 0 1 0 0 0 0 0 0 2 1 2 2 1 
0 1 1 0 1 0 1 0 0 1 0 0 0 2 3 2 0 2 
0 0 1 0 0 0 1 1 0 0 1 1 0 3 2 3 1 0 
1 0 0 0 0 0 1 1 0 1 1 0 0 2 0 0 3 1 
0 1 0 0 1 1 1 0 0 0 0 1 0 3 1 0 2 3 
0 0 0 0 0 0 0 0 1 0 1 1 0 1 3 2 2 2 

# Size = 27 | Time = 2986 ms
0 1 1 0 1 0 1 1 1 1 1 0 0 2 2 3 1 2 
1 0 0 0 0 1 0 0 0 0 0 1 1 0 0 0 1 1 
0 0 0 1 1 1 0 1 1 1 0 1 0 1 1 1 3 0 
0 1 1 1 1 0 1 0 0 0 1 0 1 3 3 0 0 3 
0 1 0 0 0 1 1 1 1 1 0 0 0 0 3 2 2 3 
0 1 1 0 0 0 0 0 0 0 1 1 0 1 1 1 2 2 
1 0 0 1 1 0 1 1 1 1 1 0 1 3 0 0 3 1 
0 0 1 0 0 1 0 0 0 1 0 1 0 2 2 3 0 0 
0 1 1 1 1 0 1 0 0 0 1 1 0 0 0 2 3 0 
0 0 0 1 1 1 0 0 1 0 0 1 1 3 2 0 2 2 
0 0 0 1 1 0 0 1 0 0 0 1 0 2 3 3 3 3 
0 0 1 0 0 1 0 1 1 1 1 0 0 3 1 2 0 1 
0 0 0 1 1 1 1 0 1 0 1 0 1 1 1 0 1 0 
1 0 0 1 1 0 1 1 0 0 1 0 0 2 0 0 0 2 
0 1 0 0 0 1 1 1 0 1 1 0 0 2 2 1 3 1 
0 0 1 1 1 0 0 0 0 0 1 0 0 1 0 3 2 1 
0 0 1 0 1 0 1 1 1 1 1 1 0 1 3 1 1 3 
0 1 1 0 1 1 0 1 0 0 1 1 0 1 2 2 0 2 
0 0 0 0 0 0 0 1 1 1 0 1 0 0 0 1 0 3 
0 0 1 0 1 0 1 1 0 0 0 0 0 0 1 3 3 2 
1 0 0 0 0 0 0 0 1 0 1 0 1 2 0 0 2 0 
0 0 0 0 0 1 1 1 1 0 1 0 0 3 3 3 1 0 
0 0 1 0 0 0 0 1 0 0 1 1 0 2 1 2 1 3 
0 0 0 0 1 0 1 1 0 1 0 1 1 0 2 0 1 3 
0 1 1 0 0 0 0 0 1 0 0 0 0 3 3 1 2 2 
0 0 0 0 1 0 1 1 0 1 1 1 0 0 3 1 2 1 
1 0 0 1 1 1 0 0 1 1 0 1 0 0 0 0 3 3 

# Size = 27 | Time = 2895 ms
0 0 0 0 1 1 0 1 0 1 0 1 1 3 1 0 1 1 
0 1 1 0 0 0 1 0 1 0 1 0 0 2 2 1 0 2 
1 0 0 1 1 0 0 0 0 0 1 0 0 0 0 0 3 0 
0 1 1 1 1 1 1 1 1 1 0 1 0 1 3 2 2 3 
1 0 0 0 0 1 1 0 1 1 1 1 1 2 0 0 2 3 
0 1 1 0 0 1 1 1 1 0 0 1 0 0 1 3 3 0 
0 0 1 0 0 0 0 0 0 0 1 0 0 3 3 2 1 1 
0 0 0 1 1 0 0 1 0 1 0 0 0 1 2 3 0 2 
0 1 0 1 1 1 0 1 0 1 0 1 0 2 0 1 1 1 
0 1 1 0 0 0 0 0 0 0 1 0 1 1 1 0 2 3 
0 1 1 1 1 1 0 0 1 1 0 1 1 3 2 0 3 2 
0 1 0 0 0 0 1 1 1 1 1 1 1 0 3 0 0 0 
0 0 1 0 0 1 1 0 1 0 1 0 0 0 2 3 1 1 
0 0 1 0 0 1 1 0 0 0 1 0 0 3 0 3 0 3 
0 0 0 1 1 0 0 0 1 1 0 1 0 3 2 1 2 0 
0 1 0 1 1 1 1 1 0 1 0 1 0 2 1 2 3 0 
0 1 0 0 0 1 0 0 1 0 1 1 0 0 0 2 2 2 
0 0 1 1 1 0 0 0 1 0 1 1 0 1 3 1 3 3 
1 0 0 0 0 1 1 1 0 1 0 1 1 3 0 0 0 1 
0 1 1 0 0 1 1 1 0 0 1 1 0 2 3 3 2 2 
0 1 1 1 1 0 1 1 1 1 0 1 0 0 2 1 1 3 
0 1 0 0 0 1 0 0 1 1 0 0 0 1 1 1 1 2 
0 0 1 0 0 1 0 0 1 1 0 1 0 1 2 2 2 1 
0 1 0 1 1 1 1 0 1 0 0 0 0 1 0 3 1 0 
0 0 1 0 1 0 0 1 1 1 1 0 0 0 1 2 0 2 
1 0 0 0 0 0 0 1 1 1 1 1 1 3 0 0 1 2 
1 0 0 0 0 0 0 0 0 0 0 0 0 0 0 0 3 1 

# Size = 28 | Time = 2936 ms
0 0 1 1 1 0 0 1 0 1 1 1 1 1 1 0 2 1 
0 1 0 0 0 1 1 0 1 0 1 0 0 2 3 3 0 3 
1 0 0 0 0 0 1 0 0 0 0 1 1 3 0 0 1 0 
0 1 1 1 1 1 0 1 1 1 0 0 0 0 2 1 3 2 
0 0 1 1 1 1 1 1 1 1 1 0 0 3 0 2 1 0 
0 1 0 0 0 1 0 0 0 0 0 0 0 1 1 2 3 1 
0 0 0 0 1 0 1 0 0 0 1 1 0 0 2 1 2 2 
0 0 1 1 1 0 0 1 0 1 0 1 0 2 3 3 0 3 
1 0 0 0 0 0 0 1 1 1 1 0 1 0 0 0 3 3 
0 1 1 0 0 1 0 0 1 1 0 1 1 1 2 0 2 0 
1 0 0 1 1 1 1 0 1 0 0 0 0 2 0 0 0 1 
0 1 1 0 0 0 0 1 1 0 0 1 0 3 1 1 1 2 
0 1 1 0 1 0 1 1 1 0 1 1 0 1 3 2 0 2 
0 1 0 1 1 0 1 0 0 0 0 1 0 0 1 3 3 0 
1 0 0 0 1 0 0 1 1 1 0 0 1 2 0 0 2 2 
0 1 0 0 1 1 0 0 1 1 0 1 0 3 2 3 1 1 
0 1 0 1 1 1 0 0 0 0 0 0 0 1 0 1 1 3 
0 0 0 1 1 1 0 1 0 0 0 0 1 0 3 0 0 1 
0 1 0 0 0 1 0 1 0 1 1 0 0 3 3 1 0 0 
0 0 0 0 1 1 0 1 0 0 0 1 0 2 2 2 2 3 
0 1 0 0 1 1 0 1 1 0 1 1 0 2 3 1 3 1 
0 1 0 1 1 0 0 0 1 0 1 1 0 1 0 3 2 2 
0 1 0 1 1 1 0 0 1 0 1 1 0 3 3 2 2 3 
0 0 1 1 1 0 0 1 1 1 1 0 0 2 1 0 1 0 
0 1 0 1 1 0 1 1 0 0 0 0 0 0 3 2 1 0 
0 0 1 0 1 1 1 0 0 0 0 1 1 1 1 0 0 3 
0 1 1 1 1 0 1 0 1 0 1 1 0 2 2 1 0 0 
0 0 0 1 1 0 0 1 1 0 0 1 0 3 1 1 3 0 

# Size = 28 | Time = 3155 ms
0 1 0 0 0 1 0 0 1 0 0 1 1 1 0 0 0 1 
0 0 1 1 1 0 1 1 0 0 1 0 0 3 2 1 3 0 
0 1 1 0 0 0 0 1 0 1 0 0 0 0 1 3 2 2 
1 0 0 1 1 1 1 0 1 1 1 1 0 2 0 0 1 3 
0 0 1 0 1 0 1 1 0 1 1 1 0 1 3 2 0 1 
1 0 0 1 1 0 1 1 1 0 1 0 1 0 0 0 2 2 
0 1 0 0 0 1 0 0 0 0 0 0 0 2 3 2 3 3 
0 1 1 0 0 1 1 0 1 1 0 1 0 3 2 1 1 0 
0 0 0 1 1 1 0 0 1 0 0 0 0 1 1 3 1 0 
1 0 0 0 0 1 0 1 0 1 1 1 1 3 0 0 3 0 
0 1 1 1 1 0 1 1 1 0 1 1 0 2 1 3 0 3 
0 1 0 1 1 1 0 0 1 0 1 1 0 0 2 2 2 2 
0 1 1 1 1 0 1 0 0 0 1 0 1 0 3 0 1 1 
0 0 0 0 0 1 0 0 1 1 0 0 0 3 3 1 0 2 
0 0 0 0 1 1 0 1 1 0 0 0 1 2 1 0 3 1 
0 0 1 0 0 0 1 1 0 0 0 1 0 1 0 1 2 3 
0 1 1 0 0 0 0 0 1 0 1 1 0 3 2 3 2 1 
0 1 0 0 0 0 0 0 0 0 0 1 1 0 2 0 0 3 
0 1 0 1 1 1 0 1 0 0 0 0 0 2 3 1 2 0 
0 0 1 0 0 0 0 1 1 1 1 0 0 3 1 2 1 0 
0 1 0 1 1 0 0 0 1 1 1 0 0 1 2 3 3 2 
0 0 1 1 1 1 0 1 1 0 1 0 0 0 1 1 3 1 
1 0 0 0 0 0 1 1 0 1 0 0 0 0 0 0 0 0 
0 1 1 0 0 1 1 1 1 0 1 0 0 2 2 3 1 2 
0 0 1 0 1 1 0 1 0 0 0 0 0 3 0 3 3 3 
0 1 0 0 0 1 0 1 1 1 0 0 0 0 3 3 0 3 
1 0 0 1 1 0 1 0 0 0 1 0 1 0 0 0 1 1 
0 1 1 0 1 1 1 1 0 1 1 0 0 3 0 2 3 1 

# Size = 25 | Time = 2663 ms
0 0 1 0 1 1 0 0 0 0 0 1 0 3 2 2 3 2 
0 1 0 0 0 0 1 1 1 1 1 0 1 1 0 0 2 3 
0 1 0 1 1 0 0 1 0 0 1 0 0 2 1 1 0 1 
1 0 0 1 1 1 0 0 1 1 0 1 1 0 0 0 1 0 
0 1 1 0 0 0 1 1 0 0 0 0 0 0 3 3 1 0 
0 0 1 0 0 1 1 0 1 1 1 1 0 1 1 3 0 1 
0 0 1 1 1 1 1 0 1 0 0 1 0 2 3 1 2 3 
1 0 0 0 0 0 1 1 0 1 1 0 1 3 0 0 3 2 
0 1 0 0 0 0 1 1 1 1 1 1 0 2 2 2 1 2 
0 1 1 1 1 1 0 0 1 0 0 0 1 1 2 0 3 1 
0 0 0 1 1 0 0 0 1 1 1 0 0 3 3 3 2 2 
1 0 0 0 0 1 0 1 0 0 0 0 0 2 0 0 0 3 
0 0 0 1 1 1 0 1 0 0 0 0 0 1 1 2 2 0 
0 1 0 0 0 0 1 1 1 1 1 1 0 3 2 1 0 0 
0 1 1 1 1 0 1 0 0 0 1 1 0 0 1 3 3 3 
0 0 1 1 1 0 0 0 0 1 1 0 0 0 0 2 2 1 
0 1 0 1 1 0 0 1 0 0 1 0 1 0 1 0 0 2 
0 0 0 0 1 1 0 1 0 0 1 1 1 2 3 0 3 0 
0 1 0 1 1 0 1 0 1 1 1 0 0 1 3 1 1 2 
0 1 0 0 0 1 0 0 0 0 0 1 0 3 1 2 1 3 
0 0 0 0 1 0 1 1 0 0 1 0 0 3 3 2 0 1 
0 0 1 0 0 1 1 0 0 1 1 0 0 0 2 3 2 3 
0 1 0 1 1 1 1 0 0 1 0 1 0 0 0 1 3 3 
0 1 1 1 1 1 0 0 0 0 1 1 0 2 0 3 1 1 
1 0 0 1 1 1 0 0 1 1 0 0 0 0 0 0 2 1 

# Size = 27 | Time = 2801 ms
0 1 1 0 0 0 0 1 0 0 1 1 0 1 1 2 2 1 
1 0 0 1 1 1 1 0 1 0 0 0 1 2 0 0 3 3 
0 1 1 0 1 1 1 0 0 1 0 0 0 0 3 1 1 2 
0 0 0 1 1 0 0 1 1 1 1 1 0 3 2 3 0 0 
1 0 0 0 0 0 0 1 0 1 1 0 1 0 0 0 0 2 
0 1 1 0 0 1 1 0 1 0 0 0 1 3 2 0 2 0 
0 1 1 0 0 1 0 1 0 1 1 1 0 2 3 3 3 3 
0 0 0 1 1 0 1 0 1 1 0 1 1 1 1 0 1 1 
0 0 1 1 1 1 1 0 1 0 0 0 0 0 3 2 0 1 
0 1 0 1 1 0 1 1 1 0 1 1 0 2 0 1 2 2 
0 0 1 0 0 0 0 1 0 0 0 1 0 3 2 1 1 3 
0 1 0 1 1 1 1 0 0 0 0 0 0 1 1 3 1 0 
0 0 0 1 1 0 0 0 0 1 1 1 0 1 2 2 3 2 
1 0 0 1 1 0 1 1 0 0 1 1 0 3 0 0 1 1 
0 0 0 1 1 0 0 0 1 1 0 1 0 0 3 3 2 3 
0 1 1 0 1 0 0 1 1 0 0 1 0 1 1 1 0 3 
0 0 1 0 1 0 1 1 1 1 1 1 0 2 0 2 1 0 
0 1 1 0 0 1 1 1 0 0 1 1 0 0 1 1 3 0 
0 0 0 0 0 0 1 1 0 0 0 0 0 2 2 3 0 1 
0 0 1 0 1 1 1 0 0 1 1 1 1 3 3 0 3 0 
0 1 1 1 1 1 1 0 0 1 0 0 0 3 1 3 1 2 
0 0 0 0 0 1 0 1 0 1 1 0 0 1 3 1 3 1 
0 0 0 1 1 1 0 1 0 1 0 0 0 2 1 2 0 3 
1 0 0 1 1 1 0 0 1 0 1 0 1 3 0 0 2 0 
0 1 1 0 0 0 1 1 1 1 1 0 0 1 0 3 2 1 
0 1 0 0 1 0 1 0 0 1 1 1 0 0 2 2 0 2 
0 1 1 1 1 0 1 1 1 1 0 1 0 3 1 2 0 3 

