# Size = 25 | Time = 9394 ms
0 1 1 1 2 0 1 1 0 0 1 1 0 0 1 1 1 1 0 0 2 1 1 1 0 0 1 0 2 0 0 0 0 0 1 0 0 1 0 0 0 1 1 0 0 1 1 0 1 0 1 0 
1 0 0 0 2 1 0 0 1 1 0 0 1 1 0 0 0 0 1 1 1 0 0 0 1 1 0 1 1 1 1 1 1 1 0 1 1 0 1 1 1 0 0 1 1 0 0 1 0 1 0 1 
0 1 0 1 1 1 0 1 1 1 1 1 1 1 0 0 1 1 0 0 3 1 0 1 1 0 1 1 0 0 1 0 1 0 0 0 1 0 1 1 1 1 1 0 0 1 0 0 0 1 1 1 
1 0 1 0 0 0 0 0 0 0 0 0 0 0 1 1 0 0 1 1 0 0 1 0 0 1 0 0 3 1 1 1 0 1 1 0 0 1 0 0 0 0 0 1 1 0 1 0 1 0 0 1 
1 0 0 0 1 1 1 1 0 1 0 0 0 1 1 0 0 1 0 1 3 0 0 1 1 0 1 0 0 1 0 1 0 1 1 1 0 1 0 1 0 0 1 1 1 1 0 1 0 0 1 0 
0 1 1 1 0 0 1 0 1 0 1 1 1 0 0 1 0 0 1 0 1 1 1 0 0 1 0 1 3 0 0 0 1 0 0 1 1 0 1 0 1 1 0 0 0 1 1 1 0 1 0 0 
1 1 1 0 0 1 0 0 0 1 1 1 0 0 0 0 1 1 1 1 2 0 1 1 1 1 1 1 2 1 0 1 1 0 0 1 1 1 1 1 1 1 0 1 1 0 0 0 1 0 0 1 
1 0 0 1 1 0 1 1 1 0 0 1 1 0 0 1 1 0 0 0 0 1 0 0 1 0 0 0 1 0 0 0 0 1 1 1 0 0 1 0 0 0 1 0 0 0 1 0 1 1 0 1 
0 0 1 0 0 1 0 0 0 1 1 0 1 1 1 0 1 0 1 0 0 0 0 1 0 0 1 1 1 0 0 1 1 0 0 0 0 0 0 0 1 1 1 1 0 1 1 1 0 1 1 0 
0 1 0 1 1 1 1 0 1 0 0 0 1 1 1 0 0 0 0 1 2 1 0 0 0 0 0 0 2 1 1 1 0 1 0 0 1 1 0 1 1 0 0 1 1 0 0 1 0 1 1 1 
0 0 0 0 1 0 1 1 1 1 0 1 0 1 0 0 1 1 0 1 1 1 1 1 1 1 0 0 3 1 1 0 1 1 1 0 1 1 0 1 0 1 1 0 0 1 0 0 1 0 1 0 
1 1 1 1 0 0 1 1 1 0 0 0 0 0 1 1 0 0 1 0 3 0 1 0 0 1 0 1 0 1 1 0 0 0 1 0 1 0 1 0 0 0 0 0 0 0 1 0 1 1 0 1 
0 1 0 1 2 1 0 1 0 1 1 1 0 1 1 1 0 1 1 0 1 1 0 0 0 0 1 0 3 0 0 0 0 1 1 0 0 0 1 1 1 0 0 1 1 0 1 0 1 0 0 1 
1 1 0 0 0 0 0 0 1 0 1 0 0 0 0 0 1 1 0 1 0 0 1 1 1 1 1 0 1 0 0 1 1 0 0 0 1 1 0 1 0 1 1 0 0 1 1 0 1 0 1 0 
1 0 1 1 1 1 0 1 0 0 0 0 1 1 0 0 1 1 1 1 2 1 1 1 0 0 0 1 2 0 1 0 1 0 0 1 0 0 0 0 0 0 0 1 0 1 0 0 1 0 0 0 
0 1 0 0 2 1 1 0 1 1 1 1 1 1 0 0 0 0 1 1 0 0 1 0 1 0 1 1 0 0 1 1 1 0 0 0 1 1 0 1 1 1 0 1 1 1 0 0 0 0 0 0 
0 0 1 0 2 1 1 0 1 0 1 1 1 1 0 1 0 0 1 0 3 1 1 0 0 0 1 0 3 0 1 1 1 1 0 0 0 1 0 0 1 0 1 1 1 1 1 0 0 1 1 1 
1 1 1 0 2 0 1 0 0 0 0 0 1 1 0 0 1 0 0 1 1 0 0 1 1 1 1 1 0 1 1 0 1 0 1 1 0 0 1 1 0 0 0 1 1 1 0 1 0 0 1 0 
1 0 0 0 2 1 0 1 0 1 1 1 1 0 0 0 1 0 1 1 3 1 1 1 0 0 0 0 2 0 0 1 0 1 0 1 1 0 1 1 1 0 0 0 0 1 1 0 1 0 0 0 
1 0 0 1 2 1 0 0 0 0 0 1 1 0 1 0 0 0 1 1 2 0 0 0 0 0 1 0 1 0 1 0 1 0 1 0 1 0 0 1 1 0 0 0 0 1 1 1 0 1 0 1 
1 1 1 1 1 1 0 0 1 1 1 0 0 1 1 0 1 1 1 0 3 1 1 1 1 1 1 0 1 0 0 1 1 1 1 0 0 0 0 1 0 0 0 1 0 1 0 0 1 0 0 0 
0 1 1 1 0 1 1 0 1 0 0 1 0 0 0 1 1 1 0 0 2 0 1 1 1 0 1 0 3 1 0 0 1 1 0 0 1 0 0 0 0 1 1 0 0 1 1 1 0 0 1 1 
0 1 1 0 2 1 1 1 0 0 1 0 1 0 0 1 1 1 1 0 2 1 0 0 0 0 0 0 0 0 1 0 1 0 1 1 1 0 1 0 0 0 0 0 0 1 1 0 1 1 1 0 
1 1 0 0 2 0 0 0 1 1 1 0 1 0 0 0 1 0 0 1 0 1 1 1 0 0 1 1 2 1 0 0 0 1 0 1 0 1 1 0 1 1 1 0 0 1 1 0 0 1 0 0 
0 1 0 1 2 0 1 0 1 0 1 0 1 1 0 0 0 0 0 1 1 1 1 0 1 0 0 1 2 0 0 0 1 1 1 0 0 1 0 0 1 1 1 0 0 1 0 1 0 1 0 0 

# Size = 20 | Time = 7648 ms
1 1 1 0 0 1 1 1 1 1 1 0 0 1 0 0 0 1 0 0 3 0 1 1 1 1 1 1 3 1 0 0 1 1 0 0 1 0 1 1 1 0 1 1 1 0 0 0 1 0 1 1 
0 0 0 1 2 0 0 0 0 0 0 1 1 0 1 1 1 0 1 1 1 1 0 0 0 0 0 0 1 0 1 1 0 0 1 1 0 1 0 0 1 1 0 0 0 1 1 1 0 1 0 0 
1 1 0 1 1 0 1 0 0 0 1 0 0 1 0 1 1 1 0 1 0 0 0 0 1 1 0 0 0 0 0 0 0 1 1 1 0 1 0 0 0 0 0 1 1 1 1 0 1 0 1 1 
0 0 1 0 1 1 0 1 1 1 0 1 1 1 1 0 0 0 1 0 2 1 1 1 0 0 1 1 2 1 1 1 1 0 0 0 0 0 1 1 0 1 1 0 0 0 0 1 0 1 0 1 
1 0 1 1 2 0 0 1 1 0 1 0 0 0 0 0 0 0 1 0 1 0 0 1 1 1 1 0 0 0 1 0 0 0 1 0 1 0 1 0 0 0 1 0 0 1 0 0 1 1 0 0 
0 1 0 0 0 1 1 0 0 1 0 1 1 0 0 1 1 1 0 1 2 1 1 0 0 0 0 1 2 1 0 1 1 1 0 1 1 1 0 1 1 0 1 1 1 1 1 1 0 0 1 0 
0 1 0 0 2 1 1 1 0 1 1 0 0 0 1 0 0 0 0 0 0 1 0 0 0 0 0 0 1 1 1 0 1 1 0 1 1 0 1 0 0 1 0 1 1 0 0 0 1 0 0 1 
1 0 1 1 0 1 0 0 1 0 0 1 0 0 1 1 1 1 1 1 3 1 1 1 1 1 1 1 3 0 0 1 0 1 1 0 0 1 0 1 0 1 0 1 0 0 1 1 0 1 1 1 
0 1 1 1 2 0 1 0 1 1 0 1 1 1 1 1 0 1 1 1 0 0 1 1 1 1 0 1 1 1 0 0 0 0 0 1 0 0 1 1 1 0 1 0 0 1 1 0 0 0 1 0 
1 0 0 0 0 0 0 1 1 1 1 0 1 0 1 0 1 0 0 1 3 0 0 0 0 0 0 0 0 0 1 1 1 0 1 0 1 1 0 1 1 1 1 0 0 0 0 1 0 0 0 1 
1 1 0 0 1 0 0 1 0 0 0 0 1 0 0 1 1 0 1 0 2 0 0 0 1 0 1 0 3 1 1 0 0 0 1 1 1 0 0 0 1 1 0 1 1 1 1 0 1 0 1 0 
1 0 1 1 0 0 1 0 0 1 1 0 0 0 0 0 0 1 0 0 1 0 1 1 1 1 1 0 2 0 1 1 1 1 0 0 1 1 0 0 0 0 0 1 1 0 1 0 1 1 0 1 
0 1 0 0 1 1 0 0 0 0 1 1 1 1 0 0 1 1 0 0 1 0 0 1 0 1 0 1 3 1 0 0 1 1 0 1 0 1 1 1 0 0 0 0 0 1 0 1 0 0 1 0 
0 1 1 1 1 1 0 0 0 1 0 1 1 0 0 0 1 0 1 0 3 1 1 0 0 0 0 1 0 1 0 1 0 1 0 1 0 1 0 0 0 0 0 1 1 1 1 1 0 1 0 0 
0 0 0 1 0 1 0 0 0 0 0 1 1 1 1 0 0 1 0 1 0 1 0 1 0 1 1 0 2 0 0 0 0 1 1 0 0 0 0 0 1 1 1 0 0 0 1 1 0 1 1 1 
1 1 1 1 1 0 1 0 1 0 1 1 0 1 0 0 0 0 1 0 2 1 1 1 0 1 1 0 1 0 1 1 0 0 0 0 1 1 1 1 1 1 0 0 0 1 1 0 1 0 0 1 
0 0 0 0 2 0 1 0 0 0 0 0 0 0 0 0 0 1 0 0 0 0 0 0 1 1 0 0 3 1 1 1 0 0 0 0 1 1 1 1 0 1 1 0 0 0 1 0 0 0 0 1 
0 1 1 0 2 1 1 0 0 0 1 1 1 1 1 0 1 0 1 1 3 1 0 0 0 0 0 0 2 0 1 1 1 0 1 0 1 1 0 1 0 1 1 0 0 1 0 0 0 0 1 1 
1 0 0 1 0 0 1 1 0 1 0 1 1 0 0 1 1 1 1 1 3 0 1 1 0 0 0 1 1 1 0 1 0 1 1 0 1 1 1 0 1 1 0 1 1 0 1 0 1 0 1 1 
1 0 1 1 2 0 0 1 1 1 1 1 0 0 1 0 0 1 1 0 2 1 1 1 1 1 0 1 0 1 1 0 1 0 0 0 0 1 0 0 0 0 1 0 0 1 0 0 0 0 1 0 

# Size = 24 | Time = 9553 ms
1 0 0 1 1 1 1 0 1 1 0 0 0 1 1 0 1 0 1 0 3 1 1 0 1 0 1 0 0 1 1 1 1 1 1 0 1 0 1 1 0 1 1 1 0 1 0 0 1 0 0 0 
0 1 1 0 2 0 0 1 0 0 1 1 1 0 0 1 0 1 0 1 0 0 0 1 0 1 0 1 3 0 0 0 0 0 0 1 0 1 0 0 1 0 0 0 0 0 1 1 0 1 0 1 
1 1 1 1 0 0 0 0 0 0 1 1 1 1 0 0 0 1 1 0 1 1 0 0 0 1 1 1 1 1 1 0 0 0 1 1 0 0 1 1 1 1 1 1 1 1 0 0 0 0 1 0 
0 0 0 0 0 1 1 1 1 1 0 0 0 0 1 1 1 0 0 1 2 0 1 1 1 0 0 0 2 0 0 1 1 1 0 0 0 1 0 0 0 0 0 1 1 0 1 0 1 1 1 1 
1 0 1 1 2 0 0 0 0 1 1 1 0 1 1 0 1 1 1 0 1 1 1 1 1 0 0 0 1 0 0 1 1 1 0 0 1 0 0 0 1 0 1 0 0 0 1 1 0 0 1 1 
0 1 0 0 1 1 1 1 1 0 0 0 1 0 0 0 0 0 0 1 2 0 0 0 0 1 1 1 2 1 1 0 1 0 1 1 1 0 1 1 0 1 0 0 0 1 0 1 0 1 0 0 
1 1 1 1 2 1 1 0 0 1 0 0 0 1 1 1 1 0 1 0 0 0 0 1 0 0 1 1 3 1 1 1 0 0 1 0 1 1 0 1 0 1 0 1 1 1 1 0 1 1 1 0 
0 0 0 1 1 0 0 1 0 0 1 0 1 0 0 1 0 1 0 1 3 1 0 0 1 1 0 0 0 0 1 1 0 1 0 1 0 1 1 0 1 0 1 0 0 1 1 0 1 0 1 1 
1 1 1 0 1 1 1 0 1 1 1 1 1 0 1 0 0 1 0 0 3 0 1 1 1 1 1 1 0 0 0 0 0 1 0 0 0 1 0 1 1 1 0 1 1 0 0 1 0 0 0 1 
0 0 0 0 2 0 0 0 1 0 0 1 0 0 0 0 1 0 1 1 0 1 1 0 1 0 0 0 3 1 0 0 1 0 1 1 0 0 1 0 0 0 1 1 0 0 0 0 0 0 0 1 
0 0 0 0 0 1 1 1 1 0 0 0 1 1 1 1 0 1 0 1 1 1 1 1 0 0 0 1 1 1 0 0 0 1 0 1 1 1 1 0 0 1 0 0 0 1 1 0 1 1 0 0 
1 1 1 1 2 0 0 0 0 0 1 1 1 1 0 1 1 1 1 0 2 1 0 0 0 1 1 0 2 0 1 0 0 1 1 0 1 1 0 0 1 0 1 1 1 1 1 0 1 0 0 0 
0 1 0 1 2 1 0 1 1 1 1 1 0 1 0 1 0 0 1 0 1 0 1 0 0 1 0 1 0 1 0 0 0 0 1 1 1 0 0 1 0 0 1 1 1 1 1 0 1 1 1 1 
1 0 0 1 0 0 1 0 1 1 0 0 0 0 1 0 0 0 1 1 3 0 1 1 0 0 0 0 1 0 1 0 1 0 1 1 0 0 1 1 1 1 1 1 1 0 1 1 0 1 0 1 
1 0 0 1 1 1 0 1 1 0 1 0 0 0 0 0 0 1 1 1 1 1 1 0 1 1 1 1 3 0 0 0 1 1 1 1 0 0 0 1 1 1 1 1 1 0 0 1 0 0 0 1 
0 0 1 1 1 0 1 1 0 0 1 1 0 0 1 1 0 1 0 1 0 0 1 0 0 0 0 0 1 0 1 1 0 1 0 0 1 1 1 0 0 0 1 1 1 1 1 0 0 1 0 0 
0 0 1 0 0 1 0 0 1 0 0 0 0 0 0 1 0 0 0 1 0 1 0 0 0 1 0 0 0 1 0 0 1 0 1 1 1 1 1 1 1 0 1 0 0 1 1 0 1 1 0 0 
0 0 0 0 2 0 1 1 0 0 1 0 0 0 1 0 1 0 0 0 3 0 1 0 0 1 1 1 3 0 0 0 1 0 0 1 1 1 0 1 1 0 0 0 0 1 0 0 1 0 1 0 
0 0 0 1 0 1 0 1 0 1 1 0 0 1 0 1 0 0 1 1 2 0 0 1 1 0 1 1 3 1 0 0 0 1 1 1 1 1 0 0 1 0 0 1 1 1 1 0 0 1 0 1 
0 1 1 0 2 1 0 1 1 1 1 0 0 0 1 0 0 0 1 0 2 1 1 0 1 1 1 1 0 1 0 0 1 0 0 0 1 1 0 0 1 0 1 1 1 1 0 0 0 1 0 1 
1 0 0 1 2 1 1 0 0 0 0 1 1 1 1 1 1 0 0 1 2 1 0 0 0 1 1 0 1 0 0 0 1 0 0 0 0 1 0 0 1 0 0 1 1 1 1 1 0 0 1 1 
0 0 0 1 2 1 1 1 0 0 0 0 1 0 1 0 0 0 0 1 1 0 0 0 1 0 0 1 2 1 1 0 0 0 1 1 0 1 0 0 0 0 1 1 1 1 1 1 0 0 1 0 
1 0 1 0 0 0 1 0 1 1 1 1 0 0 1 1 1 0 0 0 0 1 0 0 1 0 0 0 2 0 0 1 0 0 1 0 1 0 1 1 0 0 1 0 0 0 1 0 1 0 1 1 
1 0 1 1 1 0 0 1 1 0 0 0 0 0 0 1 0 0 1 0 3 1 0 1 0 1 1 0 2 1 0 0 1 1 1 0 1 0 1 1 1 0 0 0 0 1 1 1 0 0 0 1 

# Size = 25 | Time = 10270 ms
1 1 0 1 2 1 0 0 0 1 1 1 1 1 1 0 0 1 0 0 2 0 0 0 0 0 1 0 3 0 0 0 1 1 1 1 0 1 0 0 1 0 0 1 1 1 0 0 0 0 0 0 
0 0 1 0 1 1 1 1 1 0 0 0 0 0 0 1 1 0 1 1 1 1 1 1 1 1 0 1 1 1 1 1 0 0 0 0 1 0 1 1 0 1 1 0 0 0 1 0 1 1 1 1 
0 0 0 0 0 0 1 0 0 0 1 0 1 0 0 0 1 1 1 0 0 1 0 1 1 0 1 0 2 0 0 0 0 1 1 0 0 0 1 0 1 1 1 0 0 1 0 1 0 1 0 1 
1 1 1 1 0 0 0 1 1 1 0 1 0 1 1 1 0 0 0 1 3 0 1 0 0 1 0 1 0 1 1 1 1 0 0 1 1 1 0 1 0 0 0 1 1 0 1 1 0 0 1 1 
1 0 0 1 2 0 1 0 1 0 1 0 0 0 0 0 0 1 1 1 3 1 0 0 1 0 0 1 0 0 0 1 0 0 0 0 1 0 1 1 1 0 0 1 1 1 0 0 1 0 1 0 
0 1 1 0 1 1 0 1 0 1 0 0 1 1 0 1 1 0 0 0 0 0 1 1 0 1 1 0 2 1 1 0 1 0 1 1 0 1 0 0 0 1 1 0 0 1 1 0 1 0 0 0 
1 1 0 1 2 0 1 1 1 0 0 1 0 0 1 1 1 0 0 1 2 0 0 1 1 0 1 0 3 1 1 1 0 1 0 0 1 1 1 0 1 1 1 0 0 0 1 0 1 1 0 1 
0 0 1 0 1 1 0 0 0 1 1 1 1 1 1 0 0 1 1 0 1 1 0 0 0 1 1 1 1 0 0 0 0 1 0 1 0 0 0 1 0 0 0 1 1 0 0 1 0 1 1 1 
0 0 1 0 1 1 1 0 0 0 0 1 1 1 0 0 0 0 1 0 3 0 1 0 0 0 0 0 0 1 0 1 1 1 1 0 0 1 1 0 1 1 1 0 0 1 0 0 0 1 0 0 
0 1 1 0 2 1 0 0 1 0 1 0 0 0 0 1 1 1 1 1 2 1 1 1 1 1 0 0 3 0 1 0 1 0 1 0 0 0 0 1 0 1 0 1 1 1 1 1 0 1 1 0 
1 0 0 1 1 0 1 1 1 1 0 0 0 0 1 0 1 1 0 0 0 1 1 0 1 1 0 1 2 0 0 1 0 1 1 1 1 1 1 0 0 0 1 1 1 0 1 1 0 0 1 1 
1 1 0 1 0 0 1 1 1 0 1 0 1 1 1 0 0 0 0 1 1 0 0 1 1 0 0 0 1 0 1 1 1 0 1 1 0 1 0 0 1 0 0 0 0 1 1 0 1 0 0 0 
0 1 1 1 2 0 0 1 0 1 1 1 0 1 0 0 0 1 0 1 0 0 0 0 0 1 1 1 2 1 1 0 0 1 0 0 1 0 1 1 1 0 0 1 0 0 0 0 1 1 0 1 
1 0 0 0 0 1 1 0 1 0 0 0 1 0 1 1 1 1 0 1 2 0 1 1 0 0 1 1 0 0 0 0 1 1 1 1 1 0 0 1 0 1 1 1 0 0 1 0 1 0 1 1 
1 0 1 1 0 1 1 0 1 0 1 0 1 1 0 1 1 0 0 1 3 1 0 1 1 0 1 1 3 1 0 0 0 1 1 1 1 0 1 0 0 0 1 1 0 0 1 1 0 0 0 1 
0 0 0 0 1 0 1 1 0 0 0 0 1 0 1 1 0 0 1 1 2 0 1 0 1 0 1 0 1 1 0 1 1 1 0 0 0 0 1 1 1 1 1 0 0 0 1 0 0 0 0 1 
0 0 1 1 1 1 1 1 1 1 0 0 0 0 1 1 0 1 1 1 1 0 1 0 0 1 0 0 3 1 0 0 1 0 1 1 0 1 0 0 0 1 0 0 0 1 1 1 0 1 1 0 
0 0 0 1 2 1 0 1 0 1 0 0 1 1 0 0 0 1 0 1 1 0 0 1 0 1 1 1 2 1 0 1 1 0 1 1 1 0 0 0 1 0 0 0 0 0 0 0 0 0 1 1 
0 1 0 1 2 0 1 0 0 1 0 1 1 1 1 1 1 0 1 0 0 1 1 1 1 1 1 0 1 0 1 0 0 1 0 1 0 1 1 1 0 0 0 0 0 1 1 0 1 0 0 0 
1 0 0 1 2 0 1 0 1 0 1 1 1 0 0 0 0 1 1 1 3 1 1 0 1 0 0 1 1 0 1 0 1 0 0 0 1 0 0 1 1 0 1 0 0 1 0 1 0 0 0 1 
0 1 1 0 1 0 1 0 1 0 1 0 0 1 1 1 0 1 1 0 0 0 0 1 1 1 1 0 0 1 1 1 1 0 0 1 0 0 1 1 0 0 1 1 1 0 1 1 0 0 1 1 
1 1 1 1 1 0 1 0 0 1 1 1 0 1 0 1 1 0 0 1 1 1 0 1 1 1 0 1 0 0 0 1 0 1 0 0 0 0 1 0 0 1 0 1 0 1 1 1 0 0 1 0 
0 1 1 0 2 1 1 0 0 0 0 0 0 1 0 0 1 1 1 0 3 0 0 1 0 1 1 1 2 1 0 0 1 1 0 1 0 1 0 1 1 1 0 1 0 1 1 0 1 1 0 0 
0 1 0 1 2 1 0 0 0 1 0 0 1 1 1 1 0 0 0 0 2 0 1 1 1 1 1 1 2 0 0 1 0 0 0 1 0 0 0 1 0 0 0 1 1 0 1 0 1 1 0 1 
0 0 1 0 0 0 1 1 0 1 1 0 1 0 1 1 0 1 0 0 0 1 0 1 1 1 0 0 3 0 0 1 0 1 1 1 1 0 0 0 0 1 0 1 1 1 1 0 1 0 1 0 

# Size = 22 | Time = 8716 ms
1 1 0 0 1 0 0 0 0 0 0 0 1 0 1 0 0 1 1 1 1 0 0 0 0 0 1 1 1 1 1 1 0 1 1 1 1 1 1 1 1 0 1 1 0 1 0 0 1 0 1 1 
0 0 1 1 2 1 1 1 1 1 1 1 0 1 0 1 1 0 0 0 0 1 1 1 1 1 0 0 3 0 0 0 1 0 0 0 0 0 0 0 0 1 0 1 1 1 1 1 0 1 0 0 
0 1 1 0 0 1 1 0 1 1 1 0 0 0 0 0 1 1 1 0 2 0 0 0 0 1 1 1 0 0 1 0 1 0 0 1 0 1 1 1 0 1 0 0 0 0 1 0 0 0 1 1 
1 0 0 1 0 0 0 1 0 0 1 1 1 1 1 1 0 0 0 1 3 1 1 1 1 0 0 0 2 1 0 1 0 1 1 0 1 0 0 0 1 0 1 0 0 0 1 0 1 1 0 1 
0 1 0 1 2 1 0 0 0 0 0 1 0 0 1 0 1 0 1 0 3 1 0 0 1 0 1 1 2 1 1 1 0 1 0 1 0 1 0 0 1 1 0 1 1 1 0 1 0 1 1 0 
1 0 1 0 1 0 1 1 1 1 0 0 1 0 0 0 0 1 0 1 3 0 1 1 0 1 0 0 0 0 0 0 1 0 1 0 1 0 1 1 0 0 1 1 1 1 0 1 0 0 0 0 
0 0 1 0 2 0 0 0 0 1 0 0 0 1 0 1 1 0 0 1 0 1 0 0 0 0 1 1 3 0 0 0 0 1 1 1 1 1 1 1 1 1 1 0 0 0 1 0 1 0 0 1 
1 1 0 1 1 1 1 1 1 0 1 0 1 1 1 1 1 1 1 0 1 0 1 1 1 1 0 1 1 0 1 1 0 0 0 0 0 0 0 0 0 0 0 1 1 1 1 0 1 1 1 0 
1 1 0 1 0 0 0 1 1 0 0 1 0 1 0 0 0 0 0 0 2 1 1 1 0 1 1 0 1 1 0 0 1 1 1 1 1 1 0 0 1 1 0 1 1 0 0 1 0 0 0 1 
0 0 1 0 1 1 1 0 0 1 1 1 0 1 0 0 0 1 1 1 2 0 0 0 1 0 0 0 2 1 1 1 1 1 0 0 1 0 1 1 0 0 1 0 0 1 0 1 0 1 1 0 
1 1 0 1 2 0 1 0 1 0 1 0 1 0 1 0 0 1 1 0 0 0 1 1 1 0 0 1 3 1 1 1 1 0 1 1 0 0 1 1 1 0 1 1 0 0 0 0 1 0 1 1 
0 0 1 0 1 1 0 1 0 0 0 1 1 1 1 1 1 0 1 1 1 1 1 0 1 1 0 0 0 1 0 0 0 0 1 0 0 1 0 0 1 1 1 0 0 0 1 0 1 1 0 1 
0 1 0 0 0 0 0 1 1 1 1 0 0 1 1 0 0 1 0 0 1 1 0 1 0 1 1 0 2 0 1 0 1 0 0 1 0 0 1 0 0 0 1 1 0 1 0 1 0 0 1 0 
1 0 0 1 2 1 1 1 0 1 1 0 1 0 1 1 1 0 0 1 2 0 1 1 0 0 0 1 0 1 0 1 0 1 1 1 1 1 0 1 1 1 0 0 0 0 1 0 1 1 1 1 
0 0 1 1 2 1 0 0 1 1 1 1 1 1 0 0 1 1 0 1 1 0 1 0 1 1 1 1 1 1 1 1 0 1 1 0 1 1 0 1 1 1 1 0 0 0 0 0 1 1 0 1 
1 0 0 0 0 1 0 0 0 1 0 1 0 1 1 0 0 1 1 1 0 1 0 1 1 0 0 0 1 1 0 0 0 0 1 1 0 1 1 0 1 0 0 0 0 0 0 1 0 0 0 1 
1 1 1 0 0 0 1 1 1 1 1 1 0 0 0 1 0 1 0 1 1 0 1 0 0 1 1 0 3 0 0 1 0 1 0 0 0 1 0 1 1 0 0 1 1 1 1 0 1 1 0 0 
0 1 1 1 1 0 0 0 0 1 1 1 1 1 0 0 0 1 0 1 0 0 1 1 1 1 1 0 0 0 0 1 1 0 0 0 0 1 1 0 0 0 0 0 0 1 0 0 0 1 0 1 
0 0 0 1 1 1 1 1 1 0 0 1 1 0 1 1 1 1 1 1 2 0 0 0 1 1 0 0 3 1 1 0 0 0 1 1 0 1 0 1 1 1 0 1 1 1 1 1 0 1 0 0 
1 0 0 1 1 1 0 0 0 1 0 1 0 0 1 0 0 0 0 1 3 1 0 1 0 1 0 0 1 1 0 0 1 0 1 0 1 1 1 1 1 0 0 0 0 0 1 0 0 1 0 1 
1 0 0 1 1 1 1 0 0 1 1 0 1 1 0 1 0 0 0 1 0 0 1 1 0 0 1 0 2 0 1 0 1 0 0 0 1 1 0 1 0 1 1 1 1 1 1 0 1 1 0 0 
1 1 1 1 2 1 1 1 0 0 0 1 0 1 1 0 0 1 1 0 3 1 0 1 1 0 0 0 3 1 1 0 1 0 0 0 0 0 0 1 0 1 0 1 1 1 1 0 0 0 1 1 

# Size = 27 | Time = 10301 ms
1 1 0 1 2 0 0 0 0 0 1 0 0 0 1 1 1 0 0 0 1 1 0 1 0 0 1 0 1 1 1 1 1 1 1 1 0 1 1 0 0 0 0 1 1 0 1 0 1 0 0 1 
0 0 1 0 1 1 1 1 1 1 0 1 1 1 0 0 0 1 1 1 2 0 1 0 1 1 0 1 3 1 0 0 0 0 0 0 1 0 0 1 1 1 1 0 0 1 0 1 0 1 1 0 
1 0 1 0 0 0 0 0 0 0 0 0 1 1 0 0 0 0 1 1 3 0 1 1 1 0 1 1 0 0 0 0 1 1 1 1 0 1 1 1 1 0 1 1 1 0 0 1 0 1 0 1 
0 1 0 1 0 1 1 1 1 1 1 1 1 0 1 1 1 1 0 0 0 1 0 0 0 1 0 0 2 0 1 1 0 0 0 0 1 0 0 0 0 1 0 0 0 1 1 0 1 0 1 0 
1 1 1 0 2 1 0 1 1 1 0 0 0 0 0 1 0 1 1 0 1 0 0 0 1 1 0 0 1 0 0 1 1 0 1 1 0 1 1 0 1 1 0 0 0 1 1 1 0 1 0 0 
0 0 0 1 1 1 1 0 0 0 1 0 0 1 1 0 0 0 0 1 0 1 1 1 1 0 1 1 2 1 1 0 0 1 0 0 1 0 0 1 1 0 1 1 1 0 0 0 1 0 1 1 
1 0 0 0 1 0 0 0 1 0 0 1 0 0 1 0 1 0 1 0 2 0 0 1 0 0 1 1 3 0 1 0 0 0 1 1 1 1 0 1 0 1 0 1 0 1 1 0 0 0 0 0 
0 1 1 0 2 0 1 1 0 1 1 1 0 1 0 1 1 1 0 1 3 1 1 0 0 1 0 0 0 1 0 1 1 1 0 1 0 0 1 0 0 1 1 1 1 0 1 0 1 0 1 1 
1 1 0 1 2 0 1 1 0 0 1 1 1 0 0 0 1 0 0 1 1 0 0 1 0 1 0 1 1 1 1 1 1 0 0 0 1 0 0 1 0 0 1 0 0 1 0 1 0 1 0 1 
0 0 0 1 1 1 0 0 1 1 0 1 0 0 1 0 1 1 1 0 3 1 1 1 1 1 1 0 0 1 0 1 0 1 1 0 0 1 1 0 0 0 0 0 0 1 0 1 0 1 1 0 
1 0 1 0 2 0 1 0 1 1 0 1 0 1 0 1 0 0 1 1 0 0 0 0 0 0 0 1 2 0 0 0 1 0 1 1 0 1 1 0 1 0 0 0 0 0 1 1 0 1 0 1 
1 1 1 1 0 1 0 1 0 0 1 0 0 1 1 1 1 1 0 0 2 1 1 0 0 0 1 0 3 0 1 1 1 1 1 1 0 0 1 1 1 0 1 1 1 0 1 0 1 1 1 1 
0 1 1 1 1 1 0 0 1 1 0 0 1 1 0 1 0 1 1 1 1 0 1 1 1 1 1 0 1 1 0 0 0 0 0 1 0 1 0 1 0 1 1 1 1 1 1 0 1 0 1 0 
0 0 0 0 1 0 0 0 0 1 1 0 1 1 0 1 0 1 1 1 3 0 0 1 0 1 0 0 0 0 1 1 1 0 0 1 1 1 0 0 1 0 0 0 0 1 1 1 0 0 0 0 
0 0 0 0 0 1 0 1 0 0 0 0 1 0 1 0 1 1 0 1 1 0 1 1 0 1 0 1 2 1 1 1 1 1 0 1 1 1 1 0 0 1 0 1 0 1 0 0 0 0 1 1 
0 1 0 1 2 1 1 1 1 1 1 0 1 0 0 1 0 0 1 1 2 0 1 1 0 0 0 0 3 1 0 0 0 1 1 1 0 1 1 0 0 1 1 0 0 1 1 0 1 1 1 0 
1 0 1 0 0 1 0 0 0 0 1 0 1 1 0 0 0 0 1 1 0 1 1 0 1 1 1 0 1 1 1 1 0 0 0 0 1 0 0 1 1 0 1 0 0 0 1 0 1 0 1 1 
1 0 0 0 0 0 0 1 1 1 0 0 0 0 1 1 1 0 0 0 0 1 0 1 1 0 1 0 3 0 0 0 1 1 1 1 1 1 0 0 1 1 1 1 1 1 1 1 0 0 0 0 
1 1 1 1 1 1 0 1 0 0 0 0 0 0 1 0 0 1 1 1 0 1 1 1 0 1 0 1 0 1 1 0 0 1 0 1 0 1 0 0 0 0 1 1 0 0 0 0 0 0 1 1 
0 0 0 1 2 1 1 1 1 0 0 0 0 0 0 1 1 1 0 1 1 0 0 0 0 0 0 1 3 1 0 0 1 0 1 1 1 0 1 0 1 0 0 1 0 1 1 1 0 1 0 1 
1 0 1 1 1 1 1 0 0 1 1 1 1 0 1 0 0 1 1 0 3 0 1 1 1 0 1 0 2 1 1 0 0 0 1 1 1 0 1 1 0 0 1 1 0 1 0 0 1 1 1 0 
0 0 1 0 1 1 1 1 1 0 0 0 1 0 1 0 1 0 0 0 2 0 0 1 1 0 0 1 2 0 1 0 0 0 0 1 1 0 0 0 0 0 0 0 0 1 1 1 0 0 0 0 
1 0 1 1 2 1 1 0 1 0 1 0 1 0 1 1 1 0 0 0 1 0 0 1 1 1 1 1 0 1 0 1 0 0 1 1 0 0 0 0 1 0 1 0 0 0 1 0 0 1 1 1 
1 0 1 0 2 1 1 0 1 1 0 0 1 0 0 0 0 0 0 1 3 0 0 1 1 0 0 0 1 0 0 0 1 1 0 0 1 0 0 1 0 1 0 1 0 1 0 0 1 1 1 0 
1 1 0 0 1 1 0 0 0 0 1 1 0 0 0 1 1 0 0 1 3 0 0 0 1 0 1 0 3 0 1 0 0 1 1 0 1 1 0 0 1 1 0 0 0 1 1 0 1 1 0 1 
1 1 1 0 2 1 1 1 1 0 0 1 1 0 0 0 0 1 1 0 2 1 0 1 0 0 0 0 1 0 1 0 1 0 0 0 0 0 0 0 1 1 1 0 0 0 0 0 1 0 0 1 
1 1 0 1 0 1 0 0 1 0 0 0 1 0 1 1 1 0 0 1 2 1 1 1 1 1 0 1 0 0 1 1 0 1 1 0 0 0 0 1 1 0 1 1 1 0 1 0 1 0 0 1 

# Size = 22 | Time = 8419 ms
1 0 0 1 1 1 0 1 1 1 0 0 0 1 1 0 0 0 1 0 1 0 1 0 1 0 1 0 2 1 0 0 1 1 0 0 0 0 1 1 1 0 1 1 1 1 0 0 0 1 1 0 
0 1 1 0 0 0 1 0 0 0 0 1 1 0 0 1 1 1 0 1 2 1 0 1 0 1 0 1 3 0 1 1 0 0 1 1 1 1 0 0 0 1 0 0 0 0 1 1 0 0 0 1 
0 1 1 0 2 1 1 0 1 1 1 0 0 1 1 1 0 1 0 0 0 1 1 0 1 1 1 1 0 1 1 0 0 0 0 1 0 1 1 0 0 1 1 1 1 1 1 0 1 1 0 1 
1 0 0 1 2 0 0 1 0 0 1 1 1 0 0 0 1 0 1 1 0 0 0 1 0 0 0 0 1 0 0 1 1 1 1 0 1 0 0 1 1 0 0 0 0 1 0 0 1 0 1 0 
0 0 1 1 0 0 0 1 1 1 1 1 1 0 1 0 0 1 1 0 3 0 1 1 0 1 1 0 1 1 0 0 0 0 0 0 1 0 0 0 1 1 0 1 1 0 0 1 0 1 0 1 
1 1 0 0 1 1 1 0 0 0 0 0 0 1 0 1 1 0 0 1 3 1 0 0 1 0 1 0 0 0 1 1 1 1 1 0 0 1 1 1 0 0 1 0 0 0 1 1 0 0 1 1 
0 0 0 1 0 0 0 0 1 1 1 0 1 1 0 0 0 0 1 0 2 1 1 0 1 0 0 1 3 0 1 1 0 1 0 1 0 0 0 1 0 0 1 1 0 1 0 0 1 1 0 0 
1 1 1 0 1 1 1 1 1 0 1 0 1 0 1 1 1 1 0 1 1 1 0 1 0 1 0 1 2 1 0 0 0 0 1 1 1 0 1 0 1 1 0 1 1 1 1 1 0 0 1 0 
0 1 0 0 1 0 1 1 0 1 0 1 0 1 1 0 0 1 1 0 1 0 0 1 1 0 0 1 2 1 1 1 1 0 1 1 1 1 0 0 0 0 0 0 0 0 0 0 1 1 0 1 
1 0 1 0 0 1 0 1 0 0 1 1 0 0 1 1 0 0 0 1 2 0 1 0 0 1 1 0 3 1 0 0 1 1 0 0 1 1 1 1 1 1 1 0 0 1 1 0 1 0 1 0 
1 1 0 1 2 1 1 0 0 0 0 0 0 1 0 1 1 1 0 0 1 1 1 1 0 0 1 1 1 0 0 0 0 1 1 1 0 1 1 1 0 1 1 1 1 1 1 1 0 0 0 1 
0 0 1 1 0 1 0 0 1 0 0 1 1 0 0 0 1 0 0 0 3 0 1 1 1 0 0 1 0 1 0 0 1 0 0 0 0 0 0 0 1 0 0 0 0 1 0 0 1 1 1 0 
1 0 0 0 1 0 1 0 0 1 0 1 1 1 1 0 1 1 1 1 0 0 1 0 1 1 1 0 1 0 1 0 0 0 1 1 0 1 1 1 1 0 0 0 0 0 1 1 0 0 1 1 
0 1 1 0 1 0 0 1 1 0 0 1 1 0 1 1 0 1 1 1 2 0 0 0 0 1 0 0 0 0 1 1 0 1 0 1 1 0 0 0 0 1 0 1 1 1 1 0 0 1 0 1 
0 0 1 0 2 0 1 0 0 1 0 0 0 0 0 1 1 0 0 0 3 0 0 0 0 1 0 1 2 0 1 0 1 1 1 1 0 1 1 0 0 0 1 1 0 0 1 1 0 1 0 1 
0 1 0 0 1 1 0 0 0 1 1 1 1 1 0 1 0 0 0 0 3 0 0 0 0 0 1 1 3 1 0 0 0 0 1 0 1 0 0 0 1 0 1 1 1 1 1 0 1 1 1 0 
1 1 0 0 0 0 1 1 0 0 0 0 0 1 0 0 0 0 0 1 0 0 0 1 0 1 0 1 2 0 1 1 1 1 1 0 0 1 0 1 0 0 1 1 0 1 1 1 0 1 0 1 
0 1 1 0 0 0 0 0 0 1 0 1 1 1 1 1 0 1 1 0 1 1 0 0 1 0 1 0 0 1 1 1 1 1 1 1 0 0 1 1 0 0 0 1 1 0 1 1 0 1 0 1 
0 1 1 1 2 1 0 1 0 1 1 1 1 1 1 0 1 1 1 0 1 0 0 0 0 1 0 0 3 1 1 0 1 0 1 0 1 1 0 1 1 0 0 0 0 1 1 1 0 1 0 1 
1 0 1 1 2 1 0 0 0 0 0 0 0 0 0 1 0 1 0 0 2 1 0 1 0 1 0 1 1 0 1 0 1 0 1 1 0 0 0 0 1 1 1 1 0 0 1 0 1 0 1 1 
1 0 1 0 2 0 1 0 0 1 0 1 0 1 1 1 0 0 0 1 0 1 1 1 1 0 0 1 3 0 0 1 0 1 0 0 1 0 0 0 0 1 1 1 0 1 1 0 0 0 1 0 
1 0 0 0 1 1 1 0 1 0 0 1 1 0 1 0 1 0 0 0 2 0 0 0 1 1 0 0 2 0 1 0 1 1 1 0 0 0 1 1 0 1 0 0 0 1 0 0 1 0 1 1 

# Size = 23 | Time = 9336 ms
1 1 0 0 1 1 1 1 1 0 0 0 0 0 0 0 0 0 0 1 3 1 0 1 1 0 0 0 2 0 0 0 1 1 1 0 0 0 0 1 1 0 0 0 0 1 0 0 0 0 0 1 
0 0 1 1 2 1 0 0 0 1 1 1 1 1 1 1 1 1 1 0 2 0 1 0 0 1 1 1 0 1 1 1 0 0 0 1 1 1 1 0 0 1 1 1 1 0 1 0 1 1 1 1 
0 1 0 1 0 0 0 0 1 0 0 1 1 0 1 0 1 0 0 1 1 1 1 0 0 1 1 0 3 0 1 0 0 1 0 1 0 0 1 1 1 1 1 1 1 1 0 1 0 1 0 0 
1 0 1 0 0 0 1 1 0 1 1 0 0 1 0 1 0 1 1 0 0 0 0 1 1 0 0 1 1 1 0 1 1 0 1 0 1 1 0 0 0 0 0 0 0 1 1 1 0 0 1 0 
1 0 0 0 2 0 0 0 1 1 0 1 0 0 0 0 1 1 0 1 1 0 0 1 1 0 1 1 3 0 1 1 0 0 1 1 0 1 0 0 1 1 0 0 0 0 0 0 1 0 1 1 
0 1 1 1 1 0 1 1 0 0 0 0 1 1 1 1 0 0 1 0 0 1 1 0 0 1 0 0 0 1 0 0 1 1 0 0 1 0 1 1 1 0 1 1 0 0 1 0 1 0 0 1 
1 1 0 1 2 1 1 1 1 1 1 0 0 0 1 0 1 1 0 0 2 0 0 1 1 0 1 0 1 1 0 0 0 1 0 0 1 0 1 1 0 0 0 1 1 0 0 1 0 1 0 1 
0 1 1 0 1 1 0 0 0 0 1 1 1 1 0 0 0 0 1 1 3 1 1 0 1 1 0 1 2 0 1 1 1 0 1 1 0 1 0 0 0 1 1 1 1 0 0 0 1 1 1 1 
1 0 0 0 2 0 0 1 1 0 0 1 1 0 0 1 0 0 1 1 2 1 0 0 0 1 0 1 1 0 1 0 0 1 1 0 0 0 1 0 1 0 1 0 0 1 1 0 1 0 0 0 
0 0 0 1 1 0 0 0 0 0 1 0 0 1 1 1 1 1 0 0 3 0 1 1 0 0 1 0 2 1 0 0 0 1 0 1 0 1 0 1 1 0 1 0 0 1 1 1 0 0 1 0 
0 1 1 1 0 1 1 0 1 1 0 1 0 0 0 0 0 0 0 1 0 0 0 0 1 0 1 0 0 0 1 1 0 0 1 1 1 0 0 1 1 1 0 0 0 1 0 1 0 1 1 0 
1 1 1 0 1 1 1 1 0 1 1 0 0 1 0 1 1 1 1 0 1 1 1 1 0 1 0 1 3 1 0 0 1 0 0 0 1 0 0 1 0 1 0 1 1 0 1 1 0 0 1 1 
1 0 0 0 0 0 0 0 0 0 0 1 1 0 1 0 1 0 1 0 0 1 0 1 1 0 1 0 0 0 0 1 1 0 1 0 0 1 1 0 1 1 0 1 1 0 0 0 1 0 0 1 
0 1 1 0 2 0 1 0 0 1 1 0 0 0 0 0 0 1 0 1 3 0 1 0 0 0 1 0 1 0 1 1 1 1 0 1 1 0 1 1 1 1 0 1 1 1 1 0 0 1 0 0 
1 1 1 1 2 0 0 1 1 1 0 1 0 1 1 0 0 0 0 1 0 1 0 0 0 1 0 0 2 1 1 1 1 0 1 1 1 1 1 0 0 1 0 0 0 1 1 0 1 0 1 0 
0 1 1 0 0 0 1 1 1 1 1 1 1 1 0 0 0 1 0 0 2 1 1 1 1 1 1 1 3 0 1 1 1 1 1 1 0 1 0 1 0 0 0 1 1 1 1 1 0 0 0 1 
0 0 1 0 0 1 1 0 1 1 0 0 1 0 1 1 0 0 1 0 1 1 1 0 0 0 0 1 2 0 0 0 0 1 1 1 1 1 1 1 0 0 0 1 1 1 1 1 0 1 0 0 
1 1 0 0 0 0 1 0 0 1 0 1 1 0 1 1 1 0 1 0 3 0 1 0 0 1 1 0 3 1 0 0 1 0 1 1 1 1 0 0 1 1 1 0 0 1 1 1 0 0 1 0 
1 1 1 1 1 1 0 0 1 1 1 1 0 1 0 0 0 1 1 0 1 0 0 0 1 1 1 0 1 0 0 0 1 1 1 0 0 1 1 0 0 1 1 0 0 1 0 1 0 1 0 0 
1 1 0 1 1 0 1 0 1 1 0 1 0 1 0 0 1 0 1 0 2 1 1 0 1 1 1 1 2 0 0 1 0 0 0 0 1 1 1 0 0 0 1 1 0 1 1 0 1 0 0 0 
1 0 1 0 2 0 0 0 0 1 0 0 1 1 0 1 1 1 0 0 3 1 0 0 1 1 1 1 0 1 0 1 1 1 0 0 1 1 1 1 0 0 0 1 0 1 1 1 0 1 0 1 
1 0 1 0 1 1 0 0 0 0 0 0 1 1 0 0 1 0 1 1 1 0 0 1 0 1 1 1 0 1 0 0 1 1 0 1 0 0 1 0 0 1 0 1 1 1 0 0 1 1 1 0 
0 1 1 1 0 1 1 0 1 0 1 1 1 0 0 0 0 0 1 0 0 1 0 0 0 1 0 1 3 1 0 0 1 1 1 1 0 1 0 1 0 0 1 1 1 0 1 0 0 1 1 1 

# Size = 26 | Time = 10461 ms
0 0 0 0 0 0 1 0 0 0 1 0 0 0 0 0 1 0 1 0 2 0 1 1 0 0 0 0 3 0 0 1 0 0 1 0 0 1 0 1 0 1 0 0 0 1 1 1 0 0 1 1 
1 1 1 1 2 1 0 1 1 1 0 1 1 1 1 1 0 1 0 1 1 1 0 0 1 1 1 1 1 1 1 0 1 1 0 1 1 0 1 0 1 0 1 1 1 0 1 0 1 1 0 1 
1 1 1 0 1 1 0 1 0 0 0 0 1 1 0 0 1 1 1 1 0 1 0 0 0 0 0 0 0 0 0 0 0 1 1 0 1 0 0 0 1 0 1 1 0 1 0 1 0 0 0 0 
0 0 0 1 1 0 1 0 1 1 1 1 0 0 1 0 0 0 0 0 3 0 1 1 1 1 1 1 2 1 1 0 1 0 0 1 0 1 1 1 0 1 0 1 1 1 0 0 1 0 1 0 
0 0 0 1 2 1 0 1 0 0 1 1 0 0 0 1 1 0 1 0 0 0 1 0 0 1 1 1 0 1 1 1 1 0 1 0 1 1 1 0 1 0 1 0 0 0 1 0 0 1 1 1 
1 1 0 0 0 0 1 0 1 1 0 0 1 1 1 1 0 1 0 1 3 1 0 1 1 0 0 0 2 0 0 1 0 1 0 1 0 0 0 1 0 1 0 0 0 0 1 0 0 1 0 1 
0 0 1 0 2 1 1 0 0 0 1 0 0 1 0 0 1 0 1 1 1 0 1 1 0 1 0 0 1 0 0 1 0 1 0 1 0 0 1 1 0 0 1 1 1 1 0 0 1 1 1 0 
1 1 1 1 0 0 0 1 1 0 0 1 0 0 1 1 0 1 0 0 2 1 0 0 1 0 1 0 3 1 1 0 1 0 1 1 1 1 0 0 0 1 0 1 1 1 1 1 0 1 0 0 
0 1 1 1 0 1 1 0 0 1 1 1 1 0 0 0 0 0 0 1 2 0 0 0 0 1 0 1 3 1 0 0 0 1 0 0 1 0 0 1 1 0 1 0 0 0 0 0 1 0 0 1 
1 0 0 0 2 0 1 1 1 1 0 0 1 0 0 1 1 1 1 0 1 0 0 1 1 0 1 1 1 0 0 1 1 0 1 0 0 1 0 0 1 1 0 0 0 0 1 1 0 0 1 1 
0 0 1 0 1 0 0 0 0 1 0 0 1 1 1 1 0 1 0 1 0 1 1 1 1 0 1 1 0 1 1 1 0 0 1 0 0 1 1 1 0 0 0 1 1 0 1 0 1 1 0 1 
1 1 1 1 2 1 0 1 0 0 1 1 0 1 1 0 1 0 1 0 3 1 1 0 0 1 0 0 2 0 1 1 1 1 1 0 1 0 1 0 1 0 1 0 0 1 1 1 0 1 1 0 
1 1 1 0 0 1 1 0 1 0 0 1 1 1 0 1 1 0 0 0 0 0 0 0 0 1 0 1 0 1 1 0 0 0 0 1 0 0 1 0 0 1 1 1 0 1 1 1 0 0 0 0 
1 1 1 0 2 1 1 1 0 1 1 0 1 1 0 0 0 1 1 1 2 1 0 1 1 1 0 0 3 1 1 0 0 1 1 0 1 1 1 1 0 1 0 0 0 0 1 0 1 0 0 1 
1 1 1 1 1 0 1 0 1 0 0 0 1 1 1 0 0 1 0 1 2 1 1 1 1 0 1 0 1 1 0 1 0 1 0 0 1 0 1 1 0 1 1 0 0 0 1 0 0 0 1 1 
0 1 0 0 1 0 0 0 0 0 1 0 0 1 0 0 1 1 1 1 1 1 0 0 0 1 1 1 3 0 1 1 0 0 0 1 0 1 1 0 0 0 1 1 0 1 1 0 1 0 1 0 
0 1 0 1 0 0 0 0 0 0 0 0 0 1 0 1 0 0 0 1 3 0 0 0 1 1 0 1 1 0 0 1 1 0 0 0 1 1 0 0 0 1 1 0 0 1 1 1 0 0 0 1 
1 1 0 0 0 1 0 0 0 0 1 1 1 1 0 1 1 0 1 1 1 1 1 1 0 0 1 0 2 1 0 1 0 1 1 1 1 0 0 1 0 0 1 0 0 1 1 0 0 0 0 1 
1 1 1 1 0 0 0 1 0 0 1 0 0 0 1 1 0 1 1 1 0 0 1 0 0 1 1 1 1 0 0 1 0 1 0 1 1 1 1 1 0 1 1 1 1 0 1 0 1 1 0 1 
0 1 0 0 2 1 1 0 1 1 0 0 0 0 0 0 1 0 0 0 3 0 1 1 0 0 0 1 0 1 0 0 0 0 1 1 0 0 0 0 1 1 1 0 0 1 0 1 0 0 1 1 
1 1 0 0 0 1 0 1 0 1 1 1 0 0 1 0 1 1 0 0 2 1 0 1 0 0 0 1 0 0 0 1 0 0 0 0 1 0 0 1 0 0 0 0 0 1 0 0 1 0 1 0 
1 1 1 0 2 0 0 0 1 1 0 0 1 0 0 0 0 0 1 0 2 0 0 1 1 0 1 1 2 1 1 0 1 0 1 1 1 1 1 0 0 1 1 1 1 1 0 1 0 0 1 0 
1 1 0 0 2 1 0 0 0 0 1 0 1 0 1 0 0 0 1 1 0 0 1 1 1 0 0 0 2 1 1 1 0 0 0 1 0 1 0 1 0 0 1 1 1 0 0 0 0 1 1 1 
1 0 1 0 2 0 1 1 0 1 1 1 1 0 1 0 0 1 1 0 0 1 1 1 1 1 0 0 3 0 1 1 1 1 1 0 1 0 1 1 0 0 0 1 0 1 1 0 0 0 1 0 
0 1 1 0 2 0 1 0 0 0 0 0 1 0 0 0 0 0 1 1 1 0 0 0 1 1 1 1 0 1 1 1 1 0 0 0 1 0 0 0 1 0 0 0 0 1 0 0 1 0 1 0 
1 0 0 0 2 1 0 0 1 1 0 1 1 0 0 0 0 0 0 1 3 1 1 1 0 0 1 1 3 0 1 0 0 1 1 0 1 0 0 0 0 1 0 0 0 1 1 0 0 0 0 0 

# Size = 24 | Time = 8998 ms
1 1 0 0 0 1 0 0 1 1 0 1 0 1 0 0 1 0 1 1 3 0 1 1 1 0 1 0 3 1 1 0 0 1 0 0 1 0 0 0 1 1 0 0 0 1 0 0 1 0 1 1 
0 0 1 1 2 0 1 1 0 0 1 0 1 0 1 0 0 1 0 0 1 1 0 0 0 1 0 1 2 0 0 1 1 0 1 1 0 1 1 1 0 0 1 1 1 0 1 1 0 1 0 1 
1 1 1 1 1 0 1 0 0 1 0 0 1 0 1 1 1 0 1 1 2 1 0 0 0 1 0 0 1 1 1 0 0 1 0 1 0 0 1 1 1 1 1 0 0 1 1 0 0 1 0 0 
0 0 0 0 1 1 0 1 1 0 1 1 0 1 0 1 0 1 0 0 0 0 1 1 1 0 0 1 0 0 0 1 1 0 1 0 1 1 0 0 0 0 0 1 1 1 1 0 1 0 1 0 
1 0 0 0 0 0 0 1 1 1 0 1 1 0 0 0 1 0 1 0 0 1 1 0 0 0 1 0 0 1 1 1 0 0 1 1 1 0 1 1 0 0 1 1 1 0 0 1 0 1 0 1 
0 1 1 1 2 1 1 0 0 0 1 0 0 1 1 0 0 1 0 1 2 0 1 1 1 1 1 1 1 0 0 0 0 1 0 0 0 1 0 0 1 0 1 0 0 0 0 1 0 0 1 1 
1 0 1 1 0 0 1 1 1 0 0 1 0 0 1 1 0 1 1 1 3 1 0 1 0 1 1 1 3 0 1 1 1 0 1 1 0 1 0 0 1 1 0 1 0 0 1 0 1 1 0 1 
1 1 0 0 2 1 0 0 0 1 1 0 1 1 0 0 1 0 0 0 1 0 0 0 1 0 1 0 2 1 0 0 1 1 0 0 0 0 1 1 0 1 0 1 1 1 0 0 1 1 0 0 
0 1 0 1 0 1 1 1 0 0 1 0 1 0 0 1 0 0 0 0 3 1 0 0 1 0 0 0 3 0 0 1 1 0 0 1 1 0 1 1 0 0 1 0 0 1 1 1 0 0 1 0 
0 0 1 1 1 0 0 0 1 1 0 1 0 1 0 1 1 0 1 1 1 0 1 1 0 1 1 1 2 0 1 0 0 0 1 1 1 1 1 0 1 1 0 0 0 0 1 1 0 0 1 1 
0 0 0 0 2 1 0 1 1 0 1 1 0 1 1 1 1 1 1 0 2 1 0 0 0 0 1 1 1 1 1 1 1 1 0 0 1 0 0 1 0 0 0 1 1 0 1 0 1 0 0 1 
1 1 1 0 2 0 1 0 0 1 0 0 1 0 1 1 0 1 0 1 0 0 0 0 1 1 0 0 0 1 0 0 1 1 0 0 0 1 0 0 1 1 1 0 0 1 1 0 1 0 0 1 
0 1 0 1 1 1 0 1 0 1 0 1 1 0 0 0 0 1 0 0 2 1 0 1 1 1 0 1 3 1 1 0 1 1 1 0 1 0 0 0 1 0 1 1 1 0 0 0 0 1 1 1 
0 1 0 1 0 0 1 0 1 0 1 0 1 0 0 1 1 1 1 1 1 1 1 1 0 1 1 0 1 1 0 1 1 0 1 1 1 0 0 1 0 1 1 1 1 1 1 1 0 1 0 0 
1 0 1 1 0 0 1 1 1 1 0 0 0 0 1 1 0 1 1 0 2 1 0 0 0 0 0 0 2 0 1 0 0 0 0 1 0 1 0 0 1 0 1 0 0 0 1 1 0 1 0 1 
0 1 0 1 1 0 0 0 0 1 1 1 0 1 0 0 1 0 1 1 3 0 1 0 1 0 1 1 0 0 1 0 1 0 0 1 0 1 1 0 1 0 1 1 1 1 0 0 0 0 1 0 
1 1 1 1 2 1 1 1 0 1 0 1 0 1 1 0 0 0 1 1 0 1 0 1 1 1 0 1 3 1 1 1 1 1 1 1 0 1 0 1 1 1 0 0 0 0 1 0 0 0 1 1 
1 0 0 0 2 1 1 0 0 0 0 1 1 1 0 0 0 0 0 0 3 0 0 1 1 0 1 0 1 1 1 1 0 0 1 1 0 0 0 1 1 1 1 0 0 1 0 0 1 1 0 1 
1 1 1 1 2 0 1 1 1 1 1 1 0 0 1 1 0 1 1 0 0 1 1 1 1 1 0 0 2 0 0 0 0 0 0 0 0 1 0 0 1 0 0 1 1 0 1 0 0 1 0 1 
0 1 1 1 2 0 1 0 0 0 0 0 1 1 1 0 1 0 0 1 3 1 0 1 0 0 0 0 2 1 0 0 0 0 1 0 1 0 0 1 1 1 1 0 0 0 0 0 1 0 1 1 
0 1 0 0 0 1 1 0 0 0 1 0 1 0 0 1 0 0 1 0 2 0 1 0 1 0 0 1 0 0 0 1 1 1 1 1 0 1 1 0 0 0 0 0 0 1 1 1 0 0 1 1 
0 1 0 1 2 0 0 0 0 0 0 1 0 0 1 0 0 0 1 0 0 1 0 0 0 1 1 1 1 0 1 1 0 1 0 1 0 1 1 0 0 0 0 1 1 1 1 0 1 0 1 0 
1 0 1 1 1 1 0 1 0 0 1 1 1 1 0 1 1 1 1 1 1 0 1 1 1 0 1 1 3 0 0 1 0 0 0 1 0 0 1 0 0 0 1 0 0 1 1 0 1 0 0 0 
1 1 0 0 0 1 1 1 0 1 1 1 1 0 1 0 1 0 0 1 1 1 0 0 1 0 1 0 0 1 1 1 0 0 0 0 0 1 0 0 0 1 1 1 0 0 0 0 1 1 0 1 

# Size = 24 | Time = 9336 ms
0 0 1 0 0 1 1 0 0 1 0 1 1 1 0 1 0 0 0 0 1 0 0 1 0 1 0 0 0 0 1 0 0 0 1 1 0 1 1 0 0 1 0 1 1 1 1 1 0 0 0 1 
1 1 0 1 1 0 0 1 1 0 1 0 0 0 1 0 1 1 1 1 0 1 1 0 1 0 1 1 1 1 0 1 1 1 0 0 1 0 0 1 1 0 1 0 0 1 0 0 1 0 1 0 
0 0 0 1 2 0 0 0 0 1 0 0 0 1 0 0 0 0 1 1 2 1 1 1 1 0 0 0 2 1 0 0 1 1 0 1 0 0 1 0 0 0 1 1 1 0 1 0 1 1 0 1 
1 1 1 0 2 1 1 1 1 0 1 1 1 0 1 0 0 1 0 0 3 0 0 0 0 1 1 1 3 0 1 1 0 0 1 0 1 1 0 1 1 1 0 0 0 0 0 1 0 1 1 1 
0 1 1 0 1 1 0 1 1 0 0 0 0 0 1 1 1 0 0 1 2 0 1 0 1 0 1 0 2 0 1 0 0 1 1 1 1 1 0 1 0 0 0 1 1 1 1 1 0 1 0 0 
1 0 0 1 1 0 1 0 0 1 1 1 1 1 0 1 1 1 1 0 3 1 0 1 0 1 0 1 3 0 1 1 1 0 0 0 0 0 1 0 1 1 1 0 0 1 1 0 1 0 1 0 
1 1 1 1 0 0 0 1 1 0 0 1 0 1 0 0 1 1 1 1 1 0 1 0 0 1 0 0 0 1 0 0 1 0 1 0 1 0 1 1 1 0 1 0 0 0 0 1 0 1 0 1 
0 0 0 0 0 1 0 0 0 1 1 0 1 0 0 0 0 0 0 0 0 1 0 1 1 1 1 1 1 1 0 0 0 1 0 1 1 1 0 0 0 1 0 1 1 0 0 0 0 1 1 1 
0 1 1 1 0 1 1 1 0 1 0 1 0 1 1 1 0 0 1 1 3 0 1 0 1 0 0 0 3 1 0 1 0 1 1 0 0 0 0 0 1 0 0 1 1 0 1 0 1 1 0 1 
1 0 0 0 2 0 1 0 0 0 1 0 1 0 1 1 1 1 0 0 1 1 1 1 0 0 1 0 0 0 0 1 1 1 1 1 0 1 1 1 0 1 1 1 1 1 1 0 1 0 1 0 
1 1 0 1 0 0 1 0 1 1 1 1 1 0 0 0 0 0 1 0 2 0 0 1 0 0 0 1 2 1 1 1 0 0 0 1 0 1 1 0 1 0 0 0 0 0 0 1 0 0 1 1 
0 0 1 0 1 1 1 1 1 0 0 1 1 1 1 1 0 1 1 1 0 0 0 1 0 1 0 0 1 0 1 1 0 0 1 0 0 1 1 0 0 1 1 1 0 0 1 1 0 0 0 1 
0 1 1 0 1 1 0 0 1 0 0 0 0 1 1 1 1 1 0 0 3 1 0 0 1 1 1 1 2 0 0 0 1 0 0 1 1 0 1 0 0 1 0 0 0 0 1 1 0 0 0 1 
1 0 0 1 1 1 0 0 1 0 0 0 1 1 1 1 0 0 0 0 1 1 0 0 1 1 0 1 3 0 0 0 0 1 0 1 1 1 0 0 0 0 1 0 0 1 1 0 1 0 1 0 
0 1 0 1 1 1 1 0 1 1 1 1 1 0 1 0 1 1 0 1 2 0 0 0 1 0 1 1 0 1 0 0 0 0 0 0 1 0 0 1 0 1 1 1 1 0 0 1 0 0 0 1 
1 0 0 0 2 1 1 1 1 0 1 0 1 1 1 1 1 1 1 1 2 0 1 1 1 1 0 0 1 1 1 0 1 0 1 0 0 1 0 1 1 1 0 1 1 1 1 0 0 1 0 1 
1 0 1 0 2 1 1 1 1 1 1 1 0 1 1 0 1 1 0 1 0 1 1 0 1 0 0 1 2 1 0 0 1 0 0 0 0 1 0 1 0 0 1 1 0 1 0 1 0 1 0 0 
1 0 1 0 0 0 1 0 0 0 0 1 0 1 0 0 0 0 1 1 2 1 0 0 0 0 1 1 3 1 0 0 0 1 1 0 0 0 0 1 1 0 1 1 0 1 1 0 0 1 0 0 
1 1 1 0 1 0 1 0 0 1 0 0 1 0 0 0 0 0 0 1 1 0 0 0 1 0 0 1 2 0 0 1 1 0 1 0 0 0 0 0 1 0 0 1 1 1 1 0 1 1 0 0 
1 1 0 0 0 0 1 1 0 0 0 1 0 0 1 0 1 0 1 0 0 1 0 0 1 0 0 0 3 0 0 1 0 0 0 0 1 1 1 1 1 1 0 1 1 0 0 0 0 1 0 1 
0 0 0 1 1 1 1 0 0 1 1 1 1 1 1 0 1 1 1 0 3 0 1 0 1 1 1 0 0 0 0 0 1 1 0 1 0 1 1 1 1 0 0 1 1 0 0 1 0 1 1 1 
0 0 1 0 2 0 0 1 1 0 1 0 0 1 0 0 1 0 0 0 1 0 1 1 0 0 0 0 1 0 0 0 0 1 0 1 0 1 1 0 0 0 0 1 0 1 0 0 0 0 1 0 
0 0 1 1 0 1 0 0 1 0 0 1 0 0 1 0 0 1 1 0 0 0 1 1 1 1 1 1 0 0 1 1 1 1 1 0 0 0 0 0 1 1 1 1 1 1 1 0 1 1 1 0 
1 1 1 1 1 0 1 0 0 1 0 1 1 0 1 0 0 1 0 1 3 1 0 0 1 1 0 1 1 0 1 0 0 1 1 0 1 0 0 0 0 1 0 1 0 1 0 0 1 0 0 0 

# Size = 26 | Time = 9997 ms
1 0 1 0 1 0 1 0 0 1 0 1 1 0 1 0 0 0 1 1 3 0 1 0 1 1 0 0 0 0 0 0 0 0 0 1 0 1 1 0 1 0 0 1 1 1 0 0 0 0 1 0 
0 1 0 1 0 1 0 1 1 0 1 0 0 1 0 1 1 1 0 0 2 1 0 1 0 0 1 1 1 1 1 1 1 1 1 0 1 0 0 1 0 1 1 0 0 0 1 1 0 1 0 1 
1 1 0 0 2 1 0 0 1 1 1 0 1 0 0 1 1 0 0 1 0 0 1 1 0 0 1 0 2 1 0 0 1 0 0 0 0 1 0 0 1 0 1 1 0 1 1 0 1 1 0 0 
0 0 1 1 2 0 1 1 0 0 0 1 0 1 1 0 0 1 1 0 1 1 0 0 1 0 0 1 3 0 1 1 0 1 1 1 1 0 1 1 0 1 0 0 0 0 0 0 1 0 1 1 
0 0 1 1 1 1 0 1 0 1 1 1 1 1 0 0 0 0 0 1 1 1 1 0 0 1 1 1 3 1 1 0 1 1 0 0 1 0 0 0 0 0 1 1 1 1 0 1 0 1 1 0 
1 1 0 0 0 0 0 0 1 0 0 0 0 0 0 1 1 1 1 0 0 0 0 1 1 1 0 0 2 0 0 1 0 0 1 1 0 0 1 0 1 1 0 1 1 0 1 1 0 0 0 1 
0 1 0 0 1 1 1 1 1 1 1 0 0 1 1 1 1 1 0 0 3 1 1 0 1 1 1 0 0 1 1 1 0 0 1 0 0 1 0 1 0 0 1 0 0 1 1 1 0 0 1 1 
1 0 1 1 0 1 1 0 0 0 0 1 1 0 1 0 1 0 1 1 2 0 0 1 0 1 0 1 1 0 0 0 1 0 0 1 1 1 0 1 1 1 0 0 0 1 0 0 1 1 0 0 
1 0 1 0 1 0 0 1 0 0 0 0 1 0 1 0 0 0 0 0 0 1 1 0 0 0 1 1 2 1 0 0 0 1 0 0 1 1 1 1 0 1 0 1 1 0 1 0 1 1 0 1 
0 1 0 1 0 1 0 0 1 1 1 1 0 1 0 0 0 1 1 1 3 0 0 1 0 0 1 1 0 1 1 1 1 1 0 1 0 0 1 0 1 1 1 0 0 0 0 0 1 1 1 1 
1 1 1 0 0 0 1 0 1 1 1 0 1 1 0 1 1 1 0 0 1 0 1 1 1 0 0 0 3 0 0 1 1 0 1 0 0 1 0 1 1 0 1 1 1 1 1 0 0 1 0 0 
0 0 0 0 2 0 1 1 1 1 0 1 0 0 0 1 0 0 1 1 2 0 1 0 1 1 1 0 1 0 1 1 0 1 1 0 0 0 1 0 0 0 1 1 1 0 1 1 0 0 1 1 
0 0 1 1 1 1 1 1 0 0 1 1 0 1 1 1 1 0 0 1 0 1 0 1 0 1 0 0 2 1 1 0 1 1 1 1 0 1 1 0 1 0 0 0 0 1 1 0 1 0 1 0 
1 1 0 1 2 0 0 0 0 0 0 0 0 1 0 0 0 1 1 0 3 1 0 1 0 1 1 0 0 1 1 0 1 1 1 1 1 1 0 1 0 1 1 1 1 1 0 0 0 0 0 1 
0 0 0 1 0 1 1 0 0 1 1 0 0 0 0 0 1 0 1 0 0 1 0 0 1 0 0 0 3 0 0 0 1 0 1 1 1 0 1 0 1 1 1 1 1 0 0 0 1 0 1 1 
1 1 0 0 0 0 1 0 1 1 1 0 0 0 1 0 0 1 0 0 1 0 0 1 1 1 1 0 2 0 1 1 0 1 0 1 0 1 0 1 1 1 0 0 0 1 0 1 0 1 0 0 
0 0 1 1 1 0 0 1 0 1 1 0 1 0 1 1 1 0 1 0 0 0 1 1 0 1 0 1 1 1 1 0 0 0 1 1 1 1 1 1 0 0 0 0 0 1 1 0 1 0 1 0 
1 1 0 1 1 1 1 1 0 1 1 1 0 0 1 0 1 0 0 0 2 0 1 1 1 1 0 0 2 1 1 0 1 1 1 1 1 1 1 0 0 1 1 1 1 1 1 0 1 1 0 0 
0 1 1 0 2 0 0 1 0 0 1 0 0 0 0 1 1 1 0 1 3 0 0 0 1 1 0 0 2 1 0 0 1 0 0 1 0 1 1 0 1 1 1 1 0 1 1 0 1 0 0 0 
1 1 1 1 0 0 0 0 0 0 0 0 1 0 0 1 1 0 0 0 1 1 0 1 0 1 0 1 0 0 1 0 0 1 0 0 1 1 0 1 0 0 0 1 1 1 1 0 1 1 0 0 
0 0 1 0 2 1 1 0 1 0 0 0 0 1 1 0 1 1 0 1 0 1 0 0 0 1 1 0 0 0 1 0 1 0 0 1 0 1 0 0 1 1 1 0 0 1 1 1 0 0 0 1 
1 1 1 1 1 1 1 0 1 0 1 0 1 0 1 0 0 1 0 1 1 1 0 1 1 0 1 1 1 0 1 1 0 1 1 0 1 0 1 0 1 0 1 1 1 0 1 0 1 0 1 1 
1 0 1 0 2 1 1 1 1 1 1 1 1 0 1 0 1 0 0 1 3 1 1 0 0 1 0 0 3 0 1 0 1 0 0 1 0 1 0 1 1 0 0 1 1 1 0 1 0 0 1 0 
0 1 1 1 0 1 0 1 1 0 0 0 0 0 0 0 1 1 0 0 3 0 1 0 0 0 0 0 1 0 1 0 1 0 0 0 0 1 1 1 1 0 1 1 1 0 0 1 0 1 1 1 
1 0 0 1 2 1 1 0 1 1 1 1 1 0 1 0 0 1 0 0 2 1 1 0 1 1 1 1 3 1 1 1 1 0 1 0 0 0 1 0 1 1 0 0 0 1 0 1 0 0 1 0 
0 0 1 1 0 1 0 0 0 0 0 1 1 0 0 1 0 0 1 0 2 1 0 1 0 1 1 1 0 0 1 0 1 0 0 0 0 1 1 0 0 0 0 0 0 1 1 1 0 0 0 1 

# Size = 23 | Time = 8626 ms
1 0 0 0 2 0 0 1 1 0 0 0 0 0 0 0 0 0 0 0 0 0 0 1 1 0 0 0 0 0 1 0 1 0 1 0 0 0 1 1 0 0 1 0 0 1 0 1 0 0 0 0 
0 1 1 1 1 1 1 0 0 1 1 1 1 1 1 1 1 1 1 1 2 1 1 0 0 1 1 1 2 1 0 1 0 1 0 1 1 0 0 0 1 1 0 1 1 0 1 0 1 1 1 1 
1 0 1 0 0 1 1 1 0 0 0 1 0 1 0 0 1 0 0 1 3 1 1 1 1 0 1 1 3 1 1 1 0 0 0 1 1 1 1 1 0 1 0 0 0 0 0 1 0 1 1 1 
0 1 0 1 0 0 0 0 1 1 1 0 1 0 1 1 0 1 1 0 1 0 0 0 0 1 0 0 1 0 1 0 1 1 0 0 0 1 0 0 1 0 1 1 1 1 1 0 1 0 0 0 
1 0 0 1 1 1 1 1 1 1 1 0 0 0 1 0 1 0 0 1 3 1 0 0 0 0 0 0 3 1 0 0 1 1 1 1 0 1 0 0 0 0 1 0 0 0 1 0 1 0 1 1 
0 1 1 0 2 0 0 0 0 0 0 1 1 1 0 0 0 0 1 0 2 0 1 1 1 1 1 0 1 0 0 1 0 0 1 0 1 1 0 1 1 1 0 1 1 1 0 1 0 1 0 0 
1 1 1 0 1 1 0 1 1 0 1 0 0 1 0 1 1 1 0 1 1 1 0 0 1 0 1 1 2 0 1 0 0 0 1 0 1 1 1 0 0 0 0 1 1 1 1 1 0 0 0 0 
0 0 0 1 2 1 1 0 1 1 0 1 0 0 1 1 0 1 1 0 0 0 1 1 0 1 0 1 0 0 1 1 1 1 0 1 0 1 1 1 1 1 0 0 0 0 1 1 0 1 1 1 
1 0 0 1 1 0 1 1 0 0 0 0 1 1 0 0 1 1 1 0 1 0 1 1 0 1 1 1 2 1 0 1 1 0 0 1 0 0 1 1 0 1 1 0 0 1 0 0 1 0 1 0 
0 1 1 0 2 0 0 1 0 1 1 1 1 0 1 0 1 0 0 1 0 1 1 0 1 0 1 1 0 1 0 0 0 1 0 0 1 1 1 0 1 0 1 1 1 0 0 0 1 1 0 1 
1 1 1 0 0 1 1 0 0 1 1 0 0 1 0 0 0 1 0 1 2 1 0 0 0 0 0 1 1 1 0 0 1 0 1 1 1 0 1 1 0 1 1 0 0 1 0 0 0 1 0 1 
0 1 1 1 2 0 0 0 0 0 1 1 1 0 0 1 0 1 1 0 3 0 0 1 1 1 1 1 3 0 0 1 0 1 1 0 0 0 1 0 1 0 1 1 1 1 1 1 0 1 0 0 
1 0 0 0 0 0 0 1 1 0 0 1 0 0 1 1 0 0 1 1 2 0 1 0 1 0 0 0 2 1 1 1 0 1 1 0 0 0 1 0 1 0 1 1 1 1 1 1 0 0 1 0 
0 1 0 1 1 1 0 0 1 1 0 1 1 1 1 0 0 0 0 0 1 1 0 0 0 1 0 1 0 1 0 0 0 0 0 1 1 0 0 1 0 1 0 1 0 0 1 0 1 1 1 1 
0 0 0 0 1 1 1 1 1 0 0 0 0 1 0 1 1 1 1 1 0 1 1 1 0 1 0 1 1 1 0 0 1 0 0 0 0 1 0 1 0 1 0 1 1 0 1 0 1 1 1 1 
0 1 1 0 0 0 1 1 0 1 0 1 1 0 1 1 0 1 1 0 2 0 0 0 0 0 0 1 0 0 0 0 1 1 0 1 1 0 1 1 0 1 0 0 0 0 1 1 0 0 1 1 
1 0 0 0 2 1 1 0 1 0 1 1 1 1 0 0 1 1 0 0 3 0 0 0 1 1 1 1 2 1 1 1 0 1 1 1 0 0 0 0 1 1 0 0 0 1 0 0 1 1 1 1 
0 1 0 0 2 1 0 0 0 1 1 1 1 0 0 1 0 1 0 0 1 0 0 1 1 0 0 0 3 0 1 1 1 1 1 1 1 0 0 0 0 1 0 1 1 0 1 0 1 1 1 1 
0 1 0 1 0 0 0 1 1 1 0 0 0 0 0 0 1 0 1 0 0 1 0 0 1 1 0 1 2 1 1 0 1 1 1 1 0 0 1 0 0 1 0 0 0 0 1 0 1 0 0 1 
1 1 0 0 1 1 1 1 1 1 0 1 0 0 1 1 1 1 0 0 3 1 0 1 1 0 1 1 1 0 0 1 1 0 0 0 0 0 0 0 0 1 0 1 1 1 1 1 0 1 0 0 
1 1 0 0 2 1 1 0 1 1 1 0 0 1 1 0 0 1 1 1 3 0 1 0 1 1 1 0 0 0 0 1 0 1 1 1 0 0 1 0 0 1 0 1 0 0 1 1 0 0 1 1 
1 0 1 1 0 0 0 1 1 1 0 1 1 0 1 1 0 0 0 0 2 0 1 0 1 0 1 1 3 1 1 1 1 1 1 0 0 1 0 0 0 1 0 0 0 1 1 0 1 0 0 1 
0 1 0 1 1 1 1 1 1 0 1 0 0 1 0 1 0 0 1 0 0 1 1 0 1 1 0 1 3 0 0 0 0 1 0 0 0 0 0 1 1 0 1 0 0 1 1 0 1 1 1 0 

# Size = 27 | Time = 10221 ms
1 0 1 0 0 0 1 0 1 0 1 1 0 1 1 1 1 0 0 1 3 0 0 0 1 1 1 0 2 1 0 1 1 0 0 1 1 0 0 1 1 0 0 1 1 0 1 1 0 0 1 1 
0 1 0 1 1 1 0 1 0 1 0 0 1 0 0 0 0 1 1 0 2 1 1 1 0 0 0 1 0 0 1 0 0 1 1 0 0 1 1 0 0 1 0 0 0 1 0 0 1 1 0 0 
0 0 1 0 2 0 0 0 0 1 1 1 0 1 0 0 1 0 1 1 0 0 1 0 0 0 0 0 3 0 0 0 0 1 0 1 0 1 1 1 0 0 1 1 0 1 0 1 0 0 0 0 
1 1 0 1 2 1 1 0 1 0 0 0 1 0 1 1 0 1 0 0 1 1 0 1 1 1 1 1 1 1 1 1 1 0 1 0 1 0 0 0 1 1 1 1 1 0 1 0 1 1 1 1 
1 1 0 0 1 0 0 1 0 0 0 1 0 1 0 0 0 0 1 0 2 0 0 0 1 1 1 0 0 0 1 1 1 0 1 0 1 1 0 1 1 1 1 0 0 1 1 1 0 0 1 0 
0 0 1 1 0 0 1 1 1 1 1 0 1 0 1 1 1 1 0 1 1 1 1 1 0 0 0 0 1 1 0 0 0 1 0 1 0 0 0 0 0 0 0 0 0 0 1 0 1 0 0 1 
1 0 1 0 1 1 1 1 1 0 0 1 1 1 1 0 0 1 0 0 0 1 1 1 1 1 0 1 3 1 0 0 1 1 0 1 1 0 1 1 1 1 0 1 1 1 0 1 0 1 0 0 
1 1 0 1 0 1 0 1 0 1 1 0 0 0 0 0 1 0 0 1 3 0 1 0 0 0 1 1 2 0 0 1 0 0 1 0 0 1 1 0 0 0 1 1 1 0 0 0 0 1 1 1 
0 0 0 1 1 1 1 0 0 1 1 1 0 1 1 1 0 1 1 1 2 0 0 1 0 1 0 0 0 1 1 1 0 1 0 1 1 1 1 1 1 0 0 1 1 0 1 0 1 0 1 1 
0 1 1 0 0 0 0 1 1 0 1 0 0 0 0 1 1 0 1 0 0 1 0 0 1 0 1 0 3 0 1 1 1 0 1 0 0 0 0 0 0 1 1 0 0 1 1 0 1 1 0 1 
0 1 0 0 1 0 0 0 0 0 0 1 1 1 0 0 1 0 1 0 1 0 0 0 1 1 1 1 1 0 0 0 0 1 1 1 1 1 1 0 0 0 0 1 1 1 0 1 0 0 1 0 
0 1 1 1 2 0 1 0 0 0 0 0 1 0 0 1 0 1 1 1 3 1 0 1 0 0 0 1 2 1 1 0 1 1 0 0 0 0 1 1 1 1 0 0 0 1 1 1 0 1 0 0 
1 0 1 0 0 1 1 1 1 1 0 0 1 1 1 0 1 1 0 1 2 0 0 0 0 1 0 0 0 0 0 0 1 0 0 0 0 1 0 0 1 1 1 0 0 1 0 0 0 0 0 0 
0 0 0 1 0 1 0 1 0 1 0 0 1 1 1 0 0 0 0 0 0 1 0 1 1 0 1 0 3 1 1 1 0 1 1 1 1 1 1 0 1 1 1 0 0 0 1 0 1 0 1 1 
0 1 1 0 2 0 1 1 0 0 1 1 0 0 1 0 1 0 1 0 1 0 1 0 0 0 0 1 0 1 0 1 0 1 1 1 0 0 1 1 1 1 1 1 1 0 1 1 0 0 1 1 
1 0 1 0 1 1 0 1 1 1 0 1 0 0 1 1 1 1 1 0 3 1 0 1 0 1 0 0 2 1 1 1 0 0 0 0 1 0 0 1 0 0 1 0 0 1 1 0 1 0 1 1 
1 0 0 0 2 0 0 0 0 1 1 0 0 0 1 0 1 0 1 0 2 1 0 0 0 0 0 0 1 1 0 1 0 1 0 1 1 0 1 1 0 1 1 0 0 0 1 0 1 0 0 1 
0 0 0 1 2 0 0 0 1 1 0 0 1 1 0 0 0 1 1 1 3 0 1 0 1 1 0 1 0 1 1 0 0 0 1 1 1 1 1 1 0 0 0 1 1 1 0 0 1 1 0 0 
0 1 0 1 0 0 0 0 0 1 1 0 0 0 0 0 0 0 0 1 3 0 1 1 1 0 0 0 1 1 1 1 1 1 1 1 1 0 1 0 1 0 1 0 0 0 1 1 0 1 0 1 
1 0 0 1 0 1 1 1 0 1 1 0 1 0 1 1 0 1 0 1 1 1 0 0 1 1 1 0 3 1 1 0 0 1 0 1 1 0 0 0 0 1 1 1 0 1 1 0 1 1 1 0 
1 1 1 0 0 0 1 1 1 0 1 1 0 1 1 1 1 1 0 0 2 1 0 0 0 0 1 0 3 0 0 0 0 1 0 1 0 1 0 0 0 0 0 0 0 0 1 1 0 0 0 1 
1 1 0 0 0 0 0 0 0 0 1 0 1 1 0 0 1 1 1 0 2 0 1 1 1 0 0 0 2 0 1 0 0 1 0 0 0 1 1 1 0 0 0 1 1 0 1 0 1 1 0 1 
0 0 1 0 1 0 1 1 0 1 0 0 1 1 1 0 1 1 0 1 0 0 0 0 0 0 1 1 2 0 0 0 1 0 1 0 0 0 0 0 1 1 0 0 0 0 1 1 0 1 0 1 
0 1 1 1 0 1 0 1 1 0 0 0 1 0 0 0 0 1 0 0 1 1 1 1 0 1 1 1 2 1 1 0 0 1 0 1 1 1 0 0 1 0 0 0 0 0 0 0 0 1 1 1 
1 0 1 0 1 0 1 0 0 1 1 0 1 0 0 0 0 0 0 1 3 1 1 1 0 0 0 0 3 0 0 1 0 1 1 0 1 0 0 0 1 0 1 1 1 0 1 1 0 0 0 1 
0 0 1 0 0 1 1 0 0 0 1 1 1 0 1 0 0 0 1 0 0 0 0 1 1 0 1 0 0 1 1 1 1 0 0 1 0 0 1 1 1 1 1 1 1 0 1 0 0 0 1 1 
1 1 0 1 0 0 0 0 1 1 1 1 1 0 0 0 1 1 0 1 0 0 1 0 0 0 0 0 1 1 0 1 0 1 1 1 0 1 0 1 0 0 0 0 0 1 0 0 1 0 1 0 

# Size = 25 | Time = 9494 ms
0 0 1 1 0 0 1 1 0 1 1 1 1 1 1 0 1 1 1 1 2 0 0 1 1 0 1 0 3 1 0 0 1 0 1 1 0 1 1 0 0 0 1 0 0 0 0 0 1 1 0 1 
1 1 0 0 2 1 0 0 1 0 0 0 0 0 0 1 0 0 0 0 1 1 1 0 0 1 0 1 2 0 1 1 0 1 0 0 1 0 0 1 1 1 0 1 1 1 1 0 0 0 1 0 
1 0 1 0 1 0 1 1 1 0 0 1 0 1 1 0 0 0 0 0 3 1 0 1 1 1 0 0 1 1 0 0 1 1 1 0 1 1 1 1 1 1 1 1 0 1 0 1 0 0 1 1 
0 1 1 1 1 1 0 0 0 1 1 0 1 0 1 1 1 1 1 1 0 0 1 0 0 0 1 1 0 0 1 1 0 0 0 1 0 0 0 0 0 0 0 1 1 1 1 1 0 1 0 0 
1 1 0 1 0 1 0 1 0 0 1 1 0 1 0 1 1 0 0 1 3 1 1 0 0 0 0 0 1 0 1 0 1 0 0 1 0 1 0 1 1 0 0 0 0 0 1 0 1 1 1 1 
0 0 0 0 2 0 1 0 1 1 1 0 1 0 0 1 0 1 1 0 0 0 0 1 1 1 1 1 0 1 0 1 0 1 0 0 1 0 1 0 0 1 1 0 0 0 1 0 1 0 0 1 
1 1 0 1 0 1 0 1 0 0 0 0 0 0 0 0 0 1 1 0 2 1 0 0 0 0 0 1 3 0 1 1 0 1 1 0 1 0 1 0 1 1 1 1 1 1 0 1 0 1 0 0 
0 0 1 0 2 0 1 0 1 0 0 1 1 1 1 0 1 0 1 1 1 0 1 1 1 1 1 1 2 1 0 0 0 0 1 1 0 1 0 1 0 0 0 1 1 1 0 0 1 1 0 0 
0 1 0 1 2 1 1 1 0 1 0 0 0 0 1 1 0 1 0 1 1 1 0 1 1 0 1 0 2 0 1 0 1 0 1 0 0 0 1 0 0 1 1 0 0 0 1 1 0 0 1 1 
1 0 1 1 0 0 0 1 1 1 0 1 1 1 0 0 1 0 0 0 0 0 0 0 0 1 0 0 0 1 0 1 1 0 0 1 1 0 0 1 1 0 1 1 1 0 0 1 0 0 1 1 
0 1 0 0 1 0 1 0 1 1 0 1 1 0 0 1 0 0 0 1 2 1 1 0 0 0 0 0 3 0 0 1 1 1 0 1 1 1 0 1 0 0 0 0 0 1 1 0 1 0 1 0 
1 0 0 0 2 1 0 0 0 1 1 0 1 0 0 0 1 1 1 0 3 0 1 0 1 0 1 1 1 1 1 1 0 1 0 0 0 0 1 0 0 1 1 1 1 1 1 1 0 0 0 0 
0 1 1 0 0 1 0 0 0 0 1 0 0 0 1 0 0 1 1 0 0 0 0 1 0 1 1 1 0 1 0 0 1 0 1 0 1 1 1 1 1 0 0 0 0 0 0 0 1 0 1 1 
0 0 0 1 1 0 1 0 0 1 1 0 0 1 1 0 0 0 0 1 1 0 0 0 1 1 1 0 1 0 1 1 1 0 0 1 0 1 1 0 0 1 0 0 0 0 1 0 0 1 0 1 
0 0 0 0 1 0 0 1 0 0 1 0 1 1 1 0 1 0 0 0 2 1 1 0 0 1 1 0 2 1 1 0 0 0 0 1 0 0 1 1 1 1 1 1 0 1 1 0 1 0 1 0 
1 1 1 0 2 0 0 0 1 1 0 1 1 1 1 0 0 1 0 0 0 1 0 1 0 1 1 0 3 1 0 1 1 1 0 1 0 0 0 0 0 1 1 1 1 1 1 1 0 0 1 1 
0 1 0 0 2 1 1 1 1 0 1 1 0 0 1 1 0 1 1 0 3 1 0 1 1 1 1 1 0 1 0 1 1 0 0 1 0 0 1 1 1 1 0 1 1 1 1 0 0 0 1 0 
1 1 0 1 2 1 1 0 0 0 0 1 0 1 1 0 0 1 0 0 2 0 1 0 0 0 1 1 1 1 1 1 0 0 1 0 0 1 1 1 1 1 0 0 0 1 0 1 0 1 0 0 
1 1 0 1 0 0 1 0 1 1 1 1 0 0 0 0 0 0 1 0 0 0 0 0 1 1 1 0 2 0 1 0 1 1 1 0 0 1 1 1 0 0 1 1 1 1 0 0 1 0 0 1 
1 0 0 1 0 1 0 1 1 0 1 0 1 0 0 0 1 1 0 1 1 0 1 0 0 0 0 0 3 1 1 1 0 0 1 0 0 0 0 0 1 1 1 0 0 1 1 1 0 1 0 0 
1 1 1 0 2 0 0 1 0 1 1 0 0 0 1 0 0 0 1 1 0 1 1 1 1 1 0 0 1 0 0 1 0 0 0 0 1 0 1 1 1 0 0 0 0 1 1 0 0 0 1 1 
1 0 1 1 2 1 0 0 1 1 0 1 0 1 1 0 1 0 1 0 1 1 0 1 1 0 1 1 0 0 1 0 0 1 0 1 1 1 0 0 1 1 1 1 0 0 1 1 0 0 1 1 
1 1 1 0 2 0 0 1 0 0 0 1 1 1 0 0 1 0 1 1 3 1 0 1 1 0 1 0 2 1 0 1 0 0 1 1 0 0 1 1 1 0 1 0 0 1 1 0 0 0 1 0 
0 1 0 1 0 0 0 0 0 1 1 0 0 0 1 0 0 1 1 1 3 0 1 0 1 0 0 1 3 0 1 1 0 0 0 0 1 1 1 1 1 0 1 0 0 1 0 0 1 0 1 1 
0 1 1 1 0 1 1 0 1 0 0 0 0 1 1 0 1 1 0 1 2 1 1 1 1 1 0 1 0 0 0 1 1 0 0 0 0 0 1 1 0 1 0 1 0 1 1 1 0 0 0 0 

# Size = 24 | Time = 9420 ms
1 0 1 1 2 0 1 1 1 0 0 1 1 0 1 0 0 1 1 1 2 0 1 0 0 0 0 0 3 0 1 0 1 1 1 1 1 0 0 1 1 0 1 1 0 1 0 0 0 1 0 0 
0 1 0 0 0 1 0 0 0 1 1 0 0 1 0 1 1 0 0 0 1 1 0 1 1 1 1 1 0 1 0 1 0 0 0 0 0 1 1 0 0 1 0 0 0 0 1 0 1 0 1 1 
0 1 0 0 1 0 0 1 1 0 1 0 1 0 1 0 1 0 1 0 3 1 1 1 0 1 0 1 2 1 1 0 0 0 1 0 1 1 0 1 1 0 0 1 1 1 1 1 0 0 1 0 
1 0 1 1 1 1 1 0 0 1 0 1 0 1 0 1 0 1 0 1 0 0 0 0 1 0 1 0 1 0 0 1 1 1 0 1 0 0 1 0 0 1 1 1 1 0 1 1 0 1 0 1 
0 0 1 1 0 1 0 1 1 0 1 1 0 0 1 0 1 0 1 1 3 1 1 0 1 0 1 0 2 1 0 1 1 1 1 1 0 0 0 1 0 1 1 0 0 0 0 0 1 0 1 1 
1 1 0 0 2 0 1 0 0 1 0 0 1 1 0 0 0 1 0 0 0 1 0 1 0 1 0 1 1 0 1 0 1 0 0 0 0 1 0 0 1 0 0 0 0 1 0 0 1 1 0 0 
1 0 1 0 0 1 1 1 1 1 0 1 1 0 1 1 0 1 0 1 1 0 1 1 0 1 1 0 0 1 1 1 0 0 1 0 1 0 1 0 1 0 1 1 1 1 1 1 0 0 1 0 
0 1 0 1 2 0 0 0 0 0 1 0 0 1 0 1 1 0 1 0 2 0 1 0 1 1 0 1 3 1 0 0 0 1 0 1 1 1 1 1 1 1 0 0 0 0 1 1 0 1 0 1 
0 1 1 0 2 1 0 1 1 0 1 1 0 0 1 0 0 1 1 1 0 0 0 0 0 0 1 1 3 0 1 0 0 0 0 1 1 1 1 0 0 0 0 1 1 0 0 0 1 0 1 1 
0 0 0 1 1 0 1 1 0 0 0 0 1 0 0 0 1 0 1 0 1 1 0 1 1 0 0 0 0 0 0 0 1 1 1 1 0 0 0 1 0 0 0 0 0 1 0 0 1 1 0 1 
1 1 1 1 0 0 1 0 0 1 1 0 0 1 1 1 0 1 0 0 3 0 0 0 0 0 1 0 2 0 0 1 1 1 1 0 0 1 1 0 0 1 1 1 1 1 1 1 0 1 0 0 
1 1 0 0 0 1 0 0 1 1 1 1 1 0 1 0 1 0 1 0 2 1 1 1 1 1 0 1 1 1 1 1 0 1 1 0 1 0 0 1 0 1 1 1 1 0 1 0 1 0 1 1 
0 0 1 1 2 1 0 1 1 0 0 0 0 1 0 0 1 1 0 1 2 0 0 0 1 0 1 1 2 0 1 1 0 0 0 0 0 1 1 0 0 1 1 0 0 1 0 1 0 1 1 0 
1 0 0 1 0 1 1 0 1 1 1 1 1 0 0 1 1 0 0 1 0 1 1 1 0 1 0 1 3 1 0 0 0 0 1 0 0 1 0 1 1 0 0 1 0 0 1 0 1 1 0 1 
0 0 1 1 2 1 1 1 0 0 0 1 1 0 0 0 0 0 1 0 3 0 1 0 0 0 1 1 1 0 0 1 0 0 1 0 0 1 1 0 0 0 0 1 1 0 0 0 0 0 0 1 
1 1 0 0 1 0 0 1 1 1 0 0 0 0 1 0 1 1 0 1 3 0 1 0 1 0 1 1 3 0 0 1 0 0 0 1 1 0 1 1 1 0 0 1 1 1 0 0 1 0 1 1 
1 0 1 1 2 0 1 1 1 0 1 0 1 1 1 0 0 0 1 1 1 1 0 0 0 1 0 0 0 0 1 0 0 1 1 0 0 1 1 1 0 0 0 1 0 1 1 0 1 1 0 1 
1 1 1 1 1 0 0 1 0 1 1 1 0 1 1 1 1 0 1 0 2 0 1 1 0 1 0 0 0 1 0 1 0 0 1 1 1 0 1 1 0 1 0 1 0 1 1 0 1 1 0 1 
0 0 1 0 0 0 1 0 1 0 1 1 1 0 1 0 1 1 1 1 1 1 0 0 1 0 0 0 1 1 1 0 0 0 0 1 1 1 1 0 0 0 0 1 1 1 1 0 1 0 1 1 
1 1 0 0 2 1 0 0 1 1 1 1 1 0 0 0 1 1 1 1 1 1 1 1 1 0 0 1 3 0 0 0 0 0 1 0 0 0 1 0 1 0 0 0 0 1 1 1 0 1 1 0 
0 0 1 0 2 0 0 1 1 1 1 1 0 1 0 0 0 1 0 1 0 0 0 0 1 0 0 1 0 0 1 1 1 1 1 1 1 0 1 0 1 1 1 1 1 1 1 0 0 0 1 1 
0 1 1 1 2 1 1 1 1 0 0 1 1 0 1 0 1 1 0 1 1 0 0 0 1 0 0 1 2 1 1 1 0 0 1 0 1 1 1 0 0 1 1 1 0 1 1 0 0 0 1 1 
0 1 0 0 0 1 1 1 1 0 1 0 0 1 0 0 1 0 1 1 0 0 1 1 0 0 0 0 2 0 1 0 0 1 1 1 1 0 0 0 1 0 0 1 0 0 1 0 1 1 0 1 
0 1 1 1 2 1 1 1 1 1 1 0 1 0 1 0 0 0 0 0 3 1 1 0 1 0 0 1 0 1 0 0 0 1 1 0 1 1 1 1 1 1 0 1 1 0 1 1 0 1 0 1 

# Size = 25 | Time = 9985 ms
0 1 1 1 0 1 1 1 1 0 0 1 0 0 0 1 1 1 1 1 1 0 1 0 0 1 0 0 0 1 1 1 0 0 1 1 0 0 1 1 1 1 0 0 0 0 1 1 0 1 0 1 
1 0 0 0 1 0 0 0 0 1 1 0 0 1 1 0 0 0 0 0 3 1 0 1 1 0 1 1 1 0 0 0 1 1 0 0 1 1 0 0 0 0 1 1 1 1 0 0 1 0 1 0 
0 1 1 1 2 0 0 1 0 1 1 1 1 1 1 0 0 0 1 1 2 0 1 0 1 0 1 1 2 1 0 1 0 0 0 1 1 1 1 1 1 0 0 0 0 1 0 1 0 0 1 0 
1 0 0 0 2 0 1 0 1 0 0 0 1 0 0 1 1 1 0 0 0 1 0 0 0 1 0 0 3 0 1 0 1 1 1 0 0 0 0 0 0 1 1 1 1 0 1 0 1 1 0 1 
1 0 0 1 0 1 0 1 0 0 0 0 1 0 1 1 0 0 0 0 1 1 0 1 1 1 1 1 2 0 0 1 1 0 0 0 0 0 0 1 1 1 0 0 0 1 1 0 0 1 0 0 
0 0 1 0 1 1 1 0 1 1 1 1 0 1 0 0 1 1 1 1 0 0 1 1 0 0 0 0 3 1 1 0 0 0 0 1 1 1 1 0 0 0 1 1 1 0 0 0 1 0 1 1 
0 1 0 0 0 0 1 0 0 1 0 0 1 1 0 0 0 0 1 0 2 1 0 1 0 1 1 1 0 1 0 0 1 1 1 1 1 0 0 1 0 0 1 1 1 0 0 1 0 0 0 1 
1 1 1 1 1 1 0 1 1 0 0 0 1 0 1 1 1 1 0 1 3 0 1 0 0 0 0 0 1 0 1 1 0 1 1 0 0 0 1 0 0 0 0 0 0 1 1 1 0 1 1 0 
1 1 1 1 0 1 1 1 1 0 1 1 0 1 0 1 0 1 1 0 2 1 1 1 1 1 0 1 2 0 1 0 1 1 1 0 0 1 0 0 1 1 1 1 0 1 1 0 1 0 1 1 
1 0 0 0 1 0 0 0 0 1 1 1 1 0 1 0 1 0 0 0 1 1 1 1 1 0 1 0 0 1 1 1 0 1 0 1 0 1 1 1 1 1 0 1 1 0 0 0 1 1 0 1 
0 1 0 1 0 0 0 0 1 1 1 1 0 0 0 1 0 0 0 1 0 0 0 1 1 0 1 0 3 1 0 1 1 1 0 0 1 0 1 1 1 1 1 0 0 1 1 1 0 0 1 0 
0 0 0 0 2 1 1 1 0 0 0 1 0 0 0 0 1 1 1 1 3 1 1 1 0 1 0 1 1 1 0 0 0 0 0 1 1 1 0 1 1 1 0 0 0 0 1 1 0 1 0 1 
0 0 0 1 1 0 1 1 1 0 1 0 1 1 1 0 0 0 0 0 1 0 0 1 0 1 0 0 0 0 1 0 0 1 0 0 1 0 0 0 0 0 0 1 1 1 0 1 0 0 1 0 
1 1 1 0 1 1 0 0 1 0 0 1 1 1 0 0 1 1 0 0 2 1 0 1 0 0 1 0 2 0 0 1 0 1 1 1 1 0 0 0 0 0 1 1 1 0 0 1 0 1 1 1 
0 1 1 0 1 0 0 1 0 0 0 0 1 1 1 0 0 1 1 0 0 1 0 0 0 0 1 1 3 1 1 1 0 1 1 1 1 0 0 1 1 0 0 0 0 1 0 0 1 0 1 0 
0 0 0 0 0 0 1 0 0 0 1 0 1 0 1 0 0 0 1 0 2 1 1 0 0 0 0 1 1 0 0 0 0 0 1 0 0 1 0 0 0 1 1 1 1 1 0 1 0 0 0 0 
1 1 0 0 2 0 1 0 1 1 0 0 1 1 1 0 0 0 1 1 1 1 1 1 1 0 1 1 1 0 0 0 0 1 0 0 0 1 0 0 1 0 1 0 0 1 1 1 0 0 0 1 
1 1 0 1 0 0 0 1 0 1 0 0 1 0 0 1 0 0 1 1 3 1 1 0 1 0 0 0 3 0 1 0 1 1 0 1 0 1 1 0 0 0 0 1 0 1 1 0 1 0 0 0 
1 1 1 1 2 1 0 0 0 0 0 1 1 0 0 0 1 0 1 0 3 0 1 1 1 1 1 1 0 1 0 1 0 0 0 1 1 0 1 0 1 1 0 0 0 0 1 0 1 1 1 1 
0 1 1 1 2 1 0 0 0 0 0 1 1 1 0 0 1 1 0 0 0 1 1 0 1 1 1 0 0 1 1 1 1 0 0 1 1 1 1 0 1 1 1 0 0 1 1 0 1 1 1 0 
0 1 0 0 0 1 1 1 0 1 0 1 0 0 0 0 0 0 1 0 2 1 0 0 0 1 0 0 3 1 1 1 0 1 1 0 1 1 1 1 0 1 1 1 1 0 0 0 0 0 1 1 
0 0 0 0 2 1 1 0 1 0 1 1 0 1 1 0 0 1 1 1 0 1 1 0 0 1 0 0 1 1 0 0 0 0 1 0 1 0 1 1 0 0 1 1 1 1 1 0 1 0 0 0 
1 1 0 1 0 1 1 0 0 0 1 0 0 1 0 0 1 1 0 1 0 0 0 1 0 1 0 1 2 0 1 0 1 0 0 1 1 1 1 0 0 1 0 1 1 0 0 0 1 0 1 1 
0 0 1 1 0 0 0 0 0 0 0 1 0 0 1 0 0 0 0 1 3 1 0 1 0 0 0 0 2 0 1 1 0 0 1 0 0 0 0 1 0 0 1 0 0 0 0 1 0 0 0 1 
1 0 0 0 1 0 1 1 0 0 0 0 0 0 1 1 0 0 1 0 1 1 0 1 1 1 0 1 3 0 1 1 0 1 1 0 1 1 1 0 0 0 1 1 1 1 1 1 0 0 0 0 

# Size = 24 | Time = 9293 ms
1 1 1 1 1 0 1 0 0 0 0 0 1 1 0 0 0 1 0 0 1 1 0 0 1 1 0 0 1 0 1 0 1 0 0 1 0 0 0 1 1 0 1 0 0 1 0 1 0 0 0 0 
0 0 0 0 2 1 0 1 1 1 1 1 0 0 1 1 1 0 1 1 2 0 1 1 0 0 1 1 2 1 0 1 0 1 1 0 1 1 1 0 0 0 0 1 1 0 1 0 1 1 1 1 
0 0 1 1 0 1 1 0 1 1 1 1 0 1 0 1 0 0 0 1 0 0 1 0 1 1 0 0 3 1 1 0 0 1 0 1 0 1 0 1 0 1 0 1 1 0 1 1 0 0 0 1 
1 1 0 0 0 0 0 1 0 0 0 0 1 0 1 0 1 1 1 0 3 1 0 1 1 0 1 1 0 0 0 1 1 0 1 0 1 0 1 0 1 1 1 0 0 1 0 0 1 0 1 0 
0 1 1 1 2 1 1 0 0 0 0 0 0 1 1 0 0 1 0 0 2 1 1 1 0 1 0 0 2 1 0 1 1 1 0 1 1 0 1 0 0 1 1 1 0 0 0 1 0 1 1 1 
1 0 0 0 1 0 0 0 1 1 1 1 1 0 0 1 1 0 1 1 3 1 0 0 0 1 0 1 3 0 1 0 0 0 1 0 0 0 0 1 1 0 0 0 0 1 1 0 1 1 0 0 
1 1 0 1 2 1 1 1 0 0 1 1 1 1 0 0 1 0 1 0 0 0 0 0 0 0 1 0 0 0 1 0 1 0 1 1 1 1 1 1 0 0 0 1 1 1 0 1 0 1 0 0 
0 0 1 0 1 0 0 1 0 1 1 0 0 0 1 0 0 1 0 1 1 0 1 0 0 0 1 1 1 1 0 1 0 1 0 0 0 1 0 0 1 1 1 1 1 1 1 0 1 0 1 0 
0 1 0 1 2 0 1 0 1 1 0 0 1 1 0 1 0 0 0 0 3 0 1 1 1 0 0 0 0 1 1 0 1 0 0 0 0 1 0 0 1 0 1 0 0 0 1 0 1 0 1 1 
1 0 1 1 1 1 0 1 1 0 0 0 0 0 1 0 1 1 0 1 0 1 0 1 0 1 1 1 3 0 0 1 1 1 1 0 1 1 1 1 1 0 0 0 0 0 0 1 0 0 1 1 
1 1 1 0 0 0 1 0 0 0 0 1 1 1 1 1 0 1 1 1 2 1 0 0 1 0 1 1 2 0 1 0 0 0 1 1 0 0 0 1 0 0 0 0 0 1 1 0 0 1 0 0 
1 0 0 0 0 1 1 1 1 1 0 1 1 0 0 0 1 0 1 0 1 0 1 1 1 0 0 0 1 1 0 0 0 1 1 1 1 0 1 0 0 1 0 1 1 0 0 1 0 1 0 1 
0 0 1 0 0 0 0 1 1 0 0 1 0 1 0 0 1 0 1 1 3 1 1 1 0 1 1 0 0 0 1 1 0 1 0 1 1 0 0 1 0 1 1 1 1 1 1 0 1 0 0 0 
0 1 1 0 2 0 0 1 0 0 0 1 0 1 0 0 0 1 0 0 0 1 0 0 1 0 0 0 3 1 0 0 1 0 1 0 0 0 1 0 0 0 1 1 0 1 1 0 0 0 0 0 
0 1 0 0 1 1 0 1 1 0 0 1 0 1 0 1 1 0 0 1 3 0 0 1 0 1 0 1 2 1 0 1 0 1 1 0 1 1 1 0 1 0 1 0 0 1 1 1 0 0 0 1 
1 0 1 0 1 0 0 0 1 0 0 0 1 1 0 0 0 0 0 0 2 0 0 1 0 0 0 0 0 1 0 0 0 1 1 0 0 0 1 1 1 1 1 1 1 1 0 0 1 0 0 0 
0 0 0 1 2 1 0 1 1 0 0 0 1 1 0 1 0 1 0 1 0 0 1 0 1 0 1 1 1 1 1 1 0 1 1 1 0 0 0 0 1 1 0 0 0 1 1 0 1 0 0 0 
1 1 0 0 1 0 1 1 0 1 1 1 1 0 0 1 0 1 0 0 1 0 1 0 0 0 0 0 0 0 0 0 0 1 1 1 0 1 1 1 0 0 1 0 0 1 1 0 1 0 0 1 
1 1 0 1 2 0 0 1 1 1 1 0 0 0 0 0 1 0 1 1 1 0 0 0 1 1 1 1 3 0 1 1 0 0 0 1 1 0 1 1 0 1 1 0 0 1 0 0 1 0 1 1 
0 1 0 0 0 1 1 0 1 0 1 0 0 1 0 0 1 1 0 0 2 1 0 0 1 0 1 1 1 0 0 1 0 1 1 1 0 0 1 0 1 1 1 1 0 1 0 0 0 0 1 0 
1 0 1 0 1 0 1 1 0 0 0 0 0 1 0 0 1 0 0 1 0 1 0 0 0 1 0 1 2 0 0 0 0 0 0 0 1 0 0 0 1 0 1 1 1 1 0 0 1 0 1 1 
1 1 1 1 2 0 1 0 0 0 0 0 1 0 1 0 0 1 1 1 2 0 0 0 1 0 0 1 3 1 1 0 1 1 1 0 0 1 1 1 1 1 1 1 0 1 0 0 1 1 0 0 
0 0 0 0 0 1 0 0 0 1 1 0 1 0 1 1 1 1 0 1 3 1 0 0 0 1 1 1 1 0 1 1 0 0 1 1 0 0 1 1 1 0 1 0 0 0 1 1 0 1 1 1 
0 0 0 0 0 1 0 1 1 0 1 1 1 0 1 1 1 0 1 1 1 1 0 0 0 0 0 0 2 0 1 1 0 0 1 0 1 1 0 1 0 0 0 1 0 1 1 1 0 1 0 1 

# Size = 25 | Time = 9450 ms
1 1 1 1 0 0 1 0 0 0 0 0 1 0 1 1 0 1 1 1 3 1 1 1 0 1 0 1 3 0 1 1 1 0 0 0 1 0 1 1 0 1 1 0 0 1 1 0 0 0 1 0 
0 0 0 0 1 1 0 1 1 1 1 1 0 1 0 0 1 0 0 0 0 0 0 0 1 0 1 0 0 1 0 0 0 1 1 1 0 1 0 0 1 0 0 1 1 0 0 1 0 0 0 1 
0 0 1 1 2 1 0 0 1 1 0 0 0 1 1 0 1 1 1 1 1 0 1 1 1 0 0 0 2 1 1 0 1 0 0 0 0 0 1 0 0 1 0 1 0 0 0 0 1 1 1 1 
1 1 0 0 2 0 1 1 0 0 1 1 1 0 0 0 0 0 0 0 2 1 0 0 0 1 1 1 1 0 0 1 0 1 1 1 1 1 0 1 1 0 1 0 0 1 1 0 1 1 0 0 
0 1 0 1 1 1 1 1 1 0 0 1 0 0 0 1 0 1 1 0 1 1 0 1 0 0 0 1 2 1 0 1 1 0 1 0 0 1 1 1 1 0 1 1 1 1 1 1 0 1 1 1 
1 0 1 0 0 0 0 0 1 1 1 0 1 1 1 1 1 0 0 1 3 0 1 1 1 1 1 0 1 1 1 0 0 1 0 1 1 0 0 0 1 0 0 1 1 1 1 1 0 1 0 0 
0 0 1 1 0 1 0 0 0 0 1 1 0 0 1 0 1 1 0 1 2 0 0 0 1 1 1 1 3 0 0 0 0 0 1 1 0 1 1 1 0 1 0 0 0 0 0 1 0 1 0 1 
0 1 0 0 1 0 0 1 0 1 0 0 1 1 0 0 0 0 1 0 0 1 1 0 0 0 0 0 0 0 1 1 1 1 0 0 1 0 0 0 0 1 1 0 0 1 0 0 1 1 0 0 
1 0 1 1 1 1 1 0 1 1 0 0 1 1 0 1 0 0 1 1 2 1 0 0 1 0 1 0 1 0 1 0 0 1 1 0 1 0 1 1 0 1 1 1 1 0 1 0 1 0 1 1 
1 1 1 1 2 0 1 1 0 1 1 0 0 0 1 1 1 1 0 1 0 0 1 1 0 1 1 1 0 1 0 1 1 0 0 0 0 1 0 1 0 0 0 1 1 0 1 0 0 0 1 1 
1 0 0 0 0 1 1 0 0 0 1 1 1 1 1 0 0 0 0 0 1 1 1 0 0 1 1 1 2 0 1 0 0 1 0 1 0 0 0 0 1 1 0 0 0 1 0 0 1 0 0 0 
0 1 0 0 0 1 0 1 1 1 0 1 0 0 0 0 1 1 0 0 3 1 1 0 1 0 0 0 3 1 1 0 1 1 1 1 0 1 0 0 1 0 1 1 1 0 0 0 1 1 0 1 
0 0 1 0 1 1 1 1 1 0 1 0 0 1 1 0 1 1 1 0 2 1 1 1 1 1 0 0 1 1 0 1 0 0 0 1 0 0 1 0 1 1 0 0 0 0 0 0 0 1 1 1 
1 1 0 1 0 1 0 0 1 0 0 0 0 0 0 0 0 0 1 1 0 0 0 1 1 1 0 0 0 1 0 1 0 0 0 0 1 0 1 0 1 0 1 1 0 1 1 0 1 1 1 0 
0 1 1 0 2 0 0 1 0 0 1 1 1 1 1 0 0 1 1 0 3 0 0 1 1 1 1 0 2 1 0 1 0 0 0 1 1 1 1 0 0 0 1 1 0 0 1 1 0 1 0 1 
0 0 1 1 2 0 0 1 1 0 0 1 0 1 1 0 0 0 0 0 1 1 1 1 1 0 0 1 3 0 1 0 1 0 0 0 1 1 0 0 1 0 0 0 0 1 0 0 1 0 1 0 
1 0 0 1 0 1 1 0 0 1 1 0 0 0 1 0 0 0 1 0 2 1 0 1 1 0 0 0 2 1 1 0 1 1 1 1 0 1 1 1 0 0 0 1 0 0 1 0 0 1 0 1 
1 0 0 1 1 1 0 1 0 0 0 0 1 1 0 0 0 0 0 0 3 0 1 0 0 1 1 0 1 0 0 1 1 1 0 1 0 0 1 1 0 1 0 1 0 0 0 0 1 1 1 1 
0 1 0 0 1 1 1 1 0 1 1 1 0 0 0 0 1 1 0 0 0 0 0 1 1 0 0 1 3 0 0 1 1 1 0 0 0 1 0 0 0 1 0 1 0 1 0 0 1 0 0 0 
0 1 1 1 1 1 1 0 0 1 0 1 1 1 0 0 1 0 0 1 0 0 1 0 1 1 1 0 1 1 0 0 0 1 0 1 0 1 1 0 0 0 0 1 1 1 1 0 1 1 0 0 
0 0 0 1 0 1 0 0 0 1 0 1 0 1 1 0 0 0 0 1 1 0 1 0 0 0 0 1 0 0 1 1 0 1 0 1 0 0 0 1 0 0 0 0 0 0 0 0 1 0 0 1 
1 0 1 1 2 0 0 0 0 1 0 1 0 0 1 1 0 1 0 0 2 0 1 1 1 0 1 0 0 1 0 1 0 0 1 0 0 0 0 1 0 0 0 1 1 0 1 0 1 1 0 1 
1 0 1 1 0 1 1 0 1 0 0 0 0 0 0 1 0 0 1 0 0 1 1 1 1 1 0 0 2 0 1 0 1 0 1 1 1 0 1 1 0 0 0 1 1 1 1 0 1 0 1 1 
0 0 1 0 0 1 1 0 0 1 0 1 1 1 1 1 1 0 1 0 1 0 0 0 1 1 0 0 1 1 0 1 0 1 0 1 0 1 0 1 0 0 1 1 0 0 1 0 0 1 0 1 
0 1 0 0 2 1 0 1 0 0 1 0 0 1 1 0 1 1 0 0 3 1 1 0 1 1 1 1 0 1 1 0 1 1 0 0 1 1 0 0 1 1 0 1 1 1 0 0 0 1 1 0 

# Size = 27 | Time = 10852 ms
1 0 0 0 0 0 1 1 1 0 0 1 1 1 0 0 1 1 1 1 3 0 1 0 0 1 0 1 2 1 0 0 1 0 0 1 1 1 1 1 0 0 0 1 0 0 1 0 1 1 0 1 
0 1 1 1 2 1 0 0 0 1 1 0 0 0 1 0 0 0 0 0 2 1 0 1 1 0 1 0 1 0 1 1 0 1 1 0 0 0 0 0 1 1 1 1 1 1 0 1 0 0 1 0 
1 1 0 0 1 0 0 0 0 1 0 1 0 0 0 1 1 1 1 0 1 1 0 0 1 0 1 1 3 1 1 0 1 1 0 1 0 1 0 0 0 1 0 0 0 1 1 1 0 1 0 0 
0 0 1 1 1 0 1 1 1 0 1 0 1 1 1 1 0 0 0 1 0 1 1 1 0 1 0 0 0 0 0 1 0 0 1 0 1 0 1 1 1 0 1 0 0 0 1 0 1 0 1 1 
1 0 1 1 2 1 0 0 1 0 1 1 1 1 1 0 1 1 0 1 1 0 0 0 0 1 1 0 3 0 1 0 0 0 0 1 0 0 1 1 0 0 0 1 1 1 0 0 0 0 0 1 
0 1 0 0 0 1 1 1 0 1 0 0 0 0 0 0 0 0 1 0 0 0 1 1 1 0 0 1 0 1 0 1 1 1 1 1 1 1 0 0 1 0 0 1 1 0 0 1 0 1 1 1 
0 0 0 0 2 1 1 1 0 1 0 1 0 0 0 1 1 0 0 1 2 0 1 1 0 1 0 1 1 0 1 0 0 0 0 0 1 1 1 1 0 1 1 0 0 1 1 0 1 1 0 0 
1 1 1 1 0 1 0 0 0 0 0 0 1 1 0 0 0 1 1 0 3 1 0 0 1 0 1 0 2 1 0 0 1 1 1 0 0 0 0 1 1 1 1 0 0 1 0 0 1 0 1 0 
1 0 0 0 0 0 0 1 1 1 1 1 1 0 1 1 0 0 0 0 3 1 0 1 0 1 0 1 2 1 1 1 0 1 0 0 0 0 1 0 0 1 0 1 1 0 1 1 0 0 1 1 
1 1 1 1 2 0 0 0 1 0 1 0 0 1 1 0 1 0 1 1 2 1 1 0 1 1 1 1 1 1 0 1 1 0 1 1 1 1 0 0 1 1 1 1 0 0 0 1 0 1 0 1 
0 1 0 1 1 1 1 0 1 0 0 0 1 0 1 0 0 1 0 0 1 0 1 1 0 0 0 1 3 0 0 1 1 0 1 0 0 1 1 0 1 0 1 1 1 1 0 0 1 0 1 0 
1 1 0 0 2 0 0 0 1 1 1 0 0 1 1 0 1 1 1 1 0 1 0 0 0 0 1 0 0 0 1 0 0 1 0 1 0 0 0 1 0 1 1 1 1 1 0 1 0 1 0 0 
0 0 1 0 0 0 1 1 0 1 1 1 0 1 1 1 0 0 1 1 1 1 0 0 1 0 1 0 3 1 1 0 1 0 1 0 1 1 1 0 0 1 0 0 0 0 1 1 0 0 0 1 
0 0 1 1 0 1 1 1 0 1 1 1 1 1 0 1 1 1 1 1 2 0 0 1 1 1 0 1 1 0 1 0 0 0 0 0 1 0 0 1 1 0 0 0 0 1 1 0 0 0 1 0 
0 1 0 1 1 0 0 1 0 1 1 0 0 0 1 1 1 1 1 0 3 0 0 0 1 1 1 1 2 0 1 0 0 1 1 0 0 0 0 1 1 0 1 1 1 0 1 1 0 1 0 1 
1 1 0 0 1 0 0 0 0 0 1 1 0 1 1 1 0 1 1 0 0 0 1 1 0 0 0 0 1 1 1 0 0 1 0 1 1 0 1 0 0 1 1 1 1 1 1 1 0 0 1 0 
0 1 0 0 2 1 0 0 0 0 1 1 1 0 1 1 1 0 0 1 3 0 0 1 1 1 0 0 0 1 0 1 0 1 0 0 0 0 1 0 1 1 0 0 0 1 1 0 1 0 0 1 
1 0 0 1 2 0 0 1 0 1 0 0 0 0 1 1 0 0 0 0 1 0 1 0 0 1 1 0 2 1 0 0 0 1 1 0 1 1 1 1 0 0 0 1 0 0 1 1 0 1 0 1 
0 0 0 1 1 1 1 0 1 1 1 0 1 1 0 0 1 0 1 0 2 1 1 0 1 1 1 0 3 0 0 0 1 1 1 0 1 1 0 0 1 1 1 1 1 1 1 0 0 1 1 1 
1 1 0 1 2 1 0 0 0 1 1 0 0 1 0 0 1 1 0 1 0 1 0 1 1 1 1 1 3 1 0 1 1 1 0 0 0 1 0 1 0 0 0 0 0 0 0 0 1 0 0 1 
1 0 1 1 1 1 1 1 0 1 1 0 0 0 0 0 1 0 1 0 3 1 1 0 1 1 1 0 1 1 0 1 0 1 0 1 0 1 1 0 0 0 0 1 1 1 1 0 0 1 1 0 
0 0 1 1 1 0 0 1 1 1 1 0 1 1 1 0 1 0 1 1 0 0 1 0 1 0 1 0 2 1 0 1 0 1 1 0 0 0 1 0 0 1 0 1 1 1 0 1 0 1 0 1 
1 1 0 0 1 1 1 0 0 1 1 0 0 0 1 0 0 0 0 0 2 1 1 1 0 0 1 1 2 0 1 0 1 0 0 0 0 1 0 1 0 0 0 1 1 0 1 0 1 1 0 1 
0 0 1 0 0 1 0 0 1 1 0 1 0 0 0 1 0 0 0 1 2 1 1 1 0 0 0 1 0 0 1 0 1 1 1 1 0 1 0 0 1 0 0 1 1 1 1 1 0 0 1 0 
0 0 0 0 0 1 0 1 1 0 0 1 0 0 0 0 1 1 0 0 1 1 1 0 1 0 0 1 0 0 0 0 1 1 0 0 1 1 0 0 0 0 0 1 0 1 1 1 0 1 0 0 
1 1 1 1 2 1 0 0 0 0 0 1 1 1 0 1 1 1 1 1 1 1 1 0 0 0 1 1 1 1 1 0 1 1 1 0 1 1 1 1 1 0 1 0 0 0 1 0 1 1 0 1 
1 0 0 0 2 0 1 0 1 0 0 0 1 0 1 0 1 0 0 0 3 0 1 0 0 1 1 1 3 0 0 1 0 1 0 0 1 0 0 0 0 0 1 0 0 1 1 0 1 0 1 0 

# Size = 25 | Time = 9939 ms
1 0 0 0 1 0 1 1 0 0 0 0 0 0 1 0 1 0 1 0 0 1 0 1 0 1 0 0 1 1 1 1 1 0 1 0 0 0 0 0 0 0 1 1 1 0 0 0 0 1 0 1 
0 1 1 1 1 1 0 0 1 1 1 1 1 1 0 1 0 1 0 1 2 0 1 0 1 0 1 1 2 0 0 0 0 1 0 1 1 1 1 1 1 1 0 0 0 1 1 0 1 0 1 0 
0 1 0 0 2 1 0 1 1 0 1 1 0 0 0 0 0 1 0 0 3 0 1 1 0 1 1 1 0 0 1 0 1 1 0 1 1 0 0 1 1 0 1 1 1 0 1 1 0 1 0 1 
0 0 1 1 0 0 1 0 0 1 0 0 1 1 1 1 1 0 1 1 1 1 0 0 1 0 0 0 3 1 0 0 0 0 1 0 0 1 1 0 0 1 0 0 0 1 1 1 0 0 1 1 
1 0 0 1 0 0 0 1 1 0 1 1 0 1 0 0 1 0 0 1 1 0 0 1 1 0 1 0 3 0 0 1 0 1 1 1 1 0 0 1 0 1 1 1 1 1 0 0 1 0 0 0 
1 1 1 0 2 1 1 0 0 1 0 0 1 0 0 0 0 1 1 0 3 1 1 0 0 1 0 1 0 1 1 1 1 0 0 0 0 1 1 0 0 0 0 0 0 1 0 0 1 1 1 0 
1 0 0 0 0 1 1 1 1 0 0 0 1 0 1 1 1 0 0 0 2 0 0 1 0 0 1 1 2 1 0 1 1 0 0 1 0 0 1 0 1 0 1 0 0 0 1 1 0 0 1 1 
0 1 1 0 2 0 0 0 0 0 1 1 0 1 1 1 1 1 0 1 0 1 1 0 1 0 0 1 1 1 1 0 0 1 1 0 1 1 1 1 1 1 0 1 1 0 1 0 1 1 0 1 
1 0 1 1 0 1 1 0 1 1 0 1 1 0 1 1 0 1 1 1 0 1 1 1 0 1 1 0 1 0 0 0 0 1 0 1 1 0 0 0 1 1 0 1 0 1 1 1 0 0 1 0 
0 1 0 1 2 0 0 0 0 1 1 0 0 1 0 0 0 0 1 0 2 0 0 0 1 1 0 0 2 0 0 0 0 0 1 0 1 1 0 0 1 0 1 1 1 0 0 1 0 1 0 1 
0 0 1 1 1 0 1 1 0 0 1 1 0 1 1 1 1 0 1 1 3 0 0 1 1 0 1 0 0 0 0 1 1 0 1 0 0 1 0 1 0 1 1 0 0 1 1 0 1 0 0 0 
1 1 0 0 0 1 0 1 1 1 0 0 1 0 0 0 0 1 0 0 1 0 1 0 0 1 0 1 3 1 1 1 1 1 0 0 0 0 0 0 1 0 0 0 0 0 0 0 0 1 0 1 
0 0 0 1 2 0 1 0 0 1 0 0 0 1 0 0 1 1 0 1 2 1 0 1 0 0 1 1 2 0 1 0 0 0 0 1 1 1 0 1 0 0 0 1 1 0 0 1 0 0 1 1 
0 1 0 1 0 1 0 0 0 0 1 0 1 0 0 0 0 0 1 0 3 0 1 1 1 1 0 1 1 0 0 1 0 0 1 1 1 0 1 0 0 1 1 1 1 1 0 0 0 1 0 0 
1 1 0 0 0 1 0 1 0 1 0 1 1 1 0 0 0 1 1 0 0 0 1 0 0 0 0 0 0 1 1 1 0 0 1 1 0 1 1 1 1 1 1 0 0 0 1 0 1 0 1 1 
0 0 0 0 1 0 0 0 1 0 1 0 0 0 0 0 0 0 0 1 1 0 1 1 1 1 0 0 1 1 0 0 0 1 0 1 1 0 1 1 0 1 0 0 0 0 0 1 0 0 1 1 
0 0 0 0 2 0 0 0 0 0 1 1 0 0 1 0 0 1 1 1 1 1 0 1 1 0 1 0 0 1 1 1 1 0 0 0 1 0 1 0 1 1 0 0 0 0 1 0 0 0 1 1 
1 1 1 0 2 1 0 1 0 0 0 0 1 1 0 1 0 0 0 0 3 0 0 0 1 1 0 1 3 1 1 0 0 0 0 0 0 1 0 1 0 0 0 1 0 0 1 1 0 1 1 1 
0 0 0 1 1 1 0 1 0 0 1 1 1 1 0 1 1 0 1 0 2 0 1 1 1 0 0 0 3 0 0 0 1 0 1 0 0 1 0 1 1 0 0 1 1 1 1 0 1 1 1 1 
0 0 1 0 0 0 1 0 1 1 1 0 0 0 0 1 1 1 1 0 3 1 1 0 1 0 0 1 2 1 1 0 0 1 0 1 0 0 0 1 0 1 1 1 1 1 1 0 0 0 1 1 
0 0 0 1 2 1 1 1 1 1 1 1 0 0 0 0 1 0 0 0 2 0 0 1 0 1 0 0 0 0 0 0 0 0 1 1 1 1 1 1 1 1 1 0 0 1 0 0 1 1 1 1 
1 0 1 1 2 1 0 1 0 1 0 1 0 0 0 0 1 1 0 0 1 1 1 0 0 0 0 1 2 1 1 1 1 0 0 1 1 1 0 1 0 1 0 0 0 1 1 0 0 1 1 1 
1 0 0 0 2 1 1 0 1 1 1 0 1 0 0 0 0 0 0 0 2 0 0 0 0 0 0 0 1 0 1 1 0 1 1 1 1 0 0 1 1 0 0 1 0 0 0 1 0 0 0 1 
1 0 0 1 1 1 0 1 0 1 0 1 0 0 1 1 1 1 1 0 0 0 1 1 0 1 0 0 3 0 0 1 1 0 0 1 0 0 1 0 0 0 1 1 1 0 1 0 1 1 1 1 
0 0 1 1 2 1 1 1 0 0 0 1 1 0 1 0 0 0 1 1 0 1 1 1 0 0 0 1 2 0 0 0 0 1 0 0 0 0 0 1 0 0 1 0 0 1 1 1 0 1 0 1 

# Size = 25 | Time = 9827 ms
1 0 0 0 1 0 1 1 1 1 0 1 1 1 1 0 0 0 1 1 0 1 0 0 0 1 0 0 0 1 0 0 1 0 1 1 0 1 1 1 1 0 1 1 0 0 0 0 0 0 1 1 
0 1 1 1 2 1 0 0 0 0 1 0 0 0 0 1 1 1 0 0 3 0 1 1 1 0 1 1 3 0 1 1 0 1 0 0 1 0 0 0 0 1 0 1 1 1 1 1 0 1 0 0 
1 0 1 0 0 1 1 0 1 0 1 1 1 1 1 0 1 1 0 1 1 0 0 0 1 0 1 1 1 1 1 0 0 0 1 0 0 0 0 1 0 0 1 0 0 1 1 0 1 1 0 0 
0 1 0 1 0 0 0 1 0 1 0 0 0 0 0 0 0 1 1 0 2 1 1 1 0 1 0 1 2 0 0 1 1 1 0 1 1 1 1 0 1 1 0 0 0 0 0 0 1 0 1 1 
1 1 0 1 2 1 0 0 1 0 1 0 1 1 1 1 0 0 1 0 2 0 1 0 0 1 0 0 2 1 0 0 1 1 1 0 0 1 1 1 0 0 0 1 1 1 1 1 0 1 1 0 
0 0 1 0 1 0 1 1 0 1 1 1 0 0 0 1 1 0 0 1 1 1 0 1 1 0 1 0 1 0 1 1 0 0 0 1 1 0 0 0 1 1 1 1 1 0 1 1 0 0 1 1 
1 0 0 1 2 0 1 1 0 1 0 0 1 1 1 0 0 0 0 1 3 1 0 0 1 0 1 0 3 1 0 0 1 0 0 0 1 1 0 0 0 1 1 0 0 1 0 0 1 0 0 0 
1 0 1 0 1 1 0 0 1 0 0 0 0 0 0 0 1 1 1 0 0 0 1 1 0 1 0 1 0 0 1 1 0 1 1 0 0 0 0 1 1 1 0 1 1 0 0 0 1 1 0 1 
0 1 1 1 1 0 1 0 0 0 0 1 1 0 1 1 0 1 0 1 0 0 0 1 1 0 0 0 0 0 1 0 0 1 1 1 1 1 1 1 0 0 0 0 0 1 1 1 0 0 0 0 
0 1 0 0 0 1 0 0 1 1 0 1 0 1 0 1 1 0 1 0 3 1 0 0 0 1 1 0 3 1 0 1 0 0 0 1 0 1 1 1 1 0 1 1 1 0 1 0 1 1 1 1 
1 0 1 0 2 1 1 1 1 1 1 1 1 0 0 0 1 1 0 1 2 0 1 0 1 1 1 1 2 0 1 0 1 0 1 1 1 0 0 0 1 0 1 0 0 1 0 1 0 1 0 1 
0 1 0 1 2 0 0 1 1 0 0 0 0 0 1 0 0 0 1 0 1 1 1 1 0 1 0 1 1 1 0 0 1 1 1 1 0 0 1 0 0 0 0 1 1 0 0 0 1 1 0 1 
1 0 1 1 2 1 0 1 0 0 1 0 1 1 1 0 1 0 1 1 0 1 1 1 1 0 1 1 0 1 0 1 1 0 0 0 0 0 0 0 1 1 0 1 1 1 0 1 0 0 0 0 
0 1 0 0 1 1 1 1 1 1 1 1 0 0 1 0 0 1 0 0 2 1 0 1 0 0 0 1 3 0 1 0 0 1 1 0 1 0 0 1 0 0 1 0 0 1 0 0 0 1 1 1 
0 1 1 1 1 1 0 0 1 0 0 1 0 1 1 1 1 1 0 1 3 1 0 1 1 0 0 1 2 0 1 1 0 1 1 0 0 0 1 0 0 0 0 1 1 1 1 1 0 0 0 0 
1 0 1 0 0 0 1 0 1 0 1 0 0 0 1 0 0 1 0 0 1 0 0 1 1 0 1 1 0 1 1 0 0 0 1 0 1 1 1 0 1 1 1 0 0 0 0 1 0 0 0 1 
1 0 0 0 0 0 1 0 0 1 0 0 0 0 0 1 1 1 1 1 0 0 0 0 1 0 1 0 1 0 1 0 0 0 1 0 0 1 1 0 0 1 0 1 0 1 1 1 0 1 0 1 
1 1 1 1 2 1 0 0 1 1 0 0 0 0 1 0 1 0 1 0 0 0 1 1 0 0 1 1 2 1 1 0 0 1 0 0 1 0 1 1 0 1 1 0 0 1 0 0 0 0 0 0 
1 1 1 0 2 1 1 1 0 1 1 0 1 1 1 1 0 1 0 1 3 1 0 0 1 1 0 1 1 0 1 0 1 0 0 0 1 1 1 0 0 0 1 1 0 0 1 1 0 0 0 1 
1 1 1 0 0 1 0 1 1 1 1 1 0 0 1 0 1 1 1 0 1 0 1 1 0 1 1 1 2 0 1 0 0 0 0 0 0 1 0 0 1 1 1 1 1 0 0 0 0 0 0 1 
1 1 1 1 2 0 1 0 0 1 1 1 0 1 1 0 1 0 1 1 3 0 1 0 1 0 0 0 0 0 1 0 0 1 0 1 0 0 0 1 0 0 0 0 0 1 0 1 0 1 0 1 
1 1 1 0 0 1 1 0 0 0 1 0 0 0 0 0 1 1 0 1 1 0 0 0 1 0 1 0 3 1 1 1 0 1 1 1 1 0 1 0 1 1 0 0 0 1 0 0 0 0 0 1 
1 1 0 1 1 1 1 0 0 0 0 0 0 0 1 0 1 1 1 1 2 1 0 0 0 1 1 0 1 0 0 1 1 1 0 1 1 1 0 1 0 0 1 1 0 0 0 1 0 0 1 1 
1 1 0 1 1 1 0 1 0 1 0 1 0 0 1 0 0 0 1 1 2 0 0 0 1 0 1 0 0 0 0 0 0 0 0 1 0 1 1 0 0 0 0 0 0 0 1 0 0 1 0 1 
0 1 1 0 2 0 0 0 0 1 1 0 1 1 1 0 1 0 1 0 0 1 0 0 0 0 0 1 3 0 1 0 0 1 1 0 0 1 0 1 1 0 1 0 0 0 0 1 0 0 1 1 

# Size = 23 | Time = 8603 ms
0 1 1 0 0 0 1 0 0 1 0 0 1 1 0 1 0 1 0 0 1 1 0 0 0 1 0 1 1 1 0 0 0 1 0 0 1 0 0 1 1 1 0 0 0 0 1 0 1 1 0 1 
1 0 0 1 1 1 0 1 1 0 1 1 0 0 1 0 1 0 1 1 3 0 1 1 1 0 1 0 2 0 0 1 1 0 1 1 0 1 1 0 0 0 1 1 1 1 0 1 0 0 1 0 
0 1 1 0 2 0 1 0 0 0 1 1 1 1 1 0 0 1 1 1 2 1 0 1 1 0 0 1 3 0 1 0 0 0 1 1 1 1 0 1 0 1 1 0 0 1 0 1 0 0 1 0 
1 0 0 1 2 1 0 1 1 1 0 0 0 1 0 1 1 0 1 0 0 0 1 0 0 1 1 0 0 1 1 1 1 1 0 0 0 0 1 0 1 0 0 1 1 0 1 0 1 1 0 1 
1 0 1 1 0 0 1 1 0 0 1 1 1 0 1 0 0 0 0 0 1 1 1 0 1 0 0 0 1 0 1 1 1 1 0 1 0 0 1 1 0 1 1 1 1 0 1 1 0 1 0 1 
0 1 0 0 1 1 0 0 1 1 0 0 0 0 0 0 1 1 0 1 0 0 0 1 0 0 1 1 2 1 1 0 0 0 0 0 1 1 0 1 1 0 0 0 0 1 0 0 1 0 1 0 
0 0 1 0 1 1 0 1 1 0 0 0 1 0 1 1 0 0 0 1 3 1 1 1 0 1 0 0 0 0 1 0 0 1 1 1 1 0 0 0 0 1 0 0 0 1 1 0 0 1 1 1 
1 0 1 1 0 1 1 0 0 1 1 1 0 0 0 1 1 1 0 0 2 1 0 0 1 1 1 1 3 1 0 0 1 0 1 0 0 1 1 0 1 0 1 1 0 1 1 0 1 0 0 0 
0 1 0 1 1 0 0 0 0 1 1 0 0 1 0 0 1 0 0 1 2 0 1 0 0 1 0 0 3 0 0 1 0 1 0 0 0 1 0 0 0 1 0 1 1 0 0 1 0 1 0 1 
1 1 0 0 0 0 1 1 1 0 0 0 1 1 0 0 0 1 0 0 3 0 0 1 1 0 0 1 0 1 0 1 1 0 1 1 1 0 1 1 1 0 1 0 0 0 0 1 0 0 0 1 
0 1 1 0 2 0 1 0 0 1 0 1 1 0 1 1 0 0 0 0 0 1 0 0 1 1 1 1 2 1 0 0 1 1 0 1 1 0 0 1 0 1 0 1 1 0 1 1 0 0 1 1 
0 1 0 1 0 1 0 0 1 0 0 1 0 0 1 0 1 0 1 1 1 0 0 1 0 1 1 0 1 0 0 0 0 0 1 1 0 1 1 0 1 0 1 0 0 1 0 0 1 0 1 0 
1 0 1 1 2 0 0 1 1 1 0 0 0 1 1 1 0 1 0 1 3 0 1 0 0 0 1 1 3 0 1 0 0 0 0 0 1 0 0 1 0 1 1 0 0 1 1 0 1 1 0 0 
1 1 0 0 1 1 1 0 0 0 1 1 0 1 1 0 1 1 0 0 0 1 1 0 0 0 0 1 0 1 0 1 1 0 1 0 0 1 0 0 1 1 1 1 1 1 1 0 1 1 1 0 
0 1 0 0 0 0 0 1 1 1 0 1 1 1 1 0 1 1 1 1 2 0 1 0 1 0 0 0 2 1 1 0 1 1 1 1 1 0 1 1 0 0 0 0 0 1 1 1 0 1 0 0 
0 0 0 0 2 0 1 0 0 1 1 0 1 1 1 0 0 1 0 1 3 1 1 1 1 1 0 0 1 1 0 1 1 1 0 1 0 1 1 1 0 0 1 1 0 1 0 0 1 0 0 1 
1 0 1 1 1 1 1 0 1 1 1 0 1 0 1 1 0 1 1 0 0 1 1 0 0 1 1 1 1 0 0 1 0 1 0 0 1 0 1 0 0 1 1 1 0 0 1 0 0 0 0 1 
1 0 1 1 1 1 0 0 1 0 0 1 1 0 0 0 0 0 0 1 1 0 0 1 1 0 1 1 3 1 1 0 0 1 1 0 1 1 1 1 0 0 1 0 0 0 0 0 1 0 1 1 
0 1 1 1 2 0 1 0 1 0 1 0 0 0 0 0 1 1 0 0 1 1 0 1 0 0 0 0 0 1 1 1 1 0 1 1 1 1 0 0 1 0 0 0 0 1 1 0 0 0 1 1 
1 1 1 1 0 1 0 1 1 0 0 1 0 0 0 1 1 1 1 0 0 0 1 1 1 0 1 0 3 1 0 1 1 1 0 0 0 0 1 0 1 1 1 1 1 1 1 1 0 1 0 0 
0 1 0 0 2 1 1 1 1 1 0 1 0 1 0 0 0 1 0 1 2 1 0 1 0 0 1 0 0 1 1 0 1 1 1 1 0 0 0 1 1 0 0 0 0 1 1 0 0 1 1 1 
0 0 1 1 1 1 0 1 1 0 1 1 1 1 1 1 1 0 0 0 2 1 1 1 1 0 1 0 1 0 0 1 0 1 1 1 0 0 1 1 0 1 1 1 0 1 1 0 1 1 1 0 
1 0 0 0 0 1 0 1 0 0 0 1 0 0 1 0 1 1 1 0 1 0 1 0 1 0 0 1 2 0 1 1 1 1 1 0 0 0 1 1 1 1 0 1 1 1 1 0 1 1 0 0 

# Size = 22 | Time = 8566 ms
0 0 1 1 0 0 0 0 0 1 0 1 0 0 0 1 0 1 1 1 0 1 0 1 1 0 1 1 0 0 1 0 0 0 1 0 1 1 0 0 0 0 1 0 0 1 1 0 0 0 0 1 
1 1 0 0 2 1 1 1 1 0 1 0 1 1 1 0 1 0 0 0 2 0 1 0 0 1 0 0 2 1 0 1 1 1 0 1 0 0 1 1 1 1 0 1 1 1 0 0 1 1 1 0 
1 1 0 0 1 1 0 0 0 1 1 1 0 0 1 0 0 0 1 1 1 0 1 0 0 0 1 1 3 0 0 1 0 0 1 1 1 1 0 1 1 1 1 1 1 0 0 1 0 0 1 1 
0 0 1 1 1 0 1 1 1 0 0 0 1 1 0 1 1 1 0 0 3 1 0 1 1 1 0 0 1 1 1 0 1 1 0 0 1 0 1 0 0 0 0 0 0 0 1 1 0 1 0 1 
0 0 0 0 2 0 1 0 1 0 1 1 1 0 0 1 1 1 1 0 1 0 0 1 0 0 1 1 3 0 1 1 0 1 0 0 0 0 0 1 1 1 0 0 0 1 1 0 1 0 0 0 
1 1 1 1 0 1 1 1 0 1 0 1 0 1 0 0 0 0 0 1 3 1 0 0 1 1 0 0 0 1 0 0 0 0 1 1 0 1 1 0 0 0 1 1 1 1 0 0 1 1 1 0 
0 0 1 0 2 0 0 0 1 1 1 0 0 0 1 1 1 1 0 1 2 1 1 1 1 0 1 0 2 0 0 0 1 1 1 0 0 1 1 0 0 0 1 1 1 0 1 1 0 0 1 1 
0 1 0 1 0 0 0 1 0 0 0 0 1 1 1 0 0 0 1 0 0 1 1 0 0 0 0 1 1 1 1 1 1 0 0 1 0 0 0 1 1 1 1 0 0 1 0 1 0 1 0 0 
1 0 0 1 2 1 0 0 0 0 0 1 0 1 0 1 0 0 1 1 2 0 0 1 1 1 1 0 1 0 1 0 0 0 1 1 1 1 0 1 0 0 0 1 0 0 1 0 1 0 0 1 
1 1 1 0 0 1 1 1 1 1 1 0 1 0 1 0 0 1 0 0 0 0 0 1 0 1 1 1 0 1 0 0 0 1 0 0 1 1 1 0 1 1 0 0 0 0 0 0 0 0 1 1 
0 0 1 1 1 1 0 1 0 1 0 0 0 1 0 0 1 0 0 1 1 1 1 0 1 1 0 0 3 0 0 0 1 1 0 0 1 0 1 0 0 0 0 1 1 1 1 0 1 1 0 0 
1 1 0 1 2 0 0 0 0 0 1 1 0 0 1 1 1 0 1 0 3 0 1 0 1 0 0 1 2 0 1 1 0 0 1 0 1 0 0 0 0 1 1 0 0 1 1 0 0 0 1 0 
1 1 1 1 2 0 1 0 0 0 1 1 1 0 1 1 1 1 0 1 0 0 1 0 0 1 1 0 0 0 1 1 1 1 1 1 1 0 0 1 0 0 0 1 0 1 1 0 1 1 0 0 
0 0 1 0 1 0 1 0 1 0 0 0 0 1 0 0 0 1 1 0 3 1 1 1 0 0 1 0 2 1 1 1 1 0 0 1 0 0 1 1 1 1 1 1 1 1 0 0 1 1 0 0 
0 0 1 0 0 0 1 1 0 1 1 1 1 0 1 1 1 0 0 1 1 0 0 1 1 1 1 0 1 1 0 0 1 1 0 0 1 0 1 1 1 0 1 1 1 1 1 0 1 0 1 0 
1 0 0 1 1 0 0 1 0 0 0 0 0 1 0 1 0 0 0 0 2 0 1 0 0 0 1 1 0 1 0 0 0 1 0 0 1 1 0 0 1 0 0 0 0 0 1 1 0 0 1 1 
1 0 1 0 0 1 1 0 1 1 0 0 1 1 1 1 1 0 1 1 2 0 0 1 1 0 1 1 3 1 1 0 1 0 0 1 0 1 1 0 1 1 1 1 0 1 1 0 0 1 0 1 
0 0 0 1 0 1 1 0 0 0 0 1 1 1 1 0 0 0 1 1 0 0 0 0 0 1 0 1 2 1 1 1 0 1 1 1 1 1 0 1 0 1 0 1 1 1 0 0 1 1 0 0 
1 0 0 1 1 1 1 1 0 1 0 0 1 1 0 0 0 0 1 0 0 0 0 1 0 0 0 1 3 1 1 1 0 1 0 0 0 0 1 1 1 0 1 0 0 0 1 0 1 1 0 1 
1 0 1 0 1 1 0 0 0 0 1 1 1 0 0 0 1 1 0 1 1 0 1 1 0 1 0 0 2 1 0 0 0 0 1 0 1 1 1 0 0 0 1 0 0 0 1 0 0 0 0 1 
1 0 1 0 2 1 0 0 0 1 0 0 0 1 1 0 1 1 0 0 1 0 0 0 1 0 0 0 0 0 1 1 1 0 0 1 0 1 0 1 1 0 1 1 1 1 1 0 1 1 1 1 
1 1 0 0 2 1 1 1 1 0 0 1 0 1 1 0 1 0 0 1 3 0 1 1 1 0 1 0 3 0 0 0 1 1 1 0 1 0 1 1 0 0 1 0 0 0 1 0 1 1 1 1 

# Size = 24 | Time = 9547 ms
0 0 1 1 2 1 0 0 0 0 0 1 1 1 1 0 1 0 1 0 2 0 1 1 1 0 0 1 1 0 0 0 0 1 1 0 0 1 1 1 0 1 0 1 0 0 0 1 0 0 0 1 
1 1 0 0 1 0 1 1 1 1 1 0 0 0 0 1 0 1 0 1 1 1 0 0 0 1 1 0 3 1 1 1 1 0 0 1 1 0 0 0 1 0 1 1 1 1 1 0 1 0 1 0 
0 0 0 1 0 0 1 1 1 1 0 0 0 1 0 1 0 1 1 1 0 0 1 0 0 1 1 0 0 0 0 1 0 1 0 0 1 1 1 0 0 1 0 0 0 1 1 1 0 1 0 1 
1 1 1 0 0 1 0 0 0 0 1 1 1 0 1 0 1 0 0 0 3 1 0 1 1 0 0 1 2 1 1 0 1 0 1 1 0 0 0 0 1 0 1 0 0 0 0 0 1 1 1 1 
1 1 0 0 1 1 0 1 1 1 0 1 1 1 1 0 0 0 0 0 0 0 0 1 1 1 1 1 0 1 0 1 1 1 1 0 0 0 0 1 0 1 1 1 1 1 1 0 0 1 0 0 
0 0 1 1 2 0 1 0 0 0 1 0 0 1 0 0 0 1 1 0 3 1 1 1 0 0 0 0 2 0 1 0 0 0 0 1 1 1 1 1 1 0 0 1 1 1 0 0 1 0 1 0 
1 0 1 1 1 1 1 0 0 1 0 0 1 0 1 1 1 1 1 1 1 0 1 0 1 0 0 1 3 1 1 0 0 1 1 1 1 1 0 1 0 0 1 1 1 0 1 1 0 1 1 1 
0 1 0 0 2 0 0 1 1 0 1 1 0 0 0 1 1 0 0 1 2 1 0 0 0 1 0 0 1 0 0 1 1 0 0 0 0 1 0 1 1 1 0 1 1 0 1 1 0 1 0 1 
1 0 0 1 2 0 0 0 1 1 1 0 0 0 1 0 1 1 0 1 2 0 0 1 1 0 1 1 1 1 1 0 0 1 0 1 1 0 1 0 0 1 1 0 0 1 0 0 1 0 1 0 
0 1 1 1 0 0 0 1 0 0 0 1 1 1 0 0 0 0 1 0 1 1 1 0 1 1 1 0 3 0 0 1 1 0 1 0 0 0 1 1 0 1 0 0 0 0 0 0 1 0 0 1 
0 1 0 0 1 1 1 1 1 1 0 1 0 1 1 1 0 0 1 1 3 0 0 0 0 1 1 0 2 0 0 0 0 1 0 1 1 0 1 1 1 1 1 0 0 1 1 1 0 0 0 0 
1 0 1 0 1 1 1 0 0 0 1 1 1 0 0 0 1 1 0 0 0 1 1 0 0 0 0 1 0 0 1 1 1 0 1 0 0 1 0 0 1 0 0 1 0 0 0 0 1 0 1 1 
0 0 1 1 0 0 1 0 1 1 1 0 1 0 1 1 0 1 1 0 2 0 1 1 0 1 0 0 2 1 0 1 0 0 0 0 0 1 1 1 0 0 0 1 1 1 1 0 1 0 1 0 
1 0 0 0 1 1 1 1 0 1 1 0 0 1 0 1 0 0 1 1 1 1 0 1 1 0 0 0 1 0 1 0 1 1 1 1 1 0 0 0 0 0 1 0 0 0 1 0 1 1 0 1 
1 0 0 0 2 1 1 0 0 1 0 1 0 1 0 0 1 1 0 1 0 0 0 1 0 1 1 1 3 0 0 0 0 0 0 1 0 1 0 1 1 1 0 1 1 0 1 0 1 1 0 1 
1 0 1 1 2 0 1 1 1 1 1 1 0 0 1 0 1 1 1 1 3 0 1 1 1 0 1 0 0 1 0 0 0 1 1 0 0 0 0 0 0 1 1 1 1 0 1 0 1 0 1 1 
0 0 0 0 0 1 0 1 0 1 1 1 0 1 0 0 1 1 1 1 3 0 1 1 0 1 1 0 1 0 1 1 0 0 0 0 0 1 0 0 1 0 0 1 1 0 1 0 1 0 1 1 
1 1 0 0 1 0 1 0 1 1 0 1 1 1 1 0 0 1 1 1 2 1 1 0 0 0 1 1 0 0 0 1 1 0 1 1 0 0 1 1 1 1 0 1 1 0 0 0 0 0 0 1 
0 0 1 1 2 1 0 1 0 0 1 1 1 1 0 0 0 1 0 0 1 1 1 1 1 0 0 1 2 0 1 0 1 1 0 1 0 0 1 0 0 0 1 0 0 1 0 1 0 1 1 1 
0 0 0 0 0 1 0 0 1 0 1 1 1 0 0 0 0 1 1 0 0 1 0 0 0 0 0 0 2 0 0 0 0 0 1 0 0 0 0 1 1 0 1 0 0 0 0 0 1 1 1 1 
0 0 1 1 2 1 1 0 0 1 1 1 1 1 1 0 0 1 1 1 0 1 1 1 1 0 0 1 1 1 0 1 1 0 1 0 1 0 1 0 1 0 1 1 1 1 1 0 1 1 1 1 
0 1 0 1 1 1 1 1 1 0 0 1 0 1 1 0 1 1 0 1 1 1 0 0 1 0 0 0 0 1 1 0 0 0 1 0 0 0 0 1 0 0 1 0 0 1 0 1 0 1 0 1 
1 1 0 1 2 0 0 0 1 0 0 0 1 0 0 0 1 1 1 0 2 1 0 0 0 0 0 0 3 1 0 0 1 0 1 1 0 1 0 0 0 1 1 1 0 1 1 1 0 1 0 1 
0 1 0 0 0 1 0 1 0 0 1 0 0 1 0 0 0 0 1 1 3 0 1 0 0 1 1 0 3 0 0 0 1 0 1 1 0 0 0 0 1 0 1 0 0 1 0 1 0 1 0 0 

# Size = 26 | Time = 10183 ms
0 1 1 1 2 0 1 0 0 1 1 0 1 0 0 0 1 0 0 0 2 1 1 0 0 0 1 0 1 1 0 1 1 0 1 0 0 1 1 1 1 1 0 0 0 1 1 1 0 0 1 1 
1 0 0 0 1 1 0 1 1 0 0 1 0 1 1 0 0 1 1 1 3 0 0 1 1 1 0 1 0 0 1 0 0 1 0 1 1 0 0 0 0 0 1 1 1 0 0 0 1 1 0 1 
0 0 1 0 0 1 1 1 1 1 1 0 0 1 1 1 0 1 0 1 0 0 1 0 0 1 1 0 2 1 1 1 0 1 1 1 1 0 1 1 1 1 0 1 1 1 1 0 0 1 0 0 
1 1 0 1 0 0 0 0 0 0 0 1 1 0 0 1 1 0 1 0 1 1 0 1 1 0 0 1 3 0 0 0 1 1 0 0 0 1 0 0 0 0 1 0 0 1 1 1 0 0 1 0 
1 0 0 1 1 0 1 0 1 1 0 0 1 0 0 0 0 0 1 0 0 1 1 0 1 0 1 0 2 0 1 0 0 0 1 1 1 1 1 1 0 1 1 0 0 0 0 0 1 0 0 1 
0 1 1 0 2 1 0 1 0 1 1 1 0 1 1 0 1 1 0 1 1 0 0 1 0 1 0 1 3 1 0 1 1 0 0 0 0 1 0 0 1 0 0 1 1 0 0 0 1 1 1 1 
1 1 0 0 1 1 0 0 1 0 1 1 1 1 0 1 0 0 0 0 3 0 1 0 0 0 1 1 0 1 0 1 0 0 1 0 0 0 1 0 1 1 1 0 0 1 1 1 0 1 1 0 
0 0 1 1 2 0 1 1 0 0 0 0 0 0 1 1 1 1 1 1 2 1 0 1 0 1 0 1 1 0 1 0 1 1 0 1 1 0 0 1 0 1 1 1 1 0 1 1 0 0 0 1 
1 0 0 0 2 1 0 1 1 0 1 1 1 0 0 0 0 1 1 0 2 0 1 1 1 0 0 0 1 0 1 0 0 0 1 1 0 0 0 1 1 0 0 1 1 1 0 0 1 1 1 0 
0 1 1 0 1 0 1 1 1 1 0 0 1 1 1 0 1 0 0 1 1 1 0 0 1 1 1 0 0 1 0 1 1 0 0 1 1 0 1 0 0 0 0 0 0 1 0 1 0 0 0 0 
1 1 1 1 0 1 0 0 0 0 1 1 0 1 1 1 1 1 1 1 0 0 1 0 0 0 0 1 2 1 1 1 1 0 0 0 0 1 0 0 0 0 1 0 0 0 1 0 1 0 0 1 
0 0 1 1 0 1 1 0 0 1 0 0 0 0 0 0 1 0 0 0 3 1 1 1 0 1 0 0 3 1 1 0 0 0 0 0 1 1 1 1 1 0 0 1 1 0 0 0 1 1 1 1 
1 0 0 0 1 0 1 1 1 1 1 1 1 0 0 0 0 0 0 1 1 0 1 0 1 0 1 1 3 0 0 0 1 0 1 1 0 0 0 1 0 1 0 1 0 0 1 0 1 1 0 1 
0 0 0 1 2 1 0 1 0 1 1 0 0 0 0 1 0 1 0 1 0 0 0 1 0 1 1 0 2 1 0 0 0 1 1 1 0 0 1 0 1 1 1 1 1 1 1 1 0 1 1 0 
0 1 1 1 2 0 1 1 0 1 1 0 0 0 1 1 1 0 1 0 3 1 1 1 1 0 1 0 0 0 0 0 1 0 1 1 1 1 1 1 1 1 0 1 0 1 1 0 1 0 1 1 
0 0 0 0 1 1 1 0 0 1 1 0 0 1 1 0 0 1 1 1 2 0 1 1 0 0 1 1 1 0 0 1 1 1 1 1 0 1 1 0 1 0 1 1 1 0 0 0 0 1 1 1 
1 0 1 0 0 1 0 0 1 1 0 0 1 0 0 0 1 1 1 1 1 1 1 1 0 1 0 0 1 0 1 1 0 0 1 0 1 1 1 1 1 0 1 1 1 1 1 0 0 1 0 1 
1 1 0 0 0 1 0 1 0 0 1 1 0 1 1 0 0 1 0 0 2 1 0 0 1 1 0 1 0 0 0 1 1 0 0 1 1 0 1 1 0 0 0 0 0 1 0 0 0 1 1 1 
0 0 0 1 0 0 1 0 1 0 1 0 1 1 0 0 1 0 0 1 0 1 1 1 1 1 0 0 1 1 0 0 1 1 0 0 0 1 1 0 0 1 1 0 0 1 1 1 0 1 0 1 
1 1 0 0 0 0 0 1 0 0 0 0 1 0 1 0 0 1 1 1 1 1 1 0 0 1 1 0 2 1 1 1 0 0 0 0 1 0 1 1 1 0 1 1 1 1 1 0 1 1 0 0 
1 1 0 0 1 1 1 0 1 1 1 0 0 1 0 1 1 0 0 1 3 0 1 1 1 0 0 0 1 0 1 1 0 0 0 1 0 0 1 0 1 1 0 0 0 1 1 0 1 1 1 0 
0 1 1 1 0 0 1 0 1 0 1 0 1 1 0 1 0 0 0 1 0 0 0 0 1 0 0 0 0 1 1 0 1 1 1 1 1 0 1 1 1 0 0 0 0 1 1 0 0 0 1 0 
1 1 1 1 0 1 0 1 1 0 0 0 0 0 1 0 1 1 0 0 2 1 1 0 0 1 0 0 2 1 1 0 0 1 0 0 1 0 0 0 0 1 0 0 0 1 0 0 1 1 1 1 
0 0 1 0 0 0 0 1 1 1 0 1 1 1 1 1 1 0 1 0 0 1 1 0 1 0 1 0 3 0 1 0 0 0 0 0 1 1 0 0 0 0 0 1 0 0 1 0 0 0 0 1 
1 0 1 0 2 1 0 0 0 0 0 0 0 0 1 1 1 0 0 1 2 1 0 0 1 0 0 1 3 0 0 1 1 0 0 1 1 0 1 1 1 0 1 0 0 1 1 0 1 0 1 1 
1 0 1 1 0 0 0 0 0 1 0 0 1 0 0 0 0 1 1 1 3 1 0 0 1 0 1 1 2 1 1 0 0 0 0 0 1 0 1 1 1 1 0 1 0 1 1 0 1 0 0 0 

# Size = 23 | Time = 8712 ms
0 1 0 0 0 0 1 1 1 1 0 1 1 0 1 0 1 1 0 1 3 0 0 1 0 0 0 0 0 0 0 1 0 1 1 0 1 1 1 0 0 0 0 0 0 0 0 0 1 0 1 1 
0 0 1 1 1 1 0 0 0 0 1 0 0 1 0 1 0 0 1 0 2 1 1 0 1 1 1 1 1 1 1 0 1 0 0 1 0 0 0 1 1 1 1 1 1 1 1 1 0 1 0 0 
1 0 1 1 2 1 0 0 1 0 0 0 0 0 1 0 1 0 1 1 0 0 1 1 0 0 0 0 2 0 1 0 1 0 0 0 1 0 1 1 0 1 0 0 0 0 1 1 0 1 1 1 
1 1 0 0 2 0 1 1 0 1 1 1 1 1 0 0 0 1 0 0 1 1 0 0 1 1 1 1 3 1 0 1 0 1 1 1 0 1 0 0 1 1 1 1 1 1 0 0 1 0 0 0 
1 0 1 1 0 1 1 1 1 1 0 1 1 1 0 1 0 1 0 1 0 0 1 0 1 1 1 1 0 0 1 0 0 0 1 0 0 0 1 1 1 0 0 1 1 1 1 0 1 1 1 1 
0 1 0 0 1 0 0 0 0 0 1 0 0 0 1 1 0 0 1 0 1 1 0 1 0 0 0 0 2 1 0 1 0 1 0 1 1 1 0 0 0 0 1 0 0 1 1 1 0 0 0 0 
1 0 0 0 1 0 0 1 1 1 1 1 1 1 1 0 1 0 0 1 2 0 0 1 1 0 1 1 1 1 1 0 1 1 1 1 0 1 0 1 1 0 0 0 0 0 0 1 0 0 0 1 
1 0 1 1 0 1 1 0 0 1 1 0 0 0 0 0 1 0 1 0 3 1 1 0 0 1 0 0 3 0 0 1 1 1 0 0 1 0 1 0 1 1 1 1 1 0 0 0 1 1 0 1 
0 1 1 0 0 0 0 1 1 0 0 0 1 1 0 1 1 1 1 1 3 1 1 1 0 0 0 1 3 1 1 0 1 0 0 1 0 0 0 1 0 0 1 1 0 1 1 0 0 0 1 0 
0 1 0 1 1 1 1 0 0 0 0 0 0 0 0 0 0 1 0 1 2 0 0 0 0 0 1 0 1 0 0 1 0 0 1 0 1 1 1 0 0 1 0 0 0 1 0 0 1 1 1 0 
1 0 1 0 0 1 1 0 1 0 0 1 1 1 1 0 0 1 0 0 1 0 0 1 1 1 0 1 2 0 1 1 1 0 0 1 1 0 1 1 0 0 0 1 1 0 1 1 0 1 1 1 
0 1 0 1 1 0 1 0 0 0 1 1 0 0 1 0 0 0 1 0 0 1 0 0 1 1 0 0 0 1 0 0 1 1 1 1 0 1 0 0 1 1 1 0 0 1 0 1 0 0 0 0 
0 0 1 0 2 1 0 1 1 1 1 0 0 1 1 1 1 0 1 1 1 0 1 1 1 0 1 0 2 0 1 0 1 1 1 0 0 1 0 0 1 0 1 1 1 0 1 0 1 0 1 1 
0 1 0 1 1 0 0 1 0 1 0 0 1 0 1 0 1 0 1 1 3 0 1 0 1 1 1 1 3 1 0 0 0 1 0 0 1 1 1 1 1 0 0 0 0 1 1 1 0 1 0 1 
1 0 0 1 2 1 0 0 0 0 1 0 0 0 1 0 1 0 0 1 2 1 1 0 1 1 0 1 0 0 0 1 0 0 0 0 1 0 1 1 0 0 0 1 1 0 0 1 0 0 0 1 
1 1 1 0 2 1 0 0 1 1 0 0 1 1 0 0 0 1 1 0 3 0 0 0 0 0 1 0 2 0 1 0 1 1 0 1 1 1 0 1 1 1 0 1 1 0 0 1 0 1 0 1 
1 0 0 0 2 1 1 0 1 0 1 1 1 1 0 1 0 0 1 0 0 0 1 0 1 0 0 1 1 1 0 1 1 0 0 1 1 1 0 1 0 0 1 1 1 1 1 1 0 1 1 0 
0 1 0 1 0 1 0 0 0 1 0 0 0 1 1 1 0 1 1 1 1 1 1 1 1 0 0 1 1 0 0 1 1 0 0 0 0 1 0 1 0 1 0 1 1 0 1 0 1 1 0 1 
1 0 0 0 0 0 1 0 0 0 0 1 0 1 1 0 1 0 0 0 2 1 1 1 0 1 1 1 2 0 0 1 1 0 1 0 1 1 0 1 1 1 0 1 0 1 0 0 0 0 1 0 
1 1 0 0 1 0 0 1 1 1 1 1 0 0 1 1 1 0 1 1 2 0 0 1 1 0 1 1 3 1 1 1 1 0 1 0 0 1 1 1 1 1 0 0 0 1 1 0 0 0 1 1 
0 1 1 1 1 0 1 0 0 1 1 1 1 0 1 0 1 1 0 0 3 0 0 0 1 0 1 1 1 0 0 1 0 0 0 1 0 1 1 0 0 1 0 1 1 0 0 0 1 0 0 1 
0 1 1 1 1 0 0 0 0 1 0 1 0 1 0 0 1 1 1 0 1 1 1 0 0 1 1 1 0 1 1 1 1 0 1 1 1 0 0 0 0 0 0 1 1 1 0 0 1 0 0 1 
0 1 1 0 2 0 1 0 1 1 0 0 0 0 1 1 1 1 0 0 0 0 1 1 1 1 0 0 3 0 1 1 1 1 1 1 1 1 1 0 1 0 0 1 1 1 1 0 0 0 0 1 

# Size = 25 | Time = 9890 ms
1 1 1 1 1 1 1 0 0 0 0 1 1 0 1 0 1 1 1 0 1 1 0 0 1 0 0 1 2 1 0 1 0 1 0 1 1 0 0 0 1 0 0 0 0 1 1 1 0 0 0 0 
0 0 0 0 2 0 0 1 1 1 1 0 0 1 0 0 0 0 0 1 3 0 1 1 0 1 1 0 3 0 1 0 1 0 1 0 0 1 1 1 0 1 1 1 1 0 0 0 1 1 0 1 
1 0 1 0 0 1 0 1 0 1 1 1 1 1 1 1 0 0 1 1 0 0 1 1 1 0 0 1 0 0 1 1 0 0 0 0 0 0 0 1 0 0 1 1 1 1 1 1 0 1 1 0 
0 1 0 1 0 0 1 0 1 0 0 0 0 0 0 1 1 1 0 0 2 1 0 0 0 1 1 0 1 1 0 0 1 1 1 1 1 1 1 0 1 1 0 0 0 0 1 0 1 0 1 1 
0 1 1 0 2 1 0 1 0 1 1 0 1 0 1 0 1 0 0 1 2 0 1 0 0 0 1 1 1 0 0 1 0 1 1 1 1 0 1 1 1 0 0 1 0 1 0 0 0 0 1 1 
1 1 0 1 1 0 1 0 1 0 0 1 0 1 0 0 0 0 1 0 0 1 0 1 1 1 0 1 0 1 1 0 1 0 1 0 0 1 0 0 0 1 1 0 0 1 0 1 0 1 0 0 
1 0 1 1 1 0 1 1 1 0 1 1 0 1 1 1 1 1 1 0 3 1 1 0 0 0 0 0 3 0 1 1 0 0 0 1 0 0 0 0 1 0 0 1 1 0 1 0 1 0 1 1 
0 0 0 0 2 1 0 0 0 1 0 0 1 1 0 1 0 1 0 1 1 0 0 1 1 0 1 0 2 1 0 0 1 1 0 0 1 1 0 1 0 1 1 1 1 1 1 0 1 0 1 0 
1 0 0 0 2 1 1 0 0 0 0 0 0 0 0 0 1 1 0 0 0 0 1 0 1 1 0 0 0 0 0 1 0 1 0 0 1 0 1 1 0 1 0 0 0 0 0 1 0 1 0 1 
0 0 1 1 1 0 0 0 0 1 1 1 1 0 1 1 0 0 1 1 2 0 0 1 1 1 1 1 3 1 1 1 1 0 0 1 1 1 1 1 1 0 1 0 0 1 1 1 0 1 0 0 
1 0 0 0 0 0 1 1 1 1 1 1 0 0 1 0 0 0 0 1 1 1 1 1 0 1 1 1 2 0 1 0 0 1 1 0 0 0 1 0 1 0 0 0 0 0 0 1 0 1 0 1 
0 1 1 1 2 1 0 1 1 0 0 1 1 1 0 0 1 0 1 1 3 0 0 1 1 0 0 1 1 1 0 0 0 0 0 0 0 1 0 0 0 1 1 0 0 1 0 1 0 1 0 0 
0 1 1 0 1 1 0 1 1 1 0 0 0 0 0 0 0 0 0 0 0 1 1 0 0 1 1 1 0 1 1 0 1 1 1 1 0 0 1 1 1 0 1 1 1 0 0 0 1 0 1 1 
1 0 1 1 1 0 1 1 1 1 1 0 0 1 1 1 0 1 1 0 2 1 0 0 1 0 0 0 1 0 1 1 1 0 0 1 0 0 0 0 0 1 1 1 1 1 1 0 1 0 0 1 
0 1 0 0 0 1 1 0 0 1 0 0 1 0 1 0 0 0 0 0 3 0 1 0 1 1 0 0 3 1 0 1 0 1 1 1 1 0 1 0 1 0 0 1 1 0 1 1 0 1 1 1 
0 1 0 0 2 0 0 0 0 0 1 1 1 1 1 0 0 0 0 0 2 1 1 0 0 0 0 0 2 1 0 0 1 0 1 0 0 1 1 0 1 0 0 1 1 1 0 1 0 1 0 0 
1 1 0 1 0 0 0 1 0 0 0 0 1 1 1 0 0 1 1 1 1 0 0 0 0 1 1 1 0 1 1 0 0 0 0 1 1 0 1 0 0 1 0 0 0 0 0 1 0 1 0 1 
0 0 1 0 0 1 0 0 0 1 1 0 0 1 1 0 1 1 1 1 3 1 1 0 1 0 1 1 2 0 0 1 1 1 0 1 1 0 1 0 0 0 0 1 0 0 0 1 0 1 0 1 
0 1 1 1 0 1 0 0 0 0 1 0 1 1 0 0 1 0 0 1 0 0 0 1 1 0 0 0 1 1 0 0 0 0 1 1 1 0 1 1 1 0 0 0 0 1 0 0 1 0 1 0 
1 0 1 1 0 0 0 0 1 0 1 0 0 0 1 1 0 0 1 0 1 1 1 0 0 1 1 1 3 1 1 1 0 0 1 0 0 0 0 1 1 0 1 0 0 1 1 1 0 0 0 0 
1 1 0 0 1 0 0 1 1 0 1 0 0 0 1 0 1 1 0 0 1 1 0 1 0 0 1 0 1 1 0 1 0 0 0 1 1 1 0 0 0 0 0 1 1 0 1 0 1 1 0 1 
1 1 0 1 0 1 1 1 0 0 0 0 1 0 1 1 0 0 1 1 0 0 0 1 0 1 1 1 3 0 0 0 1 0 0 1 0 1 0 1 1 1 0 1 1 1 1 0 0 0 1 0 
1 0 1 1 0 1 1 1 0 0 1 1 0 1 0 1 1 0 0 0 2 1 1 0 0 1 0 0 0 0 1 1 1 1 0 1 1 0 0 0 0 1 1 0 0 0 1 0 1 0 0 1 
0 1 0 1 2 0 0 1 0 1 0 1 1 0 1 1 1 0 0 1 3 1 1 1 1 0 1 0 0 0 0 0 0 1 0 0 0 1 0 0 0 0 0 1 0 1 1 1 0 0 0 1 
1 0 1 0 2 0 0 1 0 0 1 1 0 0 1 0 1 1 0 0 0 0 1 0 1 1 0 1 2 0 1 1 0 0 0 1 1 0 0 0 1 1 0 1 1 1 0 1 0 1 0 0 

# Size = 27 | Time = 10642 ms
1 0 1 1 0 1 1 1 0 1 1 1 1 1 1 0 1 1 0 0 3 0 0 1 0 0 0 0 0 0 1 0 0 0 1 0 1 0 1 0 0 0 1 0 0 1 1 1 0 0 1 0 
0 1 0 0 2 0 0 0 1 0 0 0 0 0 0 1 0 0 1 1 2 1 1 0 1 1 1 1 1 1 0 1 1 1 0 1 0 1 0 1 1 1 1 1 1 0 1 0 1 1 0 1 
1 1 0 1 1 0 1 0 0 0 0 0 1 0 1 0 0 0 1 0 0 0 0 1 1 1 0 1 3 0 1 0 1 1 0 0 1 0 0 0 0 0 0 1 0 1 0 0 1 1 0 0 
0 0 1 0 1 1 1 1 1 1 1 1 0 1 0 0 1 1 0 1 1 1 1 0 0 0 1 0 2 1 0 1 0 0 1 1 0 1 1 1 1 1 0 0 0 0 0 1 0 0 1 1 
1 1 1 1 2 1 0 1 1 1 1 0 1 1 1 1 1 0 0 0 1 1 0 0 0 1 0 0 2 1 0 1 1 1 0 0 1 0 0 0 0 0 0 1 1 0 1 1 0 1 1 1 
1 0 1 0 0 0 0 0 0 0 0 1 0 1 0 1 1 1 1 0 0 0 1 1 1 0 1 1 3 0 1 0 0 0 1 1 0 1 1 1 1 1 1 1 1 1 1 0 1 0 0 0 
0 0 0 0 2 0 0 1 0 1 1 1 1 0 0 0 0 0 0 1 2 0 1 1 0 0 0 0 1 1 1 0 0 0 1 0 1 0 0 0 1 0 0 0 0 1 0 0 0 0 0 1 
0 1 0 1 0 1 0 0 1 1 0 0 0 0 1 1 0 1 1 1 3 1 0 0 1 1 1 1 0 0 1 1 1 1 1 1 0 0 1 1 0 1 0 0 0 0 1 0 1 1 1 1 
0 1 0 0 0 0 1 1 1 0 0 1 1 0 1 0 0 0 0 1 1 1 1 1 1 1 1 1 2 0 0 0 0 1 0 1 1 1 1 0 0 1 1 0 0 1 0 1 0 0 0 0 
0 0 1 1 2 1 0 0 1 0 1 1 1 0 0 0 1 0 1 1 0 0 0 0 0 0 0 0 3 1 0 1 1 0 0 0 0 1 1 1 1 0 1 0 0 1 0 1 0 1 1 0 
0 1 0 0 1 0 0 0 0 0 0 0 0 1 0 0 1 0 0 0 3 0 1 1 0 0 0 0 0 1 0 1 1 0 0 1 1 1 0 1 1 0 1 1 1 0 0 0 1 0 0 1 
1 0 1 1 1 1 1 1 0 1 1 0 0 1 1 1 1 1 0 0 2 1 0 0 0 1 0 1 1 0 1 0 0 0 1 0 1 1 1 0 0 1 1 1 1 1 1 0 1 1 1 0 
0 0 1 0 2 1 1 0 0 0 1 0 1 1 0 1 0 1 1 0 1 0 0 1 1 0 1 0 2 1 1 0 1 1 0 0 0 1 0 0 0 0 0 0 0 0 1 0 1 0 0 1 
1 1 0 1 0 0 1 1 1 1 1 0 1 0 1 1 1 1 0 1 0 1 1 0 0 1 0 1 3 1 0 0 1 0 1 1 1 1 0 1 1 0 1 1 0 0 1 1 0 0 1 1 
0 0 0 1 0 1 1 1 1 0 1 1 1 0 1 1 0 0 1 0 2 0 1 1 0 0 1 0 1 1 1 0 1 0 0 0 0 0 0 0 0 1 1 0 0 1 1 1 0 0 1 0 
1 0 0 0 2 1 1 0 0 1 1 1 0 1 1 0 0 0 1 0 2 1 1 1 1 0 0 1 0 0 0 1 0 1 0 0 0 0 0 0 0 1 0 1 1 1 1 1 0 0 0 0 
1 0 1 1 2 1 0 1 0 1 1 0 1 0 1 0 1 1 1 0 3 0 1 1 0 0 1 1 1 0 0 0 1 1 1 1 0 0 1 1 1 0 0 1 1 1 0 1 0 0 1 1 
0 0 1 1 0 1 1 0 1 1 1 1 0 1 0 0 1 0 0 1 3 1 1 0 0 1 0 0 2 0 1 0 0 0 1 0 0 1 0 0 1 0 0 0 0 1 0 0 1 1 1 0 
0 1 0 0 2 1 0 0 1 0 0 1 0 0 0 1 1 0 1 1 1 0 1 0 1 0 1 1 0 0 1 0 1 1 0 1 0 0 0 0 1 1 1 1 1 0 1 0 1 1 1 1 
1 0 1 1 0 1 1 1 1 0 1 1 0 0 1 0 0 1 0 1 0 1 0 1 0 1 1 1 1 1 1 0 1 0 1 0 0 1 0 1 0 0 1 1 0 1 0 0 1 1 1 0 
0 0 1 1 1 0 0 0 1 1 1 1 0 1 1 0 1 1 0 1 1 1 1 1 1 1 0 0 3 1 0 0 1 0 1 0 1 1 0 1 0 0 1 0 0 0 1 0 0 0 0 1 
0 0 1 0 0 0 1 1 0 1 1 0 1 0 1 0 1 0 1 1 1 1 1 0 0 0 0 0 1 0 0 0 0 0 1 1 1 1 0 1 0 1 1 1 1 1 0 1 0 0 1 0 
1 0 0 0 2 1 1 1 1 1 0 1 0 1 0 1 1 1 1 0 0 1 1 1 0 1 1 1 2 0 0 1 1 1 0 0 1 1 0 1 1 0 0 0 0 0 1 0 0 1 1 1 
1 1 0 0 1 1 0 1 0 0 1 0 1 1 0 0 0 0 0 0 3 0 0 0 0 0 0 0 3 0 0 0 0 1 1 0 1 0 1 0 0 1 1 0 0 1 1 1 0 0 0 0 
1 0 0 0 1 1 1 1 0 1 0 0 1 1 0 1 0 0 0 0 2 0 1 0 0 1 1 1 3 0 0 1 0 0 0 0 0 0 1 1 1 1 0 1 1 0 1 1 0 0 0 1 
0 0 1 1 2 1 0 1 0 1 0 0 1 1 1 1 1 0 0 1 2 1 1 1 1 0 1 0 2 1 0 0 1 1 0 0 1 1 1 0 1 0 0 1 1 1 1 1 0 0 1 0 
1 0 1 1 2 1 1 1 1 0 1 1 0 0 0 1 1 0 0 1 0 0 0 0 1 0 1 0 0 1 1 0 0 1 1 1 1 1 1 1 0 0 0 1 0 0 1 1 0 0 0 1 

# Size = 21 | Time = 7916 ms
0 1 0 0 2 1 1 1 1 0 1 1 0 0 1 1 1 0 0 1 3 0 0 0 1 0 1 0 0 1 0 1 1 0 0 0 1 0 1 1 1 1 0 0 0 1 1 0 0 0 1 0 
1 0 1 1 1 0 0 0 0 1 0 0 1 1 0 0 0 1 1 0 0 1 1 1 0 1 0 1 2 0 1 0 0 1 1 1 0 0 0 0 0 0 1 1 1 0 0 0 1 1 0 1 
1 1 1 0 0 1 0 1 1 1 0 1 0 1 0 0 1 0 1 1 2 1 0 0 0 0 0 1 1 0 1 1 0 0 1 0 1 1 1 0 1 1 0 1 0 1 0 1 0 1 0 1 
0 0 0 1 0 0 1 0 0 0 1 0 1 0 1 1 0 1 0 0 1 0 1 1 1 1 1 0 1 1 0 0 1 1 0 1 0 1 0 1 0 0 1 0 0 0 1 1 0 0 1 1 
1 1 0 1 1 1 1 1 0 1 1 1 0 0 1 1 0 0 1 1 1 0 1 1 0 0 0 0 3 1 0 0 0 1 0 0 1 1 1 0 0 0 1 1 1 1 1 0 1 1 0 0 
0 0 1 0 2 0 0 0 1 0 0 0 1 1 0 1 1 1 0 0 2 1 1 0 1 1 1 1 3 0 1 1 1 0 1 1 0 0 0 1 1 1 0 1 1 1 1 0 1 0 1 0 
0 0 1 0 1 1 1 0 1 0 0 1 0 0 0 0 1 0 1 1 0 0 0 1 1 0 1 0 2 1 0 0 1 0 0 1 0 1 0 1 1 1 1 0 0 0 0 1 0 1 1 1 
1 0 0 1 2 0 0 1 0 1 1 0 0 1 1 0 0 1 0 0 3 1 0 0 0 1 0 1 0 0 1 0 0 0 0 0 0 1 1 0 0 0 0 0 0 0 0 0 1 0 0 1 
1 1 0 0 2 0 0 0 0 0 0 1 1 0 0 0 1 0 1 0 1 0 0 0 0 1 1 0 0 0 1 1 1 1 1 1 1 0 0 1 1 0 1 1 1 1 0 1 0 0 0 0 
0 1 0 1 0 1 1 1 1 1 1 0 1 1 1 1 0 1 0 0 0 0 1 0 0 0 1 1 2 1 1 1 0 1 1 0 1 0 1 0 0 1 0 1 1 1 1 0 1 0 1 0 
1 1 0 1 1 1 0 0 1 1 0 0 1 1 1 0 1 0 0 1 2 1 0 1 1 1 0 0 3 1 0 1 1 1 1 0 1 1 1 0 0 0 0 0 0 0 0 1 0 0 1 1 
0 0 1 0 2 0 1 1 0 0 0 1 1 0 0 0 0 1 0 1 3 1 1 1 1 1 0 1 1 1 0 1 0 1 1 1 1 0 0 1 0 1 1 1 1 1 1 1 0 1 0 0 
0 1 1 1 1 0 1 0 0 1 1 0 1 0 1 0 0 0 1 1 2 0 1 1 1 0 1 0 0 0 0 0 0 1 0 0 0 0 0 1 1 1 1 1 1 0 1 1 0 1 0 1 
1 0 1 1 1 1 0 1 1 0 1 1 0 1 0 0 0 0 1 0 1 1 1 0 0 0 0 1 1 0 1 1 1 0 1 0 1 1 0 0 1 1 0 1 1 1 1 0 1 0 0 1 
0 1 1 1 0 1 1 0 1 1 0 0 0 1 0 0 1 0 1 1 3 0 1 1 1 0 0 1 3 1 0 0 0 1 1 1 1 1 1 1 1 1 0 0 0 0 1 1 0 0 0 1 
0 0 1 0 2 0 1 0 1 1 0 1 1 1 1 1 1 1 1 1 0 0 1 0 1 0 1 1 1 0 0 0 0 1 1 1 1 0 1 1 0 1 0 1 1 1 1 0 0 1 0 0 
0 1 1 0 0 1 0 1 0 1 1 1 1 1 0 1 0 1 0 0 0 0 1 1 0 1 1 1 0 1 1 0 0 0 0 1 1 0 1 0 1 0 0 1 1 0 1 1 0 1 1 1 
1 1 1 0 1 1 1 0 0 0 0 0 1 0 1 0 0 1 0 0 3 0 1 0 0 0 0 1 2 0 1 0 0 0 1 0 0 0 0 1 1 1 0 1 0 1 1 0 0 1 1 0 
1 1 0 1 2 0 1 1 1 0 1 0 1 0 1 0 0 0 0 0 1 0 1 0 1 0 0 1 2 1 0 1 0 1 1 1 0 1 0 1 0 1 1 1 0 0 0 0 0 1 0 1 
0 1 0 0 2 0 1 1 1 1 1 1 0 1 1 0 0 1 1 0 0 0 1 0 0 0 1 0 3 1 0 0 0 1 1 1 1 0 0 0 0 0 0 1 1 1 0 0 0 0 0 1 
0 1 0 1 1 1 1 1 0 0 1 0 1 1 0 0 1 0 0 0 2 0 1 0 1 1 1 0 2 0 1 0 0 0 0 1 1 1 0 1 1 1 0 0 0 1 1 0 0 0 1 0 

