# Size = 26 | Time = 91 ms
0 0 1 1 1 1 0 0 1 0 1 0 0 3 0 0 0 2 
0 1 0 0 0 0 1 1 0 1 0 1 1 0 3 0 2 0 
0 1 0 0 0 1 0 1 0 0 1 0 0 2 2 2 3 1 
0 0 1 0 1 0 1 0 1 1 0 1 0 1 1 1 1 3 
1 0 0 1 1 0 1 0 0 1 1 1 1 2 0 0 3 1 
0 1 1 1 1 1 0 1 1 0 0 0 0 0 3 3 2 3 
0 0 0 0 0 0 1 1 0 1 0 1 0 3 2 3 0 2 
0 1 0 0 0 1 0 1 0 0 1 0 0 1 1 1 1 0 
1 0 0 0 0 1 1 0 1 0 0 0 1 0 0 0 1 3 
0 0 1 1 1 1 0 0 1 1 0 1 0 2 2 2 2 0 
0 1 1 1 1 0 0 0 1 1 0 0 0 3 3 1 3 1 
0 1 1 1 1 0 0 0 0 0 1 1 1 1 1 0 3 2 
0 1 1 0 0 0 1 1 0 0 1 0 0 1 0 2 0 3 
0 0 1 1 1 1 0 0 0 1 1 0 0 2 3 2 1 2 
0 1 1 1 1 0 1 0 0 1 1 0 0 1 1 3 2 1 
1 0 0 1 1 1 0 1 0 0 1 1 1 3 0 0 0 0 
0 0 0 1 1 1 0 1 1 0 1 1 0 0 1 2 0 1 
0 0 0 1 1 0 0 1 0 0 0 1 0 0 0 1 2 2 
0 1 1 1 1 0 0 0 0 0 0 0 1 0 2 0 3 3 
0 0 0 1 1 1 0 0 0 0 0 0 0 2 3 1 0 3 
0 0 0 0 0 1 1 0 1 1 1 1 0 2 1 3 3 0 
1 0 0 0 1 1 1 1 1 0 1 1 0 3 0 0 2 2 
0 0 1 1 1 1 0 1 1 0 0 1 0 1 2 1 1 1 
0 1 1 0 1 0 1 1 1 0 0 1 0 3 1 2 1 3 
0 0 0 0 0 1 1 1 0 0 0 0 0 0 0 3 1 2 
0 1 1 0 0 1 1 1 1 1 0 1 0 1 3 1 3 1 

# Size = 28 | Time = 99 ms
0 0 0 0 1 1 0 1 0 1 1 0 0 1 0 3 3 0 
0 1 1 0 0 0 1 0 1 0 0 1 1 2 1 0 0 2 
1 0 0 1 1 0 0 0 1 0 0 1 0 0 0 0 1 3 
0 1 1 1 1 1 1 0 0 1 1 0 0 3 3 1 2 1 
0 1 1 0 0 1 0 1 0 0 1 0 0 0 2 2 1 3 
1 0 0 0 0 0 1 1 1 1 1 0 1 3 0 0 2 1 
0 0 0 1 1 1 0 1 0 1 0 0 0 2 1 2 0 2 
0 1 1 1 1 0 1 0 1 0 0 1 1 1 2 0 3 0 
0 0 0 0 0 0 0 1 0 0 0 1 0 3 3 1 3 1 
0 0 1 1 1 1 1 0 1 1 0 1 0 0 1 3 2 3 
0 1 0 0 0 0 1 1 1 0 1 1 0 2 3 3 1 2 
1 0 0 0 0 1 0 0 0 1 1 1 1 0 0 0 0 0 
0 0 0 0 0 0 0 0 1 0 1 1 0 1 3 2 2 0 
0 0 0 0 0 0 1 0 1 1 1 0 0 1 1 1 1 0 
0 0 0 1 1 0 1 1 1 1 1 0 0 3 2 3 0 1 
0 1 1 0 0 1 0 1 1 1 1 1 0 2 0 1 0 3 
0 0 0 0 1 1 1 1 0 0 1 1 0 3 0 2 3 2 
0 1 1 0 1 1 1 0 0 0 0 1 1 3 3 0 1 3 
0 1 0 1 1 0 1 0 0 0 1 0 0 0 2 1 2 2 
0 0 0 0 1 1 1 1 0 1 1 1 0 0 1 2 3 1 
1 0 0 0 0 0 1 1 1 1 1 1 0 2 0 0 3 2 
0 0 1 0 0 1 1 1 1 1 0 0 1 1 3 0 0 3 
0 1 0 0 1 0 0 0 0 0 0 1 1 2 2 0 2 0 
0 1 1 1 1 0 1 0 1 1 0 0 0 3 1 2 1 0 
0 1 0 0 1 0 1 1 1 1 0 1 0 1 1 1 1 1 
0 0 0 0 0 0 1 0 1 1 1 0 1 0 3 0 3 3 
1 0 0 0 0 0 1 0 0 1 1 0 1 2 0 0 2 1 
0 0 0 0 0 0 1 0 1 0 0 0 0 1 0 0 3 2 

# Size = 27 | Time = 94 ms
0 1 0 0 0 0 0 1 1 0 0 1 1 3 2 0 0 3 
0 1 1 1 1 1 1 0 0 1 1 0 0 1 3 2 1 2 
1 0 0 0 0 1 1 1 0 0 1 0 0 2 0 0 2 0 
0 0 1 1 1 0 0 0 1 1 0 1 0 0 1 3 3 1 
1 0 0 1 1 0 0 0 0 1 0 1 1 2 0 0 1 2 
0 0 1 0 1 1 1 0 1 1 1 0 0 3 2 1 0 3 
0 1 1 0 0 1 1 1 0 0 1 0 1 0 1 0 3 1 
0 1 0 1 1 0 0 1 1 0 0 1 0 1 3 1 2 0 
0 1 0 0 0 0 0 1 1 0 1 0 0 2 0 3 1 2 
0 0 0 0 0 1 0 0 1 0 0 1 0 2 3 2 3 1 
0 1 1 1 1 1 1 0 0 1 0 0 0 3 2 3 2 0 
0 0 1 0 0 0 1 1 0 1 1 1 0 1 0 2 0 3 
0 0 0 0 0 1 1 1 0 0 0 0 0 0 1 1 1 0 
0 1 1 1 1 0 0 1 1 1 1 1 0 2 3 3 0 3 
1 0 0 0 0 1 1 0 1 1 1 0 0 3 0 0 3 1 
0 0 1 0 0 1 0 0 0 0 1 0 0 3 1 2 2 2 
0 1 1 0 0 1 0 0 1 0 1 1 1 0 3 0 2 3 
0 1 0 0 0 0 0 0 0 1 1 0 1 1 2 0 1 1 
0 1 1 1 1 0 1 1 1 1 1 1 0 2 2 1 3 2 
1 0 0 0 1 1 0 1 0 0 1 1 1 0 0 0 0 0 
0 0 1 1 1 1 1 0 1 0 0 0 0 0 2 2 0 2 
0 1 1 1 1 1 1 1 1 1 0 1 0 1 1 3 3 3 
0 1 1 0 1 0 0 0 1 0 1 1 0 2 1 1 0 1 
0 1 0 0 1 1 1 1 1 0 1 1 0 3 3 3 1 3 
0 0 0 0 1 1 0 1 1 1 0 1 0 0 2 2 3 0 
0 0 0 1 1 1 0 1 1 0 1 0 0 3 0 1 2 1 
1 0 0 1 1 0 1 1 1 1 1 0 0 0 0 0 0 3 

# Size = 27 | Time = 96 ms
1 0 0 0 0 0 1 0 1 0 1 1 0 0 0 0 3 2 
0 1 1 0 0 1 0 1 0 1 0 0 0 1 1 1 2 0 
0 1 1 1 1 1 0 0 1 0 0 1 1 2 2 0 1 3 
0 0 0 1 1 0 1 1 0 1 1 0 0 3 3 3 0 1 
1 0 0 1 1 1 0 1 0 1 0 0 1 0 0 0 3 0 
0 1 1 0 0 1 0 0 1 0 0 1 0 3 3 2 0 1 
0 0 1 0 0 0 1 0 0 1 1 0 0 2 2 2 1 3 
0 1 0 1 1 0 1 1 1 0 1 1 0 1 1 1 2 2 
0 1 1 0 0 0 0 1 1 1 0 1 0 2 0 3 3 2 
0 0 0 0 0 0 0 0 0 0 1 1 1 1 1 0 0 0 
0 1 0 1 1 1 0 1 0 0 1 0 0 0 2 2 1 2 
1 0 0 0 1 1 1 0 1 1 0 0 1 3 0 0 2 3 
0 1 0 0 0 1 1 0 1 0 1 0 0 2 1 3 1 0 
0 0 1 1 1 0 1 0 1 0 0 0 0 0 3 1 0 3 
0 0 1 1 1 0 0 1 1 0 1 1 0 1 2 3 3 3 
0 0 1 1 1 0 1 1 0 0 0 1 0 1 0 1 1 1 
0 1 1 0 0 1 1 0 1 1 1 1 1 2 3 0 2 1 
0 0 0 0 1 0 1 0 0 1 1 1 0 0 1 2 3 1 
0 1 0 1 1 1 1 1 0 1 0 1 0 3 2 1 3 0 
1 0 0 0 0 1 1 1 0 0 0 1 1 2 0 0 0 2 
0 0 0 0 0 1 0 0 0 1 1 0 0 1 3 2 3 0 
0 1 0 0 0 1 1 1 0 0 0 0 0 0 2 3 2 1 
0 1 0 0 0 0 0 1 0 1 1 0 0 3 3 2 1 2 
0 1 1 1 1 0 0 0 0 0 1 0 0 2 0 2 2 1 
0 0 1 0 0 0 1 1 1 1 1 0 0 3 1 3 0 3 
0 0 0 1 1 1 1 0 0 1 0 0 0 2 2 1 0 3 
1 0 0 0 0 1 0 1 0 0 1 0 0 2 0 0 1 1 

# Size = 27 | Time = 91 ms
0 1 1 0 1 1 0 1 1 0 1 1 0 1 1 2 2 0 
1 0 0 1 1 0 1 1 0 1 0 0 1 2 0 0 0 3 
0 0 1 0 0 0 1 0 1 0 0 0 0 3 3 3 3 2 
0 1 0 0 0 1 0 0 0 1 1 1 1 0 2 0 1 1 
0 1 1 1 1 1 0 0 1 0 1 1 0 2 0 1 0 3 
0 0 1 1 1 0 1 1 1 0 0 0 0 0 2 1 1 1 
0 1 0 1 1 0 0 1 0 1 1 1 0 3 1 3 3 2 
0 0 0 1 1 1 1 0 0 1 0 0 0 1 3 2 2 0 
1 0 0 0 0 1 0 0 1 0 1 1 1 3 0 0 2 2 
0 1 1 0 0 0 0 1 1 1 1 0 1 1 3 0 0 0 
0 1 1 0 0 1 1 0 0 1 0 1 0 2 1 1 3 0 
0 0 1 0 0 0 1 1 0 0 1 0 0 0 1 2 0 3 
1 0 0 0 0 0 0 1 0 0 0 1 0 0 0 0 3 1 
0 1 0 0 0 0 0 0 1 0 1 1 0 2 2 3 2 1 
0 0 1 1 1 1 0 0 1 0 0 0 0 1 0 3 1 3 
0 1 0 1 1 0 1 0 0 1 0 1 0 2 3 2 1 2 
0 1 0 0 1 1 0 1 1 1 1 1 0 3 2 1 0 2 
0 0 1 1 1 1 0 0 1 1 1 0 0 1 2 2 3 1 
0 1 0 1 1 1 0 1 1 0 0 0 1 3 1 0 1 0 
0 1 1 0 0 1 1 1 0 0 0 1 0 0 3 1 2 3 
0 1 0 0 0 1 0 0 0 1 0 0 0 0 2 3 0 0 
0 1 1 1 1 0 1 1 1 0 0 1 0 3 3 2 0 1 
0 1 0 1 1 0 0 1 1 0 0 1 1 3 2 0 3 3 
1 0 0 0 0 1 1 0 0 1 0 0 1 0 0 0 1 0 
0 0 1 0 0 0 1 0 0 1 0 0 0 1 1 1 0 2 
0 1 0 1 1 1 0 0 0 0 0 0 0 0 0 2 1 2 
0 0 1 0 1 0 0 0 1 1 0 0 0 2 1 3 2 1 

# Size = 27 | Time = 92 ms
0 1 1 0 0 1 1 1 1 0 0 1 1 3 1 0 1 1 
0 0 0 1 1 0 0 0 0 1 0 0 0 0 2 1 2 3 
1 0 0 0 1 1 1 0 0 1 1 1 1 2 0 0 0 2 
0 1 1 1 1 0 0 1 1 0 1 0 0 1 3 2 3 0 
0 1 0 0 0 0 0 1 1 0 0 0 0 2 0 3 0 2 
0 0 1 0 0 1 1 0 0 1 0 1 0 1 3 3 3 0 
0 0 0 1 1 1 0 0 0 1 1 0 0 3 1 2 1 1 
0 1 1 0 0 1 1 1 1 0 1 1 0 0 2 1 2 3 
1 0 0 1 1 0 0 0 1 0 0 0 1 0 0 0 3 1 
0 1 1 1 1 0 1 0 0 0 0 1 0 2 1 2 0 2 
1 0 0 0 0 0 1 1 0 1 1 0 0 3 0 0 2 0 
0 1 0 1 1 0 0 0 1 1 0 1 1 1 3 0 1 3 
0 1 1 1 1 0 0 0 0 0 1 0 0 0 1 3 1 0 
0 0 1 0 0 1 1 1 1 1 1 1 0 1 2 1 0 1 
0 0 1 0 0 1 0 0 1 0 0 1 0 0 3 2 2 2 
0 1 1 0 0 0 1 1 0 0 0 0 0 3 2 1 3 2 
0 0 1 1 1 0 0 1 1 0 1 1 1 2 2 0 2 0 
0 1 1 1 1 1 1 0 0 1 0 1 0 2 0 1 1 3 
0 0 1 1 1 0 0 0 1 0 1 1 0 3 3 3 0 3 
0 1 1 0 1 0 1 1 1 1 1 0 0 1 1 3 2 1 
0 0 0 1 1 1 1 0 1 0 0 1 0 2 1 1 3 3 
0 0 0 0 0 1 1 1 0 1 0 1 0 2 3 1 1 1 
0 1 1 0 0 1 1 1 0 0 0 1 0 1 2 2 1 2 
0 1 0 0 1 0 0 1 1 1 1 0 0 1 0 2 2 3 
0 0 1 0 0 1 1 0 0 0 0 1 0 0 2 3 0 0 
1 0 0 1 1 0 1 0 1 0 0 0 1 0 0 0 1 3 
0 1 0 0 0 1 0 1 0 0 0 0 0 1 0 1 1 0 

# Size = 25 | Time = 89 ms
0 1 1 0 1 1 1 0 1 1 0 0 0 3 0 3 1 0 
0 0 0 0 0 0 0 1 0 0 1 1 1 2 3 0 3 3 
0 0 0 1 1 0 1 0 1 0 0 1 0 0 1 1 0 1 
0 1 1 1 1 1 0 1 0 1 1 0 0 1 2 2 2 2 
1 0 0 0 0 1 0 1 1 1 0 0 1 0 0 0 2 1 
1 0 0 1 1 0 1 0 0 0 1 1 1 3 0 0 1 2 
0 1 1 1 1 1 1 0 1 1 0 0 0 2 3 1 3 3 
0 1 1 0 0 0 0 0 0 0 1 0 1 1 1 0 0 0 
0 0 0 0 0 0 1 0 1 0 0 1 0 1 2 2 2 0 
0 1 1 0 0 1 0 1 0 0 1 1 0 0 1 3 1 1 
0 0 1 0 0 1 0 1 1 1 1 1 0 3 3 1 0 2 
0 0 1 1 1 0 0 0 0 1 0 1 0 2 1 3 2 2 
1 0 0 1 1 1 1 1 0 0 0 1 0 2 0 0 3 0 
0 1 0 0 0 1 0 1 0 1 0 0 0 1 3 3 3 1 
0 0 1 1 1 1 0 1 0 1 1 1 0 3 1 2 3 3 
0 0 1 1 1 1 1 0 0 1 0 0 0 1 0 1 1 3 
0 0 0 0 0 1 1 1 1 0 0 1 0 0 2 3 0 3 
0 0 0 0 0 0 1 1 0 1 0 1 0 2 2 2 1 1 
0 0 0 1 1 1 0 1 1 0 0 0 0 0 3 1 2 0 
0 0 1 0 1 0 0 0 1 0 0 1 1 0 2 0 3 2 
1 0 0 0 0 0 1 0 0 1 1 0 0 2 0 0 0 3 
0 1 1 1 1 0 0 0 0 0 1 0 0 3 2 1 2 1 
0 1 0 0 1 1 0 0 1 1 1 1 0 0 3 2 1 1 
0 1 1 1 1 1 0 0 1 1 0 0 0 2 0 2 2 3 
0 1 1 0 0 1 1 0 0 0 0 1 0 0 3 2 0 3 

# Size = 26 | Time = 88 ms
0 1 0 1 1 0 0 1 1 1 0 1 0 2 3 3 2 0 
0 0 1 0 0 1 0 0 0 0 1 0 1 1 2 0 1 3 
1 0 0 0 0 1 1 1 0 1 0 1 0 0 0 0 0 1 
0 1 1 1 1 0 1 0 0 0 1 0 0 3 1 2 3 2 
1 0 0 1 1 0 1 0 1 0 1 0 1 0 0 0 2 0 
0 1 1 1 1 0 1 1 1 1 0 1 0 1 2 1 0 3 
0 1 0 0 0 1 0 1 1 1 0 1 1 3 1 0 3 2 
0 0 1 0 0 1 0 0 0 0 1 0 0 2 3 1 0 1 
0 1 1 1 1 1 0 1 1 1 1 1 0 0 0 2 1 1 
0 0 1 0 0 1 1 1 0 0 0 0 0 3 2 3 2 0 
0 0 0 0 0 0 1 0 1 0 0 1 0 2 3 2 1 3 
0 0 0 0 1 0 1 0 1 1 1 0 0 1 1 3 3 1 
1 0 0 0 1 1 0 1 1 0 1 1 1 2 0 0 3 2 
0 1 0 0 0 1 0 1 0 0 1 1 0 0 2 1 3 2 
0 1 1 1 1 1 0 0 0 0 0 1 0 3 1 1 1 0 
0 1 1 1 1 1 0 1 0 1 0 1 0 0 1 3 2 3 
0 1 0 0 1 0 1 0 1 0 0 1 1 3 3 0 0 1 
0 0 1 1 1 0 1 1 0 1 0 1 0 1 3 2 2 2 
1 0 0 0 0 0 0 0 0 0 1 0 0 3 0 0 1 3 
0 0 0 0 1 0 1 0 1 0 0 1 0 2 1 3 0 2 
0 1 1 0 1 0 0 0 1 0 0 1 0 1 2 2 0 0 
0 0 1 1 1 1 1 0 1 1 0 1 0 1 0 1 2 1 
0 0 1 1 1 1 1 1 0 0 1 1 0 3 0 3 1 2 
0 0 1 0 1 0 0 0 1 0 0 1 1 0 3 0 3 0 
0 1 0 0 0 1 1 0 1 1 0 1 0 2 2 2 2 1 
0 0 0 1 1 0 1 1 1 1 0 0 0 2 1 1 3 3 

# Size = 28 | Time = 100 ms
0 1 0 0 1 1 0 1 0 0 0 0 0 3 2 1 1 1 
1 0 0 0 0 0 1 0 1 1 1 1 1 2 0 0 3 3 
0 0 1 1 1 1 1 0 1 1 0 0 0 1 3 3 0 0 
0 1 1 1 1 0 0 1 0 0 1 1 1 0 1 0 2 2 
0 0 1 0 0 1 1 1 0 0 0 0 0 2 0 2 2 2 
0 1 0 0 0 0 0 1 0 1 1 1 0 1 3 2 0 0 
0 1 1 0 0 1 1 0 1 0 0 0 0 0 1 1 3 3 
0 0 1 0 0 0 0 0 1 1 1 1 0 3 2 3 1 1 
1 0 0 1 1 1 0 1 0 0 0 0 1 3 0 0 3 1 
0 0 0 1 1 1 0 0 1 1 1 1 0 2 3 1 2 2 
0 0 0 1 1 0 1 1 1 1 0 0 0 3 1 2 1 3 
0 1 0 0 0 1 0 1 0 0 0 1 0 0 0 3 0 3 
0 1 1 0 0 0 1 0 0 0 1 0 1 1 2 0 1 0 
0 0 0 1 1 0 1 0 0 1 0 0 0 0 2 2 3 1 
0 1 0 1 1 1 0 1 1 0 1 0 1 2 3 0 0 1 
1 0 0 0 0 1 0 1 1 1 1 1 0 0 0 0 1 0 
0 0 1 0 0 0 0 1 0 0 1 1 0 3 2 1 0 2 
0 0 1 0 0 0 0 0 1 1 0 1 0 2 1 3 3 0 
0 0 1 0 1 1 1 1 1 0 1 1 0 1 0 1 3 2 
0 1 1 0 1 1 0 1 1 1 0 1 0 1 1 3 2 1 
0 0 1 0 0 1 1 1 1 0 1 0 0 3 3 1 2 0 
0 0 0 0 0 1 0 0 0 0 1 1 0 2 2 0 2 3 
0 0 1 0 0 0 1 0 1 1 1 1 0 0 3 3 1 2 
0 0 1 0 0 0 1 0 0 0 0 0 0 1 3 3 3 3 
1 0 0 0 0 0 1 1 0 0 0 1 1 0 0 0 2 2 
1 0 0 0 0 1 1 1 1 0 0 0 0 3 0 0 0 0 
0 0 0 0 0 0 0 0 0 1 1 0 0 0 1 2 0 0 
0 1 0 0 1 0 1 0 0 1 0 1 0 2 3 3 1 0 

# Size = 27 | Time = 95 ms
0 0 0 1 1 0 0 0 1 1 1 0 1 3 0 0 3 3 
0 1 1 0 0 1 1 1 0 0 0 1 0 3 2 1 0 2 
0 1 0 0 1 1 1 0 0 1 1 0 0 1 3 3 1 1 
1 0 0 0 0 0 0 1 0 0 0 1 1 2 0 0 2 0 
0 1 1 1 1 1 0 0 1 1 0 1 0 0 1 2 2 0 
0 0 1 0 0 0 1 1 1 0 1 0 0 2 1 2 3 1 
1 0 0 1 1 1 1 0 1 0 1 0 1 0 0 0 0 2 
0 0 1 1 1 0 0 1 1 0 0 1 0 1 3 3 1 3 
0 1 0 1 1 0 0 0 1 1 1 0 0 2 2 1 2 1 
0 1 0 0 0 1 1 1 0 1 0 0 0 0 2 2 3 3 
0 1 1 0 0 1 1 0 1 1 0 1 1 1 0 0 1 1 
0 1 0 0 0 0 0 1 0 1 1 1 0 1 1 3 0 2 
0 0 0 1 1 0 1 1 0 1 1 0 0 1 2 1 3 0 
0 0 0 0 0 1 1 1 0 1 0 1 0 2 3 2 1 2 
0 0 1 0 1 1 1 1 0 1 1 1 0 3 3 3 2 0 
1 0 0 1 1 1 0 0 1 1 0 1 0 3 0 0 3 1 
0 1 0 1 1 0 0 0 1 1 0 0 0 0 1 1 1 3 
0 0 1 0 0 0 1 1 0 0 0 0 1 0 3 0 0 1 
0 1 1 0 0 0 0 0 1 1 1 1 1 3 2 0 1 0 
0 1 1 1 1 0 0 0 1 0 1 1 0 2 0 3 0 3 
0 1 1 0 0 1 1 1 0 0 0 1 0 0 2 3 3 2 
0 0 0 1 1 1 1 1 0 0 0 0 0 1 0 2 2 2 
0 0 0 1 1 0 1 1 0 1 0 1 0 3 1 2 0 0 
0 1 1 1 1 0 1 0 1 1 0 0 1 2 1 0 2 3 
1 0 0 0 0 1 1 0 1 1 1 0 0 3 0 0 1 3 
0 1 1 0 1 1 1 0 0 1 1 1 0 3 3 1 3 2 
0 0 1 0 0 0 1 0 0 0 1 0 0 0 0 1 0 1 

# Size = 27 | Time = 95 ms
0 0 0 0 1 1 1 0 0 1 1 1 0 0 3 0 2 1 
0 1 1 1 1 0 0 1 1 0 0 0 0 3 1 3 1 3 
1 0 0 0 0 0 0 1 1 0 1 0 1 2 0 0 3 0 
0 1 1 0 0 1 1 0 0 0 0 1 0 1 2 1 0 2 
1 0 0 1 1 1 1 0 0 1 0 1 1 3 0 0 1 3 
0 1 1 1 1 0 1 1 0 1 0 1 0 2 3 2 3 0 
0 0 0 1 1 0 0 1 1 1 1 0 0 1 2 1 0 2 
0 1 1 0 0 1 0 1 1 0 0 0 0 0 0 2 2 1 
0 0 1 0 0 1 1 0 1 1 1 1 0 3 1 3 3 0 
0 1 1 0 0 1 0 0 0 0 1 0 1 2 3 0 0 3 
0 1 0 1 1 0 1 0 0 1 0 0 1 0 1 0 2 2 
0 0 0 0 0 0 0 0 0 0 1 1 0 2 2 2 1 1 
0 1 0 0 0 1 0 0 0 0 0 0 0 0 2 3 0 0 
0 1 0 1 1 1 0 0 1 1 0 0 1 1 2 0 3 1 
0 0 1 0 0 1 0 0 1 1 0 1 0 3 3 1 1 2 
0 1 0 0 0 0 1 0 0 1 1 1 0 3 1 2 0 1 
0 0 0 0 0 0 0 0 1 1 0 0 0 0 0 1 3 3 
0 1 0 1 1 1 1 0 0 0 1 0 0 1 2 2 2 3 
0 0 1 1 1 0 1 1 0 0 1 1 0 2 1 1 2 0 
0 0 0 0 0 0 1 1 1 1 1 0 0 2 0 3 2 2 
0 1 1 0 0 1 0 1 1 1 1 0 0 1 3 3 1 0 
1 0 0 0 0 1 0 1 0 1 1 0 0 0 0 0 0 1 
0 0 1 1 1 1 0 0 0 1 0 0 0 1 1 2 3 2 
1 0 0 0 0 1 0 1 1 0 1 1 1 3 0 0 2 2 
0 1 0 0 1 0 0 0 0 0 1 1 0 3 2 1 0 1 
0 0 0 0 0 0 1 1 1 1 0 0 0 1 0 3 2 1 
0 0 1 0 0 1 1 1 1 0 0 1 0 0 3 1 1 2 

# Size = 28 | Time = 97 ms
1 0 0 1 1 1 0 1 1 0 1 1 0 0 0 0 3 2 
0 1 1 0 0 0 1 0 0 1 0 1 0 2 1 1 2 1 
0 1 0 0 1 1 0 0 0 0 0 0 1 1 2 0 0 3 
0 0 1 1 1 0 1 1 1 1 1 0 0 3 3 3 1 0 
1 0 0 0 0 0 1 0 0 1 0 0 1 0 0 0 1 0 
0 0 1 0 0 0 0 1 1 1 1 1 0 1 2 2 0 3 
0 0 0 1 1 1 0 1 1 0 1 0 1 2 1 0 2 1 
0 1 1 0 0 1 1 0 0 0 0 0 0 3 3 2 3 2 
0 1 0 1 1 1 0 1 0 0 1 1 0 1 3 1 1 0 
0 1 1 1 1 0 0 0 1 0 0 1 0 0 0 3 2 3 
0 0 0 0 0 0 1 0 0 1 1 1 0 2 2 3 3 2 
0 0 0 1 1 1 0 1 1 1 0 1 0 3 2 1 0 1 
0 1 0 1 1 0 1 1 0 1 1 0 0 0 1 2 0 0 
0 1 1 1 1 1 1 0 1 0 1 1 1 3 3 0 3 3 
0 0 1 0 0 1 1 0 0 0 1 1 0 1 1 3 3 1 
0 1 1 1 1 1 1 0 0 1 0 1 0 2 0 2 1 1 
0 0 1 0 0 0 1 0 0 1 0 0 0 1 0 1 0 2 
1 0 0 0 0 1 1 1 1 1 0 1 1 3 0 0 2 2 
0 1 0 0 0 0 0 0 0 0 0 0 0 2 3 3 0 1 
0 0 1 1 1 0 0 1 1 1 1 1 0 1 2 2 2 0 
0 0 1 0 0 1 1 1 0 1 1 0 0 2 1 1 1 3 
0 0 1 0 1 0 1 0 1 0 1 1 0 0 2 1 3 1 
1 0 0 1 1 1 0 0 1 0 0 1 0 2 0 0 0 3 
0 0 1 1 1 1 0 1 0 0 0 0 0 3 1 2 1 2 
0 0 1 1 1 0 0 0 0 0 1 0 0 0 3 3 2 1 
0 1 1 0 1 0 0 0 1 1 1 1 0 2 3 1 3 0 
0 0 0 0 0 0 1 1 0 1 1 0 0 0 2 3 1 3 
1 0 0 0 1 1 0 1 0 0 1 1 1 2 0 0 2 1 

# Size = 26 | Time = 87 ms
1 0 0 0 0 1 1 1 0 0 0 1 1 0 0 0 3 2 
0 1 1 1 1 0 0 0 0 1 1 0 0 1 2 3 1 3 
0 1 0 0 1 0 1 1 1 0 0 0 0 3 3 1 2 1 
0 0 1 0 0 1 0 0 1 1 1 1 0 2 1 2 0 0 
1 0 0 1 1 0 0 0 1 1 1 0 1 3 0 0 2 0 
0 1 1 1 1 1 1 1 0 0 0 0 1 2 1 0 0 3 
0 1 1 1 1 0 0 0 1 1 1 1 0 0 3 1 3 2 
0 0 0 0 0 1 1 1 1 1 0 1 0 1 2 3 1 1 
0 1 1 0 0 0 1 0 0 0 1 1 0 3 0 2 2 3 
0 1 0 1 1 0 0 1 0 0 0 0 0 0 2 2 1 0 
0 0 0 0 0 1 1 0 0 0 0 0 0 1 3 1 0 3 
1 0 0 1 1 0 0 1 0 0 1 1 1 2 0 0 1 1 
0 1 0 0 0 1 1 0 1 0 1 0 0 3 1 3 2 2 
0 0 1 0 1 0 0 0 0 1 0 0 0 1 1 2 3 1 
1 0 0 0 0 0 1 0 1 0 0 0 0 0 0 0 0 3 
0 1 0 1 1 1 1 1 1 0 0 1 0 2 3 3 3 0 
0 0 0 1 1 0 1 0 0 1 1 0 1 1 2 0 2 2 
0 0 0 0 0 1 0 0 1 0 1 1 0 2 2 1 0 2 
0 0 0 1 1 0 1 0 0 1 1 0 0 1 0 1 1 0 
0 0 1 0 0 1 0 1 1 1 1 0 1 3 3 0 1 2 
0 1 1 0 1 0 1 0 1 0 1 1 0 0 0 3 0 1 
0 0 0 0 0 0 1 0 0 1 0 0 1 3 2 0 3 3 
0 1 1 1 1 0 1 1 1 1 0 0 0 2 3 2 2 2 
0 1 1 1 1 0 0 1 0 0 0 1 0 0 1 1 1 1 
0 0 0 1 1 0 1 0 1 0 1 0 1 0 2 0 2 0 
0 1 0 0 1 1 1 0 1 0 0 0 0 3 0 2 0 3 

# Size = 27 | Time = 96 ms
0 1 0 0 1 1 0 1 0 1 0 0 0 0 1 2 0 3 
0 0 1 1 1 0 1 0 1 0 1 1 1 3 3 0 1 1 
1 0 0 0 0 0 0 1 0 0 1 1 0 2 0 0 2 0 
0 1 1 0 0 1 1 0 1 1 0 0 0 1 2 3 3 2 
1 0 0 1 1 1 1 0 0 1 0 0 1 2 0 0 3 1 
0 1 1 1 1 0 0 1 1 0 0 0 0 3 2 1 2 0 
0 1 0 0 0 1 0 1 0 1 1 1 0 1 3 1 1 2 
0 0 1 0 0 0 1 0 1 0 1 1 1 0 1 0 0 3 
0 0 1 1 1 0 1 0 1 0 1 0 0 1 0 2 2 2 
0 0 0 1 1 0 0 1 0 0 1 1 0 0 2 3 3 1 
0 0 0 0 0 1 0 0 1 1 0 1 0 3 3 2 3 0 
0 1 1 1 1 0 1 1 1 1 0 0 1 2 1 0 1 0 
0 0 1 1 1 1 1 0 0 0 0 0 0 3 0 1 0 3 
0 1 1 0 0 1 0 1 1 1 1 0 1 1 1 0 2 1 
1 0 0 1 1 0 1 1 1 0 0 1 1 0 0 0 1 2 
0 0 0 1 1 0 0 0 0 0 0 0 0 2 3 3 0 3 
0 1 1 0 1 0 0 0 0 1 1 0 0 2 2 2 1 3 
0 0 1 1 1 0 0 0 0 0 1 1 0 3 1 3 2 2 
0 0 1 0 1 0 0 1 1 1 1 1 1 1 2 0 0 0 
0 1 1 1 1 0 0 1 1 1 1 0 0 0 3 1 2 0 
0 1 0 0 1 0 0 0 0 1 0 1 0 2 1 1 3 1 
0 1 1 0 0 1 0 1 0 0 1 1 0 3 0 3 1 0 
1 0 0 1 1 0 0 0 1 0 1 0 1 3 0 0 0 2 
1 0 0 1 1 1 1 1 1 1 0 0 1 2 0 0 2 3 
0 0 1 1 1 0 0 0 1 0 0 1 0 1 1 2 0 1 
0 0 0 1 1 0 1 1 0 1 1 0 0 1 0 1 3 3 
0 0 0 0 0 0 0 1 1 1 1 1 0 2 0 1 2 2 

# Size = 25 | Time = 85 ms
0 1 1 0 1 0 0 0 0 1 0 0 0 3 1 1 3 0 
1 0 0 0 0 1 0 1 1 0 1 1 1 2 0 0 2 3 
0 0 0 1 1 0 1 0 1 1 1 1 0 0 3 3 0 1 
0 1 1 1 1 1 1 1 0 0 0 0 0 1 2 2 1 2 
1 0 0 0 0 0 1 0 0 1 0 0 1 0 0 0 1 2 
0 1 1 0 0 1 1 1 1 0 1 1 1 3 3 0 3 0 
0 1 1 1 1 0 1 0 0 0 0 0 0 2 0 3 2 3 
0 1 0 0 0 1 0 1 0 1 1 0 0 1 1 2 0 1 
0 0 0 0 0 0 0 1 1 0 1 1 0 0 2 1 1 0 
0 0 1 1 1 0 1 0 1 0 0 1 1 1 1 0 0 1 
0 0 0 1 1 0 0 0 1 1 0 1 0 3 3 2 2 2 
0 0 0 0 0 1 0 0 0 1 1 1 0 2 2 3 3 2 
0 0 1 1 1 1 1 0 0 0 0 0 0 1 3 1 3 3 
1 0 0 1 1 1 1 0 1 1 1 0 0 3 0 0 0 0 
0 1 1 1 1 1 0 1 0 1 1 0 0 0 1 3 1 3 
0 1 0 0 1 1 1 0 1 0 1 1 0 2 0 1 0 1 
0 1 0 0 1 0 1 0 0 1 0 1 1 3 2 0 0 3 
0 1 0 1 1 0 0 0 1 1 0 1 0 0 0 2 3 0 
0 1 0 1 1 1 1 0 0 1 0 0 0 1 1 3 2 0 
0 0 1 0 1 0 0 1 1 0 0 1 0 0 2 1 2 1 
0 0 0 1 1 1 1 0 1 1 0 0 0 3 3 3 1 1 
0 1 1 1 1 1 1 0 0 0 1 0 0 2 3 2 1 0 
0 0 0 0 1 0 1 1 1 0 0 1 0 2 1 1 0 2 
1 0 0 0 1 1 0 1 1 1 0 1 0 3 0 0 3 1 
0 1 0 0 1 1 0 0 1 1 1 1 0 1 0 2 2 3 

# Size = 26 | Time = 91 ms
0 0 1 0 0 1 0 1 1 1 0 0 0 0 1 3 3 2 
1 0 0 1 1 0 1 0 0 0 1 1 1 0 0 0 2 3 
0 1 0 0 0 0 0 1 0 0 1 1 0 2 3 1 0 0 
0 1 1 1 1 1 1 0 1 1 1 0 0 3 2 2 1 1 
0 1 1 0 0 0 0 1 0 1 0 0 1 1 0 0 1 3 
0 0 1 1 1 1 1 0 1 0 0 1 0 1 3 3 0 0 
0 0 0 0 0 0 0 1 0 0 0 1 0 3 2 2 2 1 
1 0 0 1 1 1 1 1 1 1 0 0 1 2 0 0 3 2 
0 1 0 0 0 0 1 0 0 0 1 1 0 1 1 3 3 2 
0 0 1 1 1 1 0 0 1 1 0 0 0 2 1 1 2 3 
1 0 0 0 0 0 0 0 1 1 1 1 0 3 0 0 1 0 
0 0 1 0 1 1 0 1 0 1 1 0 1 0 3 0 0 1 
0 1 0 0 1 0 1 0 0 0 1 0 0 0 2 1 1 2 
0 0 1 1 1 1 0 1 1 0 1 0 1 3 2 0 3 0 
0 0 1 0 0 0 0 1 1 0 0 0 0 3 1 2 0 2 
0 0 0 0 0 0 0 1 1 1 0 0 0 3 3 2 3 3 
0 0 1 0 0 0 0 1 1 1 1 0 0 2 2 3 0 3 
0 1 0 0 0 0 1 1 0 0 1 0 0 1 0 3 2 1 
0 0 1 0 0 0 1 0 1 1 1 0 1 2 1 0 1 1 
0 1 0 0 0 1 0 0 1 1 1 0 0 0 1 2 2 0 
0 0 1 1 1 1 1 1 0 0 0 0 0 3 0 1 3 1 
0 0 0 0 0 0 1 0 1 0 1 0 0 1 3 1 2 2 
0 0 0 0 1 0 0 0 0 1 0 0 0 3 3 3 1 1 
0 1 0 0 1 1 1 1 1 1 0 1 0 2 0 2 0 0 
1 0 0 0 1 1 1 1 0 1 1 1 0 0 0 0 0 1 
0 0 1 0 0 0 1 1 0 1 1 1 0 1 2 2 2 3 

# Size = 27 | Time = 97 ms
1 0 0 0 1 0 0 1 1 1 0 0 0 2 0 0 0 1 
0 1 1 0 0 1 1 0 0 0 1 1 0 0 2 1 1 3 
0 0 1 1 1 1 1 0 1 1 0 1 1 3 3 0 3 2 
0 1 0 1 1 0 0 1 0 0 1 0 0 1 1 3 2 0 
1 0 0 0 0 1 0 1 0 0 1 0 1 3 0 0 1 2 
0 0 1 0 0 1 1 0 1 1 0 1 0 1 1 2 2 0 
0 1 1 0 0 0 0 0 0 0 1 0 0 2 3 2 3 1 
0 1 0 1 1 0 0 1 1 1 0 1 1 0 2 0 0 3 
0 0 1 0 0 1 1 0 0 1 1 1 0 2 0 3 0 3 
0 0 0 1 1 0 1 1 1 0 0 0 0 0 3 1 3 0 
0 0 0 1 1 0 0 0 1 1 1 0 0 2 2 2 1 2 
1 0 0 1 1 1 1 0 0 1 0 1 1 0 0 0 2 1 
0 1 1 1 1 0 0 1 0 0 1 0 0 3 1 1 0 2 
0 1 1 1 1 1 0 0 1 1 0 0 0 1 2 3 1 1 
0 0 0 1 1 1 0 0 0 1 0 0 1 1 1 0 3 3 
0 1 1 0 1 1 0 0 1 1 0 1 0 2 0 1 2 0 
0 0 1 0 0 0 0 1 1 1 0 1 0 3 2 2 2 3 
0 0 1 0 0 1 1 1 0 0 1 0 0 1 3 3 2 2 
0 0 0 1 1 1 0 1 1 0 0 1 1 2 1 0 1 0 
0 1 0 0 1 0 1 1 1 0 0 1 0 1 0 2 0 0 
0 1 1 1 1 0 0 1 1 0 1 1 0 3 2 3 3 0 
0 0 1 1 1 1 1 1 1 1 0 1 0 3 3 1 1 1 
0 1 0 0 1 0 1 1 1 1 1 1 0 0 1 3 3 1 
0 0 0 0 1 0 1 0 1 0 0 1 0 1 3 1 0 3 
1 0 0 1 1 1 1 0 0 0 1 1 1 2 0 0 3 0 
0 1 0 1 1 1 0 1 0 1 0 1 0 0 1 2 2 2 
1 0 0 1 1 1 0 0 1 0 0 0 0 3 0 0 1 3 

# Size = 27 | Time = 92 ms
0 0 1 1 1 1 1 0 0 0 1 1 0 1 3 2 0 1 
0 1 0 0 1 0 0 1 1 1 0 0 1 2 1 0 1 0 
1 0 0 0 0 1 0 0 1 0 0 1 0 0 0 0 3 3 
0 1 1 0 0 0 1 1 0 1 1 0 0 3 2 1 2 2 
1 0 0 1 1 1 1 1 0 1 1 1 1 2 0 0 2 2 
0 1 1 1 1 0 0 1 0 0 0 0 0 0 3 3 3 3 
0 0 1 1 1 1 1 0 1 0 1 1 0 3 2 3 1 0 
0 1 0 0 0 0 0 1 1 1 0 0 0 1 0 2 0 1 
0 0 1 1 1 1 0 0 1 0 0 0 0 2 1 1 2 2 
0 1 0 0 0 0 1 0 0 1 1 1 0 0 1 3 3 1 
0 0 1 0 0 0 0 0 1 1 1 0 1 3 3 0 0 3 
0 1 0 1 1 1 1 1 0 0 0 1 1 1 2 0 3 0 
1 0 0 0 1 0 1 0 0 0 0 0 1 3 0 0 1 1 
0 0 0 0 0 0 0 1 0 1 1 1 0 0 3 1 1 0 
0 1 0 0 0 0 1 1 1 1 0 1 0 2 2 2 2 3 
0 0 1 0 0 0 0 0 1 0 0 1 0 0 2 2 0 2 
0 1 0 1 1 0 0 0 1 0 0 0 0 1 3 3 2 2 
0 1 0 1 1 0 0 1 0 0 0 1 0 1 1 1 1 3 
0 0 1 1 1 1 0 0 1 1 1 0 0 2 0 3 0 0 
0 1 0 0 0 0 0 0 0 0 1 0 0 3 1 2 3 0 
0 0 0 0 1 0 0 0 1 1 0 0 0 2 0 1 3 1 
0 1 1 0 0 1 1 1 0 1 1 1 1 0 2 0 2 1 
0 1 0 1 1 0 0 0 0 0 0 1 0 2 3 2 1 2 
1 0 0 1 1 1 1 0 0 0 0 1 1 3 0 0 0 0 
0 1 1 1 1 0 1 1 0 1 0 0 0 0 1 1 0 3 
0 1 0 0 1 1 0 0 0 0 1 0 0 0 3 0 2 0 
0 0 1 0 0 0 0 1 1 1 0 1 0 3 2 1 3 2 

# Size = 26 | Time = 89 ms
0 0 1 0 0 1 1 0 0 0 1 1 0 3 0 3 1 3 
0 1 0 1 1 0 0 1 1 0 0 0 1 1 1 0 2 0 
0 0 0 1 1 0 1 0 0 1 0 1 0 0 3 1 0 2 
0 1 1 0 0 1 0 1 1 1 1 0 0 2 2 2 3 1 
1 0 0 1 1 1 1 0 0 1 1 0 1 2 0 0 3 1 
1 0 0 0 0 0 0 1 1 0 0 1 1 3 0 0 0 2 
0 1 1 0 0 1 1 0 0 1 1 1 0 1 1 1 2 0 
0 1 1 1 1 0 0 1 1 1 0 0 0 0 3 3 1 3 
0 0 0 1 1 0 1 1 0 0 0 1 0 3 2 2 2 1 
0 1 1 0 0 1 0 0 0 0 1 1 1 0 3 0 3 2 
0 0 0 0 1 0 1 0 1 0 1 0 0 2 2 1 0 3 
0 0 0 0 1 1 0 1 1 1 0 1 0 2 1 3 1 2 
0 1 1 1 1 0 0 1 0 1 0 0 0 3 0 1 3 0 
0 0 1 0 1 1 1 0 0 1 1 0 0 0 1 2 0 0 
0 0 1 0 1 0 1 0 0 1 1 0 1 1 2 0 1 3 
1 0 0 0 1 1 0 0 0 0 0 1 0 0 0 0 2 3 
0 1 1 1 1 1 1 1 1 1 0 1 0 1 3 3 0 1 
0 0 0 0 1 0 1 1 0 0 0 0 0 1 0 2 1 2 
0 0 1 0 0 1 1 1 0 0 1 1 0 2 3 3 2 0 
0 1 1 1 1 1 1 0 1 0 0 1 0 3 1 1 1 1 
0 1 0 0 1 1 1 0 1 0 1 1 0 1 1 3 3 3 
0 1 1 0 1 1 1 1 1 1 1 1 0 0 2 3 2 2 
0 1 1 0 1 1 0 0 0 0 1 0 0 3 3 2 1 3 
1 0 0 0 0 1 1 0 1 0 1 1 0 0 0 0 1 0 
0 0 1 0 1 0 0 1 0 0 0 1 1 1 2 0 0 0 
0 0 1 0 1 1 1 0 1 1 1 0 0 0 1 2 0 1 

# Size = 28 | Time = 97 ms
0 0 0 1 1 0 0 1 1 0 0 0 0 1 3 2 1 0 
0 1 1 0 0 1 1 1 0 1 1 1 1 0 1 0 0 2 
1 0 0 0 1 0 1 0 0 1 0 0 1 3 0 0 2 1 
0 1 1 1 1 1 0 0 1 0 1 1 0 2 2 3 3 1 
0 1 1 0 0 0 0 1 1 0 0 1 0 3 0 1 2 3 
0 0 0 1 1 1 0 0 0 1 1 0 0 0 1 1 0 3 
0 0 0 0 0 0 1 1 0 1 0 0 0 2 2 3 3 2 
0 1 1 0 0 1 1 0 0 1 1 1 0 1 3 2 1 0 
1 0 0 1 1 1 0 1 1 0 1 1 1 2 0 0 2 2 
0 1 1 1 1 0 1 1 1 0 0 0 0 0 1 3 0 0 
0 1 0 1 1 1 1 0 0 0 1 1 1 3 3 0 3 3 
1 0 0 0 0 0 1 1 1 1 1 0 1 2 0 0 1 0 
0 0 1 0 0 1 1 1 0 1 0 1 0 1 2 1 0 1 
0 0 0 0 1 0 0 0 1 1 1 0 0 3 2 2 1 2 
0 1 0 0 0 0 1 0 1 1 0 0 1 1 2 0 2 3 
0 1 0 0 1 1 0 0 0 0 1 1 0 0 0 2 3 1 
1 0 0 1 1 0 0 1 0 1 0 1 0 2 0 0 0 3 
0 1 1 0 0 1 1 1 1 1 0 1 0 1 1 1 3 0 
0 1 1 0 0 0 0 1 1 1 1 1 0 1 0 3 1 3 
0 1 1 0 0 1 1 1 0 0 0 0 0 0 3 3 2 0 
0 0 0 0 1 0 0 0 1 1 0 0 0 2 1 2 1 1 
0 1 1 1 1 0 0 0 1 0 0 0 0 2 3 1 1 2 
0 1 0 0 0 0 0 0 1 0 0 1 0 3 3 2 0 3 
0 0 1 1 1 1 1 1 1 1 1 0 0 3 1 3 2 0 
0 1 1 1 1 1 1 0 1 0 0 0 0 0 2 0 1 0 
1 0 0 0 0 1 1 0 0 1 1 0 1 0 0 0 3 1 
0 1 1 0 0 0 1 1 0 0 1 0 0 1 2 2 2 2 
0 0 0 1 1 1 1 1 1 1 1 1 0 2 3 0 0 1 

# Size = 25 | Time = 86 ms
0 0 0 0 0 1 0 1 0 1 1 1 1 2 1 0 0 3 
0 1 1 1 1 0 1 0 1 0 0 0 0 1 0 0 1 2 
0 1 0 1 1 1 0 1 1 0 1 1 0 0 2 1 3 0 
0 0 0 0 0 0 1 0 0 1 0 0 0 3 3 2 2 1 
1 0 0 0 0 0 1 0 1 1 0 1 1 0 0 0 3 0 
0 1 1 1 1 1 0 0 0 0 0 0 0 3 1 3 0 3 
0 0 1 0 0 0 1 1 0 1 1 1 0 1 2 3 1 2 
0 1 1 1 1 1 0 1 1 0 1 1 0 2 3 2 2 1 
1 0 0 1 1 1 0 1 0 0 1 0 1 3 0 0 1 1 
0 1 1 0 0 0 1 0 0 1 0 0 0 2 2 1 0 1 
0 0 1 0 1 0 0 0 0 1 1 0 0 0 1 2 3 2 
0 0 1 0 0 1 1 1 0 0 0 0 0 1 1 1 2 0 
0 1 0 1 1 1 0 0 1 1 0 1 1 1 3 0 0 2 
0 0 1 1 1 0 1 1 1 0 0 1 1 3 2 0 2 3 
0 1 0 1 1 1 0 1 1 1 1 0 0 2 3 3 3 0 
0 0 1 0 0 0 1 1 0 0 1 1 0 0 3 1 1 3 
1 0 0 0 1 0 1 0 0 1 1 1 0 2 0 0 2 2 
0 0 0 0 0 0 0 0 1 1 0 1 0 0 1 3 2 1 
0 0 0 0 1 1 1 0 0 0 0 0 0 1 0 2 0 3 
0 0 0 0 0 0 0 1 1 0 1 0 0 3 0 1 3 2 
0 1 0 1 1 0 0 0 0 0 1 0 0 2 1 2 1 0 
0 0 0 0 0 0 1 0 1 0 1 1 0 1 2 2 3 1 
0 1 0 0 1 1 1 1 1 1 1 0 0 3 0 3 0 0 
1 0 0 0 1 1 1 1 1 0 1 0 1 0 0 0 0 3 
0 0 1 1 1 1 0 1 1 0 1 1 0 3 2 0 3 3 

# Size = 27 | Time = 103 ms
1 0 0 0 0 1 0 0 0 0 0 0 1 0 0 0 0 1 
0 1 1 1 1 1 1 1 1 1 1 1 0 2 3 3 3 3 
0 1 0 0 1 0 0 0 1 0 0 1 0 3 1 1 1 2 
0 0 1 0 0 0 1 1 0 1 1 0 0 1 2 2 2 0 
1 0 0 1 1 0 1 1 1 1 1 1 1 0 0 0 2 2 
0 1 1 1 1 1 0 0 1 0 0 1 0 1 2 2 0 1 
0 0 0 0 0 0 0 0 0 0 0 0 0 2 3 3 3 3 
0 1 1 1 1 1 1 1 0 1 0 0 1 3 1 0 1 0 
0 1 1 0 0 0 0 1 0 0 1 1 0 0 0 1 0 0 
0 0 0 0 0 1 1 0 1 1 1 0 0 3 3 1 2 1 
0 0 0 0 0 1 0 0 0 1 1 0 1 1 3 0 1 2 
0 1 0 0 0 0 0 0 1 0 0 1 0 2 1 2 2 0 
1 0 0 0 0 0 1 1 0 0 0 0 0 2 0 0 1 3 
0 0 1 0 1 0 1 1 0 1 1 1 0 1 1 3 0 1 
0 0 1 1 1 0 0 0 1 0 0 1 1 2 2 0 3 2 
0 0 0 1 1 1 0 0 0 1 1 0 0 1 2 1 3 3 
0 1 0 0 0 1 1 1 1 1 0 1 0 0 1 2 3 3 
1 0 0 1 1 0 0 0 0 0 0 0 1 3 0 0 3 0 
0 1 1 0 0 1 1 1 1 1 1 1 0 0 2 3 1 0 
0 1 0 0 0 1 0 1 1 1 1 0 0 3 3 2 0 2 
0 1 1 0 0 1 0 0 0 1 0 0 0 3 0 3 2 3 
0 1 1 1 1 0 0 1 0 0 0 1 0 2 0 2 1 1 
0 1 0 1 1 0 0 0 0 1 1 0 1 2 1 0 0 3 
0 1 0 1 1 1 1 0 0 1 1 1 0 0 3 0 3 0 
0 1 1 0 0 0 0 0 1 1 1 1 0 2 2 1 3 1 
0 0 0 1 1 0 1 0 1 1 1 1 0 3 2 3 0 2 
0 1 1 1 1 1 0 0 1 1 1 1 0 1 0 1 2 0 

# Size = 27 | Time = 116 ms
0 1 0 0 0 1 0 0 0 1 0 1 0 0 0 3 3 3 
0 0 1 1 1 0 1 1 1 0 0 0 1 2 3 0 2 2 
0 0 0 0 0 0 1 1 1 0 1 1 0 3 2 1 1 1 
0 1 1 1 1 1 0 0 0 0 1 0 0 1 1 2 0 0 
1 0 0 0 1 0 0 1 1 1 1 0 1 0 0 0 0 0 
0 1 1 1 1 1 1 0 0 1 0 1 1 3 2 0 1 1 
0 1 0 0 0 1 0 0 0 1 1 1 0 2 3 1 2 2 
0 0 1 1 1 0 1 1 1 0 1 0 0 1 1 3 3 3 
0 0 0 0 0 1 0 0 1 1 0 1 0 1 1 2 1 2 
1 0 0 1 1 1 1 1 0 0 0 1 0 2 0 0 0 3 
0 1 1 0 0 0 1 0 1 0 0 0 0 0 2 2 2 0 
1 0 0 0 0 0 0 0 0 0 1 0 1 3 0 0 3 1 
0 1 1 1 1 1 0 1 0 0 0 0 0 0 0 1 1 3 
0 0 0 0 0 1 0 0 1 0 0 1 0 3 2 3 0 2 
0 0 0 0 1 0 1 1 0 0 0 1 0 2 3 3 1 0 
0 1 0 0 1 0 1 1 1 1 1 0 0 3 3 2 3 3 
0 0 0 1 1 1 0 0 0 0 0 0 1 1 1 0 2 1 
0 1 0 0 0 1 1 1 1 1 1 0 0 3 1 1 3 0 
0 0 0 0 1 0 0 0 1 1 1 0 0 2 2 2 3 1 
0 0 1 1 1 1 0 1 0 1 0 1 0 0 3 3 0 1 
1 0 0 0 0 0 1 1 1 0 0 1 0 3 0 0 2 2 
0 1 1 1 1 1 0 0 0 1 0 0 0 1 2 1 2 3 
0 1 0 0 0 1 1 1 0 0 0 0 0 0 1 2 3 2 
0 0 1 0 1 1 0 1 0 1 0 1 0 1 3 3 2 1 
0 0 1 1 1 1 1 1 1 1 0 1 0 1 0 2 0 1 
0 1 0 1 1 1 1 1 0 1 0 0 0 2 1 1 0 3 
1 0 0 1 1 0 1 0 0 0 0 0 1 3 0 0 1 3 

# Size = 25 | Time = 86 ms
0 1 0 0 0 0 0 1 0 1 1 1 0 1 0 1 1 3 
0 0 1 1 1 1 1 0 1 0 0 0 1 1 1 0 3 2 
0 0 1 0 1 1 0 0 1 1 1 1 0 0 2 3 0 1 
1 0 0 1 1 0 1 1 0 0 1 0 1 2 0 0 2 0 
0 1 1 0 0 1 1 1 1 1 0 0 0 3 3 2 2 0 
0 1 0 1 1 0 0 0 0 0 0 1 0 2 3 2 3 1 
0 1 0 0 0 0 0 1 0 0 1 1 1 3 1 0 0 2 
0 1 1 1 1 0 1 1 0 0 0 0 0 0 2 3 1 3 
1 0 0 0 0 1 0 0 1 1 0 1 1 3 0 0 1 3 
0 0 1 1 1 0 1 0 1 1 0 0 0 2 3 1 0 2 
1 0 0 0 0 1 1 1 0 1 1 0 0 0 0 0 3 1 
0 1 0 0 0 1 0 0 1 1 0 0 0 2 1 3 2 0 
0 1 0 1 1 1 1 0 1 0 0 1 0 3 2 1 2 1 
0 0 1 0 0 0 1 1 1 1 1 1 0 1 2 2 0 0 
0 1 1 0 0 0 1 1 0 0 1 0 1 1 3 0 1 1 
0 1 0 0 0 1 0 0 1 1 0 1 0 0 1 2 1 2 
0 1 1 1 1 1 1 0 1 1 1 1 0 3 0 3 3 2 
0 1 1 0 1 1 0 1 1 0 1 0 1 0 2 0 3 0 
0 0 1 1 1 1 1 0 1 1 0 1 0 0 1 1 3 3 
0 0 1 0 1 1 1 1 1 0 0 1 0 0 3 3 2 3 
0 0 0 0 0 1 0 0 1 0 1 0 0 2 0 2 0 3 
0 0 0 0 0 0 1 1 0 0 0 1 0 2 2 1 1 0 
0 0 0 1 1 0 0 0 0 0 1 1 0 1 2 3 2 2 
1 0 0 0 1 0 0 0 1 0 1 1 1 2 0 0 0 2 
0 1 1 0 1 0 1 1 0 1 0 1 1 3 1 0 1 1 

# Size = 27 | Time = 93 ms
0 0 1 0 0 1 0 1 0 1 1 0 0 3 3 3 2 1 
0 1 0 1 1 0 1 1 1 0 0 1 1 2 0 0 0 3 
0 1 1 1 1 0 1 0 0 0 1 0 0 0 2 2 3 2 
1 0 0 0 0 1 0 0 1 1 1 1 1 0 0 0 1 0 
0 1 1 0 0 0 1 1 0 1 0 0 0 1 1 1 1 0 
0 0 0 1 1 1 0 0 1 0 0 1 0 3 1 1 3 1 
0 1 0 1 1 1 1 0 1 0 0 1 0 1 3 3 2 2 
0 0 0 0 0 1 0 0 1 1 1 0 0 2 2 2 0 3 
1 0 0 0 0 0 1 1 0 1 0 0 1 3 0 0 3 2 
0 1 1 0 1 0 0 1 1 1 0 1 1 1 2 0 2 1 
0 1 1 1 1 0 0 1 0 0 0 1 0 3 3 2 1 0 
0 0 1 0 0 1 1 1 0 0 0 1 0 0 3 1 0 3 
1 0 0 1 1 0 1 1 0 0 1 0 0 2 0 0 2 1 
0 0 1 1 1 1 0 1 1 1 1 1 0 2 1 1 1 2 
0 0 1 1 1 0 0 0 0 0 1 0 0 1 0 3 3 3 
0 1 1 0 1 1 0 1 0 0 0 1 0 2 2 3 3 0 
0 1 1 0 0 0 1 1 0 1 1 0 0 0 1 3 2 3 
0 0 1 1 1 1 1 1 0 1 1 0 0 1 1 2 0 1 
0 1 1 0 1 1 0 1 1 0 0 1 0 3 2 3 1 3 
0 1 1 1 1 1 0 1 0 1 0 1 1 2 3 0 3 0 
0 0 0 1 1 0 0 1 1 0 1 1 1 3 1 0 0 0 
0 0 0 1 1 0 0 1 1 1 0 0 0 3 0 1 2 0 
0 1 0 0 0 0 1 1 0 0 0 1 0 0 0 2 2 1 
1 0 0 1 1 1 0 0 1 0 1 0 0 0 0 0 0 2 
0 1 0 1 1 1 0 1 0 0 0 0 0 3 2 1 1 1 
1 0 0 0 0 1 0 0 0 1 0 1 0 3 0 0 0 3 
0 1 1 1 1 1 1 0 1 1 0 0 0 2 1 3 0 3 

# Size = 26 | Time = 93 ms
0 0 1 0 0 0 0 0 0 1 0 0 1 1 3 0 2 0 
0 1 0 1 1 1 1 1 1 0 1 1 0 1 0 2 3 3 
0 0 1 1 1 1 0 0 1 0 0 0 0 2 2 1 0 1 
0 1 0 0 0 0 1 1 0 1 1 0 0 0 1 3 1 2 
1 0 0 0 0 1 0 1 1 1 1 1 1 3 0 0 0 1 
0 1 1 1 1 0 1 0 0 0 0 1 1 3 1 0 1 3 
0 1 0 1 1 1 1 1 0 1 1 1 0 2 3 1 2 0 
0 0 1 1 1 1 0 0 1 0 0 1 0 0 0 3 3 2 
0 1 0 0 0 0 0 0 0 1 1 0 0 2 2 2 3 3 
1 0 0 0 1 0 1 0 1 0 0 0 0 2 0 0 1 0 
0 0 1 0 0 0 0 1 1 0 0 0 0 3 1 2 2 1 
0 1 1 0 1 0 1 1 0 0 0 1 1 0 2 0 0 1 
0 1 1 0 0 0 0 1 1 0 1 1 0 3 3 1 1 2 
1 0 0 1 1 0 0 1 0 1 1 1 0 0 0 0 2 3 
0 1 0 1 1 1 1 0 0 1 1 0 0 1 1 3 0 0 
0 1 0 1 1 1 0 1 1 1 0 1 0 1 2 2 1 2 
1 0 0 0 1 1 1 1 0 1 1 0 1 2 0 0 3 2 
0 1 0 0 1 0 1 0 0 1 1 0 0 0 3 2 0 3 
0 0 0 0 1 1 0 1 1 0 1 1 0 3 2 3 3 0 
0 0 1 1 1 0 1 0 1 1 0 1 0 1 3 1 3 1 
0 1 0 0 1 0 0 0 0 1 1 0 0 2 2 3 2 2 
0 1 0 0 0 1 0 0 0 1 0 1 0 2 1 1 3 3 
0 1 1 0 1 1 1 0 1 0 0 1 0 0 0 1 0 2 
0 1 1 0 1 0 0 1 1 0 0 0 0 1 3 3 1 1 
0 1 0 0 0 1 0 0 1 1 0 1 0 0 1 2 0 0 
0 0 1 1 1 0 1 0 1 1 1 1 0 0 2 3 2 3 

# Size = 27 | Time = 93 ms
0 1 1 0 0 1 1 1 0 0 1 0 1 0 2 0 0 2 
0 0 0 1 1 0 0 0 1 1 0 1 0 3 3 0 3 3 
1 0 0 0 0 0 1 0 0 0 0 0 0 2 0 0 1 0 
0 1 1 1 1 1 0 1 1 0 1 1 0 1 1 1 2 1 
0 1 1 1 1 1 1 1 1 1 1 1 0 2 0 3 1 0 
0 0 1 1 1 0 0 0 1 1 0 0 0 0 2 2 0 2 
0 0 0 0 0 0 0 0 0 1 0 1 1 1 1 0 2 1 
0 1 0 0 0 1 1 1 0 0 1 0 0 3 3 2 3 3 
1 0 0 1 1 1 0 1 1 1 0 1 1 3 0 0 0 2 
0 1 0 0 0 0 1 0 1 0 1 0 0 3 2 3 2 1 
0 0 0 0 1 1 1 0 0 1 1 0 0 2 1 1 0 3 
0 1 0 0 0 0 0 1 1 0 0 1 0 0 2 1 1 0 
0 0 1 0 0 0 0 1 0 0 0 0 0 1 3 3 3 2 
1 0 0 1 1 1 1 1 0 0 1 0 0 0 0 0 3 1 
0 0 1 1 1 1 1 1 0 0 0 1 0 1 0 2 1 3 
0 1 0 1 1 1 0 1 0 1 0 0 0 2 3 2 2 0 
0 0 1 0 1 1 1 1 0 0 1 1 0 3 1 1 3 0 
1 0 0 0 0 1 0 1 0 1 1 1 1 0 0 0 2 3 
0 0 0 0 0 1 1 0 1 1 1 1 1 2 3 0 1 1 
0 0 0 1 1 0 1 1 1 0 0 1 0 0 1 3 1 2 
0 0 0 1 1 0 1 0 0 0 1 0 0 1 3 3 0 0 
0 0 1 1 1 0 0 1 1 1 1 0 0 2 2 3 3 3 
0 0 0 0 0 0 1 0 0 0 0 0 0 2 0 1 2 2 
0 0 1 1 1 0 0 0 0 1 1 1 0 0 3 2 0 1 
0 1 1 0 0 0 1 0 0 1 1 1 1 1 2 0 3 0 
0 1 0 1 1 1 0 0 1 1 0 0 0 3 3 1 1 2 
0 1 0 1 1 0 1 1 1 1 1 0 0 2 1 2 0 2 

# Size = 26 | Time = 89 ms
0 1 0 1 1 0 0 0 1 1 0 1 0 0 2 2 1 3 
0 0 1 0 0 1 1 1 0 0 1 0 1 2 2 0 0 0 
1 0 0 0 1 0 0 0 0 0 1 1 0 3 0 0 2 1 
0 1 1 1 1 1 1 1 1 1 0 0 0 1 1 3 3 2 
0 1 1 0 0 1 1 0 1 1 0 0 0 3 3 1 2 1 
1 0 0 0 0 1 1 1 1 0 0 1 1 0 0 0 1 2 
0 0 0 1 1 0 0 1 0 0 1 1 0 1 3 1 3 0 
0 1 1 0 0 0 0 0 0 0 1 1 0 2 1 3 0 3 
1 0 0 1 1 1 0 0 1 1 1 0 1 2 0 0 3 3 
0 1 1 0 0 0 1 0 0 1 0 0 0 1 0 2 1 0 
0 0 0 1 1 1 1 1 1 1 1 0 0 3 1 2 0 1 
0 1 1 0 0 0 0 1 0 0 1 0 1 0 3 0 2 2 
0 0 0 1 1 0 1 0 1 1 0 1 0 3 2 3 2 0 
0 0 0 0 0 0 1 0 0 0 0 1 0 2 3 2 0 2 
0 1 1 0 0 1 0 1 0 0 1 0 1 1 2 0 3 1 
0 0 1 0 1 1 1 1 0 0 1 0 1 3 1 0 1 3 
0 0 0 0 0 1 0 1 1 0 0 0 0 2 3 3 1 1 
0 1 1 0 0 1 0 1 0 0 1 0 0 0 1 1 0 0 
0 0 1 1 1 0 1 0 0 0 0 1 0 1 1 2 2 3 
0 1 0 0 0 0 1 1 1 0 0 1 0 2 2 1 1 2 
0 1 1 1 1 0 1 1 1 0 0 1 0 0 0 3 0 1 
0 0 0 1 1 0 0 1 1 0 0 1 0 1 3 1 0 3 
0 1 1 0 1 1 1 0 1 0 1 0 0 3 0 2 3 2 
1 0 0 0 0 0 1 0 1 1 0 1 1 2 0 0 0 0 
0 0 0 0 0 0 0 1 0 1 1 1 0 0 0 1 3 1 
0 1 0 0 1 0 1 0 1 1 0 1 0 2 3 2 2 1 

# Size = 27 | Time = 91 ms
0 1 1 0 0 1 0 1 0 1 1 1 0 2 0 1 3 3 
1 0 0 1 1 0 1 0 1 0 0 0 1 0 0 0 0 3 
0 0 0 1 1 1 1 1 0 1 1 0 0 1 1 2 1 2 
0 0 1 0 0 0 0 0 1 0 0 1 0 3 3 3 2 0 
0 1 0 0 0 0 0 1 0 0 0 1 1 1 2 0 1 1 
0 1 1 1 1 1 1 0 1 1 1 0 0 3 2 3 0 1 
0 1 1 1 1 1 1 1 0 1 1 1 1 0 3 0 2 0 
0 1 1 0 1 0 0 0 1 0 0 0 0 2 1 2 3 2 
1 0 0 0 0 0 1 1 0 1 1 1 1 3 0 0 3 2 
0 0 0 1 1 1 1 0 0 0 0 0 0 2 2 1 2 0 
0 1 0 0 0 1 0 1 0 1 0 1 0 0 1 3 0 2 
0 1 1 1 1 0 0 0 1 0 1 0 0 1 3 1 1 3 
1 0 0 0 0 1 0 0 1 0 1 0 0 2 0 0 1 1 
0 1 1 1 1 1 1 1 1 0 0 1 0 0 2 2 3 1 
0 0 1 0 0 0 1 0 0 0 1 1 0 1 0 2 2 0 
0 1 0 0 1 1 1 0 1 1 1 0 0 2 3 2 0 0 
0 1 0 1 1 0 0 0 0 1 0 1 0 3 1 2 2 3 
0 0 0 1 1 1 1 1 1 0 1 1 0 1 1 3 3 0 
0 1 0 0 1 1 0 1 0 0 0 1 0 0 1 1 1 1 
0 1 0 1 1 1 1 1 0 0 0 1 0 3 3 1 0 2 
0 1 1 0 1 1 0 0 0 1 1 0 1 2 1 0 2 1 
0 1 0 0 0 1 1 0 0 0 0 0 0 3 2 3 1 3 
0 0 1 0 0 1 0 0 1 1 1 1 0 2 2 3 2 2 
0 0 0 0 0 0 0 1 1 1 1 1 1 1 3 0 3 1 
1 0 0 0 0 0 0 1 1 1 0 1 1 2 0 0 2 0 
0 1 0 1 1 0 0 1 1 1 1 0 0 1 0 3 0 0 
1 0 0 0 0 0 0 0 1 0 0 0 1 3 0 0 1 0 

# Size = 25 | Time = 85 ms
0 1 1 1 1 0 1 1 0 0 0 0 0 2 1 2 2 0 
0 0 0 0 1 1 0 0 1 1 1 1 0 3 0 1 1 2 
1 0 0 0 0 0 1 0 0 0 1 0 1 0 0 0 0 3 
0 1 1 0 0 1 0 1 1 1 0 1 1 1 2 0 3 3 
0 1 0 1 1 0 0 1 1 1 0 1 0 0 3 3 0 1 
0 0 1 1 1 1 1 0 0 0 1 0 0 1 3 1 3 1 
0 0 0 0 0 1 0 0 0 1 1 1 0 2 1 3 2 0 
0 0 1 1 1 0 1 1 0 0 0 0 1 3 2 0 1 2 
0 1 0 0 0 1 1 0 1 0 1 1 0 3 2 2 0 1 
1 0 0 1 1 1 0 1 1 1 0 0 1 2 0 0 2 1 
0 1 1 0 0 0 1 0 0 0 0 0 0 1 0 3 1 2 
0 1 1 1 1 0 1 1 1 1 1 0 0 0 1 1 2 3 
0 0 0 0 0 0 0 1 1 0 0 1 0 0 3 2 3 2 
1 0 0 1 1 1 1 1 1 0 1 1 0 3 0 0 3 0 
0 1 1 0 0 0 0 1 0 1 0 0 0 2 2 1 0 0 
0 0 1 0 1 1 0 1 1 1 1 0 0 2 3 2 1 3 
0 1 1 1 1 1 1 0 1 1 0 1 1 0 1 0 1 0 
0 1 0 0 0 1 1 1 0 0 1 0 1 1 3 0 2 0 
0 0 1 0 1 0 1 1 0 0 1 1 0 3 1 3 3 3 
0 0 0 1 1 1 0 1 0 0 1 1 0 1 1 2 0 2 
0 0 0 0 1 0 1 0 0 0 1 1 0 0 2 3 2 2 
1 0 0 0 0 0 0 1 1 1 0 0 0 2 0 0 1 2 
0 1 0 1 1 1 0 0 0 0 0 1 0 2 0 2 3 0 
0 0 0 0 0 1 0 0 0 1 1 1 1 3 3 0 2 0 
0 1 1 0 0 0 1 1 0 0 1 1 1 3 1 0 1 1 

