# Size = 25 | Time = 524 ms
1 1 0 0 1 1 0 1 1 0 0 1 1 0 1 1 0 0 0 0 0 1 1 1 0 0 0 1 1 0 0 1 1 0 1 1 0 0 1 1 0 0 0 1 0 0 1 0 0 1 0 1 
0 0 1 1 0 0 1 0 0 1 1 0 0 1 0 0 1 1 1 1 2 0 0 0 1 1 1 0 2 1 1 0 0 1 0 0 1 1 0 0 1 1 1 1 1 1 0 1 0 0 1 0 
0 0 1 1 2 0 1 0 1 0 0 0 0 0 1 1 0 0 1 1 1 0 0 1 1 0 1 1 0 1 0 1 0 1 0 1 0 1 1 0 1 0 1 0 0 0 1 0 1 1 0 1 
1 1 0 0 2 1 0 1 0 1 1 1 1 1 0 0 1 1 0 0 3 1 1 0 0 1 0 0 3 0 1 1 1 0 1 0 1 0 0 1 0 1 0 0 0 1 0 0 1 0 1 0 
0 1 0 0 0 0 1 0 1 1 1 1 0 0 0 1 1 1 0 0 3 1 1 1 1 0 1 1 3 1 1 0 0 1 1 1 0 0 1 0 0 0 0 1 1 1 1 1 0 1 0 0 
1 0 1 1 1 1 0 1 0 0 0 0 1 1 1 0 0 1 1 0 1 1 0 0 0 1 0 0 0 0 0 0 1 0 0 0 1 1 1 1 1 0 1 1 1 0 0 1 0 0 1 1 
0 1 1 0 0 1 0 1 1 0 0 0 1 0 1 1 1 0 0 1 2 0 0 1 1 1 1 0 2 0 0 0 1 0 1 1 1 0 0 1 0 1 0 0 0 1 1 0 1 1 1 1 
1 0 0 1 1 0 1 1 0 1 1 1 0 1 0 0 0 0 1 1 0 0 1 1 0 0 0 1 1 1 1 1 1 1 0 0 0 1 0 0 0 1 1 1 1 0 0 0 1 0 0 1 
0 0 1 0 1 1 0 0 1 1 0 1 0 0 1 0 1 0 0 1 0 1 0 0 0 1 1 0 1 1 1 0 0 0 1 1 0 1 0 1 1 0 1 0 0 1 0 1 0 0 0 0 
1 1 0 1 2 0 0 0 0 0 1 1 1 0 1 1 0 0 1 0 2 1 1 0 0 0 0 1 2 0 0 1 0 1 1 0 0 1 1 0 1 0 0 1 1 1 1 1 0 0 1 0 
1 1 1 1 0 1 1 1 1 0 0 0 1 1 1 0 0 0 0 1 3 0 0 0 1 0 0 0 3 1 0 1 0 1 0 0 1 0 1 1 1 1 1 1 0 0 1 0 1 1 0 1 
1 1 0 0 0 1 1 0 0 1 1 1 0 1 0 1 1 1 0 1 1 1 1 1 0 1 1 1 0 0 1 1 1 0 0 1 1 0 0 0 0 1 0 0 0 1 1 0 0 1 1 0 
0 0 1 0 0 0 0 1 1 0 0 0 1 0 0 0 0 1 1 0 0 0 1 1 1 1 0 1 1 1 1 0 0 0 1 0 1 0 0 1 1 1 0 0 0 1 1 0 1 0 1 1 
0 0 0 0 1 1 0 0 1 1 1 0 1 0 0 0 1 0 1 0 3 1 0 0 1 1 1 1 2 0 0 0 1 0 1 0 0 1 0 1 0 1 1 1 1 0 0 1 0 1 0 1 
1 0 1 1 1 1 0 1 1 1 1 0 1 0 1 0 0 1 1 0 2 1 1 1 0 0 1 0 3 1 1 1 1 1 1 0 1 1 1 0 1 0 1 0 0 0 1 1 0 1 0 1 
1 1 1 0 2 0 0 0 0 0 0 0 0 0 0 0 1 1 1 1 1 1 0 0 1 0 1 0 1 0 0 0 1 1 1 1 1 0 1 1 0 0 1 1 1 0 1 1 0 0 1 1 
0 1 0 1 2 1 1 1 0 0 1 1 0 1 1 1 0 1 1 1 0 0 1 0 1 0 1 0 0 0 0 1 0 1 1 0 1 1 0 0 0 1 0 1 0 0 1 1 0 1 0 1 
0 1 0 1 2 1 0 1 0 1 1 0 0 0 1 1 1 1 0 1 3 0 0 1 0 1 1 0 1 1 0 1 0 1 0 1 0 0 1 1 1 0 1 1 0 1 1 1 0 1 1 0 
0 0 0 0 0 1 0 1 1 1 0 0 0 0 0 1 1 0 1 1 0 0 1 1 0 1 0 1 2 0 0 1 0 0 0 1 1 0 0 1 1 0 1 1 1 0 1 1 0 1 0 1 
0 0 0 0 1 0 1 0 1 0 0 1 0 1 0 0 1 1 1 0 3 1 0 0 1 0 1 1 0 0 0 1 0 0 1 1 1 1 1 1 1 0 0 0 0 1 0 0 0 1 0 0 
0 1 0 1 2 1 0 1 1 1 0 1 1 1 0 1 1 1 0 0 1 1 0 0 0 1 0 0 2 1 1 1 0 0 1 1 0 0 1 0 1 1 1 0 0 1 1 0 0 0 1 0 
1 0 0 1 1 0 1 1 0 0 0 1 1 1 1 1 0 1 1 1 0 0 0 0 1 1 1 1 3 1 0 1 1 0 1 1 1 0 1 0 1 0 1 1 1 1 1 1 0 0 1 0 
0 1 0 0 2 0 0 0 1 1 1 0 1 0 0 1 1 0 1 0 1 1 1 1 1 0 1 1 3 1 1 0 1 0 1 1 1 0 1 0 1 0 1 0 0 1 1 1 0 0 0 0 
1 1 1 1 0 0 0 0 0 1 1 1 0 1 0 1 0 0 0 0 2 0 0 1 1 1 1 0 0 0 1 0 1 1 1 1 0 0 0 0 0 1 1 1 1 1 1 0 0 0 0 1 
1 1 1 0 1 0 0 1 0 1 1 0 1 1 0 1 1 0 0 1 2 0 1 1 0 0 1 1 1 1 0 1 0 1 1 1 1 1 1 0 0 1 0 0 0 1 1 1 0 1 0 1 

# Size = 27 | Time = 613 ms
1 1 0 1 2 1 0 0 1 1 0 0 0 0 1 0 0 1 1 1 0 1 0 0 0 1 1 1 1 1 0 0 1 1 0 0 0 0 1 0 1 0 1 1 0 1 0 1 0 1 1 1 
0 0 1 0 2 0 1 1 0 0 1 1 1 1 0 1 1 0 0 0 2 0 1 1 1 0 0 0 0 0 1 1 0 0 1 1 1 1 0 1 0 1 0 0 0 1 1 0 1 0 0 0 
0 0 1 0 0 0 1 0 1 1 0 1 0 1 0 0 0 0 0 1 3 1 0 0 1 1 1 0 3 1 0 1 0 0 0 1 1 1 0 0 1 0 1 1 1 0 0 0 1 0 1 1 
1 1 0 1 1 1 0 1 0 0 1 0 1 0 1 1 1 1 1 0 1 0 1 1 0 0 0 1 2 0 1 0 1 1 1 0 0 0 1 1 0 1 0 1 1 0 1 1 0 0 0 1 
0 1 0 0 0 0 0 0 0 0 1 0 0 0 0 0 0 1 0 0 3 1 1 1 0 1 1 1 3 0 1 0 1 0 0 1 1 1 1 1 1 1 0 0 0 1 0 1 0 1 0 0 
1 1 1 1 1 1 1 1 1 1 1 1 1 1 1 1 1 0 1 1 1 1 0 0 1 0 0 0 2 1 0 0 0 1 1 0 0 0 0 0 0 0 1 0 0 1 1 0 1 1 1 0 
1 0 1 1 1 1 0 0 0 1 0 1 1 0 0 0 0 1 0 0 2 0 1 0 1 1 0 1 0 0 0 1 1 1 0 1 0 0 0 0 0 1 1 1 1 0 0 1 0 1 1 1 
1 0 0 0 0 0 1 1 1 0 0 0 0 1 1 1 1 0 1 1 0 0 0 1 0 1 1 0 1 1 1 1 0 0 1 1 1 1 1 1 1 0 0 0 0 0 1 0 1 0 0 1 
0 0 1 1 1 0 1 0 0 0 0 0 0 0 0 0 0 1 0 1 1 1 1 0 0 0 1 0 2 1 1 1 1 0 0 0 1 1 0 0 1 1 1 1 1 1 1 0 1 1 0 0 
0 0 1 0 0 1 0 1 1 1 0 1 0 1 1 0 1 0 1 0 3 0 1 0 0 0 0 1 3 0 0 0 0 0 1 0 0 0 1 1 0 0 0 1 0 1 0 1 0 1 0 1 
0 1 0 0 1 0 1 0 0 0 1 1 1 1 0 1 0 1 0 0 0 0 0 1 1 0 0 0 1 0 0 1 1 1 1 0 1 0 0 0 1 1 0 0 0 0 1 1 0 0 1 1 
0 1 0 1 0 0 1 1 1 1 0 0 0 0 1 1 1 1 1 1 2 1 0 1 1 1 1 1 0 1 1 0 0 1 0 0 0 1 1 1 1 0 1 0 0 0 1 0 1 0 1 1 
1 0 0 1 1 1 0 0 0 1 0 1 1 0 0 1 1 0 1 1 3 0 1 1 1 1 1 0 3 0 1 1 1 1 1 0 1 1 0 0 1 0 0 0 0 0 1 0 1 0 0 1 
0 0 1 0 2 1 1 1 1 1 1 0 0 1 0 0 0 0 1 0 1 1 1 1 0 1 1 1 2 1 0 1 0 1 1 1 1 0 0 1 0 1 1 1 1 0 0 1 0 0 0 1 
1 1 1 1 0 0 1 1 0 1 0 1 1 0 1 1 1 0 0 1 0 0 1 1 0 1 0 1 1 0 1 1 0 1 1 1 0 0 0 1 0 1 0 1 1 1 1 0 0 1 0 0 
1 1 1 0 0 1 0 0 0 0 0 0 1 0 1 0 0 0 1 0 2 0 1 1 0 1 0 1 2 1 1 0 0 1 1 0 0 0 0 0 1 0 0 1 0 1 0 0 1 0 1 0 
0 0 1 1 2 0 0 0 0 0 0 0 0 0 0 0 1 1 0 0 3 0 0 1 0 0 0 0 0 0 0 0 0 0 0 1 1 1 1 1 0 0 1 0 0 0 0 1 0 0 0 1 
0 0 0 0 0 1 1 0 1 0 1 1 1 0 0 0 0 0 0 1 1 1 1 0 1 0 0 1 0 0 0 1 1 1 1 0 1 0 0 0 1 0 0 1 1 0 0 0 0 0 1 1 
0 1 1 1 2 1 1 1 1 1 1 0 1 1 1 0 1 0 1 1 0 0 1 0 1 0 0 0 3 0 0 0 1 1 1 1 1 0 1 1 0 0 1 0 0 1 1 0 0 1 0 0 
0 0 0 1 2 0 1 0 1 0 1 0 1 1 0 0 1 1 1 1 3 1 1 1 1 1 1 1 2 1 0 0 1 0 1 1 1 0 0 1 0 0 1 1 1 1 1 1 0 1 0 1 
0 0 0 1 0 0 1 0 0 1 0 0 0 0 1 0 0 1 0 0 1 1 0 1 1 0 1 1 3 0 0 0 0 1 0 1 0 1 0 0 0 0 0 1 0 1 0 0 0 0 0 1 
0 1 0 0 0 0 0 1 0 1 0 1 1 1 0 0 0 1 0 0 0 0 0 1 1 0 1 0 2 0 0 0 0 1 0 0 0 1 1 0 0 1 1 1 1 1 0 0 1 0 1 0 
0 1 1 1 1 0 0 0 1 0 1 1 0 0 1 0 1 0 0 1 2 1 1 1 1 0 1 1 1 1 1 1 1 0 0 0 0 1 1 1 0 1 1 1 1 1 0 0 0 0 1 0 
1 1 0 1 1 1 1 0 0 0 1 1 1 0 0 0 1 1 1 0 0 0 0 1 0 0 1 0 0 1 1 1 0 1 1 0 0 1 0 0 1 0 1 1 1 0 1 1 0 0 1 1 
1 1 0 1 1 1 1 1 1 1 1 0 0 0 0 0 0 1 0 0 1 1 0 0 0 0 1 0 1 0 1 1 1 0 0 0 1 1 0 0 1 0 0 1 1 1 1 1 0 1 1 0 
1 1 1 1 1 1 1 0 0 0 1 0 0 0 0 0 0 1 0 1 3 0 0 1 1 0 1 0 1 0 1 0 0 0 0 1 0 0 1 1 1 1 0 1 0 1 1 1 0 1 1 0 
1 0 0 1 1 1 0 1 0 0 1 1 0 1 0 0 1 0 1 0 2 0 0 1 0 0 1 1 3 1 0 1 0 0 1 0 1 0 1 0 1 0 1 1 0 1 0 0 0 0 0 0 

# Size = 24 | Time = 536 ms
0 1 0 0 2 0 0 1 0 1 1 1 1 0 0 0 1 1 1 1 1 0 0 0 0 1 1 0 1 1 0 1 1 1 0 1 1 1 0 1 1 1 1 0 0 1 1 0 1 1 0 0 
1 0 1 1 1 1 1 0 1 1 0 0 0 1 1 0 0 0 0 0 3 1 1 1 1 0 0 1 2 0 1 0 0 0 1 0 0 0 1 0 0 0 0 1 1 0 0 1 0 0 1 1 
0 0 1 0 0 1 0 0 0 0 1 1 1 0 0 1 1 1 0 1 0 1 1 1 1 1 0 0 0 1 1 0 0 0 1 0 0 0 0 0 1 0 0 1 1 1 1 0 1 1 1 0 
1 1 0 1 0 0 0 1 1 0 0 0 0 1 1 1 0 0 1 0 2 0 0 0 0 0 1 1 3 0 0 1 1 1 0 1 1 1 1 1 0 1 1 0 0 0 1 1 0 0 0 1 
1 1 0 0 1 0 1 1 0 0 0 1 0 0 1 0 0 1 0 0 0 1 1 0 0 0 0 1 2 1 0 0 1 1 1 1 0 0 0 0 1 0 1 0 0 1 0 0 0 1 0 0 
0 0 1 1 2 1 1 0 1 1 1 0 1 0 0 0 1 0 1 1 2 0 0 1 1 1 1 0 3 0 1 1 0 0 1 0 1 1 1 1 0 1 0 1 0 1 0 0 1 0 1 1 
0 1 1 1 1 0 1 1 0 1 1 1 0 1 1 1 1 0 1 1 3 1 0 1 0 1 0 0 0 1 1 1 0 0 0 1 1 0 0 1 1 1 1 1 1 0 1 1 0 1 0 1 
0 0 1 0 2 1 1 0 1 0 0 0 1 1 0 0 0 1 0 0 1 1 1 0 0 0 1 1 1 0 0 0 1 1 0 0 0 1 1 0 1 0 0 1 1 0 0 1 0 0 1 1 
1 1 0 1 2 0 0 0 0 0 0 0 1 1 1 0 0 1 1 1 3 0 1 1 1 1 0 1 0 1 0 1 1 1 0 1 0 1 1 0 0 0 0 0 0 1 0 0 1 0 1 0 
1 0 0 0 1 1 1 1 1 1 1 1 1 1 0 1 1 0 0 1 0 0 0 0 1 0 1 0 2 0 1 0 0 0 0 0 1 1 0 1 0 1 1 0 0 0 1 0 1 0 0 1 
1 0 0 1 0 1 1 0 1 1 1 0 0 0 1 1 1 0 1 0 1 1 0 1 1 1 0 1 1 0 1 0 0 1 1 1 1 0 0 0 0 0 1 1 1 1 1 1 0 1 1 0 
0 1 1 0 2 1 1 1 0 1 0 1 0 1 0 0 1 1 0 0 2 0 1 0 0 0 0 0 3 1 1 0 1 0 0 0 0 0 1 1 1 0 0 1 1 1 0 0 1 1 0 0 
1 0 1 1 0 0 0 1 1 0 1 0 0 1 1 0 0 1 1 0 0 1 0 0 0 0 1 0 0 1 0 1 0 0 0 0 0 0 1 0 1 1 1 0 0 1 0 1 0 0 1 1 
0 1 1 0 1 1 0 0 0 0 0 1 0 0 1 0 0 1 1 1 2 1 1 1 0 1 1 0 2 0 0 1 0 0 1 1 1 0 0 0 1 1 1 1 0 0 1 0 0 0 0 1 
0 0 0 0 0 1 1 1 1 1 1 0 0 0 0 0 0 0 0 1 3 1 1 0 0 1 1 0 3 0 1 1 0 0 0 0 0 0 0 0 0 1 1 0 0 1 0 0 1 1 0 1 
1 1 0 0 1 0 1 1 0 0 0 0 0 0 1 0 0 1 1 0 1 1 0 1 1 0 1 0 3 1 1 1 1 0 1 1 1 1 0 0 0 1 0 0 0 1 0 0 1 0 1 0 
1 0 1 1 2 1 0 1 0 1 0 1 1 1 1 1 1 0 1 0 0 1 1 0 1 1 1 0 1 0 1 1 0 0 1 1 0 1 0 1 1 0 0 0 0 1 1 0 1 1 0 0 
1 1 0 1 1 0 1 0 1 0 1 0 0 0 0 1 0 0 1 0 2 1 1 1 1 1 1 0 1 1 0 0 0 0 1 0 0 0 0 0 0 1 1 1 1 1 1 0 1 0 0 0 
1 1 0 0 0 1 1 0 0 1 0 0 1 0 0 0 1 0 1 1 1 1 0 0 0 1 1 1 0 0 1 1 1 0 0 0 0 0 1 0 0 0 1 0 0 1 0 1 0 1 1 0 
1 1 0 1 2 1 1 1 0 0 0 0 0 1 0 1 1 1 1 0 1 1 1 0 1 0 0 1 2 1 0 1 1 0 0 1 0 0 0 0 1 1 1 0 0 0 1 1 0 1 0 1 
1 1 1 1 0 1 0 0 1 0 0 1 1 0 1 0 0 1 0 0 0 1 1 1 0 1 0 1 3 0 1 0 0 0 0 1 1 0 0 0 0 0 1 1 1 1 0 0 0 1 1 1 
1 1 0 0 1 1 1 0 1 0 0 0 0 1 0 0 1 1 0 0 3 1 0 1 1 1 0 1 1 1 1 1 0 0 1 1 0 1 0 1 1 1 0 1 1 1 1 1 0 0 1 0 
1 0 1 0 0 1 1 1 1 0 0 0 1 1 1 1 1 1 0 0 2 1 1 1 0 0 0 0 2 0 1 0 1 1 0 1 1 1 0 1 1 1 1 1 1 1 1 1 0 0 1 0 
1 1 0 1 2 0 0 1 1 1 0 1 1 0 1 0 1 0 0 0 2 1 0 1 1 0 1 1 0 1 1 0 0 0 0 0 0 1 1 0 1 0 1 0 0 1 1 0 1 0 1 0 

# Size = 22 | Time = 460 ms
0 1 1 1 2 0 1 1 1 1 0 1 1 1 0 0 0 1 1 0 0 1 1 0 0 0 0 1 1 0 0 1 0 1 0 0 0 0 0 1 1 1 1 1 1 1 0 0 1 0 0 1 
1 0 0 0 1 1 0 0 0 0 1 0 0 0 1 1 1 0 0 1 2 0 0 0 1 1 1 0 3 1 1 0 1 0 1 1 1 1 1 0 0 0 0 0 0 1 1 1 0 1 1 0 
0 0 0 1 0 1 0 0 1 1 0 0 1 0 0 1 1 1 0 0 1 1 0 1 1 1 0 1 0 1 1 0 1 1 0 1 0 1 1 0 0 1 1 1 1 0 1 0 1 0 1 1 
1 1 0 0 0 0 1 1 0 0 1 1 0 1 1 0 0 0 1 1 3 0 1 1 0 0 1 0 2 0 0 1 0 0 1 0 1 0 0 1 1 0 0 0 0 0 0 1 0 1 0 1 
1 1 1 0 1 0 1 0 0 0 1 0 1 1 0 0 0 1 0 1 1 0 0 1 1 0 1 1 0 0 1 1 1 1 0 0 0 0 1 1 0 1 1 0 0 1 1 0 1 1 0 0 
0 0 1 1 2 1 0 1 1 1 0 1 0 0 0 0 1 0 1 0 2 1 0 1 0 1 0 0 2 0 0 0 0 0 1 1 1 1 0 0 1 0 0 1 1 1 0 1 0 0 1 0 
0 1 1 1 1 1 1 0 1 1 1 1 1 1 1 1 1 0 1 1 3 1 1 0 0 1 0 0 3 1 1 1 0 0 0 0 0 0 0 0 0 1 0 1 0 0 1 0 1 1 1 1 
1 0 0 0 2 0 0 1 1 0 0 0 0 0 1 1 0 1 0 0 0 0 1 1 1 0 1 1 1 1 0 0 1 1 1 1 1 1 0 1 1 1 1 0 0 0 1 1 0 0 0 1 
1 0 0 0 2 1 1 0 0 0 0 0 1 1 1 0 0 1 1 1 2 1 1 0 1 1 0 0 2 1 0 0 0 1 0 0 0 0 1 1 0 0 1 1 1 0 0 0 0 1 0 1 
0 0 0 1 1 1 0 1 0 1 1 1 0 1 0 0 1 1 0 0 3 0 0 0 0 0 1 1 1 0 1 1 1 0 1 1 0 1 1 1 1 0 0 1 1 1 0 0 1 0 1 0 
0 1 1 1 0 0 0 1 1 0 0 1 0 0 1 0 0 0 1 1 1 1 1 0 0 1 1 0 0 0 0 1 0 0 0 0 1 0 0 0 1 0 0 0 0 1 0 1 0 0 1 0 
0 1 1 0 2 0 1 1 0 1 1 0 1 0 0 0 1 0 0 1 0 0 0 0 0 0 0 1 3 1 1 0 0 1 0 0 1 1 1 0 0 0 0 0 0 1 0 0 1 0 0 0 
1 1 0 1 1 1 1 1 1 1 0 1 1 0 0 1 0 0 1 0 3 0 1 1 1 1 1 0 3 0 0 0 1 1 1 1 1 0 0 1 1 0 1 1 1 0 1 1 0 1 1 1 
1 1 1 1 1 1 0 0 1 0 1 1 1 0 0 1 0 1 0 0 0 0 1 0 1 1 1 1 2 0 1 0 1 0 1 1 1 1 0 1 1 1 1 1 0 1 1 0 1 1 1 1 
0 1 0 1 0 0 0 0 1 1 0 1 1 0 1 1 0 0 0 1 2 1 0 0 0 0 1 1 1 0 0 1 0 1 1 0 0 0 1 0 0 1 0 1 0 1 1 0 1 1 0 0 
0 0 1 0 2 1 0 0 1 1 1 1 1 1 0 1 0 0 1 0 1 1 0 1 0 1 0 0 1 1 0 0 1 0 1 0 0 0 0 0 0 1 0 1 1 1 1 1 0 1 1 0 
0 0 0 1 2 1 0 0 0 0 1 0 1 1 0 1 0 1 0 0 3 1 0 0 1 1 1 1 0 1 0 1 1 1 1 0 0 1 0 0 0 0 1 0 0 0 1 1 0 1 1 1 
0 0 0 0 0 1 1 0 1 0 0 0 0 0 0 0 0 1 0 0 0 1 0 0 0 0 1 0 3 1 1 0 0 0 0 1 0 1 0 0 1 1 1 0 0 1 0 0 1 0 1 1 
1 1 0 1 1 0 1 1 0 1 0 0 0 0 0 0 0 0 0 1 1 1 0 1 0 0 1 0 3 1 1 0 0 1 0 1 1 1 0 0 0 1 0 1 1 1 0 0 0 0 1 0 
0 0 1 0 2 1 0 1 1 1 0 1 0 0 0 0 0 0 1 0 2 0 0 1 0 0 1 1 0 0 0 0 1 0 0 0 0 1 1 1 0 1 0 1 1 1 0 0 0 1 1 1 
1 0 0 1 1 0 0 0 0 0 1 1 0 0 1 1 0 1 0 0 1 1 1 0 0 0 0 0 2 0 1 1 1 0 1 1 0 0 0 0 1 1 0 1 0 0 1 0 1 0 1 1 
0 0 1 1 2 0 0 0 1 1 0 1 0 1 0 1 1 0 0 1 0 1 1 1 0 1 0 1 0 1 1 1 1 1 0 0 1 0 1 0 0 1 1 0 0 1 1 1 0 0 1 0 

# Size = 23 | Time = 458 ms
1 1 1 1 0 1 0 0 1 1 1 1 0 0 0 0 0 1 0 0 2 1 1 1 1 1 0 1 3 0 1 0 0 0 1 1 1 0 0 0 0 0 1 1 0 1 0 0 1 0 1 0 
0 0 0 0 2 0 1 1 0 0 0 0 1 1 1 1 1 0 1 1 0 0 0 0 0 0 1 0 0 1 0 0 1 1 0 0 0 1 1 1 1 1 0 0 0 0 1 1 0 1 0 1 
0 0 0 0 1 0 0 1 0 1 0 1 0 0 1 0 1 1 1 0 1 0 1 1 1 0 1 0 2 1 1 1 1 0 1 0 0 1 1 0 1 0 1 1 1 1 1 0 0 0 1 0 
1 1 1 1 1 1 1 0 1 0 1 0 1 1 0 1 0 0 0 1 3 1 0 0 0 1 0 1 1 0 0 1 0 1 0 1 1 0 0 1 0 1 0 1 1 0 1 1 0 0 0 1 
1 0 0 1 0 1 0 1 1 1 1 1 1 1 1 0 0 0 0 0 1 0 1 0 0 0 1 1 2 0 0 1 0 1 0 0 1 1 0 1 1 1 0 0 0 1 0 0 1 1 1 1 
0 1 1 0 2 0 1 0 0 0 0 0 0 0 0 0 0 1 1 1 0 1 0 1 1 1 0 0 1 0 1 0 1 0 1 1 0 0 1 0 0 1 1 0 0 0 0 0 1 1 0 1 
1 1 0 0 0 0 0 1 1 0 0 0 1 0 0 1 1 0 0 1 2 1 0 0 1 1 1 1 3 1 0 1 1 0 0 1 0 1 0 1 1 0 1 1 1 1 1 1 0 1 0 0 
0 0 1 1 2 1 1 0 0 1 1 1 0 1 1 1 1 1 1 0 3 0 1 1 0 1 0 0 0 1 1 0 0 1 1 0 1 0 0 0 0 0 0 1 1 1 1 0 1 1 1 0 
1 0 1 0 0 1 0 0 1 0 0 0 1 1 0 0 0 1 1 0 3 1 1 0 1 0 0 0 0 1 1 1 0 0 1 1 1 1 1 1 1 0 0 0 0 0 0 1 0 0 1 1 
0 1 0 1 2 0 1 0 0 1 1 1 0 1 0 0 1 0 0 1 2 0 0 1 0 0 1 1 2 0 0 1 1 1 0 0 1 0 1 0 0 1 1 1 1 0 0 1 0 0 0 1 
1 1 0 1 0 1 0 1 0 1 1 1 0 0 1 1 1 1 0 0 0 0 1 1 0 0 0 1 1 1 0 1 0 0 0 1 0 0 0 1 1 0 1 1 1 1 1 0 1 0 1 0 
0 0 1 0 1 0 1 1 1 1 1 0 1 0 1 0 0 0 1 0 1 0 0 1 1 0 1 0 3 1 1 0 0 1 0 1 0 1 1 0 0 0 0 0 0 0 0 1 0 1 0 1 
1 0 1 1 2 1 0 0 0 0 0 0 1 1 0 1 0 0 1 1 1 1 0 1 0 1 0 1 2 1 0 0 1 1 1 1 0 0 0 0 0 1 1 0 0 1 1 1 0 0 1 0 
1 1 0 1 1 0 0 1 1 1 0 1 0 0 1 0 0 0 0 1 3 0 1 0 1 0 1 1 0 0 1 0 1 0 0 1 0 0 1 0 0 1 1 1 1 0 0 0 1 0 0 1 
0 0 0 0 1 0 1 0 0 0 0 1 1 1 1 0 0 1 1 0 2 1 1 1 0 1 1 0 1 0 0 1 0 0 1 0 0 1 0 1 0 0 0 0 0 1 0 0 1 0 1 0 
0 1 1 1 0 1 1 0 0 0 0 0 0 1 1 0 0 0 0 0 0 1 1 0 0 1 0 0 3 1 0 0 1 0 0 0 1 0 1 0 1 1 1 1 0 1 1 1 0 0 1 1 
0 0 1 0 2 1 0 1 1 0 1 1 1 1 1 0 1 0 1 0 0 1 1 1 1 1 1 1 3 1 1 1 1 1 1 1 0 0 1 1 0 1 1 1 0 1 0 1 0 0 1 1 
1 1 1 0 1 1 0 0 1 0 0 0 0 0 1 0 1 1 0 0 1 1 0 0 0 0 0 1 1 0 0 1 0 1 0 0 1 1 0 1 0 1 1 0 0 1 1 0 0 1 1 1 
0 0 1 0 1 1 1 0 0 0 0 0 0 0 0 1 1 1 0 0 0 0 0 1 0 1 0 1 2 1 0 1 0 1 1 1 0 1 1 0 0 0 1 0 0 1 1 0 1 1 1 0 
1 0 0 0 0 1 1 1 0 1 0 0 0 1 1 0 1 1 1 0 2 1 0 0 1 1 0 1 0 1 0 1 0 1 0 0 0 1 1 0 0 0 0 0 0 1 0 0 1 0 1 0 
0 0 1 0 1 0 1 0 0 1 1 1 1 0 0 0 0 1 1 1 1 0 0 0 1 1 0 0 0 1 1 1 1 0 1 1 0 0 0 1 1 0 1 0 0 1 0 0 0 0 1 1 
0 1 0 0 2 0 1 0 0 0 0 1 0 0 0 0 0 1 0 1 3 0 0 0 0 0 0 1 3 0 1 0 0 1 0 1 1 0 0 1 1 0 1 1 1 1 0 0 1 0 0 0 
0 1 0 1 1 1 0 0 1 1 0 0 1 0 1 1 0 1 0 1 3 1 0 1 1 1 0 1 2 1 1 1 0 1 0 0 1 1 0 1 0 1 1 1 0 1 1 1 0 1 1 1 

# Size = 26 | Time = 517 ms
1 1 0 1 1 0 0 1 1 1 1 1 1 1 1 0 1 1 0 0 2 1 1 1 1 0 0 1 2 0 0 0 1 1 0 0 1 0 1 1 1 1 0 0 0 0 0 1 0 0 0 1 
0 0 1 0 0 1 1 0 0 0 0 0 0 0 0 1 0 0 1 1 0 0 0 0 1 1 1 0 3 1 1 1 0 0 1 1 0 1 0 0 0 0 1 1 1 1 1 0 1 1 1 0 
1 1 0 1 2 0 0 1 0 0 0 0 1 1 1 0 0 0 1 0 3 0 1 1 0 1 1 0 0 0 1 1 0 1 1 1 0 1 0 1 1 0 0 0 0 0 1 0 1 1 0 1 
0 0 1 0 2 1 1 0 1 1 1 1 0 0 0 0 1 1 0 1 1 1 0 0 0 0 0 1 1 1 0 0 1 0 0 1 1 0 1 0 0 1 1 1 1 1 0 1 0 0 1 0 
1 1 1 1 1 0 1 0 1 1 0 0 0 1 1 1 0 1 0 1 1 1 1 1 0 1 1 0 1 0 0 1 0 0 1 0 1 1 0 1 0 1 1 1 1 1 1 0 0 0 0 1 
0 0 0 0 0 1 1 1 1 0 1 1 1 0 1 1 1 0 1 0 0 0 0 0 0 0 0 1 0 1 1 0 1 1 0 0 0 0 1 0 1 0 0 0 0 0 1 0 1 1 1 1 
1 1 1 0 0 0 0 1 0 1 1 1 1 0 0 0 0 0 0 1 3 0 0 1 1 1 1 1 3 1 0 1 1 1 0 0 1 0 0 1 0 0 1 0 0 1 0 1 0 0 1 0 
0 0 0 1 1 1 0 0 0 0 0 0 0 1 0 0 0 1 1 0 2 0 1 0 0 0 0 0 2 1 1 0 0 0 1 1 0 1 1 0 1 1 0 1 1 1 0 1 0 1 0 0 
1 0 1 0 1 1 0 1 0 0 1 1 0 1 0 0 1 0 1 0 1 1 0 0 1 1 0 0 1 0 0 1 1 0 1 1 0 1 0 1 0 0 0 0 0 0 0 0 1 0 1 1 
0 1 1 1 1 0 1 0 1 1 0 1 1 0 1 1 1 1 0 0 3 1 1 0 0 0 1 1 3 0 1 0 0 1 1 0 1 0 1 0 1 1 1 1 1 0 1 0 1 1 0 1 
1 1 0 0 0 1 0 1 1 1 0 0 0 1 1 1 1 1 0 1 0 1 0 1 1 0 1 1 0 0 0 1 1 0 0 0 0 1 0 0 0 1 1 1 1 1 1 1 0 1 0 0 
0 0 1 0 2 0 1 1 0 1 1 0 0 0 1 1 1 0 1 1 2 0 0 1 1 1 1 0 2 1 1 0 0 1 0 1 1 0 0 1 0 0 1 1 0 1 1 0 1 0 1 1 
1 1 0 1 0 1 0 0 0 0 0 0 1 0 0 0 0 0 0 1 1 0 1 0 0 1 1 0 1 1 1 0 1 1 0 0 0 1 1 0 1 1 0 0 0 0 0 0 1 1 1 1 
0 1 1 0 1 0 0 0 1 0 1 1 1 1 0 0 0 1 1 1 0 1 1 1 0 0 1 1 0 0 1 1 0 0 1 0 1 0 1 1 0 0 0 1 0 0 0 0 0 0 1 1 
1 0 0 1 2 1 0 1 1 0 1 0 0 1 0 1 0 1 0 0 3 1 0 0 0 0 0 1 3 1 1 1 0 0 1 0 1 1 0 0 1 1 0 1 0 0 1 1 0 1 0 1 
0 1 0 0 0 1 1 0 1 1 0 0 0 1 0 0 1 0 0 1 2 0 0 0 0 0 0 1 2 0 1 1 0 1 1 1 1 1 0 1 0 1 0 1 0 1 0 0 1 0 1 1 
1 0 1 1 2 1 1 0 1 1 1 1 1 0 0 1 0 1 0 1 0 1 0 1 1 0 0 1 2 1 0 1 1 0 1 0 1 1 1 0 0 1 1 0 0 0 1 0 0 1 1 1 
1 0 0 1 0 1 1 1 1 0 0 0 0 0 0 0 1 0 0 1 1 1 1 0 1 1 0 0 2 0 0 0 0 0 1 1 1 1 1 1 0 1 1 0 0 0 0 0 1 1 0 1 
0 1 1 1 2 1 1 0 1 0 0 0 0 1 0 0 1 0 0 0 0 0 1 1 1 1 1 0 1 1 1 0 0 0 0 0 1 0 1 1 1 1 0 1 0 1 0 0 0 0 0 1 
0 0 0 0 1 1 1 0 1 0 0 1 0 1 1 0 0 1 0 1 2 0 1 0 1 1 0 1 0 1 1 0 1 0 1 0 0 0 0 1 1 0 0 1 1 1 1 0 1 0 1 1 
0 1 1 1 0 1 0 1 0 0 1 0 0 1 0 1 1 1 1 1 3 1 0 0 1 0 1 0 2 0 0 1 1 0 1 0 0 1 1 0 1 0 0 1 1 1 1 0 1 0 1 0 
1 1 0 0 0 1 1 0 0 0 1 1 1 0 0 1 0 1 1 0 2 0 1 1 1 0 0 0 1 0 1 1 0 0 0 1 0 1 0 0 0 0 1 1 0 1 1 0 0 1 1 1 
0 0 1 1 1 0 1 0 0 1 1 0 1 1 1 0 0 0 0 0 2 1 0 0 0 0 0 0 3 0 0 1 1 1 1 1 1 1 0 1 0 1 1 1 0 1 0 0 0 0 0 0 
0 1 0 1 0 0 0 0 1 0 0 1 1 0 1 0 0 1 1 0 3 0 0 1 0 0 0 0 1 1 0 0 1 0 0 1 0 1 1 1 1 1 0 0 0 0 0 0 1 0 0 1 
0 0 0 0 0 0 0 0 0 1 1 0 0 1 1 0 1 1 1 0 1 1 0 1 1 1 0 0 0 1 0 1 0 1 1 1 1 1 0 0 1 0 0 0 0 1 1 1 0 0 1 1 
1 1 1 1 1 1 0 0 1 1 1 0 0 1 0 1 0 0 1 1 1 1 0 1 1 0 0 0 3 1 0 1 0 0 0 0 1 0 0 0 1 0 1 1 0 0 1 0 0 0 1 1 

# Size = 24 | Time = 497 ms
0 1 1 0 2 0 0 0 0 0 1 0 0 0 0 0 1 0 0 1 3 1 0 1 0 1 1 1 0 1 1 0 1 1 1 1 0 1 0 1 0 0 1 0 0 0 1 1 0 0 0 1 
1 0 0 1 1 1 1 1 1 1 0 1 1 1 1 0 0 1 1 0 1 0 1 0 1 0 1 0 3 0 0 1 0 0 0 0 1 0 1 0 1 1 0 1 1 1 0 0 1 1 1 0 
1 1 1 0 0 1 1 0 1 0 0 0 0 0 1 1 0 1 0 1 2 0 1 1 1 0 0 0 2 1 1 0 0 1 0 1 0 0 1 1 0 0 1 1 1 1 1 0 1 0 1 0 
0 0 0 1 0 0 0 1 0 1 1 1 1 1 0 1 1 0 1 0 0 1 0 0 0 1 0 1 1 0 0 1 1 0 1 0 1 0 0 0 1 1 0 0 0 0 1 1 0 1 0 1 
1 0 1 1 2 0 0 0 1 1 1 0 0 0 0 0 0 1 1 0 2 1 0 0 1 1 0 0 2 1 0 1 0 0 0 1 1 1 0 1 1 1 1 1 0 1 0 1 0 1 0 0 
0 1 0 0 1 0 1 1 0 0 0 1 1 1 1 0 1 0 0 1 0 0 1 1 0 0 1 1 3 0 1 0 1 0 1 0 0 1 1 1 1 0 0 0 0 0 0 0 1 0 1 1 
1 0 1 1 1 1 0 0 0 0 1 0 0 1 1 1 0 0 0 1 1 1 0 0 1 1 1 1 1 0 1 1 0 1 1 0 1 1 1 0 0 0 1 1 1 0 1 0 0 0 1 1 
0 1 0 0 2 1 1 1 1 1 0 1 1 0 0 1 1 0 1 0 3 1 1 1 0 0 0 0 0 1 0 0 1 1 0 1 0 0 0 0 0 1 0 1 1 1 1 0 1 1 0 0 
0 1 1 0 1 1 1 0 1 0 1 0 1 0 1 0 0 1 1 1 1 0 1 0 0 0 0 0 1 1 0 0 1 0 0 1 0 1 0 1 0 1 0 0 0 0 0 1 0 0 0 1 
1 1 0 1 0 1 0 0 0 0 0 1 0 1 0 0 1 1 1 0 3 0 0 1 1 1 1 1 3 1 1 1 0 1 1 1 1 1 0 1 0 0 1 0 0 1 0 1 0 1 1 0 
0 0 0 0 2 1 0 1 0 1 1 1 0 1 1 0 1 0 0 1 2 0 0 1 0 0 1 1 2 0 0 0 1 1 0 0 1 1 1 0 0 0 0 0 0 0 1 0 1 1 0 1 
0 0 1 1 0 0 0 1 0 1 0 0 0 0 1 1 0 1 0 0 0 0 1 0 1 1 1 0 0 0 1 1 0 1 1 0 0 0 1 0 1 1 1 1 1 1 1 1 0 0 1 1 
1 0 0 1 1 1 1 0 1 0 1 0 1 0 1 1 0 0 1 1 3 1 0 0 0 1 1 1 3 0 1 0 0 0 1 0 0 1 1 1 1 0 1 0 0 1 1 0 1 1 0 0 
1 1 1 1 2 1 0 0 1 1 0 1 0 1 0 0 1 0 0 1 0 1 0 1 1 1 1 1 1 0 1 0 1 0 0 1 1 1 1 0 0 0 0 0 0 1 0 1 0 0 1 0 
1 0 1 1 1 0 1 1 1 0 1 0 1 1 0 0 1 0 1 1 1 1 0 1 1 1 1 1 0 1 0 0 0 0 0 0 1 1 0 0 0 1 1 0 0 0 0 0 0 0 1 1 
0 0 1 0 1 0 1 0 1 1 1 0 1 1 1 1 0 0 0 1 2 0 1 0 0 0 0 1 2 0 0 1 0 0 1 1 0 0 0 1 0 1 1 0 0 1 1 1 0 1 0 0 
1 1 1 1 2 0 1 0 1 1 1 1 1 0 1 0 0 1 1 1 2 1 1 0 0 1 0 0 3 0 1 0 0 0 1 0 0 0 1 1 0 1 0 0 0 1 1 1 0 0 1 0 
1 0 0 0 2 1 0 1 0 0 1 1 1 1 1 1 0 1 0 1 1 1 1 1 0 0 1 1 2 0 0 0 0 0 1 0 0 1 1 0 1 0 1 1 1 1 1 0 1 0 1 0 
1 0 1 1 0 1 0 0 0 1 1 1 0 0 1 1 0 1 1 0 0 1 1 0 0 1 1 1 2 1 1 1 0 1 0 1 1 1 1 0 1 1 0 0 0 1 1 0 1 1 0 1 
1 0 0 1 0 1 1 1 0 0 1 1 1 1 0 1 1 1 0 0 1 0 1 0 0 0 0 0 1 1 1 1 1 0 1 0 0 1 1 0 0 1 1 1 1 0 1 0 1 1 1 1 
0 0 0 1 2 1 1 1 1 1 1 1 1 0 0 0 0 1 1 0 2 1 0 1 0 1 0 1 0 1 1 1 0 1 1 0 0 1 1 0 1 0 0 1 1 1 1 1 0 0 0 0 
1 0 0 0 2 0 0 1 1 0 1 1 0 0 0 0 0 1 1 0 2 1 0 0 0 1 0 1 1 1 1 1 1 1 0 0 1 1 1 0 0 0 1 1 1 0 1 0 0 0 0 1 
1 0 0 1 2 1 1 0 0 1 1 0 0 1 0 1 0 1 0 1 3 1 1 0 0 1 1 1 2 0 0 1 0 1 0 0 0 1 1 1 1 1 1 1 0 1 1 0 0 1 1 1 
1 1 0 0 2 1 0 0 1 0 1 0 1 1 0 0 1 0 1 0 3 1 0 0 1 0 1 0 1 1 1 0 1 0 0 0 1 1 0 1 0 0 1 1 0 1 1 0 1 1 1 0 

# Size = 21 | Time = 425 ms
1 1 1 1 1 1 1 1 1 1 1 0 0 0 1 0 0 0 0 1 1 0 0 0 1 1 1 0 0 0 1 1 0 0 1 0 0 1 1 1 0 1 0 1 0 0 0 1 0 1 1 1 
0 0 0 0 2 0 0 0 0 0 0 1 1 1 0 1 1 1 1 0 2 1 1 1 0 0 0 1 2 1 0 0 1 1 0 1 0 0 0 0 1 0 1 1 1 1 1 0 1 0 0 0 
1 1 0 0 0 1 1 0 1 0 1 0 1 1 0 0 1 0 1 0 3 1 0 0 0 1 1 0 1 0 0 1 1 1 1 1 1 1 0 0 1 0 0 0 0 1 0 1 0 1 0 0 
0 0 1 1 0 0 0 1 0 1 0 1 0 0 1 1 0 1 0 1 0 0 1 1 1 0 0 1 1 1 1 0 0 0 0 0 1 0 1 1 0 1 1 0 0 0 1 0 1 0 1 1 
1 1 0 1 2 1 0 1 1 1 0 1 0 1 0 0 0 1 1 1 3 0 1 0 0 1 0 0 3 1 0 0 1 0 0 0 1 0 0 1 0 1 0 1 1 1 0 1 0 0 1 0 
0 0 1 0 1 0 1 0 0 0 1 0 1 0 1 1 1 0 0 0 3 1 0 1 1 0 1 1 3 0 1 1 0 1 1 0 0 1 1 0 1 0 1 1 1 0 1 0 1 1 0 1 
1 0 1 1 2 1 1 0 0 1 1 0 0 1 0 0 0 1 0 0 2 0 0 1 0 1 0 1 2 1 1 1 0 0 1 1 1 0 1 1 0 0 1 0 0 0 0 1 0 1 0 1 
0 1 0 0 1 0 0 1 0 0 0 1 0 0 1 1 1 0 1 1 1 1 0 0 1 1 0 0 0 0 0 0 1 1 0 1 1 1 1 1 1 1 0 1 1 1 1 0 0 0 1 0 
1 1 0 0 1 1 0 0 1 1 0 0 1 1 0 0 0 1 0 0 0 0 1 0 1 0 1 1 0 0 1 1 1 1 1 1 0 0 0 0 1 1 1 0 0 1 1 0 1 1 1 1 
0 0 1 1 2 0 1 1 1 0 1 1 1 1 1 0 1 0 1 1 0 1 1 1 0 0 1 0 2 1 0 0 0 0 1 0 0 1 0 0 0 0 0 1 1 1 0 1 0 0 0 0 
1 0 1 0 0 0 1 0 1 1 0 1 1 0 0 0 1 1 1 0 1 0 1 1 0 0 1 1 0 1 0 1 1 0 0 0 1 0 0 0 0 0 0 1 1 0 0 0 1 1 0 1 
0 1 0 1 0 1 0 0 1 1 1 0 1 0 1 1 0 1 0 1 2 1 0 1 1 1 0 0 2 0 1 1 0 0 0 0 0 1 1 1 1 0 0 1 0 1 1 0 1 0 1 0 
1 1 0 1 2 1 0 1 1 0 0 0 0 0 1 1 0 0 0 0 2 0 1 0 1 1 1 1 1 0 0 0 1 1 0 1 1 0 0 0 0 1 1 1 1 0 1 1 0 1 0 1 
1 0 0 0 1 1 1 0 1 0 0 0 0 1 0 0 1 0 0 1 1 1 0 0 0 1 0 0 2 1 0 1 1 1 0 1 0 0 1 0 1 1 1 0 0 0 1 0 0 0 1 1 
0 1 0 0 0 1 0 0 1 1 1 0 1 1 0 0 1 1 1 1 0 1 0 0 0 1 0 1 3 1 1 1 1 0 1 1 0 1 1 0 0 0 0 0 0 1 0 0 0 0 0 0 
0 1 0 0 1 1 1 0 0 0 1 0 1 0 0 1 0 1 0 1 1 0 1 1 1 1 0 0 1 1 1 0 1 0 0 0 0 0 1 1 1 0 1 1 1 1 1 0 1 1 0 1 
0 0 0 1 1 1 0 1 1 1 0 1 1 1 1 0 1 1 1 0 2 0 0 0 1 1 0 0 3 1 0 0 1 1 1 1 0 0 1 1 1 0 0 1 1 0 0 0 1 0 1 1 
1 1 1 1 2 0 0 0 1 1 0 0 0 1 0 1 1 1 0 1 1 1 1 0 1 0 1 1 3 0 1 1 1 1 1 1 0 0 1 0 1 0 1 1 1 0 1 0 0 0 1 1 
0 0 1 0 2 0 1 0 1 1 1 0 1 1 0 0 0 0 0 0 3 0 0 0 0 0 1 0 0 1 0 0 0 1 0 1 1 0 0 0 1 1 1 1 0 1 1 0 1 0 1 0 
1 0 0 0 2 1 0 1 1 0 0 1 1 1 0 1 1 0 1 1 2 0 1 1 1 0 1 1 0 0 0 0 0 1 0 1 1 1 0 0 1 1 0 1 1 1 1 1 0 1 1 0 
0 1 0 0 2 0 0 0 1 1 0 1 1 1 1 0 0 0 0 0 3 0 1 1 0 0 0 1 2 1 0 0 0 1 1 1 1 0 1 1 0 0 0 1 0 1 0 0 0 1 0 0 

# Size = 19 | Time = 401 ms
1 0 0 0 1 1 1 0 0 0 1 1 0 0 1 0 1 1 1 0 0 0 0 0 1 1 0 1 2 0 1 1 1 0 0 1 0 1 1 1 0 0 0 0 0 0 0 1 0 1 0 1 
0 1 1 1 0 0 0 1 1 1 0 0 1 1 0 1 0 0 0 1 0 1 1 1 0 0 1 0 0 1 0 0 0 1 1 0 1 0 0 0 1 1 1 1 1 1 1 0 1 0 1 0 
0 1 0 0 2 1 1 0 0 1 0 1 0 1 0 0 0 1 1 1 2 0 0 1 1 0 0 1 1 1 1 0 0 0 1 1 1 0 1 1 1 1 1 1 0 1 1 0 0 0 0 0 
1 1 1 1 2 0 0 1 1 0 1 0 1 0 1 1 1 0 0 0 1 1 1 0 0 1 1 0 3 1 0 1 1 1 0 0 0 1 0 0 0 0 0 0 0 0 1 1 0 0 1 1 
0 0 0 0 1 1 1 1 1 0 1 1 1 0 0 0 1 0 1 1 3 1 1 1 1 1 1 1 1 0 0 1 0 1 1 0 0 0 0 0 1 1 0 1 1 0 0 0 1 1 1 1 
1 0 1 1 0 0 0 0 0 1 0 0 0 0 1 0 0 1 0 0 3 0 0 1 0 0 0 0 3 0 1 0 1 0 0 1 1 1 1 1 0 0 1 1 1 1 0 0 1 1 0 0 
1 0 0 1 0 1 1 1 0 0 0 1 0 1 1 1 1 1 0 1 1 1 1 0 1 0 0 1 0 0 1 0 0 0 1 0 0 0 1 1 0 1 0 0 0 1 1 1 0 1 1 0 
0 0 1 0 1 1 0 1 1 1 1 0 1 1 0 1 0 1 1 0 2 0 0 0 0 0 1 0 2 1 0 0 1 1 1 1 1 1 0 0 1 0 1 0 0 0 1 1 0 0 0 1 
0 1 0 0 0 0 0 0 0 1 1 0 1 1 0 0 0 0 1 1 1 1 0 1 1 1 1 1 2 0 0 1 0 0 0 0 1 1 0 1 0 1 1 1 1 1 0 1 0 0 0 0 
1 1 1 1 0 0 1 0 1 0 0 1 0 0 1 0 1 0 1 1 2 0 1 0 1 1 0 0 0 0 1 1 1 1 0 1 1 0 1 0 1 0 0 1 1 0 0 0 1 0 1 1 
0 1 1 1 1 0 1 0 0 0 0 0 0 1 1 1 0 1 0 0 3 0 0 0 0 0 1 1 1 1 0 1 0 1 0 0 0 1 1 0 0 0 1 0 0 1 1 1 0 1 0 1 
0 0 0 0 2 1 1 1 1 1 0 1 1 1 0 0 0 1 0 1 2 1 0 1 0 0 0 1 3 1 0 1 1 1 1 0 0 0 1 1 1 1 0 0 0 1 0 0 1 1 1 0 
0 0 0 1 2 1 0 0 1 1 0 1 1 1 1 0 1 0 0 0 3 1 1 1 1 1 1 0 2 0 1 0 0 0 1 0 1 0 0 0 1 1 0 1 1 1 0 0 1 0 1 0 
1 1 1 0 1 1 0 1 1 0 1 0 0 0 0 0 1 1 1 0 1 0 1 1 1 0 0 0 0 0 0 0 0 1 0 1 1 1 0 0 1 1 1 0 0 1 1 0 1 1 0 1 
1 0 0 0 0 0 0 1 0 0 0 0 0 0 1 1 1 0 1 0 1 1 0 1 0 1 1 0 1 1 1 1 1 0 0 1 0 0 1 0 1 1 0 0 0 0 1 0 1 1 0 1 
1 0 1 1 1 1 1 1 0 1 0 1 0 0 0 0 1 1 1 0 0 1 0 0 1 1 0 0 3 1 1 0 0 0 0 1 1 0 1 1 1 0 0 0 0 1 0 1 0 0 1 0 
0 0 0 0 2 0 1 1 1 1 0 1 1 0 0 1 1 1 0 1 3 1 0 1 0 1 0 0 0 1 0 0 0 1 1 0 0 1 1 1 1 0 1 1 1 1 1 0 1 0 0 1 
0 1 0 0 2 0 1 1 1 0 1 1 0 1 1 0 0 1 1 1 0 1 1 1 1 0 1 1 1 1 1 1 0 1 0 1 0 1 0 1 0 1 1 1 0 1 0 0 0 0 1 0 
1 0 1 0 1 1 0 1 0 0 1 1 1 0 0 0 1 0 1 1 2 0 1 1 1 0 0 1 0 1 0 1 0 1 1 0 0 0 1 1 0 1 1 1 1 1 0 1 0 1 0 0 

# Size = 25 | Time = 519 ms
1 0 1 0 2 1 0 0 0 0 1 0 0 0 1 0 1 0 0 0 0 1 0 0 1 1 1 0 2 1 0 0 1 0 0 0 0 1 0 1 0 0 1 0 0 0 0 0 1 1 0 1 
0 1 0 1 0 0 0 1 1 1 0 1 1 1 0 1 0 1 1 1 1 0 1 1 0 0 0 1 1 0 1 1 0 1 1 1 1 0 1 0 1 1 0 1 1 1 1 1 0 0 1 0 
0 0 1 0 1 0 1 0 1 0 0 0 0 1 1 1 0 0 1 1 2 0 0 1 1 1 0 1 3 0 1 1 1 1 0 0 1 1 0 1 1 0 0 1 0 0 1 0 0 0 0 1 
1 1 0 1 1 1 1 1 0 1 1 1 1 0 0 0 1 1 0 0 3 1 1 0 0 0 1 0 0 1 0 0 0 0 1 1 0 0 1 0 0 1 1 0 0 1 0 0 0 1 1 0 
1 0 0 1 0 0 1 0 0 0 0 1 1 0 0 0 1 0 0 0 1 0 0 1 0 1 1 0 1 0 1 0 1 0 0 1 0 0 0 1 1 0 0 1 1 1 0 1 0 1 0 1 
1 1 1 0 2 1 1 1 1 1 1 0 0 1 1 1 0 1 1 0 0 1 1 0 0 0 0 1 2 1 0 1 0 1 0 0 1 1 1 0 0 0 1 1 1 1 1 0 1 0 1 0 
0 0 1 1 0 1 0 1 0 0 1 0 1 0 0 0 0 1 1 1 2 0 1 0 1 1 0 0 3 0 0 0 0 0 1 1 0 1 1 0 0 1 1 0 0 0 1 1 0 1 0 1 
0 1 0 0 2 0 0 0 0 1 0 1 0 0 1 1 1 0 0 1 3 1 0 1 1 0 1 1 0 1 1 1 1 1 1 0 1 0 0 0 1 1 0 0 0 0 1 0 1 0 1 1 
0 0 0 1 2 1 1 0 1 0 0 1 1 1 0 0 1 1 1 1 0 1 0 1 1 0 1 0 2 0 1 1 1 1 1 0 0 0 1 1 0 1 0 0 0 1 0 1 0 0 0 0 
1 1 1 1 0 0 0 1 1 1 1 1 1 1 1 0 1 0 0 0 2 1 1 0 0 1 0 1 3 1 0 0 1 0 1 0 1 0 0 1 1 0 0 1 1 1 0 0 1 0 1 0 
1 1 1 0 0 0 1 1 1 0 1 0 0 1 0 1 0 0 1 1 3 0 0 1 1 1 0 1 0 0 1 1 0 0 0 1 0 1 0 1 0 0 1 1 1 0 1 1 0 1 0 1 
0 0 1 0 1 1 0 1 0 1 0 0 0 1 1 0 0 1 0 0 1 1 1 0 1 0 1 0 1 1 0 1 1 1 0 0 1 1 0 0 0 1 1 0 0 0 0 0 1 1 0 1 
1 0 0 1 2 0 1 0 1 0 0 1 0 0 0 1 1 0 0 0 2 0 0 0 0 0 1 0 2 1 1 0 0 1 1 1 0 1 1 1 1 0 1 0 0 0 1 0 1 0 1 1 
0 0 0 1 1 1 0 1 0 0 0 0 0 0 1 0 0 1 0 0 0 0 0 1 1 0 1 1 3 1 0 0 1 1 0 1 1 0 1 0 1 0 1 1 1 1 1 1 0 1 1 1 
0 0 0 0 0 0 1 0 0 1 1 0 1 1 1 1 1 0 0 1 0 1 1 1 0 1 0 1 0 0 0 1 1 1 0 0 1 0 1 1 1 1 1 1 1 1 1 0 1 0 0 0 
0 1 0 0 2 1 1 1 1 1 1 1 1 1 0 1 1 0 0 1 1 0 1 1 1 1 0 0 1 1 1 1 1 0 0 0 0 0 1 1 0 0 1 1 0 1 1 1 0 0 0 0 
1 0 0 1 2 1 1 1 1 1 0 0 0 1 0 1 1 0 0 0 3 1 0 1 0 1 0 1 3 1 1 1 0 1 1 0 1 0 0 0 0 1 1 1 1 1 1 0 0 0 1 0 
0 1 1 1 0 1 1 1 1 0 0 0 0 0 0 0 0 0 1 1 3 1 1 0 1 1 0 0 2 1 0 0 1 1 1 1 0 0 0 0 0 0 1 1 0 1 0 0 1 0 0 0 
1 1 1 0 1 0 0 1 1 0 0 1 1 1 1 0 1 1 1 0 1 0 0 1 1 1 1 1 2 0 0 1 0 0 0 1 1 0 1 0 1 0 0 0 0 1 0 0 1 0 1 0 
1 0 0 0 1 1 1 1 1 1 0 0 0 1 0 1 0 0 1 0 1 1 1 0 0 0 0 1 0 1 1 0 0 1 1 1 1 1 0 1 0 0 0 0 0 0 1 0 1 0 0 1 
0 0 0 1 2 0 1 0 0 0 0 0 1 0 1 0 0 0 1 1 1 0 0 0 1 1 0 0 3 1 0 0 1 1 0 0 1 0 1 1 1 1 0 0 0 1 0 1 0 1 0 0 
0 1 0 1 1 0 0 1 0 1 1 0 0 1 0 0 0 1 1 0 2 0 1 0 1 1 0 0 0 1 1 1 0 0 0 0 0 0 1 1 0 0 1 1 0 1 1 0 1 1 0 0 
0 0 1 0 0 0 0 0 0 1 0 0 1 0 1 0 1 0 0 1 0 0 0 1 0 0 1 1 1 1 0 1 1 0 0 0 1 1 0 0 0 0 1 1 0 1 0 1 0 0 1 0 
0 1 0 0 0 0 1 0 0 1 0 0 0 1 0 1 0 0 1 1 3 1 0 0 0 1 0 0 1 0 0 0 0 0 0 1 0 0 1 1 1 1 1 1 1 1 1 0 1 0 0 1 
0 0 1 1 1 0 1 0 0 1 0 0 1 0 0 0 0 1 1 0 2 0 1 0 0 0 1 1 1 1 0 0 0 1 0 0 1 0 1 1 1 1 1 0 0 1 0 0 1 1 0 1 

# Size = 24 | Time = 556 ms
0 0 0 1 1 1 1 1 0 0 1 1 1 1 0 0 0 1 0 0 0 1 1 0 0 1 1 0 3 1 1 1 0 1 1 1 1 0 0 0 1 0 1 1 1 0 0 0 0 1 0 1 
1 1 1 0 2 0 0 0 1 1 0 0 0 0 1 1 1 0 1 1 3 0 0 1 1 1 0 1 2 0 0 0 1 0 0 0 0 1 1 1 0 1 0 0 0 1 1 0 1 0 1 0 
1 1 1 0 0 0 1 0 0 0 1 0 0 1 0 1 0 0 1 0 1 1 1 1 0 0 1 0 0 1 0 0 1 1 1 1 1 1 0 1 1 1 0 0 0 1 1 1 0 1 0 0 
0 0 1 1 0 1 0 1 1 1 0 1 1 0 1 0 1 1 0 1 2 0 0 0 1 0 0 1 1 0 1 1 0 0 0 0 0 0 1 0 0 0 1 1 0 0 0 1 0 0 1 1 
0 0 0 0 1 0 0 0 0 0 0 0 0 1 1 0 1 1 0 0 1 0 0 0 1 0 1 0 0 1 0 1 0 1 0 0 0 1 1 1 0 1 0 1 1 0 1 0 1 0 0 1 
1 1 0 1 2 1 1 1 1 1 1 1 1 0 0 0 0 0 1 1 3 1 1 1 0 0 0 1 2 0 1 1 1 0 1 1 0 0 0 0 1 0 1 1 1 1 0 0 1 1 1 0 
0 1 0 1 1 0 0 0 0 0 1 1 0 0 0 1 1 0 0 1 0 0 1 0 1 0 0 1 3 1 1 0 0 0 0 0 1 1 0 0 1 0 1 0 0 1 1 1 0 0 1 0 
1 0 0 0 2 1 1 1 1 0 0 1 1 0 1 1 0 1 1 0 2 1 0 1 1 1 1 0 1 0 0 0 1 1 1 1 1 0 1 1 1 1 0 0 0 0 1 0 1 1 0 1 
1 1 0 0 2 0 1 1 0 1 0 0 1 1 0 0 1 1 0 0 3 0 1 0 0 1 1 0 2 1 1 0 0 0 1 0 1 1 1 1 0 0 1 1 1 1 0 1 0 1 0 1 
0 0 1 1 1 1 0 0 1 1 0 0 1 1 1 0 0 1 0 0 1 1 0 1 0 1 0 1 3 0 0 1 1 1 0 1 0 0 0 0 0 1 0 0 0 1 0 0 1 0 1 0 
0 1 0 1 0 0 0 0 0 0 1 0 0 1 0 1 0 0 1 1 2 0 0 0 0 1 0 0 1 1 1 1 1 1 0 1 0 0 0 1 0 1 1 1 1 0 1 0 1 1 0 1 
1 0 1 1 1 1 1 1 1 1 0 1 0 0 1 0 1 0 1 1 0 1 0 1 1 1 1 1 0 0 0 0 1 0 0 1 0 0 1 0 0 0 1 1 1 0 0 0 1 1 1 1 
0 0 0 1 2 1 0 1 1 0 1 1 0 0 1 0 1 1 0 1 1 1 1 1 1 1 0 1 2 1 1 0 0 0 1 0 0 1 1 1 1 0 0 0 0 1 0 0 1 0 0 0 
1 0 1 0 2 1 1 1 0 0 0 0 0 1 1 1 1 0 1 0 0 1 1 1 0 0 1 1 3 0 1 1 0 0 0 1 1 1 1 1 1 1 0 0 0 0 1 1 0 0 1 1 
0 0 1 0 1 1 0 1 0 1 1 0 0 1 1 1 0 0 1 0 2 0 1 1 0 1 0 0 1 0 0 1 0 0 1 0 1 1 1 0 0 1 1 1 1 1 1 0 1 0 1 0 
0 0 0 1 1 1 1 0 1 0 0 1 1 1 0 0 0 0 1 0 3 0 0 1 1 1 0 1 0 0 1 0 1 1 1 1 0 0 1 0 0 1 1 1 1 0 0 1 0 1 0 1 
1 0 1 0 0 1 1 1 0 1 1 1 0 0 1 1 0 1 1 1 0 1 1 0 1 0 0 0 2 1 1 0 1 1 0 0 1 0 1 0 1 1 0 0 0 0 1 1 0 0 0 1 
1 0 0 0 0 1 0 1 1 0 1 0 1 0 0 0 1 0 1 1 3 1 0 1 0 0 0 1 3 0 1 0 0 0 1 0 1 0 1 1 1 1 1 1 1 0 1 0 0 1 0 1 
0 1 1 0 1 1 1 0 1 1 0 1 0 0 0 1 0 0 1 1 2 1 1 1 1 1 1 1 2 0 1 0 1 0 0 1 0 1 1 0 0 0 1 1 1 0 1 0 1 0 0 1 
0 0 1 1 0 1 0 1 1 1 1 1 1 1 1 0 1 0 1 0 1 1 0 0 1 0 0 0 1 0 1 0 0 1 0 0 0 0 1 0 1 1 1 1 1 0 1 0 1 1 0 1 
0 1 1 1 2 1 1 0 1 0 1 1 1 0 0 0 0 0 0 0 2 1 0 1 0 0 1 1 0 1 0 1 0 1 1 1 1 1 1 1 0 1 1 1 1 0 0 0 1 1 1 1 
0 1 0 1 0 1 1 0 1 1 0 0 0 0 1 0 1 0 0 0 3 0 1 0 0 1 0 1 1 1 0 0 1 1 0 1 1 1 0 0 0 0 0 0 0 1 0 1 0 1 1 0 
1 0 0 1 1 1 1 1 1 0 0 1 1 0 1 1 1 0 0 0 2 1 1 1 1 0 0 1 3 0 0 0 1 0 0 0 0 0 0 0 0 1 1 0 0 0 1 1 0 1 0 1 
0 0 0 0 1 0 0 0 0 1 1 0 1 0 1 0 1 0 1 1 0 1 0 0 0 0 0 1 1 1 1 1 0 1 1 0 1 0 0 0 0 1 0 1 0 1 0 1 0 1 0 0 

# Size = 23 | Time = 483 ms
1 0 0 1 2 1 0 0 0 1 0 1 0 0 1 0 0 0 1 1 3 0 0 1 1 1 0 0 0 0 0 0 0 0 1 1 0 0 0 0 0 0 1 1 1 0 0 0 1 1 1 1 
0 1 1 0 1 0 1 0 1 0 1 0 1 1 0 1 1 1 0 0 0 1 1 0 0 0 1 1 3 1 1 1 1 1 0 0 1 1 1 1 1 1 0 0 0 1 1 1 0 0 0 0 
0 0 1 0 0 0 0 1 0 0 1 0 1 0 1 0 1 1 1 1 1 1 1 0 0 1 1 0 1 1 0 0 0 1 1 0 0 1 0 0 1 0 0 1 0 0 0 0 0 1 0 1 
1 1 0 1 0 1 1 1 1 1 0 1 0 1 0 1 1 0 0 0 2 0 0 1 1 0 0 1 2 0 1 1 1 0 0 1 1 0 1 1 0 1 1 0 0 1 1 0 1 0 1 0 
1 1 0 1 2 0 1 1 1 1 0 0 0 1 1 1 0 1 1 0 3 1 1 0 0 0 0 1 1 1 1 0 1 1 1 1 1 0 1 0 0 0 0 1 1 0 1 1 0 1 0 1 
0 0 1 0 1 1 0 1 0 0 1 1 1 0 0 0 0 0 0 0 2 0 0 0 1 1 1 0 0 1 1 1 0 0 0 0 0 1 0 1 1 1 1 1 1 1 0 1 0 0 1 0 
0 0 0 1 1 1 1 1 0 0 0 0 0 0 1 0 0 1 1 1 0 1 1 1 0 1 0 1 3 0 0 1 0 0 1 0 1 1 1 0 1 0 1 0 0 1 1 0 1 1 1 0 
1 1 1 0 2 0 0 0 0 1 1 1 1 1 0 0 0 0 0 1 1 0 0 1 0 0 1 0 2 0 0 0 1 1 0 1 0 1 0 1 0 0 0 0 0 0 0 0 1 1 0 1 
0 0 1 1 2 0 0 0 1 0 0 0 1 0 0 1 1 0 0 1 1 0 1 1 1 1 0 1 1 0 0 1 1 0 1 0 0 0 0 0 0 1 1 1 1 1 1 1 0 0 0 1 
1 1 0 1 1 1 0 1 1 1 1 1 1 1 1 0 1 0 1 0 0 1 0 1 1 1 1 0 3 1 0 0 0 1 0 1 1 0 0 1 0 1 0 1 1 0 0 1 0 0 1 1 
1 0 0 0 0 1 1 0 0 0 1 1 0 0 0 1 0 1 1 0 3 0 1 0 1 0 0 0 2 0 0 0 0 1 1 0 0 0 1 1 1 1 1 1 1 1 1 1 0 1 0 0 
0 1 1 0 2 0 1 0 1 1 0 0 0 0 1 1 1 1 1 1 2 1 1 1 0 0 1 1 0 1 0 0 1 1 1 1 1 0 0 0 1 0 0 0 0 0 1 0 1 1 0 1 
0 0 1 0 1 0 1 0 1 1 1 1 1 1 1 0 1 1 0 1 3 0 0 1 0 1 1 0 1 1 1 1 1 0 0 0 0 1 1 0 1 0 0 0 0 1 0 0 1 0 1 0 
0 0 0 1 1 1 1 1 1 0 1 0 0 1 1 0 1 0 0 0 1 1 0 0 1 1 1 1 2 1 1 0 0 0 0 1 1 1 1 0 1 1 0 1 1 1 0 1 0 0 1 0 
0 0 0 0 2 1 0 0 1 0 0 0 1 1 0 0 0 1 1 1 0 0 0 0 1 1 1 0 3 1 0 1 0 0 0 1 0 0 1 1 0 0 0 1 1 1 0 0 1 1 1 0 
1 1 0 1 0 0 0 1 0 0 0 0 0 1 1 1 0 0 0 0 0 1 1 1 0 0 1 0 0 1 1 1 1 1 1 1 0 0 1 1 0 0 1 0 0 0 1 0 1 0 1 1 
0 0 0 1 2 1 1 1 1 0 0 0 0 0 0 1 0 1 0 1 2 1 1 0 0 1 0 1 1 0 1 0 0 1 0 1 1 1 1 1 1 0 0 1 1 1 1 0 0 0 1 0 
1 1 1 0 0 0 1 1 1 0 1 1 1 0 0 0 1 1 0 1 3 0 1 0 1 1 1 1 3 1 1 1 1 1 1 1 0 0 1 1 0 1 1 0 0 0 0 0 1 0 0 1 
1 1 0 1 1 0 1 1 0 0 1 0 0 0 0 0 0 1 1 1 1 0 0 1 0 0 1 1 3 0 1 1 0 0 0 0 1 0 0 0 1 0 0 1 0 1 0 0 0 1 0 0 
1 0 0 1 0 1 0 0 1 0 0 0 0 0 1 1 1 0 0 0 0 1 1 0 1 0 0 1 2 0 1 0 1 0 1 1 0 1 1 1 0 1 1 1 1 1 1 1 0 1 1 1 
1 1 0 1 1 1 0 1 1 0 0 1 0 1 0 0 1 1 1 1 2 0 1 0 1 1 1 0 3 0 1 0 1 0 1 1 1 1 0 0 0 1 0 1 1 0 1 0 0 1 1 1 
0 1 0 1 2 0 1 1 0 0 1 1 0 0 0 0 0 1 0 1 0 1 0 1 0 1 1 1 1 1 0 1 0 0 1 0 0 0 0 0 1 1 1 1 1 0 0 1 0 0 0 1 
1 1 0 0 0 0 1 0 0 0 1 1 1 0 0 0 1 1 0 0 1 1 0 1 0 1 1 1 0 1 0 1 0 1 0 1 0 1 1 0 1 0 0 1 1 1 1 0 1 0 0 0 

# Size = 25 | Time = 502 ms
0 1 1 1 1 0 0 1 0 0 1 1 1 1 1 0 0 0 1 0 1 1 0 0 1 0 0 1 1 0 1 1 0 0 0 1 1 1 1 1 1 0 0 0 0 1 1 1 0 0 0 0 
1 0 0 0 0 1 1 0 1 1 0 0 0 0 0 0 1 1 0 1 2 0 1 1 0 1 1 0 2 1 0 0 1 1 1 0 0 0 0 0 0 1 1 1 1 0 0 0 1 1 0 1 
0 1 1 0 2 1 1 1 1 0 1 1 1 0 1 1 0 1 0 0 0 1 1 1 0 1 1 0 0 0 1 0 1 1 1 1 1 1 0 1 0 0 1 1 0 1 1 1 0 1 1 1 
1 0 0 1 2 0 0 0 0 1 0 0 0 1 0 1 1 0 1 1 3 0 0 0 1 0 0 1 3 1 0 1 0 0 0 0 0 0 1 0 1 1 1 0 0 0 1 0 1 0 1 1 
1 0 1 1 1 0 0 0 1 0 1 0 0 1 1 0 1 1 1 0 0 1 1 1 1 1 0 0 0 1 1 1 0 1 1 1 0 1 0 0 1 1 0 1 1 1 0 0 1 0 1 0 
0 1 0 0 0 1 1 1 0 1 0 1 1 0 0 0 0 0 0 1 3 0 0 0 0 0 1 1 3 0 0 0 1 1 0 0 1 1 1 1 0 0 0 1 1 1 0 1 0 1 0 0 
1 1 1 0 0 1 1 1 0 0 0 1 1 0 1 1 0 0 1 0 2 1 0 0 0 1 0 0 2 0 1 1 0 0 1 0 0 0 0 1 1 1 0 0 0 0 1 0 0 0 1 1 
0 1 1 1 1 1 0 1 1 1 1 0 0 0 0 0 1 1 0 1 1 1 1 1 1 0 1 0 1 1 0 0 1 0 0 1 1 0 1 0 0 0 1 0 0 0 0 0 1 1 1 1 
1 0 0 0 1 0 1 0 1 0 0 0 1 1 0 1 0 0 0 0 1 0 1 1 0 1 1 1 1 1 1 1 0 0 1 0 0 0 0 0 0 0 1 1 1 1 1 1 0 1 0 0 
0 0 0 1 2 0 0 0 0 0 1 1 0 1 1 0 1 1 0 0 2 0 1 0 0 0 0 1 2 0 0 0 1 0 0 1 1 1 1 1 1 1 0 1 1 1 0 1 0 0 0 0 
1 0 0 1 0 0 1 1 0 1 0 0 1 0 0 1 0 0 1 1 0 0 0 0 1 1 1 1 0 0 0 0 0 0 0 0 1 0 1 1 0 0 1 0 0 0 1 0 1 0 0 1 
0 1 1 0 0 1 0 0 1 1 1 1 0 1 1 0 0 1 1 0 3 1 0 1 1 1 0 0 3 1 1 1 1 1 1 1 0 0 0 1 1 1 1 0 0 0 1 1 0 1 0 1 
0 0 0 1 1 0 1 1 0 0 0 1 1 1 1 0 1 0 1 1 2 1 1 1 1 0 0 0 3 1 1 0 0 1 0 1 1 1 0 0 0 0 1 0 0 0 0 0 1 0 0 1 
1 1 1 1 1 1 0 1 0 0 1 1 0 0 0 0 0 0 1 0 3 0 1 1 1 0 1 0 2 0 1 1 0 1 1 0 0 0 1 0 1 0 0 0 0 0 1 0 1 0 0 1 
1 0 1 0 0 1 1 1 1 0 1 0 1 0 0 0 0 1 1 0 1 1 1 0 0 0 1 0 1 0 0 0 0 1 1 1 0 0 1 1 0 1 0 1 1 1 0 1 0 0 0 1 
1 1 0 0 2 1 0 1 1 0 0 1 0 1 0 1 0 0 1 1 0 0 0 0 0 0 1 1 1 1 0 0 1 1 1 1 1 1 1 0 1 1 0 1 0 1 1 0 1 1 0 0 
0 0 0 0 2 0 1 0 0 0 0 1 0 1 0 1 0 1 0 1 1 0 0 1 0 0 0 1 0 0 0 1 1 1 1 0 0 0 1 0 1 1 0 1 1 0 1 0 0 0 1 1 
1 0 1 0 1 0 1 0 1 1 1 1 1 0 1 1 1 0 1 0 3 1 1 0 0 0 1 1 1 0 0 1 1 1 1 1 1 0 0 1 0 0 0 1 0 0 1 1 0 1 0 1 
1 0 0 0 0 1 0 0 0 0 1 1 0 0 1 0 1 1 0 0 2 1 0 1 1 1 0 1 1 0 0 0 1 1 1 1 1 0 0 1 0 1 0 1 1 1 1 1 0 1 1 1 
0 0 0 0 0 0 0 0 1 0 0 1 0 1 1 1 1 1 0 1 2 1 1 0 0 0 1 1 0 1 0 1 0 1 1 0 1 0 1 1 0 1 0 1 1 1 1 1 0 1 0 0 
1 1 0 0 1 1 0 0 0 1 0 0 1 0 1 1 1 1 1 0 0 1 1 0 0 1 0 1 3 0 1 0 1 0 0 1 0 1 1 0 1 1 1 1 0 1 1 0 1 1 1 1 
1 0 0 0 1 1 1 1 0 1 1 1 0 1 0 0 0 1 1 1 1 1 1 0 0 0 0 0 3 1 1 0 0 0 0 0 1 1 1 0 0 1 0 1 0 0 0 0 1 1 1 1 
0 1 0 1 2 1 0 1 0 0 0 1 0 0 1 0 0 0 0 1 3 0 1 0 0 1 1 1 0 1 1 1 0 0 1 0 0 0 0 1 1 1 1 1 0 1 1 0 0 1 1 1 
1 1 1 0 0 1 1 1 1 0 0 0 1 1 1 1 1 0 1 0 0 1 0 0 0 1 0 0 2 1 0 0 0 0 0 0 0 1 0 0 1 0 1 1 1 0 1 0 0 0 1 1 
1 0 0 1 2 1 0 0 0 0 1 1 0 0 0 1 0 1 1 0 1 1 0 0 1 0 1 0 2 0 0 1 1 1 0 1 0 1 0 0 1 1 1 1 0 1 1 0 1 0 0 0 

# Size = 28 | Time = 570 ms
0 1 0 0 0 0 0 1 0 0 1 1 0 0 0 1 1 0 1 1 2 1 1 0 0 1 1 0 3 0 0 1 1 1 0 0 0 0 0 1 0 0 0 1 0 1 1 0 1 0 1 0 
1 0 1 1 1 1 1 0 1 1 0 0 1 1 1 0 1 1 0 0 0 0 0 1 1 0 0 1 1 1 1 0 0 0 1 1 1 1 1 0 1 1 1 1 1 0 0 1 0 1 0 1 
0 1 1 1 2 0 1 1 0 1 0 1 0 1 0 1 0 1 0 0 1 0 1 0 0 1 1 1 0 1 1 1 0 1 1 1 1 0 1 1 0 0 1 0 0 0 1 1 0 0 0 1 
1 0 0 0 2 1 0 0 1 0 1 0 1 1 1 0 0 0 1 1 3 1 0 1 1 0 0 0 2 0 1 0 1 0 0 0 0 1 0 0 1 1 0 0 0 1 0 0 1 1 1 0 
1 1 1 0 0 0 1 0 1 0 1 0 0 0 0 0 0 1 0 0 1 1 1 1 0 1 0 0 0 0 0 1 1 1 0 0 1 1 1 0 1 1 0 1 1 0 0 0 0 1 0 1 
0 0 1 1 1 1 0 1 0 1 0 1 1 0 1 0 1 0 0 1 3 0 0 0 1 0 1 1 2 1 0 0 0 0 1 1 0 0 0 1 0 0 1 1 1 1 0 0 1 0 1 0 
1 0 0 0 0 0 0 1 1 0 0 0 1 0 1 1 0 1 1 0 2 0 1 0 1 0 1 1 3 1 1 0 0 0 1 1 0 0 1 0 1 1 0 1 1 1 1 1 0 1 0 1 
0 1 0 1 1 1 1 0 0 0 1 1 0 0 1 1 0 0 1 1 0 1 0 1 0 0 1 1 1 0 0 1 1 1 0 0 1 1 0 1 0 0 1 0 0 0 1 1 0 1 1 1 
0 1 0 0 0 0 1 0 1 1 0 1 1 1 0 1 1 1 0 0 3 1 0 0 0 1 0 0 2 0 0 0 1 1 1 1 1 1 1 1 1 1 1 0 0 1 1 1 0 0 1 0 
1 0 0 1 1 1 0 1 0 1 1 1 1 1 0 1 1 1 1 1 1 0 1 1 1 1 0 0 0 1 0 1 0 0 0 0 0 1 0 0 0 1 0 1 1 1 1 0 1 0 0 0 
1 1 1 1 2 1 1 0 0 1 1 0 0 1 0 0 0 0 0 0 2 0 0 1 1 0 0 0 3 0 0 1 1 0 1 0 1 0 1 1 1 0 1 0 0 0 1 0 1 0 0 1 
0 0 1 0 2 0 1 1 1 1 1 0 0 0 0 1 1 1 1 1 0 1 1 0 0 1 1 0 1 1 1 0 1 1 0 1 0 0 1 0 0 0 0 0 0 1 1 0 1 0 1 0 
1 0 1 1 0 1 0 1 1 1 0 1 0 0 1 0 1 0 0 0 3 0 1 0 1 1 0 1 2 0 1 1 0 1 0 0 1 0 0 1 0 1 0 0 0 0 0 0 0 0 0 1 
0 1 0 1 2 1 0 1 1 0 0 1 0 0 1 1 0 0 0 0 1 1 0 1 0 0 0 0 0 1 1 0 0 0 1 0 0 1 0 1 0 0 1 1 1 0 1 1 0 1 1 1 
0 1 1 0 1 0 1 0 0 1 1 0 1 0 1 0 0 0 1 1 2 1 0 1 1 0 0 0 3 0 1 1 1 0 0 0 0 1 0 1 1 0 0 1 1 1 0 1 0 0 1 0 
0 1 1 1 0 1 0 1 0 0 1 1 1 1 0 0 0 1 0 0 0 0 1 0 0 0 1 1 1 0 0 0 1 0 1 0 1 1 0 1 1 0 1 1 1 0 0 0 1 1 0 1 
1 0 1 1 0 1 1 1 0 0 0 1 1 0 0 0 0 1 0 0 1 0 0 0 1 1 0 1 2 0 0 1 1 0 0 0 0 1 0 1 0 1 0 1 1 1 0 1 0 1 1 1 
0 1 0 1 1 1 1 0 1 0 0 1 0 1 0 1 0 1 0 1 3 1 0 0 1 0 1 0 3 1 0 1 0 0 1 1 0 0 1 1 1 1 0 1 1 0 1 0 1 1 0 1 
1 0 0 0 2 0 0 0 1 1 1 0 1 0 0 0 1 1 0 1 0 1 1 1 1 1 0 0 0 1 0 1 0 0 1 0 1 0 0 0 1 0 0 0 0 1 0 0 1 1 0 0 
1 0 0 1 2 1 1 1 1 1 0 1 1 0 0 0 1 1 0 0 2 1 1 1 1 0 0 0 1 0 0 0 1 0 0 0 0 1 1 1 0 1 0 1 0 0 0 1 0 0 1 1 
0 1 0 1 0 1 1 1 0 1 0 1 0 1 0 0 0 0 1 1 3 1 1 0 1 1 0 0 1 1 1 0 1 0 0 1 1 0 1 0 1 1 0 1 1 1 0 1 0 0 0 0 
0 1 1 0 0 1 1 0 1 0 0 1 1 1 0 1 1 1 1 1 1 1 0 0 0 0 0 1 1 0 0 1 0 1 1 1 1 1 1 1 0 1 1 1 1 1 1 1 0 1 1 1 
0 0 0 0 1 1 0 0 0 1 0 1 0 0 0 0 1 0 0 0 2 1 1 0 1 0 0 1 0 0 1 0 1 1 1 0 1 0 0 1 1 0 1 1 0 1 0 0 0 1 1 0 
1 1 1 0 0 0 1 1 0 1 1 1 1 0 0 1 1 1 1 0 1 1 0 0 0 1 0 0 3 0 1 0 1 1 0 0 1 1 0 1 1 0 0 1 1 0 1 1 0 0 1 1 
1 0 0 0 1 0 0 0 0 1 0 0 0 1 1 0 0 0 1 0 2 0 1 1 0 0 0 0 2 1 1 0 1 0 1 1 1 1 1 1 0 1 0 1 0 1 0 1 0 0 0 0 
0 1 0 0 1 1 1 1 0 0 1 1 1 1 1 0 1 1 0 0 0 0 1 1 0 1 0 1 2 0 1 1 0 0 0 1 0 1 0 0 1 0 0 0 0 0 0 0 0 0 1 1 
0 1 1 1 2 0 1 1 1 0 0 1 1 1 1 1 1 0 0 0 0 1 1 1 0 0 0 1 3 0 1 1 0 0 1 0 1 1 1 0 0 0 1 1 1 1 1 0 1 1 0 0 
1 1 0 0 0 0 0 0 0 0 0 1 0 1 1 1 0 1 1 1 3 0 1 0 0 0 1 0 0 0 1 1 1 0 0 0 0 0 1 0 0 1 0 0 0 1 1 1 0 0 1 0 

# Size = 27 | Time = 586 ms
0 0 1 0 0 1 0 1 1 0 1 0 0 1 0 1 1 1 0 1 2 1 0 1 0 0 1 0 0 1 1 0 1 0 0 1 1 1 1 1 1 1 1 0 0 1 1 1 0 0 0 0 
1 1 0 1 2 0 1 0 0 1 0 1 1 0 1 0 0 0 1 0 3 0 1 0 1 1 0 1 2 0 0 1 0 1 1 0 0 0 0 0 0 0 0 1 0 0 0 0 1 0 1 1 
0 0 1 1 1 1 0 0 1 1 0 0 0 1 0 1 0 1 1 1 1 0 1 0 0 1 0 0 1 0 0 1 1 0 1 0 1 0 1 1 0 0 0 1 1 0 1 1 0 1 1 1 
1 1 0 0 1 0 1 1 0 0 1 1 1 0 0 0 1 0 0 0 0 1 0 1 1 0 1 1 3 1 1 0 0 1 0 1 0 1 0 0 1 1 1 1 1 1 0 0 1 1 0 0 
1 1 0 0 2 1 1 0 1 0 0 0 1 0 1 1 1 0 0 1 1 1 0 0 0 0 0 0 1 1 1 0 1 0 1 0 0 0 1 0 0 0 1 0 0 1 1 0 1 1 1 0 
0 0 1 1 0 0 1 1 0 1 0 1 0 1 1 0 0 1 1 0 0 0 0 1 1 1 1 1 3 0 0 1 0 1 0 1 1 1 0 1 1 1 0 0 0 0 1 1 0 0 0 1 
1 0 0 0 0 1 0 0 1 1 1 0 0 1 1 0 1 0 0 0 2 1 1 0 1 0 1 1 0 0 0 1 0 0 1 0 1 1 0 0 0 1 0 1 1 0 0 0 1 1 1 1 
0 1 1 1 2 1 0 1 0 0 1 1 1 0 1 0 1 1 1 1 3 0 1 1 0 1 0 0 2 1 1 0 1 1 0 1 1 0 1 1 1 0 1 0 0 1 0 1 0 1 0 1 
0 1 0 0 2 0 0 0 1 0 1 0 0 1 0 1 0 0 1 0 3 1 0 1 1 0 1 0 2 0 0 1 1 1 1 0 0 1 0 1 1 1 1 1 1 1 1 0 0 1 0 0 
1 0 1 1 0 0 0 1 0 1 0 1 1 0 1 1 0 0 0 0 2 0 1 0 0 1 1 1 0 0 1 0 0 0 0 0 0 0 1 0 0 0 0 1 1 1 1 1 0 0 0 0 
1 1 1 0 0 0 1 1 0 0 1 1 1 1 0 0 1 1 0 1 1 0 0 1 1 0 0 1 1 1 1 1 0 1 0 1 0 1 0 1 1 1 1 0 0 0 0 0 1 0 1 1 
0 0 0 0 2 1 0 0 1 1 1 0 0 0 0 1 0 1 1 1 0 1 1 0 0 1 0 0 3 1 0 0 1 0 1 1 1 0 1 0 0 0 1 1 0 0 1 0 1 0 1 1 
0 1 0 1 1 1 1 1 1 0 0 1 0 0 1 0 0 1 1 0 2 1 1 1 0 0 0 1 0 1 0 0 1 1 1 0 0 0 0 0 0 1 0 0 0 1 1 1 0 1 1 1 
1 0 0 0 0 0 0 0 0 0 1 0 0 0 1 1 0 1 0 0 3 0 1 1 1 1 1 0 2 0 0 1 0 0 0 1 0 1 1 1 1 0 1 1 1 1 1 1 0 0 0 1 
1 1 0 1 1 0 1 0 1 1 0 1 0 0 1 0 1 0 0 0 1 1 1 0 0 0 1 1 1 1 1 1 1 1 1 1 1 1 1 0 1 1 1 1 1 0 1 0 1 0 0 1 
1 1 1 1 2 0 0 1 1 0 1 0 0 0 0 1 1 1 1 0 0 0 0 1 1 1 0 1 0 1 0 1 0 1 0 0 0 1 1 0 1 0 0 0 0 1 1 0 0 1 0 0 
1 1 1 1 1 0 1 0 1 1 0 1 1 0 1 1 1 1 1 0 3 0 1 1 0 1 0 1 3 1 1 0 0 1 1 0 1 0 1 0 0 1 1 1 1 0 1 0 1 0 0 1 
0 1 1 0 2 1 1 1 1 1 1 0 0 0 1 0 1 0 1 1 2 0 1 1 1 0 1 1 1 1 1 1 0 0 0 0 1 0 0 0 1 1 1 1 0 1 1 1 0 0 1 1 
1 0 0 0 1 0 1 1 1 0 0 0 0 0 1 1 0 1 0 1 2 1 1 0 0 0 1 0 2 0 0 1 0 1 1 1 1 1 1 0 0 1 0 0 0 1 1 1 0 1 0 0 
0 0 1 0 0 1 1 1 1 0 0 0 0 0 1 1 1 0 0 0 0 0 0 0 1 0 0 1 2 0 1 1 1 0 0 1 0 1 0 0 1 0 0 0 0 1 1 0 1 1 1 0 
0 0 0 0 0 0 0 1 0 0 1 0 0 1 1 0 0 1 1 1 1 0 1 1 0 1 0 0 2 0 0 0 1 0 0 1 0 1 1 0 1 0 1 1 1 1 0 0 0 1 0 1 
0 1 1 1 1 1 1 1 0 1 0 1 1 1 0 1 0 1 0 0 1 0 1 1 1 1 1 0 0 0 0 0 1 1 0 1 0 0 1 0 1 0 1 1 1 1 1 1 0 0 0 0 
1 0 0 1 2 1 1 1 0 1 0 1 1 1 1 1 1 0 1 0 1 1 0 1 0 1 0 0 3 0 1 1 1 0 1 1 1 0 0 0 0 0 0 0 0 0 1 1 0 1 0 1 
0 0 0 0 1 1 0 0 0 1 1 0 0 0 1 0 0 1 0 0 0 1 1 0 1 0 0 1 1 0 0 1 0 1 1 0 1 1 0 1 1 1 1 0 0 1 0 1 0 0 0 0 
1 1 0 1 1 0 0 1 0 1 1 1 0 0 1 1 0 1 0 1 3 1 1 1 1 0 1 0 0 1 1 0 1 0 1 1 0 0 0 1 1 0 1 1 1 1 1 1 0 0 1 1 
1 0 0 1 1 0 1 0 1 0 0 0 0 0 0 0 1 1 1 1 3 0 1 1 0 1 0 0 1 0 1 0 1 0 0 0 1 0 0 0 1 1 1 1 1 1 0 0 1 0 0 1 
0 0 0 0 2 1 0 1 1 1 1 1 0 1 1 0 0 1 1 1 2 0 0 0 0 1 0 1 3 0 1 1 1 1 0 0 0 1 0 0 1 1 1 0 0 1 0 0 0 0 0 0 

# Size = 25 | Time = 528 ms
0 1 0 1 0 1 0 1 0 1 0 0 1 0 1 1 0 0 1 0 1 0 0 1 1 1 1 0 1 1 0 1 1 1 0 1 1 1 0 1 0 0 0 0 0 1 1 1 0 1 1 0 
1 0 1 0 2 0 1 0 1 1 1 1 0 1 0 0 1 1 0 1 3 1 1 0 0 0 0 1 3 0 1 0 0 0 1 0 0 0 1 0 1 1 1 1 1 0 0 0 1 0 0 1 
1 1 1 1 1 1 0 0 0 0 1 1 0 0 0 0 0 0 0 1 0 1 0 1 1 1 0 0 2 1 1 0 1 1 0 0 0 1 0 0 1 1 0 1 0 0 1 0 0 1 0 1 
0 0 0 0 1 0 1 1 1 0 0 0 1 1 1 0 1 1 1 0 2 0 1 0 1 0 1 1 0 0 0 1 0 0 1 1 1 0 1 1 0 0 1 0 0 1 0 0 1 0 1 0 
1 0 0 0 0 1 1 1 1 0 1 1 0 1 0 1 1 1 1 0 0 0 1 0 0 1 1 0 2 1 0 0 1 1 1 0 1 1 1 1 1 1 0 1 1 1 1 1 0 0 0 0 
0 1 1 1 2 1 0 0 0 0 0 0 1 1 1 1 0 0 0 1 3 1 0 1 0 0 0 1 0 0 1 1 0 0 0 1 0 0 0 0 0 0 1 1 1 1 1 1 0 1 1 1 
0 1 1 1 2 0 1 1 0 0 0 1 0 0 1 0 0 0 0 0 2 0 0 0 0 0 1 0 3 1 0 0 1 1 0 1 0 1 1 0 1 0 0 0 0 0 0 0 1 1 0 1 
1 0 0 0 0 0 0 0 1 0 1 0 0 0 0 0 1 1 0 1 1 1 1 1 0 1 0 1 1 0 1 1 0 0 0 0 1 0 0 1 0 1 1 0 0 0 0 0 1 0 0 1 
1 1 0 0 2 0 1 0 0 0 1 1 1 0 0 1 0 0 1 1 2 1 1 1 1 1 0 1 3 1 0 1 1 1 1 1 0 0 0 1 1 1 1 1 1 1 1 1 0 0 1 0 
0 1 1 1 1 0 0 1 1 1 1 0 1 1 1 0 1 1 1 1 0 0 0 0 0 0 0 0 2 0 1 0 0 0 1 0 1 1 0 1 0 0 1 0 0 1 0 1 0 0 1 0 
1 0 0 0 0 0 0 0 1 1 0 1 1 0 0 1 1 0 1 0 3 1 0 1 1 1 1 0 0 1 1 0 0 1 1 0 1 1 1 0 0 1 0 0 0 0 1 1 0 1 0 1 
1 0 1 1 0 1 1 0 0 0 0 1 0 1 1 1 1 1 0 1 1 0 0 0 1 0 1 1 1 0 1 0 1 0 1 1 0 0 1 0 1 1 0 1 1 1 1 0 1 1 1 0 
1 0 0 1 2 1 1 1 1 0 0 0 0 1 0 0 0 1 0 0 0 1 1 0 0 0 0 1 2 1 1 1 0 0 1 1 1 1 0 0 1 0 1 1 1 1 0 0 1 1 0 1 
0 0 1 1 1 1 0 0 1 1 1 0 1 1 0 1 1 1 0 0 2 1 0 1 1 0 0 0 3 0 0 0 0 1 1 0 1 0 0 0 0 1 0 1 1 1 1 1 0 0 1 0 
0 0 1 1 1 1 1 1 1 0 1 1 0 0 1 0 0 1 0 1 3 0 1 1 0 0 0 0 0 0 0 1 1 0 0 0 1 1 0 1 1 1 0 1 1 1 1 1 0 1 0 0 
0 0 0 1 0 1 1 0 0 0 0 0 1 0 1 0 1 1 1 0 2 1 0 0 1 0 0 1 2 1 1 0 1 1 0 0 0 0 1 1 0 1 0 1 0 0 0 0 0 1 1 1 
0 0 0 0 2 1 1 1 1 0 1 1 1 0 0 0 0 1 1 0 0 1 0 0 0 0 1 0 1 1 1 1 0 0 1 1 1 0 1 0 0 0 0 1 1 1 1 1 0 1 1 0 
0 1 1 1 1 0 1 1 1 1 1 1 0 0 0 0 1 0 1 1 2 0 0 1 1 0 1 1 1 0 1 1 1 1 0 0 1 0 0 1 0 1 0 1 1 1 0 1 0 0 0 1 
0 0 0 0 2 0 1 1 1 0 0 0 0 0 0 1 0 1 0 0 1 0 1 0 1 0 1 0 2 0 0 0 0 1 0 1 0 1 1 0 0 1 0 1 1 1 1 0 0 0 0 1 
0 1 0 1 0 1 0 0 1 0 0 1 0 1 1 0 1 1 0 1 0 0 1 0 0 1 1 1 3 0 0 1 1 1 1 0 0 0 0 0 0 1 0 1 0 0 0 0 0 0 1 1 
1 0 0 1 1 0 0 0 0 1 1 1 1 0 1 0 1 1 1 1 1 0 0 1 0 1 1 0 0 0 1 0 1 1 1 0 0 0 1 1 1 0 1 1 0 0 0 1 0 0 1 1 
1 1 0 1 2 1 0 0 1 1 0 0 1 0 0 0 1 1 1 1 3 0 0 1 0 0 0 0 1 1 1 0 0 1 0 0 1 1 0 1 1 0 1 0 0 1 1 1 0 1 0 0 
0 1 1 0 0 0 0 1 1 1 0 1 1 1 0 1 0 1 1 1 0 0 0 0 1 1 1 1 0 1 0 0 1 0 0 0 0 0 1 0 1 1 1 1 0 1 1 1 0 0 1 1 
0 1 0 0 1 1 0 1 1 0 1 1 0 1 0 1 0 0 1 1 1 1 1 0 0 1 1 1 3 0 1 1 0 1 1 0 0 0 1 0 1 0 0 0 0 0 1 1 0 1 0 1 
0 1 0 1 1 0 1 1 1 0 1 1 0 1 0 0 0 0 0 1 3 0 0 1 0 1 0 1 2 1 1 0 0 1 0 0 1 1 1 1 1 1 0 1 1 1 0 0 1 1 0 0 

# Size = 22 | Time = 438 ms
0 0 0 1 2 0 1 1 0 0 0 1 1 0 0 1 0 1 1 1 0 0 0 1 1 1 0 0 0 0 0 0 0 0 1 0 1 0 0 1 0 1 0 1 1 1 1 1 0 0 1 0 
1 1 1 0 0 1 0 0 1 1 1 0 0 1 1 0 1 0 0 0 1 1 1 0 0 0 0 1 1 1 1 1 1 1 0 1 0 1 1 0 1 0 1 0 0 0 0 0 1 1 0 1 
1 1 1 0 1 1 1 0 0 1 0 0 0 1 1 1 0 1 1 1 2 0 1 1 1 1 1 0 3 1 1 1 0 1 0 0 1 0 1 0 0 1 0 1 1 0 1 0 1 0 0 1 
0 0 0 1 1 0 0 1 1 0 1 1 1 0 1 0 1 0 0 0 3 1 0 0 0 0 1 0 2 0 0 0 1 0 1 1 0 1 0 1 1 0 1 0 0 1 0 1 0 0 1 0 
0 0 1 0 0 0 0 0 1 1 1 1 1 0 0 0 0 1 0 0 2 0 1 1 0 1 1 1 3 0 0 0 0 1 0 1 0 0 0 1 0 1 0 1 0 0 0 1 0 1 0 1 
1 1 0 1 2 1 1 1 0 0 0 0 0 1 0 1 1 0 1 1 2 1 0 0 1 0 1 1 0 1 1 1 1 0 1 0 1 1 1 0 1 0 1 0 0 1 1 0 1 1 1 0 
1 0 1 1 0 0 0 1 1 1 0 1 0 0 0 1 1 0 1 0 1 1 0 1 0 1 1 0 1 1 1 0 0 0 0 0 1 0 1 1 1 1 1 1 1 1 1 1 0 0 0 0 
0 1 0 1 2 1 1 0 0 0 1 0 1 1 1 0 0 1 0 1 3 0 1 0 1 0 0 1 2 0 0 1 1 1 0 0 0 1 1 1 0 0 0 1 1 0 0 0 0 1 1 1 
1 0 1 0 2 0 0 0 1 1 1 0 0 0 1 0 0 1 1 0 0 0 0 0 1 1 1 0 2 0 0 1 0 1 1 1 1 0 0 0 1 0 1 0 0 1 1 0 1 1 0 1 
0 1 0 0 0 1 1 1 0 0 0 1 1 1 1 0 1 0 1 1 0 1 1 1 0 0 0 1 3 1 1 0 1 0 1 1 0 1 0 0 0 1 0 0 0 1 0 0 1 1 1 0 
0 0 1 1 1 1 1 1 1 0 1 0 1 1 0 1 0 1 0 1 1 0 1 1 1 1 0 1 1 0 0 0 1 0 1 1 0 0 0 0 0 0 0 0 0 0 1 1 0 1 1 1 
0 1 1 0 0 1 0 0 1 1 0 1 0 0 1 0 0 0 0 0 3 0 0 1 0 0 1 1 0 1 0 1 0 1 0 1 1 0 0 0 0 1 1 1 1 0 0 1 0 0 0 1 
1 1 0 1 0 0 0 1 0 1 0 1 1 1 0 1 1 1 1 0 3 0 1 1 1 1 0 1 2 0 1 1 1 1 1 1 0 1 1 1 1 1 0 1 0 1 1 0 1 0 0 0 
0 0 0 1 2 0 1 0 1 0 1 1 0 1 0 1 0 1 1 0 1 1 0 0 0 1 1 0 3 0 0 0 0 0 0 0 1 1 1 0 1 0 1 1 1 1 1 1 0 1 0 0 
1 0 1 0 1 0 0 0 1 1 1 1 0 0 0 1 1 0 0 1 0 1 1 1 0 1 1 0 0 1 0 1 0 1 0 0 0 0 1 0 0 0 0 1 0 0 1 0 0 0 1 1 
1 1 0 1 2 0 1 1 0 1 0 0 0 0 1 1 0 1 0 1 2 0 1 0 0 1 0 1 1 1 0 1 0 0 0 1 0 0 0 0 1 1 0 1 0 1 1 0 0 1 0 0 
0 1 0 1 1 1 0 1 0 1 1 0 1 1 0 0 0 1 0 1 1 1 1 1 1 1 0 1 2 1 0 0 1 0 0 1 0 0 0 1 0 0 1 1 1 1 0 1 0 1 0 0 
0 1 0 1 1 1 1 1 0 0 1 0 1 1 1 0 1 0 0 1 0 1 1 0 1 1 0 0 1 0 1 0 0 1 1 1 1 0 0 1 0 1 1 1 1 1 0 1 0 0 1 0 
1 1 1 0 2 1 0 1 0 1 1 0 1 1 0 1 0 1 0 0 3 1 0 1 0 0 1 1 1 0 1 0 0 1 0 1 1 0 1 1 0 0 1 1 1 0 1 1 0 1 1 1 
1 1 0 0 0 1 0 0 0 1 1 0 1 0 1 1 1 1 1 1 2 1 1 0 0 1 0 0 2 1 1 1 1 0 1 1 0 0 1 1 1 1 1 0 0 1 1 0 0 0 0 1 
1 1 1 1 0 0 0 0 0 0 0 0 0 1 1 1 1 0 1 1 1 1 1 0 1 1 1 1 0 1 0 1 0 1 0 0 0 1 1 1 0 1 1 1 1 0 1 1 0 0 1 1 
1 0 0 0 1 0 1 1 1 1 1 1 1 1 1 0 0 1 1 0 3 1 1 0 0 1 0 1 3 1 1 0 1 0 1 1 1 1 1 0 0 1 1 0 0 0 1 0 0 0 0 1 

# Size = 21 | Time = 412 ms
0 0 0 0 0 0 1 1 0 0 1 0 1 0 1 1 1 1 1 0 1 0 0 1 1 1 0 1 0 1 0 0 0 0 1 0 0 1 1 1 0 0 0 0 0 0 1 0 1 1 0 1 
1 1 0 1 1 1 0 0 1 1 0 1 0 1 0 0 0 0 0 1 0 1 1 0 0 0 1 0 2 0 1 1 1 1 0 1 1 0 0 0 1 1 1 1 1 1 0 1 0 0 1 0 
1 0 1 1 2 1 0 0 0 0 0 1 0 0 0 0 1 0 1 0 2 0 0 1 0 0 1 0 3 0 1 1 0 0 0 0 1 1 0 0 0 0 0 0 0 0 1 0 0 1 1 1 
0 1 1 0 2 0 1 1 1 1 1 0 1 1 1 1 0 1 0 1 3 1 1 0 1 1 0 1 1 1 0 0 1 1 1 1 0 0 1 1 1 1 1 1 1 1 1 1 0 0 0 1 
1 0 1 0 1 0 0 0 0 1 0 0 1 0 1 0 0 1 1 0 0 1 1 1 1 1 0 1 1 0 1 1 1 0 0 0 1 0 1 0 1 1 0 0 0 1 0 0 1 1 0 0 
0 1 1 1 0 1 1 1 1 0 1 1 0 0 1 0 1 0 0 1 3 0 0 0 0 0 1 0 0 1 0 0 0 1 1 1 0 1 0 1 0 0 1 1 0 1 0 0 1 0 1 0 
0 0 0 0 1 1 0 1 1 0 0 1 1 1 0 1 0 1 1 1 2 0 1 1 1 1 1 1 2 0 0 0 0 0 1 1 0 1 0 1 1 0 0 1 1 0 1 1 0 1 1 1 
1 1 1 1 0 0 1 0 0 1 1 0 0 1 0 1 1 0 1 0 1 1 0 0 0 0 1 1 3 1 1 1 1 1 1 0 1 0 1 0 0 1 1 1 1 1 1 1 0 0 0 0 
1 1 1 1 1 1 1 1 0 0 1 0 1 1 0 1 1 1 0 0 0 1 1 1 0 1 0 0 2 1 0 0 0 1 0 1 1 1 1 1 0 1 0 0 0 0 1 0 1 0 0 1 
0 0 0 0 0 0 1 0 1 1 1 1 0 0 1 0 0 0 0 1 2 0 1 0 1 0 0 0 3 0 0 1 1 0 0 0 0 0 1 0 1 1 1 0 0 0 0 0 1 0 1 1 
1 1 0 1 1 0 0 0 0 1 0 1 0 1 0 1 0 1 0 0 3 1 0 1 1 0 0 1 0 1 1 1 1 0 0 0 0 1 0 1 1 0 1 0 0 0 1 1 0 1 0 1 
0 0 0 1 2 1 0 0 1 0 1 1 0 0 0 0 1 0 0 0 1 0 1 0 0 1 1 0 1 0 1 0 0 1 0 1 1 0 0 0 1 0 0 1 1 1 0 0 1 1 1 0 
1 0 1 0 0 0 1 1 0 1 0 0 1 0 1 1 0 0 1 1 3 0 0 0 0 1 1 0 2 0 1 1 0 0 0 0 1 0 0 0 0 1 0 1 1 1 1 1 0 0 1 0 
1 1 0 1 2 0 1 0 0 0 1 0 1 1 0 1 0 1 1 0 2 1 1 1 0 0 1 1 0 0 0 0 1 1 0 0 1 0 0 0 1 1 0 1 1 1 1 1 0 1 0 0 
0 1 1 0 0 1 0 1 0 1 1 0 1 0 0 0 1 1 0 1 0 0 0 1 0 1 1 1 3 1 1 0 1 1 1 1 0 1 0 1 0 0 1 1 1 1 0 1 0 0 0 1 
1 0 1 0 1 0 0 1 0 0 0 1 0 0 1 0 0 0 0 1 1 1 0 0 1 0 0 0 1 1 0 1 1 0 0 1 0 1 0 1 0 0 1 1 1 0 0 1 0 0 1 1 
0 1 1 0 0 0 1 0 0 1 1 0 1 0 0 0 1 1 1 0 2 1 1 0 0 1 1 0 1 1 0 1 1 0 0 0 1 1 0 1 1 0 1 1 1 1 1 1 0 0 1 1 
1 1 0 1 2 1 1 0 1 1 0 1 0 0 1 1 1 0 1 0 0 0 1 1 1 1 0 1 2 1 0 0 0 1 0 1 0 0 1 1 0 1 1 1 0 0 1 0 1 0 0 1 
1 0 0 0 1 0 0 1 0 0 0 0 1 0 1 0 0 0 0 0 3 0 1 1 1 0 0 0 3 0 1 0 1 0 0 0 0 1 1 1 0 0 1 1 1 1 0 0 0 0 0 1 
0 1 0 0 0 0 1 0 1 0 1 1 0 0 0 0 0 0 0 1 0 1 1 1 0 1 0 1 0 1 0 0 0 1 1 0 0 1 0 1 1 1 1 1 0 0 0 0 0 1 0 1 
0 1 0 1 2 0 0 1 1 1 1 0 1 1 1 1 1 1 0 1 1 1 0 0 1 1 1 0 2 0 1 1 0 1 1 0 0 0 0 1 1 0 1 0 0 1 1 0 1 1 0 0 

# Size = 26 | Time = 537 ms
1 1 1 1 2 0 1 1 1 0 1 0 1 1 0 1 0 0 0 0 1 0 1 0 0 1 0 0 0 1 0 0 1 1 0 0 1 1 1 0 0 1 0 0 0 0 1 0 0 0 1 1 
1 0 0 0 0 1 0 0 0 1 0 1 0 0 1 0 1 1 1 1 3 1 0 1 1 0 1 1 1 0 1 1 0 0 1 1 0 0 0 1 1 0 1 1 1 1 0 0 1 1 0 0 
0 1 0 0 1 1 1 1 0 1 0 0 1 0 0 0 0 1 1 0 0 0 0 1 1 1 0 1 3 0 0 0 0 1 1 0 0 0 0 0 1 0 0 0 0 0 1 1 0 0 0 1 
0 0 1 1 1 0 0 0 1 0 1 1 0 0 1 1 1 0 0 1 2 1 1 0 0 0 1 0 2 1 1 1 1 0 0 1 1 1 1 1 0 1 1 1 1 1 1 1 0 1 0 0 
0 1 0 0 0 0 0 1 0 0 0 0 1 1 1 0 0 0 1 0 2 1 0 1 0 1 1 1 2 1 0 0 1 0 0 0 0 0 1 1 0 1 1 0 0 1 0 0 1 0 1 0 
1 0 1 1 2 1 1 0 1 1 1 0 0 1 0 0 1 1 0 1 0 0 1 0 1 0 0 0 3 1 1 1 0 1 1 1 1 1 0 0 1 1 0 1 1 0 0 0 1 1 1 1 
0 0 1 1 0 0 1 1 0 1 1 1 1 1 0 1 0 0 0 1 3 0 1 1 0 0 0 0 1 0 0 0 1 0 0 1 0 1 1 1 1 0 0 0 0 1 1 1 0 0 1 1 
0 1 0 0 2 1 0 1 1 0 0 1 0 0 1 1 1 1 1 1 1 1 0 0 1 1 0 0 0 0 1 1 0 0 1 0 1 0 1 0 0 0 1 1 1 0 1 0 1 0 0 1 
1 1 1 1 2 1 1 0 1 1 0 1 0 1 0 0 1 0 1 0 1 0 0 1 1 0 1 1 0 0 0 1 1 1 0 1 0 1 0 1 1 1 1 0 0 1 0 1 0 1 0 0 
0 1 0 0 0 0 1 0 1 1 1 0 1 1 1 1 0 1 0 0 3 1 1 0 0 1 1 1 1 1 1 0 0 1 1 0 1 0 0 0 0 1 0 1 1 0 1 0 0 1 0 1 
1 0 1 0 1 1 0 1 0 1 1 1 0 1 0 0 1 1 1 1 2 0 1 0 1 0 0 1 2 0 0 0 0 1 0 0 0 1 0 0 1 0 0 1 1 1 0 0 1 1 1 0 
0 0 1 1 0 0 0 0 0 0 1 1 1 0 0 1 1 0 0 0 0 1 0 1 0 1 1 0 3 1 1 1 1 0 1 0 1 0 1 1 0 1 1 0 0 1 1 1 0 0 0 0 
0 1 0 1 2 1 1 0 0 0 0 1 1 1 1 0 0 0 1 1 2 0 1 1 0 1 1 1 2 1 1 1 0 1 1 1 0 0 0 0 1 0 0 1 0 0 1 0 0 1 1 1 
1 0 0 1 0 1 0 1 0 1 0 1 0 0 1 0 0 1 0 1 1 1 0 0 1 1 0 0 0 1 0 1 1 1 1 0 1 1 1 0 1 0 1 1 0 1 1 0 0 1 1 0 
0 0 1 0 2 0 0 1 1 0 0 1 0 0 1 1 1 0 1 0 3 0 1 0 1 1 0 0 3 0 1 1 1 1 0 1 0 0 0 1 0 0 0 1 0 0 1 0 1 0 1 1 
0 1 1 0 1 0 0 0 0 0 1 0 0 1 1 0 0 1 0 1 0 1 0 0 0 0 0 0 1 0 1 0 0 1 0 0 0 1 0 1 0 1 1 1 0 0 0 0 0 0 1 1 
1 1 0 0 1 1 0 0 0 1 1 1 1 1 0 1 1 0 1 0 3 1 1 1 0 0 1 0 0 0 1 1 1 1 1 1 1 0 1 1 0 0 1 1 0 0 1 0 1 1 1 1 
1 0 0 1 1 1 0 1 1 1 1 0 1 1 1 1 0 0 0 0 1 1 1 1 1 1 0 0 3 1 0 1 0 1 1 0 1 1 0 0 1 0 0 0 0 1 1 1 0 0 0 0 
0 1 1 1 2 1 1 0 0 1 1 1 1 1 0 0 1 0 0 1 2 1 0 0 0 0 0 0 1 0 0 0 1 0 0 0 1 1 0 1 1 1 0 1 1 1 0 0 0 0 1 1 
0 0 0 0 2 0 1 0 1 1 1 0 1 1 1 0 0 0 1 1 0 1 0 1 0 0 1 1 0 1 0 0 1 1 0 0 0 0 1 1 1 0 0 1 1 1 1 1 0 1 0 0 
0 1 0 0 0 1 0 0 0 1 0 1 0 0 0 1 1 0 1 0 1 0 0 1 1 1 1 1 1 0 1 1 0 1 0 1 1 0 1 0 0 0 0 0 0 1 1 0 0 1 1 1 
0 1 0 1 1 1 1 0 1 0 0 1 1 1 0 1 0 1 0 1 0 1 0 0 1 0 1 1 2 0 1 0 1 1 1 1 1 1 1 0 0 0 1 0 0 1 1 1 0 1 1 1 
1 0 0 1 1 1 1 0 0 1 1 0 1 1 0 0 0 0 0 0 2 0 1 1 0 1 1 0 0 1 0 1 0 1 1 0 1 1 1 1 0 0 1 0 0 1 1 0 1 0 1 1 
1 0 0 1 1 0 0 1 1 0 1 1 1 0 1 0 0 0 1 0 3 1 0 0 0 0 0 1 2 1 0 0 1 0 0 0 1 0 1 0 1 0 1 1 0 1 0 0 1 0 0 1 
1 0 0 0 1 1 1 1 1 0 1 1 0 1 1 1 0 1 1 0 1 0 0 0 0 0 1 1 2 0 0 1 0 1 0 0 1 1 0 1 1 1 0 0 0 0 1 0 0 0 1 1 
0 0 1 0 0 1 1 0 0 0 0 1 1 0 1 1 0 1 0 0 2 1 0 0 0 0 0 1 3 1 1 0 1 0 0 0 0 0 0 0 1 0 0 0 0 1 1 0 0 0 0 1 

# Size = 22 | Time = 458 ms
1 0 0 0 1 1 0 1 0 1 0 0 0 1 0 0 1 1 1 1 2 0 0 1 1 0 1 1 1 1 1 0 1 1 0 0 0 1 1 0 0 0 1 1 1 1 1 1 0 1 0 1 
0 1 1 1 2 0 1 0 1 0 1 1 1 0 1 1 0 0 0 0 1 1 1 0 0 1 0 0 0 0 0 1 0 0 1 1 1 0 0 1 1 1 0 0 0 0 1 0 1 0 1 1 
0 1 0 1 0 1 1 1 0 1 0 0 1 1 1 0 0 1 1 0 3 1 1 1 0 1 1 0 3 0 1 0 0 0 0 0 0 0 1 1 1 1 1 1 0 1 0 0 0 0 1 0 
1 0 1 0 0 0 0 0 1 0 1 1 0 0 0 0 1 0 0 1 0 0 0 0 1 0 0 1 2 1 0 1 1 0 1 1 1 1 0 0 0 0 0 1 1 1 0 1 0 1 0 0 
0 0 0 0 2 0 1 1 1 1 0 0 1 1 1 1 1 1 1 0 0 0 1 1 1 0 0 0 2 1 1 0 1 1 1 1 1 0 1 0 0 1 0 0 0 0 1 0 1 1 0 1 
1 1 1 0 1 1 0 0 0 0 1 1 0 0 0 1 0 0 0 1 3 1 0 1 0 1 1 1 0 0 1 0 0 1 0 0 0 1 0 1 0 0 1 0 0 0 1 0 1 0 1 1 
1 0 1 1 2 1 0 1 0 1 0 1 0 1 0 1 1 1 0 1 1 1 1 0 0 1 1 0 3 1 0 1 1 1 0 1 1 1 1 0 1 1 1 1 1 1 1 1 0 0 0 0 
0 1 0 1 1 0 1 0 1 0 1 0 1 1 0 0 0 1 1 0 2 0 0 0 1 0 0 1 1 0 0 1 0 0 1 0 0 0 0 1 1 0 0 0 0 0 0 1 0 1 0 1 
0 0 0 0 1 1 0 1 0 0 0 0 0 0 1 0 0 0 0 0 2 0 0 0 1 1 1 0 0 0 1 1 1 1 1 1 1 0 1 0 1 1 0 1 1 1 0 0 1 0 1 0 
1 1 0 0 2 0 1 0 1 1 0 1 1 0 1 0 1 0 1 1 1 0 0 1 1 0 0 1 3 1 1 1 1 0 0 0 0 1 0 1 0 0 0 1 1 0 0 0 1 0 1 1 
1 1 0 1 0 1 0 0 1 1 1 1 1 1 1 1 1 0 0 0 3 0 1 0 0 1 0 1 1 1 0 0 0 1 1 1 1 0 1 0 0 1 1 0 0 1 1 0 1 1 0 0 
0 1 1 1 1 0 1 1 0 1 0 0 0 1 1 0 0 1 1 1 0 1 1 1 0 1 1 0 2 0 0 1 0 1 0 0 0 1 0 1 1 0 1 1 0 1 1 1 0 0 1 0 
0 0 1 1 0 0 0 1 0 1 1 0 0 1 1 0 1 1 1 1 3 1 1 0 1 0 0 1 0 1 1 1 0 0 0 0 1 0 0 1 0 1 0 1 1 0 0 1 0 1 0 1 
1 0 1 0 2 1 0 0 1 0 1 1 0 0 0 1 1 1 0 0 2 1 1 1 0 0 1 0 3 0 1 1 1 0 1 1 0 1 1 1 1 0 1 0 0 1 1 1 0 1 1 0 
1 1 1 0 2 1 0 1 0 0 0 0 0 0 1 1 0 1 0 1 1 1 1 0 1 1 0 0 1 1 0 0 1 0 1 0 0 0 1 0 0 0 0 0 0 0 1 0 0 1 1 1 
1 0 1 1 2 1 1 0 1 0 0 0 0 0 0 0 1 0 1 0 3 0 1 1 0 0 0 1 2 1 1 1 1 1 1 1 0 1 0 1 0 1 1 1 1 1 0 1 0 0 0 0 
1 1 1 0 1 1 1 1 0 0 1 0 0 1 0 0 0 0 1 0 0 0 0 1 0 0 1 0 3 1 0 1 0 0 0 1 0 1 1 0 1 0 1 0 0 1 0 1 0 1 0 1 
0 0 0 1 1 1 0 0 0 0 1 1 0 0 0 0 0 1 0 1 0 0 0 1 1 0 0 1 1 0 1 0 0 0 1 0 1 0 0 0 0 1 1 1 1 0 0 1 0 0 1 1 
1 1 1 1 0 0 0 0 0 0 0 1 1 0 1 0 0 0 0 0 2 0 1 1 0 0 0 0 2 1 0 0 0 0 1 0 1 1 0 0 0 0 1 1 1 1 0 0 1 0 0 0 
0 0 1 0 1 0 0 0 0 0 1 1 1 1 0 1 1 1 1 0 1 1 1 1 1 0 0 1 2 1 1 1 1 0 1 1 1 1 1 1 1 1 0 0 0 1 1 0 1 1 0 0 
0 1 1 0 0 0 1 0 0 0 1 0 0 1 0 1 0 1 1 1 1 1 1 1 1 1 0 1 3 0 1 0 0 1 0 1 0 0 1 1 0 0 1 1 0 1 1 0 0 0 1 1 
1 0 1 0 1 1 1 0 1 1 0 1 1 0 0 0 0 1 1 1 0 0 1 0 1 0 1 1 0 0 1 0 0 0 0 1 0 1 1 0 0 0 1 1 1 1 0 0 0 0 1 0 

# Size = 24 | Time = 476 ms
1 0 0 0 0 1 0 0 0 1 1 0 0 0 0 0 0 1 1 0 3 1 1 1 1 0 1 0 0 1 0 0 1 1 1 0 1 1 0 0 1 0 0 0 0 1 0 1 0 0 1 0 
0 1 1 1 1 0 1 1 1 0 0 1 1 1 1 0 1 0 0 1 1 0 0 0 0 1 0 1 3 0 1 1 0 0 0 1 0 0 1 1 0 1 1 1 1 0 1 0 1 1 0 1 
0 0 1 0 2 1 1 0 0 1 0 0 1 0 0 1 1 0 0 1 0 0 0 0 0 0 1 1 1 1 1 1 0 0 1 0 1 0 0 1 1 1 1 0 0 1 1 0 0 0 1 0 
1 1 0 1 2 0 0 1 1 0 1 1 0 1 1 1 0 1 1 0 2 1 1 1 1 1 0 0 2 0 0 0 1 1 0 0 0 1 1 0 0 0 0 1 1 0 1 0 1 0 0 1 
1 1 0 1 0 0 1 1 1 1 0 1 1 0 0 0 1 0 1 0 2 1 1 1 0 0 1 0 2 1 1 1 1 0 1 1 0 0 0 1 0 1 1 1 1 1 0 1 0 1 0 0 
0 1 0 0 1 1 0 0 0 0 0 0 0 1 1 0 0 1 0 1 0 0 0 0 1 1 0 1 1 0 0 0 0 1 0 1 1 1 1 0 1 0 0 0 0 0 0 1 0 1 1 1 
0 0 1 1 0 0 1 0 0 1 1 1 0 1 1 1 1 0 0 1 3 0 0 1 1 1 0 0 0 1 1 1 0 1 1 1 0 1 1 0 0 1 1 0 0 1 1 0 1 1 0 1 
0 0 1 0 1 1 0 1 1 0 1 0 1 0 0 1 0 0 1 0 1 1 1 0 0 0 1 1 3 0 0 0 1 0 0 0 1 0 0 1 1 0 0 1 1 1 1 0 1 1 1 0 
1 0 1 0 1 0 1 0 0 1 0 1 0 1 0 1 1 1 1 1 1 1 0 0 0 0 1 0 3 1 0 1 0 1 1 1 1 0 1 0 0 1 0 1 0 0 1 1 0 0 1 1 
1 1 1 1 2 0 0 1 1 1 0 0 1 0 1 0 0 1 0 0 3 0 0 0 1 1 0 1 0 0 1 1 1 0 0 1 1 0 0 1 1 0 1 1 0 0 0 1 0 1 0 1 
1 1 1 1 0 1 1 0 1 0 1 1 0 0 0 0 1 1 1 1 0 1 1 0 0 1 0 0 1 0 1 0 1 0 1 1 0 1 1 1 0 0 1 1 1 1 0 0 1 1 0 0 
0 0 1 0 1 1 0 0 0 0 0 0 1 1 1 1 0 0 0 1 2 0 1 0 1 1 1 1 2 1 0 0 0 1 0 0 1 1 1 1 1 1 1 0 0 1 1 0 1 1 1 0 
0 1 0 0 0 0 1 1 0 0 0 0 1 1 0 0 0 0 0 0 1 1 1 1 1 0 0 1 1 1 0 0 0 0 0 1 0 1 0 0 0 1 0 0 0 0 0 1 0 1 0 1 
0 0 0 1 1 1 0 1 0 0 0 1 0 0 1 0 1 0 1 0 3 0 0 1 1 0 1 0 3 0 0 0 1 1 1 1 0 1 1 1 1 1 1 1 1 1 0 1 0 1 1 0 
0 0 1 1 1 0 1 1 1 0 0 0 1 1 1 1 1 0 1 0 0 1 0 1 0 1 0 0 0 0 1 0 0 0 1 1 0 1 1 1 1 1 0 1 1 0 1 0 1 0 1 1 
1 1 0 1 0 0 1 1 1 1 1 0 1 1 1 0 1 0 1 1 2 0 0 1 1 0 1 1 3 0 1 0 0 1 0 0 0 1 1 0 0 0 1 0 0 0 1 0 1 0 0 1 
0 0 1 1 0 1 1 1 1 1 0 1 1 0 1 0 0 0 1 0 3 1 0 0 0 0 1 1 2 1 0 1 0 1 0 1 1 1 1 0 1 0 0 0 0 0 0 0 0 0 1 1 
1 1 1 1 2 0 1 1 0 0 0 0 1 1 1 1 0 0 0 0 1 1 0 1 0 1 0 0 0 1 1 0 0 1 0 0 1 0 1 0 0 1 0 1 1 0 1 1 0 0 1 1 
1 0 1 1 2 1 0 0 0 1 0 0 0 1 0 1 1 1 1 0 0 0 0 0 0 0 1 0 3 1 0 0 1 1 0 1 1 1 1 1 0 1 0 0 0 0 1 0 1 1 0 1 
1 0 1 0 0 0 1 0 0 1 1 1 0 0 0 1 0 1 1 0 1 1 1 0 1 1 1 1 2 1 1 0 0 0 0 1 1 1 1 0 1 1 1 0 0 1 1 0 1 0 1 0 
0 0 1 1 0 0 0 1 0 1 1 1 0 1 0 0 0 1 0 1 2 1 0 1 1 0 0 0 1 0 1 0 1 1 0 0 1 1 0 1 1 0 0 0 0 1 1 0 0 0 0 0 
0 1 0 1 2 0 1 0 0 0 0 1 1 1 0 0 0 0 0 0 0 1 0 1 1 1 1 0 2 0 1 0 1 0 0 1 1 0 1 0 1 1 1 0 0 0 0 1 0 0 1 1 
1 0 0 0 0 0 1 0 1 0 1 1 0 1 1 0 0 1 0 1 2 0 1 1 1 0 0 1 0 1 0 1 0 0 0 1 0 1 0 1 0 1 1 1 0 0 1 1 0 0 1 1 
0 0 0 1 1 0 1 0 0 0 1 0 1 1 1 0 0 1 0 1 3 0 1 0 1 1 1 0 1 1 1 1 0 0 1 1 0 0 1 0 1 0 0 1 1 1 1 0 0 1 0 0 

# Size = 21 | Time = 416 ms
1 1 1 1 1 1 1 1 0 1 0 1 1 1 0 0 1 1 0 0 0 0 1 0 0 0 0 0 0 0 0 0 1 1 0 1 1 1 1 0 1 0 0 1 0 1 0 1 0 1 1 0 
0 0 0 0 0 0 0 0 1 0 1 0 0 0 1 1 0 0 1 1 1 1 0 1 1 1 1 1 2 1 1 1 0 0 1 0 0 0 1 1 0 1 1 0 0 0 1 0 1 0 0 1 
1 1 1 1 2 0 0 0 0 1 1 1 1 1 1 0 1 0 1 1 3 1 0 0 1 0 0 1 1 1 0 0 1 0 1 0 0 0 0 0 1 1 1 1 1 1 1 1 0 0 1 1 
0 0 0 0 2 1 1 1 1 0 0 0 0 0 0 0 0 1 0 0 3 0 1 1 0 1 1 0 3 0 1 1 0 1 0 1 1 1 0 1 0 0 0 1 1 1 0 0 1 1 0 0 
1 0 1 0 0 1 1 1 0 0 0 1 1 1 1 1 1 1 1 0 2 0 0 1 0 0 1 1 3 0 0 1 1 1 0 1 0 0 0 0 0 1 1 0 0 0 1 0 0 1 1 1 
0 1 0 1 1 1 0 0 1 1 1 0 0 0 0 1 0 0 0 1 2 1 1 0 1 1 0 0 0 1 0 0 0 0 1 0 1 1 1 1 1 0 0 0 0 0 1 1 0 0 0 1 
0 1 1 1 0 0 1 1 0 0 1 0 1 1 0 0 1 0 0 1 1 1 0 0 0 1 0 0 2 0 1 0 1 1 0 0 0 1 0 0 1 1 0 1 1 1 0 0 1 0 0 0 
0 0 0 0 1 0 0 0 1 1 0 1 1 0 1 0 0 1 1 0 0 0 1 1 1 0 1 0 1 1 1 0 1 0 1 1 0 0 0 1 0 0 1 0 0 1 0 0 1 1 0 0 
1 1 1 1 1 1 1 1 0 0 1 0 0 0 0 1 0 0 1 1 0 0 0 1 0 1 1 1 1 1 1 1 0 0 0 0 1 1 1 0 1 1 0 1 1 1 1 1 0 1 1 0 
0 0 0 0 0 1 0 1 1 1 0 1 0 1 1 0 1 1 0 0 1 0 1 0 1 0 0 1 2 0 0 1 1 1 1 0 1 0 1 1 0 0 0 1 1 0 0 1 0 0 1 1 
1 1 0 0 2 0 1 0 0 0 1 0 1 0 0 0 1 1 1 0 2 1 0 1 0 0 0 0 0 1 1 1 0 1 1 1 1 0 1 1 1 0 1 1 1 1 0 0 1 0 1 0 
1 1 0 1 1 0 0 0 1 1 0 1 0 1 1 1 0 0 0 1 1 1 1 0 1 1 0 0 3 0 0 0 0 0 0 1 0 1 1 0 0 1 1 1 1 1 1 0 1 1 0 1 
0 0 1 1 2 1 1 0 1 0 1 1 0 0 0 1 0 1 1 1 0 1 0 0 1 1 1 1 3 1 0 0 1 1 1 0 1 0 0 1 1 0 1 0 0 0 1 1 0 0 0 1 
1 0 0 1 0 0 0 1 0 1 1 1 1 1 1 1 1 0 0 0 3 1 1 0 0 0 1 1 0 0 0 0 0 1 0 1 0 1 0 1 0 1 1 0 0 0 1 0 1 0 1 1 
1 1 1 1 1 0 1 0 0 1 0 1 0 0 0 1 1 0 1 1 3 1 0 1 1 0 1 0 2 0 0 0 1 0 0 1 0 1 1 1 0 0 1 1 1 0 1 1 0 1 0 1 
0 0 1 0 2 1 0 1 0 1 1 0 1 1 0 0 0 0 0 1 1 1 1 0 1 0 0 0 1 0 0 1 1 1 0 0 0 0 1 0 0 1 1 1 1 0 0 1 0 0 0 1 
1 0 0 0 0 1 1 1 0 0 1 1 0 1 1 1 0 1 1 0 0 0 1 0 1 0 0 1 1 1 0 0 1 0 0 1 0 0 0 0 1 1 0 1 0 0 1 0 0 0 1 1 
1 1 0 1 2 0 0 0 1 0 0 1 0 1 0 1 0 1 1 0 2 1 0 0 1 1 0 0 2 0 0 0 1 0 1 0 1 1 0 0 0 1 0 0 0 1 1 0 1 1 0 1 
1 0 1 0 2 1 0 1 0 1 1 1 0 1 1 1 0 1 1 0 1 0 1 1 1 1 0 1 0 1 0 1 1 1 1 0 1 1 1 0 1 1 0 1 1 0 1 0 0 1 1 1 
0 0 0 1 2 0 0 0 1 1 0 1 1 1 1 0 0 1 1 1 2 1 1 1 0 1 1 1 1 0 0 1 1 0 1 0 1 0 0 1 1 1 1 1 1 0 1 0 1 0 1 1 
1 0 0 0 2 1 0 1 0 1 1 1 1 0 1 0 0 1 1 1 0 0 0 1 1 1 0 1 2 1 0 1 1 1 1 0 1 1 0 1 0 1 0 1 1 1 0 0 0 0 1 1 

# Size = 22 | Time = 435 ms
1 1 1 1 2 0 0 1 1 1 0 0 1 0 0 0 0 1 1 0 2 1 1 0 0 1 0 0 0 1 0 1 0 0 1 1 1 1 0 1 1 1 1 1 1 0 0 1 0 0 1 1 
0 0 0 0 0 1 1 0 0 0 1 1 0 1 1 1 1 1 0 1 3 0 0 1 1 0 1 1 2 0 1 0 1 1 0 0 0 0 1 0 0 0 0 0 0 1 1 0 1 1 0 0 
1 0 0 0 1 1 1 0 1 0 1 1 1 0 0 0 1 0 0 0 1 0 1 1 0 1 0 1 1 1 1 1 0 0 0 0 1 1 0 0 0 0 0 1 1 1 0 0 0 0 0 1 
0 1 1 1 1 1 0 1 0 1 0 0 0 1 1 1 0 0 1 1 0 1 0 0 1 0 1 0 3 0 0 0 1 1 0 1 0 0 1 1 1 1 1 0 0 0 1 0 1 1 1 1 
1 0 0 1 2 0 1 0 0 0 1 1 0 0 0 0 0 0 0 1 2 1 1 0 1 0 1 1 3 1 0 1 1 1 1 1 0 0 0 1 0 0 1 0 0 1 0 1 0 1 0 0 
0 1 1 0 0 0 0 1 1 1 0 0 1 1 1 1 1 0 1 0 0 1 0 1 1 1 0 0 2 0 1 0 0 0 1 0 1 1 1 0 0 1 0 1 1 1 1 1 0 0 1 0 
0 1 0 1 2 0 0 1 0 0 0 1 0 1 0 0 1 1 1 1 1 0 1 1 0 1 0 1 1 0 0 0 1 1 1 0 0 1 1 1 1 1 1 1 1 0 1 0 1 1 0 1 
1 0 1 0 0 1 1 0 1 1 1 1 1 0 1 1 0 0 0 0 3 0 0 0 0 0 1 0 0 1 0 1 0 1 1 1 0 1 0 0 1 0 0 0 0 0 1 0 1 0 1 1 
0 0 0 1 1 0 1 0 1 0 0 0 0 1 1 0 1 1 1 1 0 0 0 1 0 0 1 1 0 1 1 0 1 0 0 1 1 0 0 0 1 0 1 1 0 1 0 0 1 0 0 0 
1 0 0 1 0 0 0 1 0 1 0 0 1 0 0 0 0 1 0 0 3 0 1 1 0 1 0 0 3 0 1 0 0 0 0 0 1 0 1 1 0 1 0 1 1 0 0 1 0 1 0 1 
0 1 1 0 2 1 1 0 0 0 1 0 1 1 1 1 0 1 1 1 1 1 0 0 1 0 1 0 1 0 1 1 1 1 0 1 1 0 1 0 0 1 0 0 0 1 1 1 0 0 1 0 
0 1 1 0 0 1 1 1 1 1 1 0 0 0 0 0 0 0 0 0 2 0 0 0 0 1 0 1 2 1 1 0 1 0 0 0 0 0 1 1 1 0 1 0 0 1 0 0 1 1 1 1 
1 1 0 1 1 0 0 0 1 0 0 0 0 1 1 1 1 0 1 1 2 0 1 0 0 0 0 0 2 0 0 1 0 1 0 1 1 1 0 0 1 0 0 0 0 0 1 1 0 1 0 1 
1 0 0 0 2 0 0 1 1 0 1 1 1 0 0 1 1 1 0 1 0 0 1 0 0 1 1 1 3 1 1 1 0 0 1 1 1 1 1 0 1 0 1 1 1 1 1 1 0 0 1 1 
0 1 1 1 1 0 0 1 0 0 0 0 0 1 1 1 0 0 1 1 3 1 1 1 1 1 1 1 0 0 0 0 0 1 1 0 1 1 1 1 0 1 1 0 0 1 1 0 1 1 0 1 
1 0 1 0 0 1 0 0 1 1 1 1 1 1 1 0 1 0 1 0 2 1 0 1 0 0 1 0 1 0 1 0 0 0 0 1 1 0 1 1 0 0 1 1 1 1 0 0 1 1 1 1 
0 1 1 0 0 1 1 0 1 1 1 1 0 0 1 1 1 1 0 1 1 0 1 0 1 1 1 0 2 1 0 0 1 1 0 0 1 0 0 1 0 0 1 1 0 1 1 1 0 0 1 0 
1 1 1 0 2 0 1 1 1 0 1 0 1 1 1 1 1 0 0 1 3 0 1 0 0 1 1 0 2 1 0 0 0 1 0 0 0 1 1 1 1 1 1 1 1 1 1 0 1 1 0 0 
0 1 1 1 0 1 0 0 1 1 1 0 0 0 1 1 0 1 0 1 3 1 0 0 0 1 0 0 1 0 1 0 0 1 0 1 1 0 1 0 0 1 1 1 1 1 1 1 0 0 1 1 
1 1 1 0 1 1 0 0 1 1 0 0 1 1 1 0 1 0 0 0 1 1 0 1 0 0 1 0 0 1 0 0 1 1 1 1 0 0 1 0 1 0 1 0 0 1 1 0 0 1 1 0 
1 0 1 0 2 1 0 1 0 0 0 0 0 0 1 0 1 0 0 0 1 0 0 0 1 1 1 0 3 1 0 0 1 1 1 0 0 1 0 0 0 1 0 0 0 0 0 0 0 0 0 1 
1 1 0 1 1 0 0 0 0 1 1 0 1 0 0 1 0 1 1 0 0 1 0 0 1 1 1 0 1 1 0 0 0 1 0 0 0 0 1 0 0 1 0 0 0 1 1 0 1 0 1 0 

# Size = 28 | Time = 564 ms
0 1 0 1 2 0 1 1 1 0 0 1 1 0 0 0 1 1 0 0 0 0 0 1 1 0 0 1 3 0 0 1 0 1 1 0 0 1 1 1 0 0 0 0 0 0 1 0 1 1 0 1 
1 0 1 0 1 1 0 0 0 1 1 0 0 1 1 0 0 0 1 1 2 1 1 0 0 1 1 0 2 1 1 0 1 1 0 1 1 0 0 0 1 1 1 1 1 1 0 1 0 0 1 0 
1 1 0 0 0 0 0 1 0 0 1 1 0 1 0 1 0 1 0 0 1 1 0 1 1 1 0 0 0 0 1 0 1 0 0 0 1 0 1 0 1 1 0 1 0 1 1 0 0 0 0 1 
0 0 1 1 0 1 1 0 1 1 0 0 1 0 1 1 1 0 1 1 3 1 1 0 0 0 1 1 1 1 0 1 0 0 1 1 0 1 0 1 0 0 1 1 1 0 1 1 0 1 1 1 
1 0 1 0 2 1 0 0 1 1 1 1 0 1 0 0 0 1 0 0 3 0 1 1 1 0 1 0 1 1 0 0 0 0 1 0 1 0 0 1 0 0 1 0 0 1 0 0 1 1 0 0 
0 1 0 1 1 0 1 1 0 0 0 0 1 0 1 0 1 0 1 1 1 0 0 0 0 1 0 1 0 0 0 1 1 1 0 1 0 1 0 0 1 0 0 0 0 1 0 0 1 0 1 0 
0 1 1 0 1 0 0 1 1 0 0 1 1 0 1 1 1 1 1 0 2 0 0 0 1 0 1 0 2 0 1 1 0 0 1 0 0 0 1 1 1 1 1 1 1 0 1 1 0 1 0 1 
1 0 0 1 2 1 1 0 0 1 1 0 0 0 0 0 0 1 1 0 0 1 1 1 0 1 0 1 3 0 1 0 1 0 1 1 1 1 1 0 0 1 0 1 1 0 0 1 0 0 1 1 
0 1 0 1 2 1 0 1 1 0 0 0 1 1 1 1 0 0 0 1 3 1 0 1 1 1 0 1 1 1 1 0 0 1 0 1 1 0 1 0 1 1 0 0 0 1 1 1 0 0 0 0 
1 0 1 0 0 0 0 0 1 0 1 1 0 1 1 1 1 0 0 1 0 1 1 0 0 0 1 0 3 1 1 1 1 1 0 0 1 1 0 1 1 0 0 1 1 1 1 0 1 0 1 0 
0 1 0 0 0 1 1 0 0 1 1 0 0 1 0 0 0 1 0 1 2 0 0 1 1 1 0 1 2 0 0 1 0 1 0 0 0 0 0 1 0 1 0 0 0 0 0 0 1 1 1 1 
1 0 0 1 1 1 1 1 1 1 0 1 1 1 0 1 0 0 0 0 1 1 1 1 0 0 1 0 0 1 0 0 0 1 1 1 0 1 1 1 0 0 1 1 1 0 1 1 0 1 0 1 
0 0 0 1 1 0 0 0 0 1 0 0 0 0 0 0 1 1 0 1 3 1 0 0 1 0 1 1 1 0 0 0 1 1 0 1 1 1 1 0 0 1 0 1 1 0 0 0 0 1 0 1 
1 1 1 1 2 1 1 0 0 1 1 1 1 0 1 0 0 1 1 1 2 1 1 0 0 0 0 1 2 1 0 0 0 0 1 0 0 1 1 1 1 0 1 1 1 0 0 0 1 1 0 1 
1 1 0 1 1 0 1 1 0 1 1 1 0 0 0 0 1 0 1 1 0 0 1 0 1 1 0 0 3 0 1 1 1 1 0 1 1 0 1 1 0 1 1 1 0 1 0 0 1 0 0 1 
0 0 1 0 2 1 1 0 0 1 1 1 1 0 1 1 0 1 0 0 1 1 1 1 1 0 0 0 0 1 1 0 0 0 0 1 0 1 0 1 1 0 1 1 0 1 1 1 0 1 0 1 
1 0 0 1 1 0 0 1 1 0 0 1 1 1 1 0 1 0 0 1 1 0 0 1 1 0 1 0 3 0 0 1 1 0 1 0 0 0 1 1 0 1 0 0 0 0 1 0 1 0 1 1 
1 1 0 1 0 1 0 0 0 0 1 0 0 0 1 0 1 1 1 1 3 1 1 0 0 0 1 0 0 0 1 1 0 0 1 0 0 0 1 1 1 1 1 1 0 1 0 0 1 1 1 1 
1 0 0 0 0 0 0 1 1 0 0 1 0 1 0 0 0 0 1 1 2 1 0 0 0 1 0 1 1 1 1 1 0 0 0 0 0 1 1 1 0 0 1 1 0 1 0 0 1 0 1 1 
0 0 0 1 0 1 0 0 1 0 0 1 0 0 1 1 0 0 0 1 2 1 0 0 1 0 1 1 0 1 0 1 0 0 1 0 0 0 0 0 1 0 0 1 0 1 1 0 0 1 1 0 
0 0 0 0 2 1 1 1 0 1 1 1 1 1 1 0 0 1 1 1 0 0 0 1 0 1 1 1 0 0 1 0 1 0 1 1 0 1 0 1 1 1 1 0 0 1 1 1 0 0 1 0 
1 1 0 1 1 0 1 1 0 0 0 0 0 0 0 1 0 1 1 0 1 1 0 1 1 1 0 0 2 0 0 1 1 1 1 1 0 0 1 1 1 1 0 1 0 0 1 0 1 0 0 1 
1 0 1 1 0 1 1 0 1 0 1 0 0 1 0 0 1 1 1 1 0 0 1 0 1 0 1 1 1 1 0 0 0 1 1 0 0 0 1 0 0 0 1 1 1 0 0 0 0 1 0 1 
0 0 1 1 0 1 1 1 1 1 0 1 1 1 1 1 1 0 0 0 2 0 1 1 0 1 1 0 3 0 0 1 0 1 0 1 0 1 0 1 0 1 0 1 1 0 1 1 0 1 1 1 
1 0 1 1 1 1 1 1 1 0 0 0 1 1 1 0 1 1 1 0 0 0 0 1 1 1 0 0 2 0 1 1 1 0 1 1 1 0 0 1 0 0 0 0 0 0 1 0 1 1 1 1 
0 0 1 0 1 1 0 1 1 0 0 1 1 1 1 0 0 1 0 0 3 0 1 0 1 1 0 0 2 1 0 0 0 1 0 1 1 1 1 0 1 1 0 0 0 1 0 0 1 1 1 1 
1 1 1 1 0 1 1 0 0 0 0 1 0 1 1 0 0 1 1 0 1 1 0 0 1 0 0 0 1 1 1 0 1 0 1 0 0 0 0 0 0 1 0 1 1 1 0 0 1 1 1 1 
1 1 1 1 1 1 1 0 1 1 1 1 1 0 0 1 1 1 0 1 3 0 1 0 0 1 1 0 3 1 1 1 0 0 0 1 0 1 1 0 1 0 0 1 1 0 1 0 1 0 0 1 

# Size = 27 | Time = 593 ms
0 0 0 0 0 0 1 1 0 0 0 1 0 1 1 0 1 1 1 0 2 1 1 1 0 0 0 0 0 1 0 0 1 0 0 0 0 0 0 0 0 1 0 1 0 0 1 0 1 0 1 1 
1 1 1 1 2 1 0 0 1 1 1 0 1 0 0 0 0 0 0 1 3 0 0 0 1 1 1 1 1 0 1 1 0 1 1 1 1 1 1 1 1 0 1 1 1 1 0 1 0 1 0 0 
0 0 0 0 1 1 1 1 1 0 1 1 0 0 1 1 1 0 0 1 1 0 0 0 1 1 1 0 2 0 0 1 0 0 0 1 1 1 0 1 1 1 0 0 0 1 1 0 0 1 1 1 
1 1 1 1 1 1 0 0 0 1 0 0 1 1 0 1 0 1 1 0 0 1 1 1 0 1 0 1 3 1 1 0 1 1 1 0 0 0 1 0 0 0 1 0 0 0 1 1 0 0 0 1 
1 1 0 0 2 0 0 0 0 0 0 0 1 1 0 0 0 0 0 1 1 1 1 0 1 0 0 1 2 1 1 0 1 0 1 1 1 0 0 0 1 1 0 1 1 1 0 0 1 0 1 0 
0 0 1 1 0 0 1 1 1 1 1 1 0 0 1 0 0 1 1 0 0 0 0 1 0 0 1 0 3 0 0 1 0 1 0 0 0 1 1 1 0 0 1 1 1 1 0 0 1 1 0 0 
1 1 1 1 2 0 1 1 0 0 1 0 0 0 1 1 1 1 0 1 3 0 0 1 1 0 0 0 1 1 1 1 1 0 0 0 0 0 0 0 0 1 0 0 0 0 1 1 0 1 0 1 
0 0 0 1 0 1 0 0 1 0 0 0 1 1 1 0 1 0 1 0 2 0 1 0 1 1 1 1 0 0 0 0 0 1 1 1 1 1 1 1 1 0 1 0 0 0 0 1 0 0 1 1 
1 0 1 0 0 1 0 1 1 1 1 1 0 1 0 1 1 1 0 1 2 1 0 0 0 1 1 1 0 0 1 1 1 0 1 1 1 0 1 1 0 0 0 1 1 1 1 0 1 1 0 0 
0 0 0 0 1 0 1 0 1 1 0 1 1 0 0 0 1 1 1 0 3 1 0 1 0 1 0 0 1 1 0 0 0 1 1 1 0 1 0 0 1 1 1 1 1 0 0 0 1 0 1 1 
0 1 1 1 2 0 1 1 0 1 1 1 1 0 0 1 0 0 1 0 1 0 1 0 0 1 0 1 2 0 0 1 1 1 0 0 0 1 1 1 0 0 1 0 0 0 1 1 0 0 0 1 
1 0 0 0 2 1 0 0 0 0 0 1 0 0 1 0 1 0 0 1 0 1 1 1 1 0 1 1 3 1 0 0 0 0 0 1 1 0 0 0 1 1 0 0 0 1 1 1 0 1 1 0 
0 1 1 0 1 1 0 1 1 0 1 0 0 0 1 0 0 1 1 1 2 1 0 0 1 0 0 0 0 1 0 0 0 1 1 0 1 1 1 1 1 1 0 0 0 1 0 1 0 1 1 0 
0 1 0 0 0 0 1 0 1 0 0 0 0 0 1 0 1 1 0 0 1 0 0 1 0 1 0 0 2 0 1 1 0 0 0 0 1 0 1 0 1 1 0 0 0 0 0 0 1 0 0 1 
1 0 0 0 0 0 1 1 0 1 1 1 0 1 1 0 0 1 0 0 3 1 1 1 0 0 1 0 1 1 1 1 1 0 1 1 0 0 0 1 0 1 1 1 1 1 1 0 1 1 0 0 
0 0 0 1 2 1 0 0 1 1 0 0 0 0 0 0 1 1 1 0 2 0 0 0 1 0 0 0 3 1 1 0 0 0 0 0 0 0 0 0 0 0 0 1 1 1 0 0 1 1 1 1 
1 1 0 0 2 0 0 0 0 0 1 1 0 1 1 1 1 0 0 1 0 0 0 0 1 1 1 1 0 1 1 1 0 1 0 1 0 0 0 1 0 0 1 0 0 0 1 0 0 0 1 1 
1 1 0 0 1 1 1 1 1 1 1 0 1 0 0 1 0 0 1 1 3 1 0 1 1 1 1 0 2 0 0 0 0 0 1 0 0 0 1 1 1 0 0 1 1 0 1 0 0 0 1 1 
1 0 1 1 1 1 1 1 0 1 0 1 1 1 1 1 1 1 0 1 0 0 1 0 1 0 1 0 1 0 1 1 1 0 1 0 1 0 1 1 0 1 0 1 1 0 1 0 0 0 0 1 
1 0 0 1 0 1 1 0 1 1 1 1 0 1 0 1 1 0 1 0 3 1 1 0 0 0 1 0 3 0 0 0 1 0 0 1 0 1 0 1 0 0 0 1 0 1 1 0 1 1 1 0 
0 1 1 0 2 0 1 1 0 1 0 1 0 1 0 1 0 0 0 1 1 0 0 0 1 0 0 0 0 0 1 0 1 1 1 0 1 0 1 1 0 0 0 1 1 1 1 0 0 1 0 0 
1 1 1 1 0 1 1 1 1 0 0 1 0 0 1 0 0 1 1 0 1 1 1 0 1 1 1 1 1 0 1 0 1 1 0 1 0 0 0 1 0 1 1 1 0 1 0 1 0 0 1 1 
1 0 0 0 2 0 1 1 0 1 0 1 0 0 0 1 0 1 1 1 2 0 0 0 1 0 0 1 1 1 0 1 0 1 0 0 1 0 0 0 0 1 1 0 0 0 1 1 0 0 1 1 
0 1 1 0 0 1 1 0 1 1 1 0 0 0 1 0 1 0 1 1 3 0 0 0 0 1 1 0 0 1 1 1 1 1 1 0 1 1 0 0 0 1 0 1 1 0 1 1 0 0 1 1 
1 0 0 0 0 0 0 1 1 0 1 1 1 1 1 1 0 1 1 0 2 1 1 0 1 0 1 1 2 0 1 1 0 1 1 0 1 1 1 1 0 0 0 1 0 0 1 1 0 0 0 1 
0 0 1 1 1 0 0 1 1 0 1 0 1 0 0 0 0 1 1 0 0 0 1 1 1 0 0 1 2 1 0 1 0 1 1 1 0 1 0 1 0 1 1 0 0 1 0 0 1 1 0 1 
1 0 0 0 0 1 0 0 0 1 1 0 1 1 1 0 1 0 0 0 1 1 1 0 0 1 0 0 3 0 1 0 0 1 0 1 1 1 1 0 0 0 0 1 1 0 1 0 1 0 1 1 

# Size = 23 | Time = 464 ms
1 0 1 1 1 0 1 0 0 1 1 1 0 0 0 0 1 0 0 1 0 0 1 0 0 0 1 1 3 1 1 0 0 1 0 0 1 0 0 1 1 0 0 0 0 0 0 0 1 0 0 1 
0 1 0 0 0 1 0 1 1 0 0 0 1 1 1 1 0 1 1 1 1 1 0 1 1 1 0 0 2 0 0 1 1 0 1 1 0 1 1 0 0 1 1 1 1 1 1 1 0 1 1 0 
0 1 1 1 2 1 1 0 1 0 1 1 1 1 0 0 1 1 1 0 3 1 0 0 1 0 1 0 0 1 1 1 1 1 0 1 1 1 1 1 0 1 1 1 1 0 1 0 1 0 0 1 
1 0 0 0 2 1 0 1 0 1 0 0 0 0 0 0 0 0 0 0 2 0 1 1 0 1 0 1 1 0 0 0 1 0 1 0 0 0 0 0 1 0 0 0 0 1 0 1 0 1 1 0 
0 1 0 1 0 0 1 1 0 0 1 0 1 0 1 1 1 0 0 0 2 1 0 1 0 0 1 0 1 0 1 0 0 0 0 0 1 0 1 0 0 1 0 0 0 1 1 0 1 0 1 1 
1 0 1 1 1 0 0 0 1 1 0 1 0 1 1 1 0 1 1 0 3 0 1 0 0 1 0 1 0 1 0 1 0 1 0 1 0 0 0 1 1 0 1 1 1 1 1 1 0 1 0 0 
1 0 0 0 0 0 1 0 0 0 1 1 0 0 1 0 1 0 0 0 1 0 0 0 1 0 0 0 2 0 0 1 0 1 1 1 0 1 0 1 1 0 0 1 0 0 0 0 1 1 0 1 
0 1 1 0 1 1 0 1 1 1 0 0 0 0 1 0 0 1 1 0 0 1 1 1 1 1 1 1 3 1 1 0 1 0 1 0 0 1 1 0 0 1 1 1 1 0 0 1 0 0 1 1 
1 0 0 0 0 0 1 0 0 1 1 0 1 1 0 0 0 0 0 1 3 1 1 1 1 0 1 0 0 0 1 1 1 0 1 0 1 0 1 0 0 0 1 0 0 1 0 1 0 1 0 0 
0 1 1 1 2 1 0 1 1 1 0 0 1 1 0 1 1 1 1 1 2 0 0 0 1 1 0 1 2 1 1 0 0 1 0 1 1 1 0 1 1 0 0 0 0 1 1 0 1 0 1 0 
1 0 0 0 1 1 1 1 0 0 1 1 1 1 1 1 1 1 0 0 0 1 0 0 1 1 0 0 3 0 0 1 0 0 0 1 0 0 0 0 1 1 0 1 1 1 1 1 0 1 0 0 
0 0 1 1 0 1 1 0 1 1 0 1 1 1 0 1 0 0 0 1 1 0 1 1 0 0 1 1 1 1 0 1 0 1 0 0 1 0 1 1 1 1 1 1 1 0 1 0 0 0 1 1 
1 0 0 1 1 0 0 0 0 1 1 1 1 0 1 0 0 1 1 0 2 0 1 0 0 0 0 0 1 1 0 1 1 1 1 1 1 1 0 0 0 1 1 1 1 0 1 0 1 0 0 1 
1 1 1 1 2 0 1 1 0 0 0 0 1 0 1 1 0 1 1 0 3 1 1 0 0 0 1 1 2 0 0 0 0 0 0 0 1 0 0 1 1 0 0 1 0 1 1 1 0 1 0 0 
1 0 0 0 2 1 0 1 1 1 1 1 1 0 1 0 1 0 1 0 1 0 0 1 1 0 1 0 0 1 1 0 0 0 1 0 0 0 0 1 1 1 0 0 0 1 1 0 1 0 1 1 
0 1 0 0 2 1 1 0 1 1 1 0 0 1 0 0 1 0 0 1 3 1 1 1 1 0 0 0 3 1 1 1 1 1 0 1 1 1 0 1 0 1 1 1 1 1 0 0 0 1 1 1 
0 0 0 0 2 0 1 1 1 1 0 0 0 0 0 1 0 0 1 1 0 1 1 1 1 1 1 0 1 1 0 0 1 0 1 0 1 1 0 1 0 0 0 1 1 1 1 0 1 0 1 0 
1 0 0 1 1 1 1 1 1 0 0 1 1 0 1 1 0 0 1 1 0 1 1 0 1 1 0 1 2 0 0 1 0 0 1 0 1 0 0 0 1 0 0 0 0 1 1 1 0 1 1 0 
1 1 0 1 1 0 0 1 1 0 0 1 0 0 1 0 0 0 1 0 1 0 0 0 0 0 1 1 3 0 1 0 1 0 0 0 0 0 1 0 1 1 0 1 1 1 1 0 1 0 0 0 
1 1 1 0 0 0 1 1 1 1 1 1 1 0 0 1 1 1 1 1 0 1 0 1 0 0 0 0 0 1 0 0 0 1 0 0 0 0 1 1 1 0 1 1 1 1 1 0 0 1 0 1 
1 0 0 1 0 1 1 0 1 1 1 0 1 1 1 1 1 1 0 0 2 0 1 0 0 0 1 0 3 0 1 0 1 1 0 0 1 0 1 1 0 1 0 0 0 1 1 0 1 0 1 1 
0 0 1 0 1 0 1 0 0 1 1 0 1 0 1 0 0 0 0 0 2 0 0 0 1 0 0 1 0 1 1 1 1 0 0 0 1 0 0 1 0 1 0 0 0 0 0 0 0 0 0 1 
0 0 1 0 2 1 0 0 0 0 0 0 1 0 0 0 0 0 1 0 3 1 1 0 0 0 1 0 1 1 0 1 0 1 1 0 1 1 0 0 0 1 1 1 1 1 1 0 0 1 1 0 

# Size = 25 | Time = 538 ms
1 1 1 0 0 0 1 0 1 1 0 1 1 0 0 0 0 0 0 1 1 0 1 0 1 0 1 0 2 0 0 0 0 1 0 1 1 1 0 1 1 1 0 0 0 1 1 1 0 0 0 1 
0 0 0 1 1 1 0 1 0 0 1 0 0 1 1 1 1 1 1 0 3 1 0 1 0 1 0 1 0 1 1 1 1 0 1 0 0 0 1 0 0 0 1 1 1 0 1 0 1 1 1 1 
1 0 0 0 2 1 1 0 0 1 0 0 0 0 0 0 1 1 0 0 0 1 1 1 1 0 0 1 1 1 0 1 1 1 1 1 1 1 0 0 1 1 1 1 1 1 0 0 1 0 1 0 
1 1 1 1 2 0 0 1 1 0 1 0 1 1 1 0 0 1 1 1 2 0 0 0 0 1 1 0 3 0 1 0 0 0 0 0 0 0 1 1 0 0 0 0 0 1 0 1 0 1 0 0 
0 0 0 1 1 1 0 0 0 1 0 1 1 0 1 1 0 0 1 0 0 0 0 0 1 1 1 1 1 0 1 0 1 0 1 0 1 1 0 1 1 1 1 0 0 0 1 1 0 1 0 1 
0 1 1 0 0 0 1 1 0 0 1 1 0 1 0 1 1 0 0 1 2 0 1 1 1 0 0 0 3 1 0 1 0 1 0 1 0 0 1 0 1 0 0 1 1 0 1 0 1 0 1 1 
0 1 0 0 1 1 1 1 1 1 0 1 1 1 0 0 1 0 0 1 3 1 1 0 0 0 0 1 0 0 1 1 0 0 0 1 1 1 0 1 0 1 0 0 0 1 0 0 1 0 0 0 
0 0 1 1 0 0 1 0 1 0 1 0 1 0 1 1 0 1 1 0 1 1 0 1 0 1 1 1 2 1 0 0 1 1 1 0 1 0 1 1 0 0 1 1 1 1 1 1 0 0 1 0 
1 1 1 0 0 1 0 1 1 0 1 1 0 1 1 0 0 1 0 1 0 1 1 1 0 0 1 0 1 0 0 1 1 0 1 0 0 1 0 0 0 0 0 0 0 0 0 1 0 1 0 1 
1 0 0 1 1 1 0 0 0 1 1 0 0 1 0 0 1 0 1 0 1 1 1 0 1 1 0 0 2 0 1 0 0 1 0 1 0 1 1 0 0 1 1 1 1 0 0 0 1 1 0 1 
1 1 1 0 2 0 0 0 0 1 0 1 0 0 1 1 0 1 1 0 3 0 0 0 1 0 0 0 0 1 0 0 1 1 0 1 0 0 0 1 1 1 1 0 0 0 1 1 0 0 1 1 
0 0 0 0 2 1 0 0 1 0 0 0 0 0 0 0 0 0 0 0 2 1 0 1 0 1 1 1 3 1 1 0 1 1 1 0 1 1 0 1 1 1 1 1 0 1 0 0 1 1 0 1 
0 0 1 1 1 0 1 1 0 1 0 1 1 0 1 0 1 0 0 0 0 0 1 0 0 0 1 1 1 1 0 1 0 1 0 1 1 0 1 0 0 0 0 0 0 1 0 1 0 1 0 1 
1 0 0 1 0 0 1 1 0 1 0 1 1 1 0 1 1 0 0 1 1 1 0 0 0 1 1 1 0 0 1 1 0 0 1 0 0 0 0 1 0 1 1 0 0 0 1 0 0 0 0 1 
1 0 0 0 2 1 0 1 1 1 1 0 1 0 0 1 0 1 0 0 2 0 0 0 0 1 1 0 2 0 1 1 0 0 1 1 0 0 1 1 1 0 1 0 0 1 1 0 0 1 1 1 
1 0 0 0 1 1 1 1 0 1 1 0 1 1 0 0 1 0 1 0 3 1 1 1 0 0 1 0 3 0 1 1 1 1 1 0 1 1 1 1 0 1 1 0 0 0 0 0 0 0 0 1 
0 1 0 0 1 0 0 0 0 1 1 0 0 0 1 1 1 1 1 0 2 0 1 1 1 0 0 0 0 0 1 1 0 0 0 1 0 1 1 1 1 1 0 0 0 0 1 1 0 1 0 1 
1 1 1 1 2 1 0 1 1 0 1 0 1 1 0 0 1 1 0 0 1 0 1 0 0 1 1 1 3 0 0 0 1 0 0 1 0 0 0 0 1 0 0 1 0 1 1 0 0 0 0 0 
1 0 0 0 0 0 1 1 1 1 0 0 0 0 0 1 1 0 1 1 3 0 0 1 1 0 1 1 1 1 0 1 0 0 0 1 0 1 0 1 0 1 1 1 1 1 1 1 0 1 0 1 
1 1 1 0 0 1 1 1 0 1 1 1 0 1 0 0 1 0 0 1 2 0 1 0 1 0 1 0 1 0 0 1 0 0 1 1 0 0 1 0 1 0 1 1 0 0 0 0 0 0 0 1 
1 0 0 1 0 1 1 1 1 1 1 0 1 0 0 0 0 1 0 0 3 0 1 0 0 1 1 0 2 0 1 1 0 1 0 1 0 0 1 0 0 1 0 1 0 1 1 1 0 0 1 0 
1 1 1 1 0 0 0 1 0 1 0 0 1 0 0 0 0 1 1 0 0 0 1 1 0 0 0 0 2 1 0 0 0 1 0 1 0 0 0 0 0 1 1 1 1 1 0 1 0 1 0 1 
0 0 1 1 0 0 0 0 0 1 0 1 1 0 0 0 0 0 0 0 0 0 0 0 0 0 1 1 0 1 0 0 0 1 0 0 1 0 1 0 1 0 1 1 0 1 1 1 0 0 0 1 
0 0 0 0 2 0 0 0 0 0 0 1 0 1 1 1 0 0 1 0 0 1 1 0 0 0 0 0 3 0 1 0 1 1 0 1 1 1 0 1 1 0 1 0 0 0 1 0 1 1 0 1 
1 1 0 0 2 1 0 1 0 1 0 0 0 0 0 0 0 1 1 0 1 1 0 0 0 0 0 1 1 0 1 0 0 1 1 0 1 1 1 0 1 0 1 0 0 0 1 1 0 0 0 1 

# Size = 25 | Time = 500 ms
0 0 0 1 0 0 1 0 0 1 0 1 1 1 1 0 0 1 0 1 1 1 1 0 0 1 0 0 3 1 1 0 1 1 0 1 0 0 0 1 0 0 0 0 0 1 0 1 0 0 1 0 
1 1 1 0 2 1 0 1 1 0 1 0 0 0 0 0 1 0 1 0 2 0 0 1 1 0 1 1 1 0 0 1 0 0 1 0 1 1 1 0 1 1 1 1 1 0 1 0 1 1 0 1 
1 0 0 1 1 0 0 0 1 1 0 1 0 1 1 1 0 1 1 1 3 0 0 1 1 1 1 0 2 1 0 0 1 0 1 0 1 0 1 0 1 0 1 0 0 1 1 0 0 1 0 1 
0 1 1 1 1 1 1 1 0 0 1 0 1 0 0 1 1 0 0 0 0 1 1 0 0 0 0 1 0 0 1 1 0 1 0 0 0 1 0 1 0 1 0 1 1 1 1 1 0 0 1 0 
0 1 0 0 2 0 0 1 0 0 1 1 1 1 1 0 0 0 0 1 3 1 0 1 0 0 0 0 2 0 1 0 0 0 0 1 1 0 1 0 0 0 0 1 1 0 0 0 1 0 1 1 
1 0 1 0 0 1 1 0 1 1 0 0 0 0 0 0 1 1 1 0 0 0 1 0 1 1 0 0 0 1 0 0 1 1 1 1 0 1 0 1 1 1 1 0 0 0 0 0 1 1 0 1 
1 1 0 0 2 1 0 1 1 1 0 1 1 0 1 1 1 1 1 1 2 1 1 0 0 0 1 1 1 1 1 1 1 0 1 1 0 0 0 0 0 0 0 0 0 1 1 1 0 1 1 0 
1 0 1 0 0 1 1 0 0 1 1 0 0 1 0 1 0 1 0 0 1 0 0 1 1 1 1 1 3 0 0 1 0 0 0 0 1 1 1 1 1 0 1 1 1 1 1 1 0 0 0 0 
0 0 0 1 2 0 1 0 1 0 0 0 1 1 1 0 0 0 0 1 2 0 0 1 0 1 0 0 1 1 1 1 1 1 0 0 0 1 0 1 1 1 1 1 0 0 0 1 0 1 0 1 
0 1 1 1 0 0 0 1 0 0 0 0 0 0 0 0 1 0 0 0 3 1 1 0 1 1 1 1 3 0 0 1 0 1 1 0 1 0 1 0 0 1 0 0 0 1 0 0 1 0 0 0 
0 1 1 0 1 0 0 0 1 0 1 1 1 0 1 0 1 0 1 0 1 0 0 0 1 0 1 1 2 1 0 0 0 1 1 1 0 1 1 1 0 1 0 0 0 0 0 0 1 0 1 1 
0 0 0 0 2 0 0 1 0 1 0 1 0 1 1 1 0 0 1 1 0 1 0 1 1 0 1 1 0 0 1 1 1 0 1 1 1 0 1 0 1 0 1 1 1 0 1 0 1 0 1 1 
1 0 1 0 0 1 1 1 0 0 1 0 0 0 0 0 0 1 1 1 3 0 1 1 0 0 1 0 2 1 1 1 1 0 0 0 0 1 0 1 0 0 1 1 1 0 0 1 0 1 0 1 
1 1 0 1 2 0 1 0 1 0 1 1 1 1 0 1 1 1 1 0 1 1 0 0 1 0 1 0 3 0 1 0 1 1 0 1 1 0 0 0 1 1 0 1 1 0 1 1 0 1 0 1 
1 0 0 1 1 0 1 0 0 1 1 1 0 1 0 1 0 0 0 1 2 1 0 1 0 0 0 1 1 1 0 0 0 1 0 0 1 1 0 0 0 0 1 0 0 1 1 1 0 0 1 1 
1 1 1 0 0 1 0 0 0 0 1 1 1 0 0 1 1 1 0 0 2 0 1 1 0 0 1 1 2 0 0 0 0 0 0 0 0 0 1 0 1 0 0 0 0 1 1 0 1 0 1 0 
0 0 1 1 0 0 1 1 0 0 0 1 0 0 0 0 1 1 0 1 1 1 1 1 1 0 1 0 1 0 1 1 1 0 1 1 1 0 1 1 0 0 1 0 0 1 1 0 0 1 0 1 
1 1 1 1 1 1 0 1 1 1 1 1 1 0 1 0 1 1 0 0 0 1 0 1 1 1 0 1 3 1 0 0 0 0 1 0 1 0 0 0 1 0 0 1 1 0 0 0 1 1 0 1 
0 1 1 1 0 0 1 0 1 0 1 1 0 1 1 1 0 1 1 0 1 0 0 0 1 1 0 1 0 0 0 0 1 0 1 1 0 1 0 0 0 1 1 1 1 1 1 0 0 0 0 0 
1 1 1 1 0 1 0 0 0 1 0 0 0 1 1 1 1 1 1 0 2 1 0 1 0 1 0 0 0 1 1 1 0 0 0 0 0 1 1 0 1 1 1 0 0 1 1 0 1 1 0 1 
0 0 0 1 1 0 0 0 0 0 0 0 1 1 0 0 0 0 0 0 0 1 1 1 1 0 0 1 2 0 0 0 0 1 1 0 0 1 0 1 0 0 0 1 1 1 1 1 0 0 1 0 
1 0 1 0 0 1 1 1 0 1 1 0 0 1 0 1 0 1 0 1 3 1 1 1 0 0 0 0 1 1 1 0 1 1 1 1 1 1 1 1 1 0 0 1 1 1 1 1 0 1 1 0 
0 1 1 1 2 1 0 1 1 1 0 1 0 0 1 0 0 0 0 1 0 1 1 1 1 0 1 0 1 0 1 1 0 0 1 1 1 0 1 1 0 0 1 1 1 1 0 0 1 1 1 0 
0 0 0 0 2 0 0 1 1 1 0 1 1 1 1 1 1 0 0 0 2 0 0 0 1 0 0 0 3 1 0 0 1 1 1 1 0 0 0 1 1 0 0 1 0 1 1 0 1 0 0 1 
1 1 1 1 0 0 0 0 1 0 1 1 1 1 1 1 1 0 1 0 3 1 1 1 0 0 1 0 0 0 1 1 0 1 0 0 1 1 1 1 0 0 0 1 1 1 1 0 0 1 0 0 

# Size = 26 | Time = 554 ms
0 1 0 0 0 1 1 0 1 0 0 1 0 0 0 1 0 0 0 0 3 0 1 1 1 0 0 1 1 0 1 1 1 1 0 1 0 1 0 1 0 0 1 0 0 1 1 1 0 0 1 0 
1 0 1 1 2 0 0 1 0 1 1 0 1 1 1 0 1 1 1 1 1 1 0 0 0 1 1 0 3 1 0 0 0 0 1 0 1 0 1 0 1 1 0 0 0 0 0 0 1 1 0 1 
1 0 1 0 1 1 0 0 0 0 1 0 1 0 1 0 1 1 0 1 2 0 1 1 0 0 1 0 0 0 1 1 1 0 1 1 0 1 0 1 0 0 0 1 1 1 1 0 1 0 0 1 
0 1 0 1 1 1 1 1 1 1 0 1 0 1 0 1 0 0 1 0 0 1 0 0 1 1 0 1 2 1 0 0 0 1 0 0 1 0 1 0 1 1 1 1 1 1 1 1 0 1 1 0 
0 0 1 0 2 0 1 0 1 0 1 1 0 0 0 0 0 1 0 0 1 0 1 1 1 0 0 0 3 1 0 1 1 1 1 1 1 0 0 0 1 1 1 1 1 0 0 0 0 0 1 1 
1 1 0 1 0 0 0 1 0 1 0 0 1 1 1 0 1 0 0 1 3 1 0 1 1 1 0 1 2 0 1 1 0 0 0 0 0 1 1 1 0 0 0 1 0 0 0 1 0 1 0 1 
0 0 0 0 2 0 1 1 1 0 0 0 1 0 1 1 0 0 1 0 2 1 0 0 0 0 1 1 0 0 0 0 1 1 0 1 1 1 1 1 0 1 0 0 0 1 1 0 1 1 0 0 
1 1 1 1 0 0 0 0 0 1 1 1 0 0 0 1 1 0 1 1 0 0 1 0 0 0 1 0 1 1 1 0 0 0 1 0 0 0 0 0 1 1 1 1 1 1 1 0 1 1 0 0 
1 0 0 0 2 1 1 0 0 0 0 0 1 1 0 0 0 1 1 0 0 1 1 1 0 1 1 0 1 0 0 0 1 0 1 0 1 0 1 0 0 0 0 0 0 0 0 1 0 0 1 1 
0 1 1 1 0 0 0 1 1 1 1 0 0 1 0 0 1 1 0 1 2 0 0 0 1 1 0 1 0 1 1 1 0 1 0 1 1 1 0 0 1 0 1 0 0 1 0 1 0 0 1 0 
1 0 0 1 1 1 0 0 1 0 1 1 0 0 1 1 0 1 1 1 3 0 1 0 1 1 1 1 2 1 0 1 1 0 1 1 1 0 0 1 1 0 0 0 0 0 1 0 1 0 1 1 
0 1 0 0 0 1 1 0 0 0 0 1 1 0 1 1 1 0 0 1 1 0 0 1 1 0 1 1 3 0 0 0 0 0 0 0 0 1 1 1 0 0 1 0 0 1 1 1 0 1 0 0 
0 1 1 0 2 1 0 1 0 1 0 0 0 1 0 0 1 1 1 0 3 0 1 0 0 0 0 0 2 1 1 0 1 1 0 1 0 1 0 0 0 1 0 0 0 0 0 0 1 1 0 1 
1 1 1 0 1 0 1 1 1 1 0 0 1 0 1 0 1 1 0 1 0 1 0 1 0 1 1 0 1 0 1 1 0 1 0 1 0 1 0 1 1 0 0 1 1 1 0 0 1 0 0 1 
1 0 1 1 0 1 0 1 1 1 0 1 1 1 1 0 0 0 1 1 2 0 0 1 1 1 0 1 0 0 1 0 0 1 1 0 0 0 0 1 1 0 0 1 0 0 0 0 0 0 1 1 
1 1 0 0 1 0 1 0 1 0 1 1 0 0 0 0 0 1 0 1 1 0 1 0 0 0 1 0 3 0 1 0 1 1 1 1 1 0 0 1 0 0 1 1 1 0 0 0 1 1 0 1 
0 0 0 1 2 0 1 1 1 0 1 1 1 0 0 0 0 1 1 0 3 1 0 1 0 0 0 0 3 0 0 1 1 0 0 0 1 1 0 1 1 1 1 1 1 1 0 1 0 0 0 1 
1 1 1 1 1 0 1 0 0 0 1 1 1 0 0 0 0 0 1 1 2 1 1 1 0 0 0 0 3 1 0 0 1 1 1 1 0 0 0 0 1 0 0 0 0 0 1 1 0 1 0 1 
0 0 0 0 1 0 0 0 1 0 1 1 0 1 0 0 0 1 1 0 2 0 1 1 1 1 1 1 2 0 1 1 1 0 1 1 1 0 0 1 1 0 0 1 0 0 0 1 0 1 0 1 
0 1 0 0 0 1 1 0 1 0 1 0 1 1 1 0 1 1 0 1 0 1 1 0 1 0 0 0 0 0 0 0 1 1 1 1 0 0 1 0 0 1 1 1 0 1 1 0 0 0 1 0 
1 0 1 0 0 1 0 0 0 0 0 0 0 0 1 0 1 0 0 0 3 0 0 0 1 0 0 1 0 0 0 0 1 1 1 0 1 1 0 1 0 1 0 0 0 0 1 1 0 0 1 1 
1 0 1 0 0 0 1 0 0 0 1 0 0 1 0 1 0 1 1 0 0 0 0 1 1 0 1 1 3 0 1 1 1 1 1 1 0 1 1 1 1 0 1 0 0 0 1 0 1 0 0 1 
0 1 1 0 0 0 0 0 1 0 1 0 0 0 0 0 1 1 1 0 1 0 0 1 1 1 0 1 0 0 0 1 0 0 0 1 0 1 1 0 0 0 0 0 0 1 0 0 1 0 1 1 
1 0 0 1 2 0 1 1 1 1 1 1 1 0 0 0 0 0 1 1 2 0 0 1 0 1 1 1 1 0 0 1 1 1 1 0 1 0 1 0 1 1 1 1 1 1 0 1 0 0 1 1 
1 1 1 1 0 0 0 1 1 1 0 1 1 1 0 0 1 1 1 0 1 0 1 1 0 0 0 1 1 1 1 1 1 0 0 0 1 1 0 1 0 1 1 1 0 0 0 0 1 1 0 1 
1 0 0 0 0 1 1 0 1 1 0 1 0 1 1 1 1 1 1 0 1 1 1 0 1 0 0 1 2 1 0 0 1 1 0 1 0 0 0 1 0 0 0 1 1 0 1 1 0 1 0 1 

# Size = 25 | Time = 497 ms
0 1 0 1 1 0 0 1 1 1 1 0 1 0 1 1 0 1 0 1 2 0 1 0 0 1 1 0 1 0 1 1 1 1 1 0 1 1 1 1 0 0 1 1 1 0 1 1 0 0 0 1 
1 0 1 0 0 1 1 0 0 0 0 1 0 1 0 0 1 0 1 0 3 1 0 1 1 0 0 1 0 1 0 0 0 0 0 1 0 0 0 0 1 1 0 0 0 1 0 1 0 1 1 0 
0 0 0 0 2 1 1 0 1 1 0 1 0 0 1 0 0 0 1 0 0 1 0 1 1 0 1 0 3 0 1 1 0 1 1 1 1 1 1 1 1 0 1 0 0 1 1 0 1 0 0 1 
1 1 1 1 2 0 0 1 0 0 1 0 1 1 0 0 1 1 0 1 1 0 1 0 0 1 0 1 2 1 0 0 1 0 0 0 0 0 0 0 0 1 0 1 1 1 0 0 1 1 0 0 
1 0 0 0 1 1 1 0 1 0 0 1 1 1 1 1 1 1 1 1 2 0 0 0 1 1 1 1 1 0 1 0 0 1 0 0 0 0 0 0 1 0 0 1 1 0 1 0 1 1 1 1 
0 1 1 1 0 1 0 1 0 1 1 0 0 0 0 1 0 0 1 0 1 1 1 1 0 0 0 0 2 1 0 1 1 0 1 1 0 0 1 1 0 1 1 0 0 0 1 1 0 0 1 1 
1 1 1 0 1 0 0 1 1 0 1 1 0 0 1 0 1 1 0 0 0 1 0 0 0 0 0 1 3 1 0 1 0 0 1 0 1 1 1 0 1 0 0 1 1 1 0 1 0 0 1 0 
0 0 0 1 0 0 1 0 1 1 1 0 1 1 0 0 0 1 0 1 3 0 0 1 0 1 1 0 0 0 1 0 1 1 0 1 1 1 0 1 0 1 1 1 0 1 0 0 1 1 0 0 
0 0 1 1 0 0 0 1 0 1 0 0 1 1 1 0 0 0 0 1 0 0 1 0 1 1 1 1 3 0 0 1 1 1 1 0 1 0 0 0 0 1 0 0 0 0 0 0 1 1 0 1 
1 1 0 1 1 1 1 0 0 0 0 1 0 1 0 0 0 0 0 0 2 0 1 1 0 0 0 1 1 1 1 1 1 0 0 1 0 1 1 1 1 1 1 0 0 1 0 0 0 0 0 0 
0 1 0 0 2 0 0 1 0 0 1 0 1 0 1 1 1 0 1 0 3 1 1 0 1 1 1 0 0 0 0 0 1 0 1 1 0 1 0 0 0 0 1 1 1 0 1 1 0 0 0 1 
1 0 0 0 1 0 1 0 1 1 0 0 0 0 1 0 1 1 0 1 1 1 0 1 1 0 1 0 2 0 1 1 0 1 0 0 1 1 0 1 1 0 0 0 0 0 1 0 1 1 0 1 
1 0 1 1 0 0 1 1 0 1 1 1 1 0 0 1 0 0 0 0 0 1 1 0 0 0 0 0 3 0 1 0 0 1 0 1 0 1 1 0 0 0 1 0 0 1 1 0 1 1 0 0 
1 1 1 0 0 0 0 0 0 0 1 1 0 1 0 1 1 1 0 1 3 1 1 1 1 1 1 1 1 1 0 1 1 1 1 0 1 1 1 1 0 0 0 1 1 1 1 0 0 0 1 0 
1 1 1 1 2 0 1 1 0 1 0 1 1 0 1 0 0 1 1 1 2 1 1 1 0 1 1 0 0 1 0 1 1 1 0 0 1 0 1 1 1 1 0 0 0 0 0 1 0 0 1 1 
1 1 1 1 2 0 0 1 0 1 1 1 0 0 1 0 1 1 1 0 1 0 0 0 0 1 1 0 1 0 1 1 0 1 0 1 1 0 1 1 1 0 1 0 0 1 1 0 1 0 0 1 
1 0 1 0 1 1 0 0 1 0 0 1 0 0 1 0 0 0 1 0 3 0 0 1 0 0 1 0 2 1 1 0 1 0 1 0 1 0 1 1 1 1 1 1 1 0 1 0 1 1 1 1 
0 1 0 0 0 1 0 0 1 0 1 1 0 0 0 0 1 1 0 1 2 0 0 0 1 1 0 0 3 0 1 0 1 1 1 1 0 0 0 0 0 1 1 1 0 0 0 1 0 1 0 1 
0 0 1 0 1 0 1 1 0 1 0 0 0 1 0 1 0 0 1 0 0 1 1 0 1 1 1 0 0 0 0 0 0 1 1 0 0 0 0 1 0 0 1 1 0 1 1 0 1 1 0 0 
1 0 1 0 1 0 1 0 1 0 1 1 0 1 1 0 1 1 0 0 0 0 0 1 0 0 0 0 2 1 1 0 0 0 0 0 0 1 0 0 0 0 1 1 0 1 0 0 0 0 0 1 
1 1 0 1 0 1 1 0 0 1 0 0 0 1 0 0 1 0 0 1 3 1 1 0 1 0 1 0 3 0 1 0 0 1 1 0 1 1 1 0 1 0 0 0 0 0 1 0 1 1 1 1 
1 0 0 0 1 0 0 1 1 0 0 0 0 0 1 0 0 0 1 0 2 0 0 1 0 1 1 1 2 1 1 0 1 1 1 1 1 1 1 0 1 0 1 1 0 0 0 1 0 0 0 1 
0 1 0 1 1 1 0 1 1 1 1 0 1 1 1 1 1 1 0 0 1 0 0 0 1 0 1 1 3 1 0 1 0 0 0 0 0 1 0 1 1 1 0 1 1 1 1 0 0 1 1 0 
1 0 1 1 1 0 1 0 0 1 1 0 0 1 1 1 0 1 0 1 0 0 0 0 1 0 1 0 1 1 0 1 0 1 1 1 0 1 1 1 1 1 1 1 0 0 1 0 0 1 0 1 
1 1 0 1 0 0 1 0 1 0 1 1 0 0 1 0 0 0 0 1 1 1 1 1 1 0 1 0 0 0 0 0 0 1 0 1 1 0 1 1 0 0 0 1 0 0 0 0 1 0 1 1 

